50 2 20
36 5
1700 112 130 149 169 187 203 214 222 225 222 214 203 187 169 150 130 112 96 85 77 75 77 85 96 112 130 149 169 187 203 214 222 225 222 214 203 187 169 150 130 112 96 85 77 75 77 85 96 112 130 
100000 7499 8705 9999 11294 12499 13535 14330 14829 15000 14829 14330 13535 12500 11294 10000 8705 7500 6464 5669 5170 5000 5170 5669 6464 7499 8705 9999 11294 12499 13535 14330 14829 15000 14829 14330 13535 12500 11294 10000 8705 7500 6464 5669 5170 5000 5170 5669 6464 7499 8705 
1250 1129 1000 870 750 646 566 517 500 517 566 646 749 870 999 1129 1249 1353 1433 1482 1499 1482 1433 1353 1250 1129 1000 870 750 646 566 517 500 517 566 646 
1173 364 550 1712 517 687 2225 1142 672 696 1024 1670 941 711 
978 1175 1059 478 1688 868 1380 1740 1107 721 1490 1097 1642 717 
870 494 1040 464 1903 1536 842 1450 773 1667 850 1103 1151 573 
590 1037 569 1691 1007 764 814 1671 1059 1043 1715 2154 1231 1210 
455 1233 1324 727 1523 971 2104 769 796 599 1510 1741 1586 1133 
