50 6 20
36 50
340 96 85 77 75 77 85 96 112 130 149 169 187 203 214 222 225 222 214 203 187 169 150 130 112 96 85 77 75 77 85 96 112 130 149 169 187 203 214 222 225 222 214 203 187 169 150 130 112 96 85 
340 129 113 103 100 103 113 129 149 174 199 225 249 270 286 296 300 296 286 270 250 225 200 174 150 129 113 103 100 103 113 129 149 174 199 225 249 270 286 296 300 296 286 270 250 225 200 174 150 129 113 
340 161 141 129 125 129 141 161 187 217 249 282 312 338 358 370 375 370 358 338 312 282 250 217 187 161 141 129 125 129 141 161 187 217 249 282 312 338 358 370 375 370 358 338 312 282 250 217 187 161 141 
340 193 170 155 150 155 170 193 224 261 299 338 374 406 429 444 450 444 429 406 375 338 300 261 225 193 170 155 150 155 170 193 224 261 299 338 374 406 429 444 450 444 429 406 375 338 300 261 225 193 170 
340 226 198 180 175 180 198 226 262 304 349 395 437 473 501 519 525 519 501 473 437 395 350 304 262 226 198 180 175 180 198 226 262 304 349 395 437 473 501 519 525 519 501 473 437 395 350 304 262 226 198 
100000 6464 5669 5170 5000 5170 5669 6464 7499 8705 9999 11294 12499 13535 14330 14829 15000 14829 14330 13535 12500 11294 10000 8705 7500 6464 5669 5170 5000 5170 5669 6464 7499 8705 9999 11294 12499 13535 14330 14829 15000 14829 14330 13535 12500 11294 10000 8705 7500 6464 5669 
1353 1433 1482 1499 1482 1433 1353 1250 1129 1000 870 750 646 566 517 500 517 566 646 749 870 999 1129 1249 1353 1433 1482 1499 1482 1433 1353 1250 1129 1000 870 750 
620 640 579 480 548 520 541 699 953 1013 1108 1134 1153 1717 
635 492 499 402 481 502 769 639 972 1061 1064 1224 1592 1455 
735 488 513 477 508 455 572 646 999 1176 913 1266 1271 1467 
605 464 492 538 476 660 517 831 879 832 1109 1106 1513 1448 
588 579 530 432 492 579 663 721 793 1172 1065 1411 1608 1179 
576 650 547 444 461 484 718 823 943 855 1210 1325 1185 1169 
558 476 605 468 482 524 521 600 771 887 1057 1440 1154 1436 
584 475 544 468 486 491 752 733 720 973 1073 1374 1416 1582 
636 535 610 590 466 463 567 856 712 1180 1062 1313 1292 1605 
675 487 573 447 445 456 648 778 959 839 1299 1381 1098 1249 
565 545 556 506 585 498 687 607 1002 955 1046 1323 1288 1313 
735 669 599 407 599 541 625 665 871 1176 1002 1351 1361 1246 
711 520 516 592 454 566 599 615 952 824 1074 1402 1155 1472 
704 489 575 550 620 508 702 830 853 1045 1244 1072 1613 1495 
607 601 502 550 459 624 536 815 825 1163 1174 1382 1408 1394 
619 495 433 423 534 605 560 704 879 838 1257 1459 1206 1545 
758 521 513 414 509 571 520 611 845 978 1171 1359 1421 1500 
608 670 478 480 459 544 724 798 963 919 1315 1340 1277 1409 
519 570 602 468 534 580 548 824 724 991 1131 1034 1618 1306 
541 585 590 538 439 626 577 790 895 814 1022 1457 1553 1155 
742 668 548 525 469 606 749 632 973 959 1008 1192 1460 1601 
738 620 618 549 587 515 755 690 755 859 988 1204 1295 1151 
637 610 455 526 489 668 719 669 841 1042 1041 1193 1151 1653 
611 470 574 564 566 629 771 880 804 839 1201 1347 1333 1684 
639 586 588 517 485 657 723 839 757 824 1054 1125 1222 1498 
768 548 540 535 473 512 712 606 887 1102 1351 1265 1195 1550 
741 505 559 558 589 593 595 716 986 1015 1087 1006 1388 1302 
547 455 533 419 507 518 711 607 1043 1089 917 1467 1294 1206 
647 637 506 418 477 532 596 665 888 1023 1071 1179 1518 1546 
646 594 466 430 447 491 552 764 704 1166 1132 1391 1458 1485 
769 499 433 415 513 600 561 776 948 1036 1085 1281 1236 1177 
741 635 437 513 468 635 631 861 945 1095 1198 1277 1447 1194 
599 541 580 466 604 580 571 836 820 1001 1235 1442 1526 1484 
736 458 457 467 583 535 670 729 908 1036 1259 1095 1214 1190 
726 632 437 480 432 651 771 829 761 1132 904 1092 1093 1396 
700 454 469 414 457 595 771 674 868 807 914 1329 1168 1637 
626 558 501 575 470 461 719 698 765 1148 940 1022 1104 1687 
635 467 587 419 597 523 702 856 968 905 1219 1101 1275 1206 
561 617 466 463 610 598 561 654 930 859 1274 1084 1343 1492 
566 605 563 581 470 467 686 821 797 1008 1253 1426 1390 1521 
760 505 433 459 571 494 767 759 849 905 1173 1187 1405 1201 
543 468 465 577 539 565 636 851 1004 1063 1247 1095 1158 1541 
522 470 475 473 568 664 680 782 870 1076 935 1453 1311 1415 
529 495 541 586 456 456 592 638 993 1079 1096 1466 1311 1251 
759 656 598 443 415 595 625 844 920 1009 944 1201 1106 1150 
535 609 602 597 429 608 585 841 852 1135 1286 1165 1445 1616 
717 564 568 561 500 651 571 855 785 1077 947 1126 1409 1606 
728 540 420 593 451 673 615 643 860 913 922 1476 1539 1275 
682 475 416 546 542 657 633 761 1018 1099 1350 1337 1215 1473 
571 630 430 432 492 589 536 753 818 1072 1253 1427 1202 1575 
