5 3 20
3 50
850 85 77 75 77 85 
850 113 103 100 103 113 
100000 5669 5170 5000 5170 5669 
1433 1482 1499 
1499 1451 
1410 1369 
1460 1470 
1489 1502 
1437 1454 
1471 1366 
1543 1382 
1464 1473 
1554 1434 
1533 1472 
1511 1469 
1528 1421 
1441 1440 
1411 1465 
1460 1451 
1504 1447 
1474 1377 
1424 1492 
1429 1483 
1552 1366 
1496 1385 
1507 1378 
1483 1492 
1417 1470 
1408 1426 
1475 1415 
1474 1423 
1428 1484 
1443 1481 
1423 1490 
1531 1404 
1553 1439 
1531 1383 
1521 1408 
1492 1384 
1481 1451 
1541 1418 
1479 1423 
1506 1405 
1414 1414 
1497 1400 
1491 1371 
1422 1488 
1516 1458 
1485 1378 
1520 1455 
1505 1443 
1487 1463 
1538 1392 
1461 1490 
