20 3 20
7 100
850 150 130 112 96 85 77 75 77 85 96 112 130 149 169 187 203 214 222 225 222 
850 200 174 150 129 113 103 100 103 113 129 149 174 199 225 249 270 286 296 300 296 
100000 10000 8705 7500 6464 5669 5170 5000 5170 5669 6464 7499 8705 9999 11294 12499 13535 14330 14829 15000 14829 
1000 1129 1249 1353 1433 1482 1499 
1427 1437 1383 1236 1156 1042 854 779 648 554 503 512 528 
1484 1428 1290 1246 1170 1029 878 731 616 541 512 521 515 
1458 1453 1359 1235 1145 1029 858 776 648 552 512 506 521 
1464 1371 1409 1298 1099 1011 900 753 643 574 532 503 498 
1425 1416 1390 1226 1073 976 853 777 627 564 512 500 524 
1480 1500 1368 1256 1074 1002 875 747 624 548 508 478 502 
1436 1371 1369 1198 1149 991 886 715 628 543 504 477 525 
1530 1494 1343 1188 1177 952 831 778 653 568 528 478 511 
1499 1368 1392 1281 1155 1002 871 733 676 590 509 496 521 
1543 1424 1334 1260 1172 1043 883 719 678 549 525 501 505 
1539 1388 1312 1303 1112 965 861 764 622 540 526 486 534 
1530 1384 1361 1258 1084 1041 868 764 619 586 540 495 507 
1486 1420 1403 1263 1084 1047 851 726 670 563 530 499 525 
1455 1402 1367 1245 1118 1022 897 763 636 593 498 485 534 
1477 1444 1406 1250 1078 1014 870 754 628 541 528 477 496 
1443 1410 1371 1296 1114 973 844 722 657 546 527 522 525 
1548 1470 1416 1204 1127 1017 866 749 646 589 519 489 532 
1540 1450 1365 1223 1127 959 900 777 646 567 497 519 530 
1438 1410 1311 1233 1127 968 857 736 656 567 503 488 520 
1528 1424 1361 1226 1160 1015 865 762 626 578 511 512 509 
1434 1447 1380 1237 1115 998 894 752 651 554 519 499 505 
1511 1485 1354 1243 1127 1045 903 747 617 566 513 513 535 
1435 1380 1394 1308 1098 1043 866 721 658 551 513 522 534 
1411 1470 1400 1260 1080 957 878 724 630 568 532 523 510 
1448 1502 1412 1244 1106 990 843 718 640 565 514 507 509 
1526 1495 1416 1277 1169 960 862 759 621 550 527 476 535 
1525 1461 1335 1218 1093 982 873 719 627 589 537 519 540 
1411 1409 1324 1194 1110 954 827 722 633 590 540 475 499 
1490 1465 1326 1259 1120 990 892 759 636 567 511 480 537 
1439 1448 1368 1271 1155 1045 849 737 671 559 528 479 526 
1435 1398 1373 1202 1153 1009 860 778 674 548 517 487 529 
1509 1403 1395 1265 1119 1045 847 722 636 549 541 518 516 
1425 1479 1346 1234 1137 987 844 730 647 556 494 516 512 
1470 1421 1333 1247 1130 967 857 750 678 543 507 491 500 
1485 1456 1355 1212 1143 1022 861 769 619 578 492 486 518 
1553 1371 1365 1270 1173 995 889 733 633 569 510 485 540 
1523 1433 1317 1213 1132 963 845 785 623 575 508 491 534 
1474 1474 1412 1246 1181 1022 873 777 620 583 521 511 533 
1444 1438 1399 1206 1151 1015 854 739 661 586 495 490 510 
1486 1371 1299 1231 1185 957 889 770 625 559 537 503 507 
1465 1372 1354 1260 1183 978 850 784 645 551 502 498 535 
1434 1431 1325 1249 1185 1037 864 767 675 552 531 511 518 
1552 1412 1374 1308 1081 960 836 777 648 563 510 491 519 
1523 1443 1297 1196 1104 1007 842 757 614 550 520 492 523 
1419 1390 1394 1197 1110 1038 830 732 663 576 513 524 515 
1542 1408 1350 1257 1156 994 874 724 633 553 530 480 499 
1465 1467 1373 1250 1082 1038 867 744 615 573 515 521 509 
1484 1442 1301 1198 1121 1039 887 718 674 577 536 505 501 
1450 1439 1359 1243 1138 1005 860 759 627 559 498 518 530 
1525 1382 1352 1265 1173 952 876 743 614 577 501 512 535 
1512 1485 1328 1278 1169 1045 906 757 637 581 520 491 510 
1428 1397 1398 1220 1075 980 833 756 621 555 494 517 529 
1428 1450 1301 1243 1115 962 894 723 648 586 503 496 492 
1452 1488 1408 1204 1081 981 831 720 656 592 526 519 523 
1413 1397 1408 1292 1113 969 913 776 643 575 496 488 525 
1488 1483 1340 1189 1137 1006 879 713 676 584 542 496 519 
1420 1457 1337 1188 1160 993 857 713 672 581 533 520 530 
1437 1362 1368 1212 1097 992 880 733 623 578 524 495 520 
1459 1486 1361 1291 1087 959 864 776 644 595 526 476 524 
1537 1453 1336 1208 1157 1017 888 736 647 591 540 516 532 
1452 1422 1419 1223 1124 983 845 740 669 594 493 502 511 
1440 1483 1353 1292 1134 971 879 749 639 545 511 495 494 
1426 1485 1353 1255 1112 985 898 726 665 564 517 481 526 
1422 1451 1342 1192 1081 969 905 779 628 589 528 505 509 
1524 1448 1298 1231 1088 1001 860 751 621 549 502 496 504 
1550 1402 1350 1239 1105 998 867 733 658 548 502 524 498 
1504 1459 1420 1302 1139 1011 896 777 626 539 516 521 506 
1508 1495 1307 1233 1179 998 902 773 614 590 502 481 531 
1507 1493 1390 1291 1176 974 905 733 662 540 497 486 532 
1433 1397 1366 1257 1158 975 902 718 666 563 528 517 523 
1551 1368 1391 1243 1166 969 837 780 634 546 496 506 500 
1441 1395 1367 1237 1111 950 874 777 624 590 492 519 541 
1503 1450 1393 1239 1090 1008 873 783 659 571 516 509 515 
1548 1440 1377 1266 1163 1021 877 712 661 585 516 506 499 
1451 1446 1369 1236 1075 974 887 722 648 566 527 505 519 
1464 1416 1328 1280 1081 1045 913 744 637 569 510 496 505 
1417 1378 1292 1254 1167 978 873 762 623 542 529 486 505 
1556 1426 1327 1212 1101 974 861 747 643 593 493 491 520 
1425 1425 1400 1191 1185 956 904 718 672 577 530 486 507 
1550 1431 1406 1224 1170 987 910 718 615 589 520 478 509 
1492 1490 1317 1197 1164 1029 912 750 649 570 532 501 513 
1481 1426 1348 1249 1125 958 905 718 631 550 511 523 534 
1507 1457 1350 1221 1155 1049 850 758 636 570 494 494 525 
1478 1446 1400 1307 1088 964 901 786 665 545 517 524 531 
1534 1392 1308 1240 1074 1008 840 720 619 574 496 493 498 
1510 1479 1379 1218 1146 1046 880 780 670 554 499 518 504 
1412 1488 1379 1308 1174 1022 841 737 622 589 511 485 503 
1416 1411 1359 1222 1174 1021 852 778 646 593 516 521 520 
1466 1461 1324 1277 1073 986 850 737 627 571 512 509 536 
1532 1396 1302 1312 1168 981 831 740 644 574 507 498 526 
1482 1488 1329 1238 1168 977 904 749 631 584 509 497 525 
1418 1452 1307 1294 1128 982 870 778 660 576 526 500 516 
1511 1430 1379 1279 1173 972 855 755 669 566 499 477 504 
1485 1387 1318 1215 1113 988 856 783 653 552 531 488 528 
1500 1456 1317 1192 1144 1013 858 730 628 571 510 494 531 
1431 1445 1340 1261 1136 977 837 767 657 560 520 515 530 
1413 1492 1331 1194 1182 996 851 733 644 555 504 502 535 
1555 1395 1373 1232 1150 1044 829 713 642 541 531 510 529 
1457 1448 1291 1204 1131 980 896 726 652 575 500 491 537 
1445 1377 1418 1271 1091 967 877 781 617 549 531 507 515 
