20 3 20
11 50
850 77 85 96 112 130 149 169 187 203 214 222 225 222 214 203 187 169 150 130 112 
850 103 113 129 149 174 199 225 249 270 286 296 300 296 286 270 250 225 200 174 150 
100000 5170 5669 6464 7499 8705 9999 11294 12499 13535 14330 14829 15000 14829 14330 13535 12500 11294 10000 8705 7500 
1482 1433 1353 1250 1129 1000 870 750 646 566 517 
600 389 581 649 407 799 1572 1147 555 
568 401 762 667 922 1353 1140 1112 765 
370 638 886 265 905 1109 1277 1514 841 
347 320 765 275 929 813 1252 982 1200 
647 393 386 894 1079 1325 1347 1097 1783 
392 731 791 839 521 1266 910 1095 1554 
238 708 710 431 863 684 1442 1508 1292 
762 796 287 981 963 867 1193 1022 690 
396 482 531 545 570 766 1563 1187 1748 
720 675 570 528 333 674 1577 1036 1105 
754 412 814 661 972 489 727 1688 1173 
286 597 560 533 959 643 761 1206 1125 
662 803 899 681 413 1007 1466 1471 1837 
709 614 413 685 386 933 1248 1290 1104 
352 404 292 941 834 859 995 1111 1542 
440 325 830 823 780 622 1306 996 639 
566 421 637 995 753 1073 618 707 983 
373 404 804 788 784 839 1569 1396 1867 
415 541 595 306 1154 729 520 1537 1875 
563 747 398 684 1119 1244 447 1219 1775 
606 732 782 793 834 546 788 623 1545 
653 615 271 992 428 434 439 862 1027 
480 409 674 924 678 856 1341 1318 1425 
316 230 880 867 457 1391 758 897 823 
684 346 259 940 653 977 1509 477 963 
759 483 685 580 485 809 946 585 643 
729 206 419 897 869 980 1492 1228 1419 
568 296 745 519 903 1390 449 866 1121 
559 420 377 826 1059 1238 970 639 1403 
319 771 493 457 991 648 1525 1456 1148 
482 377 792 694 972 1212 1469 1357 945 
456 698 567 455 307 597 1560 915 1358 
320 640 593 312 917 993 1300 781 1334 
409 806 267 745 1027 1233 1365 1468 1746 
337 480 297 386 761 694 896 1383 1093 
742 408 345 977 634 1004 978 923 617 
547 499 696 714 315 901 1112 583 1256 
209 406 405 420 750 811 463 1458 681 
278 635 689 958 816 680 1562 978 1184 
461 805 522 1004 971 651 987 853 1205 
351 344 352 836 325 1220 760 706 1016 
747 279 381 928 410 494 744 1805 1498 
788 473 480 841 530 908 1172 461 1665 
573 778 305 1019 665 837 1064 589 1508 
768 684 246 713 1097 1000 788 1126 1421 
485 439 478 549 945 501 872 1579 685 
498 773 697 931 785 585 1197 1148 1997 
425 496 822 296 762 460 443 1263 1899 
295 464 552 544 512 562 1016 1338 1108 
208 796 449 831 374 550 732 1443 1853 
