50 2 20
36 5
1700 96 85 77 75 77 85 96 112 130 149 169 187 203 214 222 225 222 214 203 187 169 150 130 112 96 85 77 75 77 85 96 112 130 149 169 187 203 214 222 225 222 214 203 187 169 150 130 112 96 85 
100000 6464 5669 5170 5000 5170 5669 6464 7499 8705 9999 11294 12499 13535 14330 14829 15000 14829 14330 13535 12500 11294 10000 8705 7500 6464 5669 5170 5000 5170 5669 6464 7499 8705 9999 11294 12499 13535 14330 14829 15000 14829 14330 13535 12500 11294 10000 8705 7500 6464 5669 
1353 1433 1482 1499 1482 1433 1353 1250 1129 1000 870 750 646 566 517 500 517 566 646 749 870 999 1129 1249 1353 1433 1482 1499 1482 1433 1353 1250 1129 1000 870 750 
711 620 548 439 510 465 584 820 910 1123 1348 1427 1382 1449 
749 657 438 529 483 547 630 891 1001 862 1053 1138 1606 1160 
742 580 511 463 613 482 730 646 875 826 911 1191 1097 1240 
551 640 468 590 553 503 721 866 818 1080 1328 1152 1408 1211 
564 507 522 417 481 604 639 648 880 937 1351 1391 1416 1562 
