5 6 20
4 50
340 96 112 130 149 169 
340 129 149 174 199 225 
340 161 187 217 249 282 
340 193 224 261 299 338 
340 226 262 304 349 395 
100000 6464 7499 8705 9999 11294 
1353 1250 1129 1000 
899 
802 
1041 
808 
981 
824 
912 
907 
893 
700 
1042 
928 
882 
886 
828 
906 
777 
877 
833 
802 
803 
908 
934 
786 
849 
964 
1001 
915 
893 
860 
778 
735 
907 
824 
704 
958 
853 
782 
701 
783 
828 
911 
753 
1005 
932 
951 
986 
920 
923 
854 
