20 3 20
7 5
850 112 96 85 77 75 77 85 96 112 130 149 169 187 203 214 222 225 222 214 203 
850 150 129 113 103 100 103 113 129 149 174 199 225 249 270 286 296 300 296 286 270 
100000 7500 6464 5669 5170 5000 5170 5669 6464 7499 8705 9999 11294 12499 13535 14330 14829 15000 14829 14330 13535 
1249 1353 1433 1482 1499 1482 1433 
1522 1304 1000 965 780 773 616 492 548 548 458 458 532 
1487 1161 916 1196 782 721 665 542 560 550 452 670 688 
1295 1253 967 842 932 854 607 532 562 464 495 663 632 
1100 1439 1301 1065 771 762 538 676 601 439 584 656 530 
1250 1198 1312 985 1001 867 523 625 543 583 514 580 572 
