50 11 20
36 50
170 96 112 130 149 169 187 203 214 222 225 222 214 203 187 169 150 130 112 96 85 77 75 77 85 96 112 130 149 169 187 203 214 222 225 222 214 203 187 169 150 130 112 96 85 77 75 77 85 96 112 
170 129 149 174 199 225 249 270 286 296 300 296 286 270 250 225 200 174 150 129 113 103 100 103 113 129 149 174 199 225 249 270 286 296 300 296 286 270 250 225 200 174 150 129 113 103 100 103 113 129 149 
170 161 187 217 249 282 312 338 358 370 375 370 358 338 312 282 250 217 187 161 141 129 125 129 141 161 187 217 249 282 312 338 358 370 375 370 358 338 312 282 250 217 187 161 141 129 125 129 141 161 187 
170 193 224 261 299 338 374 406 429 444 450 444 429 406 375 338 300 261 225 193 170 155 150 155 170 193 224 261 299 338 374 406 429 444 450 444 429 406 375 338 300 261 225 193 170 155 150 155 170 193 224 
170 226 262 304 349 395 437 473 501 519 525 519 501 473 437 395 350 304 262 226 198 180 175 180 198 226 262 304 349 395 437 473 501 519 525 519 501 473 437 395 350 304 262 226 198 180 175 180 198 226 262 
170 258 299 348 399 451 499 541 573 593 600 593 573 541 500 451 400 348 300 258 226 206 200 206 226 258 299 348 399 451 499 541 573 593 600 593 573 541 500 451 400 348 300 258 226 206 200 206 226 258 299 
170 290 337 391 449 508 562 609 644 667 675 667 644 609 562 508 450 391 337 290 255 232 225 232 255 290 337 391 449 508 562 609 644 667 675 667 644 609 562 508 450 391 337 290 255 232 225 232 255 290 337 
170 323 374 435 499 564 624 676 716 741 750 741 716 676 625 564 500 435 375 323 283 258 250 258 283 323 374 435 499 564 624 676 716 741 750 741 716 676 625 564 500 435 375 323 283 258 250 258 283 323 374 
170 355 412 478 549 621 687 744 788 815 825 815 788 744 687 621 550 478 412 355 311 284 275 284 311 355 412 478 549 621 687 744 788 815 825 815 788 744 687 621 550 478 412 355 311 284 275 284 311 355 412 
170 387 449 522 599 677 749 812 859 889 900 889 859 812 750 677 600 522 450 387 340 310 300 310 340 387 449 522 599 677 749 812 859 889 900 889 859 812 750 677 600 522 450 387 340 310 300 310 340 387 449 
100000 6464 7499 8705 9999 11294 12499 13535 14330 14829 15000 14829 14330 13535 12500 11294 10000 8705 7500 6464 5669 5170 5000 5170 5669 6464 7499 8705 9999 11294 12499 13535 14330 14829 15000 14829 14330 13535 12500 11294 10000 8705 7500 6464 5669 5170 5000 5170 5669 6464 7499 
1353 1250 1129 1000 870 750 646 566 517 500 517 566 646 749 870 999 1129 1249 1353 1433 1482 1499 1482 1433 1353 1250 1129 1000 870 750 646 566 517 500 517 566 
634 776 829 1032 1161 1245 1362 1364 1438 1563 1543 1406 1297 1194 
674 751 827 1013 1127 1199 1299 1371 1443 1563 1513 1371 1353 1201 
660 773 889 958 1093 1250 1353 1459 1553 1561 1411 1428 1386 1280 
661 779 838 987 1076 1279 1362 1491 1550 1463 1471 1364 1362 1262 
676 753 827 1033 1169 1224 1413 1381 1497 1439 1462 1459 1393 1242 
642 745 867 1031 1128 1277 1342 1372 1500 1515 1534 1501 1307 1303 
622 721 872 968 1085 1252 1356 1493 1517 1437 1519 1495 1333 1191 
624 783 876 1027 1117 1309 1414 1378 1550 1454 1479 1412 1404 1228 
614 724 902 1003 1149 1283 1375 1473 1495 1488 1491 1445 1349 1254 
666 729 908 1006 1174 1213 1402 1501 1469 1461 1484 1431 1336 1226 
616 767 909 970 1172 1265 1329 1375 1516 1530 1482 1445 1359 1249 
620 759 863 987 1156 1292 1362 1472 1417 1544 1476 1430 1420 1247 
624 758 867 1018 1080 1199 1416 1449 1419 1483 1443 1397 1309 1189 
647 779 903 1035 1140 1242 1303 1451 1433 1535 1437 1449 1363 1266 
636 714 880 950 1146 1312 1341 1432 1518 1523 1410 1368 1402 1225 
664 727 837 964 1091 1196 1312 1422 1552 1425 1469 1461 1374 1303 
644 776 902 971 1156 1279 1383 1400 1473 1428 1537 1437 1345 1309 
622 719 850 958 1141 1282 1406 1483 1539 1516 1529 1363 1368 1301 
630 736 891 1004 1159 1201 1396 1455 1421 1431 1514 1474 1381 1297 
676 725 896 1047 1114 1238 1290 1398 1531 1474 1413 1399 1293 1196 
663 729 859 983 1173 1258 1412 1477 1434 1554 1523 1455 1289 1280 
676 725 857 1014 1105 1234 1371 1490 1515 1539 1499 1393 1289 1299 
633 776 831 962 1165 1257 1365 1367 1521 1556 1517 1366 1356 1239 
649 750 865 1047 1167 1205 1419 1388 1543 1535 1409 1411 1303 1189 
625 728 850 956 1150 1237 1311 1436 1475 1473 1416 1418 1355 1188 
650 758 855 1041 1123 1200 1340 1390 1503 1499 1551 1399 1332 1236 
625 731 874 962 1140 1223 1295 1362 1466 1436 1525 1378 1400 1272 
615 739 830 956 1168 1195 1400 1414 1440 1561 1445 1398 1374 1204 
635 746 879 960 1146 1299 1402 1379 1485 1483 1470 1434 1396 1233 
620 777 907 1012 1100 1245 1345 1435 1553 1570 1415 1450 1295 1188 
645 735 838 955 1168 1211 1305 1391 1426 1562 1550 1385 1318 1221 
663 782 880 962 1112 1285 1330 1365 1543 1556 1412 1383 1326 1190 
654 738 889 956 1170 1295 1325 1408 1413 1536 1544 1457 1356 1221 
656 748 898 1004 1079 1219 1371 1433 1524 1427 1468 1442 1379 1228 
635 721 839 1049 1182 1198 1328 1410 1461 1541 1457 1381 1296 1214 
634 712 913 978 1160 1236 1290 1454 1510 1427 1550 1368 1358 1287 
628 770 890 964 1086 1300 1394 1471 1442 1455 1482 1460 1305 1217 
640 770 907 1007 1096 1231 1407 1447 1423 1474 1462 1488 1355 1235 
670 759 894 993 1137 1193 1371 1398 1462 1474 1487 1405 1317 1301 
637 755 881 1029 1145 1260 1314 1451 1549 1488 1531 1395 1333 1288 
678 742 903 959 1173 1243 1366 1411 1550 1515 1480 1387 1318 1258 
650 763 874 978 1127 1189 1344 1408 1429 1430 1456 1363 1332 1255 
651 752 849 992 1171 1208 1363 1432 1519 1434 1422 1367 1369 1250 
666 715 842 965 1082 1192 1347 1391 1540 1525 1467 1370 1415 1273 
635 729 886 1011 1091 1209 1354 1490 1501 1426 1539 1435 1338 1235 
634 721 869 1017 1146 1252 1393 1494 1449 1520 1550 1426 1299 1281 
651 756 839 968 1077 1262 1380 1382 1533 1454 1519 1363 1369 1263 
649 763 913 1014 1102 1222 1318 1484 1478 1565 1549 1376 1322 1288 
664 756 833 959 1101 1286 1377 1399 1555 1470 1501 1395 1292 1310 
651 762 908 996 1159 1202 1412 1423 1548 1471 1446 1455 1316 1210 
