10 11 20
4 50
170 85 96 112 130 149 169 187 203 214 222 
170 113 129 149 174 199 225 249 270 286 296 
170 141 161 187 217 249 282 312 338 358 370 
170 170 193 224 261 299 338 374 406 429 444 
170 198 226 262 304 349 395 437 473 501 519 
170 226 258 299 348 399 451 499 541 573 593 
170 255 290 337 391 449 508 562 609 644 667 
170 283 323 374 435 499 564 624 676 716 741 
170 311 355 412 478 549 621 687 744 788 815 
170 340 387 449 522 599 677 749 812 859 889 
100000 5669 6464 7499 8705 9999 11294 12499 13535 14330 14829 
1433 1353 1250 1129 
1042 982 708 621 469 587 
936 895 792 720 653 568 
1167 997 857 599 517 598 
978 833 881 531 501 505 
997 711 613 613 459 558 
1049 1035 645 708 608 421 
809 901 821 522 621 426 
1017 895 639 738 673 573 
962 864 756 629 593 576 
890 813 716 661 478 546 
1180 842 891 641 642 518 
1072 1018 692 538 616 463 
1185 928 646 722 550 571 
1139 831 799 725 454 504 
1148 829 854 723 541 483 
1066 884 788 753 651 551 
991 830 699 752 483 501 
1091 917 855 703 471 426 
1043 1020 664 711 466 539 
961 910 852 562 640 484 
1079 871 640 668 518 468 
1137 947 678 672 611 529 
1023 760 844 730 518 480 
1110 957 695 559 540 550 
1170 906 699 743 569 614 
997 939 863 549 457 619 
1194 703 899 531 613 487 
1172 751 747 619 593 548 
1000 883 841 759 465 568 
906 746 889 639 565 592 
1083 711 837 728 641 466 
1165 948 793 565 464 476 
1064 981 685 697 607 532 
942 756 618 620 636 503 
855 848 709 628 500 593 
1074 1027 629 550 508 594 
1116 1014 756 629 457 466 
913 803 702 547 476 600 
1085 935 859 689 654 602 
1013 961 826 630 630 616 
809 840 839 569 498 504 
1188 782 707 539 597 518 
1079 756 783 552 519 488 
1125 770 608 563 579 544 
894 713 843 560 663 504 
879 861 642 695 637 500 
944 924 807 658 556 565 
850 711 641 611 569 430 
962 913 888 719 658 613 
975 969 813 710 584 539 
