10 6 20
8 50
340 77 75 77 85 96 112 130 149 169 187 
340 103 100 103 113 129 149 174 199 225 249 
340 129 125 129 141 161 187 217 249 282 312 
340 155 150 155 170 193 224 261 299 338 374 
340 180 175 180 198 226 262 304 349 395 437 
100000 5170 5000 5170 5669 6464 7499 8705 9999 11294 12499 
1482 1499 1482 1433 1353 1250 1129 1000 
997 1180 
694 786 
1389 474 
1334 349 
1366 1149 
1290 1016 
573 1130 
957 947 
414 1159 
816 440 
1281 598 
1276 878 
847 361 
693 1168 
1124 337 
1089 419 
1102 724 
1275 740 
438 953 
472 931 
420 1122 
502 1038 
500 504 
401 437 
658 766 
759 436 
572 351 
1197 340 
645 1168 
990 685 
1074 538 
841 779 
873 341 
1218 644 
371 915 
469 823 
725 844 
661 1132 
822 798 
1383 803 
811 1055 
945 1136 
1119 764 
884 478 
986 1189 
827 647 
1035 1186 
510 1141 
1377 651 
1234 1129 
