5 2 20
2 50
1700 77 75 77 85 96 
100000 5170 5000 5170 5669 6464 
1482 1499 
2116 1393 1326 
2122 639 1511 
713 1289 2164 
848 905 1535 
767 1567 1081 
2280 1562 1255 
1659 1257 652 
1767 861 588 
778 2225 1284 
1159 1496 1226 
2040 2285 1183 
2028 2101 1770 
793 1865 1295 
1832 1615 1196 
2203 1948 823 
1666 2271 1096 
1800 927 1046 
1533 2273 1575 
608 980 775 
1073 2262 844 
970 1826 1155 
1284 1106 1680 
1515 958 1768 
1232 594 2137 
2047 2262 974 
976 631 1960 
782 1847 1470 
891 1829 1598 
1636 1635 1719 
866 672 2102 
1200 1616 660 
2289 1893 1482 
623 1716 1536 
1101 1683 767 
1141 974 1367 
593 1723 1251 
1824 744 1043 
655 1165 1861 
854 1690 2102 
692 1796 1101 
2185 1674 1305 
1513 668 604 
2194 1545 988 
890 1447 1652 
1132 1050 1424 
1704 2123 1427 
1653 1885 550 
1412 1966 1075 
1351 1597 2070 
817 669 1955 
