5 6 20
3 50
340 130 112 96 85 77 
340 174 150 129 113 103 
340 217 187 161 141 129 
340 261 225 193 170 155 
340 304 262 226 198 180 
100000 8705 7500 6464 5669 5170 
1129 1249 1353 
737 1075 
1346 1917 
633 865 
1933 1501 
783 1422 
2168 1417 
1256 1596 
2104 1917 
991 1271 
764 2091 
1141 2352 
1674 1165 
1121 2109 
984 2236 
1296 1527 
886 1521 
1284 2338 
794 2183 
912 1156 
2110 1983 
1420 658 
1375 958 
1895 1734 
786 1490 
2292 1901 
2253 719 
1152 1264 
1943 1026 
1092 2176 
1373 1191 
1569 2093 
2106 1056 
603 1376 
1839 1881 
2149 613 
1945 1409 
940 2109 
1237 1408 
1680 770 
1515 1823 
1399 2189 
1383 1049 
2199 1543 
2156 1390 
2089 2025 
658 1846 
1919 1110 
1299 2209 
1909 1997 
1608 2371 
