50 2 20
26 100
1700 112 130 149 169 187 203 214 222 225 222 214 203 187 169 150 130 112 96 85 77 75 77 85 96 112 130 149 169 187 203 214 222 225 222 214 203 187 169 150 130 112 96 85 77 75 77 85 96 112 130 
100000 7499 8705 9999 11294 12499 13535 14330 14829 15000 14829 14330 13535 12500 11294 10000 8705 7500 6464 5669 5170 5000 5170 5669 6464 7499 8705 9999 11294 12499 13535 14330 14829 15000 14829 14330 13535 12500 11294 10000 8705 7500 6464 5669 5170 5000 5170 5669 6464 7499 8705 
1250 1129 1000 870 750 646 566 517 500 517 566 646 749 870 999 1129 1249 1353 1433 1482 1499 1482 1433 1353 1250 1129 
837 804 682 723 621 530 405 547 643 629 792 711 902 1110 1272 1097 1350 1501 1560 1708 1284 1103 1033 933 
904 772 866 591 506 487 496 612 536 749 834 1042 939 938 1362 1173 1464 1270 1759 1768 1639 1516 1390 1053 
810 1024 774 729 478 468 421 430 660 739 648 1017 1135 1090 1204 1455 1307 1204 1342 1555 1632 1277 1387 1181 
1003 714 862 562 470 453 444 607 456 710 700 906 808 1214 1298 1418 1370 1663 1299 1444 1468 1559 1418 1225 
1160 792 804 595 481 519 528 488 531 770 835 843 898 1060 1243 1495 1319 1633 1315 1753 1449 1296 1020 1315 
1106 903 606 578 661 611 584 478 482 690 825 1002 959 1172 1436 1352 1462 1305 1544 1629 1182 1595 1135 1107 
1087 775 628 732 574 502 407 600 669 581 729 1029 1106 1268 1458 1349 1554 1614 1607 1427 1290 1433 1061 1275 
985 858 823 617 580 546 474 488 664 753 769 834 909 1270 1143 1221 1548 1330 1618 1449 1325 1390 1081 1342 
897 837 685 560 588 552 426 592 512 773 717 974 843 929 1342 1396 1404 1196 1634 1208 1344 1370 1287 1064 
1045 882 814 714 477 484 419 452 489 559 896 924 1074 1191 1366 1549 1698 1464 1326 1578 1394 1502 1093 1307 
1055 773 686 611 606 525 557 476 483 657 890 767 816 996 1125 1241 1566 1727 1681 1534 1223 1344 1429 1255 
973 712 744 741 588 487 592 584 611 691 769 765 1015 1249 1447 1583 1459 1281 1525 1345 1347 1189 1124 980 
836 707 698 749 653 438 506 475 540 607 626 881 803 1050 1088 1412 1527 1770 1472 1533 1465 1136 1485 1244 
1193 953 633 692 592 481 562 498 499 613 831 954 888 1097 1432 1525 1355 1468 1501 1772 1386 1178 1050 992 
973 781 736 720 609 497 436 424 548 545 883 828 1103 1165 1374 1260 1649 1335 1750 1474 1597 1219 1037 1107 
1109 1037 836 720 663 491 418 468 620 518 797 796 897 1134 1389 1514 1531 1523 1744 1501 1173 1569 1483 1334 
1106 856 647 704 579 497 492 422 646 748 781 939 1185 1063 1299 1190 1231 1356 1645 1649 1645 1201 1059 1212 
961 1002 736 649 475 454 493 421 536 582 740 789 1141 1207 1214 1159 1533 1612 1323 1609 1330 1360 1087 955 
835 899 896 566 581 474 529 439 480 587 791 1018 1141 1070 1170 1111 1160 1396 1456 1268 1342 1519 1232 914 
871 842 732 526 480 459 491 586 639 737 679 923 1065 1120 1448 1223 1242 1454 1258 1530 1504 1226 1388 986 
1168 1030 660 669 460 523 430 554 483 629 825 730 1133 1273 1090 1579 1405 1496 1223 1495 1631 1340 1253 1325 
1097 901 623 651 464 559 411 483 473 706 765 725 910 1143 1088 1532 1233 1582 1301 1505 1304 1415 1085 1182 
1173 868 709 613 485 612 439 563 653 600 721 1041 844 1122 1275 1161 1373 1662 1699 1368 1589 1336 1153 1308 
1077 867 697 575 590 595 470 605 467 550 870 697 1164 1162 1398 1579 1413 1638 1504 1468 1228 1279 1367 1330 
1025 965 898 558 581 614 482 419 467 711 732 780 928 1294 1369 1378 1416 1341 1731 1437 1649 1586 1105 1138 
887 864 721 688 638 427 433 579 487 700 773 963 811 1192 1224 1136 1377 1634 1400 1712 1300 1505 1220 1309 
1058 765 649 740 474 539 490 468 613 653 812 856 860 1039 1250 1353 1467 1277 1632 1463 1663 1100 1239 1215 
1082 796 724 693 599 580 531 439 660 701 650 966 1180 976 1308 1404 1343 1434 1575 1186 1436 1475 1245 1146 
815 734 646 728 510 555 528 436 635 670 804 824 1187 949 1346 1132 1399 1210 1754 1676 1264 1139 1452 1207 
953 742 887 680 586 616 595 441 608 530 660 905 997 949 1094 1289 1361 1417 1643 1720 1219 1503 1465 1070 
898 1008 615 750 666 605 520 493 664 548 629 1017 976 1203 1449 1207 1388 1735 1666 1668 1369 1491 1224 1015 
1176 997 832 635 530 605 571 467 494 635 830 735 1034 940 1047 1263 1674 1369 1222 1574 1412 1275 1143 1120 
815 746 719 689 463 430 570 449 650 691 771 846 867 1178 1025 1502 1689 1404 1729 1649 1672 1621 1428 1282 
858 725 705 733 541 536 453 467 488 669 650 904 1158 1126 1463 1262 1353 1744 1507 1445 1446 1539 1090 1200 
836 956 838 633 466 426 491 608 506 595 666 936 919 1305 1026 1444 1282 1548 1669 1339 1573 1280 1142 1187 
990 785 770 597 601 544 403 486 453 562 749 1004 984 1192 1281 1298 1525 1360 1450 1575 1497 1474 1481 1134 
1038 706 761 652 617 423 527 554 478 693 690 731 862 1325 1206 1105 1667 1609 1553 1224 1686 1117 1463 1214 
1098 993 689 620 476 525 479 481 540 550 695 863 922 1288 1395 1526 1717 1632 1727 1231 1701 1453 1163 1179 
1156 1002 673 566 600 544 480 415 600 579 846 973 1148 1247 1431 1279 1491 1582 1564 1447 1329 1117 1320 952 
1090 856 614 705 538 575 560 552 650 688 673 932 828 1180 1469 1229 1360 1303 1522 1746 1366 1498 1473 1170 
835 1000 742 757 663 606 436 478 617 588 648 963 801 948 1490 1379 1490 1498 1776 1286 1176 1214 1284 952 
1109 1016 777 559 551 603 467 557 574 630 777 938 1054 1214 1248 1589 1296 1265 1293 1253 1619 1339 1047 1037 
1078 834 706 650 628 564 485 595 576 537 816 1040 865 1142 1410 1130 1409 1497 1330 1605 1321 1360 1384 985 
981 850 770 754 487 560 494 553 591 690 896 973 1099 1014 1371 1432 1266 1670 1356 1289 1181 1569 1132 1306 
896 963 662 554 482 531 453 617 512 535 758 884 1055 1169 1269 1178 1507 1313 1207 1366 1640 1588 1416 996 
865 953 640 696 670 472 528 610 475 584 603 839 1058 1347 1181 1618 1420 1403 1653 1522 1314 1544 1403 1354 
1159 823 651 658 525 601 422 426 595 755 857 953 807 1317 1007 1532 1197 1529 1604 1262 1572 1543 1257 1159 
1104 744 770 723 557 458 576 427 544 755 841 788 1070 1016 1042 1324 1526 1727 1529 1614 1587 1620 1268 1269 
846 960 848 553 600 462 455 580 588 689 862 784 1128 1065 1237 1094 1694 1282 1709 1422 1624 1086 1178 1039 
876 949 873 586 469 554 491 598 664 595 811 871 1173 984 1147 1357 1327 1600 1309 1287 1386 1589 1188 1004 
895 982 848 548 462 454 524 474 671 735 674 777 848 954 1062 1514 1216 1301 1277 1481 1440 1450 1157 992 
840 854 775 519 595 530 495 569 625 546 859 982 1149 1268 1334 1518 1476 1316 1470 1589 1418 1296 1486 1337 
850 999 755 676 600 559 434 438 673 676 831 851 865 1279 1383 1300 1649 1611 1603 1248 1302 1514 1189 1328 
990 791 602 748 458 538 506 525 503 581 865 898 1177 993 1396 1210 1596 1390 1220 1409 1200 1245 1158 1216 
1117 966 767 722 569 431 546 520 668 748 601 828 800 1253 1213 1306 1451 1605 1698 1375 1342 1120 1102 1004 
904 787 673 753 641 515 460 591 578 752 728 1021 882 1161 1396 1126 1219 1447 1268 1698 1713 1582 1189 981 
808 729 767 772 484 454 504 514 668 635 864 831 845 1311 1492 1545 1169 1304 1665 1653 1331 1143 1365 1303 
1193 953 781 590 660 418 439 441 567 707 857 1030 1185 1094 1477 1158 1284 1478 1202 1397 1175 1622 1363 1061 
1196 766 806 733 491 525 559 601 529 538 701 976 813 917 1394 1259 1508 1433 1272 1673 1604 1389 1404 912 
952 836 683 668 470 456 596 566 676 758 856 967 954 1200 1175 1541 1631 1330 1665 1661 1702 1546 1077 1129 
1160 833 696 617 672 498 496 554 555 693 886 719 1188 1324 1146 1153 1392 1716 1528 1502 1706 1207 1415 956 
808 851 889 743 606 493 477 440 602 617 610 933 851 1223 1233 1301 1363 1362 1728 1188 1643 1377 1152 1063 
1039 709 791 579 516 619 555 589 501 619 765 991 975 1118 1336 1297 1192 1541 1459 1750 1317 1179 1173 982 
1174 936 749 730 505 492 549 611 589 722 777 784 1187 1200 1412 1568 1492 1344 1663 1629 1670 1596 1147 999 
881 936 681 688 641 519 560 559 621 713 852 758 1150 1242 1226 1192 1362 1222 1481 1274 1188 1566 1348 1279 
896 938 737 732 472 536 525 455 657 720 872 871 965 1072 1305 1315 1286 1709 1524 1735 1698 1584 1170 940 
1092 767 875 702 671 485 443 609 454 720 611 896 910 983 1067 1465 1652 1478 1376 1405 1202 1290 1316 1127 
1102 1009 845 555 678 446 485 474 521 531 656 1036 939 1186 1148 1214 1497 1257 1517 1581 1242 1312 1192 1262 
1086 1002 891 617 513 443 566 572 548 549 746 749 1124 1199 1408 1226 1467 1733 1269 1278 1310 1253 1471 1108 
1055 955 763 522 628 419 406 464 635 641 621 1009 1055 999 1132 1537 1274 1386 1776 1454 1493 1408 1359 964 
1137 896 640 698 494 612 451 418 565 560 686 962 980 1204 1412 1386 1368 1368 1398 1460 1315 1153 1038 909 
801 969 672 721 660 444 485 571 525 583 683 796 1107 943 1219 1145 1392 1411 1539 1334 1670 1606 1303 1336 
1025 986 621 737 601 495 501 477 552 564 877 739 1041 1091 1165 1476 1716 1584 1294 1658 1227 1179 1385 1181 
1020 985 830 527 499 524 463 491 514 775 662 721 985 1122 1449 1339 1171 1615 1324 1560 1663 1349 1458 1051 
1093 697 898 604 619 555 527 439 634 629 865 1017 1086 1330 1492 1340 1307 1317 1353 1381 1626 1534 1337 1341 
875 716 860 698 538 503 552 533 506 749 777 778 925 921 1258 1604 1695 1536 1499 1720 1252 1483 1367 1187 
888 828 695 533 503 590 472 615 472 597 686 1029 1169 1024 1267 1201 1171 1466 1414 1205 1149 1425 1489 981 
1065 748 834 568 610 501 557 605 580 730 629 1019 959 1319 1287 1294 1593 1229 1464 1319 1607 1619 1002 1218 
1019 804 684 644 514 583 536 519 540 631 752 787 1063 1123 1226 1186 1490 1411 1728 1656 1440 1289 1013 1280 
868 838 867 661 592 530 405 452 675 636 887 904 1165 1330 1197 1329 1400 1343 1221 1629 1636 1281 1069 1331 
1001 810 767 710 461 527 504 546 680 735 839 775 914 1318 1281 1399 1384 1456 1542 1509 1196 1243 1478 994 
800 1002 697 655 542 514 468 506 513 627 783 733 1117 1226 1476 1552 1632 1412 1750 1614 1208 1602 1325 1127 
1109 793 867 712 517 444 464 551 467 522 877 948 1087 1006 1330 1442 1561 1719 1265 1418 1691 1149 1159 1033 
858 866 778 710 614 528 486 465 639 618 689 997 936 1234 1261 1342 1418 1712 1786 1561 1514 1595 1389 1031 
1027 851 816 608 457 413 540 495 490 542 832 777 820 1148 1071 1567 1237 1613 1649 1620 1399 1224 1347 1353 
1173 750 667 722 521 613 495 560 527 574 814 1029 1137 1145 1141 1300 1152 1552 1792 1377 1408 1477 1055 993 
896 928 841 628 478 600 412 472 675 764 899 1032 871 1165 1315 1121 1359 1699 1761 1413 1508 1562 1166 1010 
1061 1017 709 615 584 598 551 546 536 541 785 783 884 1267 1475 1158 1710 1725 1333 1256 1208 1106 1105 999 
1168 860 852 527 661 450 444 527 656 607 787 1040 968 1254 1298 1318 1528 1385 1761 1607 1699 1126 1384 932 
871 724 724 632 513 535 455 557 460 675 740 886 1035 1136 1204 1465 1360 1611 1254 1750 1335 1135 1119 1127 
851 765 628 656 662 580 405 473 596 523 807 821 863 1091 1492 1519 1497 1380 1473 1628 1646 1600 1224 1263 
1034 801 800 590 678 524 477 509 583 763 609 934 1194 918 1161 1494 1288 1630 1654 1474 1523 1456 1292 1147 
962 738 609 696 530 524 597 543 649 736 858 777 977 1237 1419 1465 1534 1387 1362 1373 1375 1505 1176 967 
1116 954 874 692 672 526 484 541 455 766 607 929 1162 1021 1385 1471 1365 1532 1659 1333 1179 1263 1241 1037 
1179 894 879 730 623 421 581 582 647 762 616 1044 1051 942 1466 1344 1634 1370 1709 1288 1625 1136 1315 1045 
866 761 622 519 579 600 460 420 623 599 820 979 1187 1243 1435 1562 1654 1658 1600 1624 1457 1292 1323 1032 
886 719 755 753 618 618 500 491 471 727 622 840 801 907 1190 1318 1302 1623 1789 1248 1335 1547 1107 981 
868 756 850 619 666 514 437 600 504 675 790 986 1010 1284 1200 1400 1622 1239 1585 1525 1609 1176 1441 1234 
1027 849 774 710 556 463 402 458 644 629 669 940 960 1085 1139 1588 1631 1662 1439 1233 1449 1374 1224 1058 
1188 733 674 728 617 598 415 596 573 649 606 697 922 1252 1212 1233 1642 1429 1276 1537 1635 1141 1364 1214 
