5 11 20
3 50
170 77 85 96 112 130 
170 103 113 129 149 174 
170 129 141 161 187 217 
170 155 170 193 224 261 
170 180 198 226 262 304 
170 206 226 258 299 348 
170 232 255 290 337 391 
170 258 283 323 374 435 
170 284 311 355 412 478 
170 310 340 387 449 522 
100000 5170 5669 6464 7499 8705 
1482 1433 1353 
503 1141 
1487 1777 
1822 1239 
1623 1062 
831 890 
729 1279 
1754 1219 
562 1064 
1576 1699 
996 1098 
656 1718 
630 1619 
1796 886 
1578 765 
551 1421 
1361 831 
1782 1741 
500 1710 
720 852 
1245 815 
1063 1320 
542 1789 
863 588 
655 1133 
721 1795 
1570 1173 
1065 1342 
1578 857 
1012 618 
1675 602 
1585 482 
1168 1153 
1812 1530 
1133 1505 
949 1261 
1608 1588 
1367 1681 
1669 1215 
1355 864 
1778 1013 
855 941 
1037 876 
1900 657 
749 1671 
1266 878 
916 1675 
608 673 
1077 1604 
1590 1534 
1111 1572 
