10 6 20
8 100
340 150 130 112 96 85 77 75 77 85 96 
340 200 174 150 129 113 103 100 103 113 129 
340 250 217 187 161 141 129 125 129 141 161 
340 300 261 225 193 170 155 150 155 170 193 
340 350 304 262 226 198 180 175 180 198 226 
100000 10000 8705 7500 6464 5669 5170 5000 5170 5669 6464 
1000 1129 1249 1353 1433 1482 1499 1482 
1305 1347 
1197 1195 
1562 1160 
1547 1594 
1672 1088 
1601 1333 
1313 1135 
1675 1569 
1475 1260 
1410 1169 
1394 1083 
1225 1465 
1175 1309 
1147 1105 
1421 1185 
1363 1184 
1223 1174 
1698 1527 
1275 1344 
1481 1254 
1447 1424 
1598 1298 
1306 1150 
1604 1422 
1498 1424 
1694 1325 
1317 1131 
1288 1619 
1240 1503 
1712 1291 
1200 1501 
1307 1497 
1630 1527 
1337 1466 
1497 1102 
1266 1259 
1518 1307 
1228 1466 
1596 1437 
1712 1605 
1258 1200 
1656 1387 
1298 1145 
1605 1177 
1655 1301 
1658 1513 
1166 1522 
1438 1238 
1697 1369 
1547 1150 
1647 1400 
1704 1363 
1376 1506 
1344 1446 
1564 1451 
1292 1276 
1565 1403 
1428 1382 
1683 1101 
1538 1271 
1540 1429 
1401 1539 
1335 1608 
1613 1215 
1582 1202 
1162 1578 
1271 1223 
1290 1372 
1495 1622 
1350 1168 
1288 1375 
1341 1267 
1349 1139 
1415 1118 
1218 1159 
1576 1463 
1578 1446 
1625 1460 
1275 1225 
1673 1204 
1281 1444 
1579 1365 
1188 1367 
1363 1141 
1617 1171 
1494 1425 
1547 1578 
1690 1380 
1673 1596 
1712 1265 
1645 1128 
1619 1362 
1715 1367 
1565 1147 
1254 1104 
1441 1573 
1201 1343 
1598 1613 
1194 1191 
1525 1119 
