20 3 20
7 50
850 130 112 96 85 77 75 77 85 96 112 130 149 169 187 203 214 222 225 222 214 
850 174 150 129 113 103 100 103 113 129 149 174 199 225 249 270 286 296 300 296 286 
100000 8705 7500 6464 5669 5170 5000 5170 5669 6464 7499 8705 9999 11294 12499 13535 14330 14829 15000 14829 14330 
1129 1249 1353 1433 1482 1499 1482 
1836 739 1245 601 992 1227 572 973 231 561 787 371 883 
1315 698 684 1568 825 811 1104 738 250 229 624 769 545 
1257 2143 1923 1511 1498 1122 937 726 660 545 672 610 467 
1761 1928 1699 843 947 1075 581 472 896 497 484 657 723 
966 1094 899 1721 851 1204 628 358 269 705 682 248 347 
1576 1082 741 472 678 725 1000 407 377 212 469 783 873 
1242 1213 931 1027 930 852 692 880 345 638 546 219 667 
1827 1495 847 1213 1036 1387 525 855 322 437 651 560 357 
1852 1229 694 476 521 1172 1078 943 649 791 283 367 683 
2094 728 1497 743 1245 450 1183 797 431 348 662 817 829 
2045 1378 1281 1772 938 646 479 323 474 688 269 740 462 
924 1800 1777 565 414 1214 882 774 818 805 558 384 854 
612 1913 581 1503 1522 1250 495 380 630 363 608 675 374 
2253 771 774 923 1354 1078 783 279 279 368 520 378 730 
1632 1643 1205 1156 1003 800 913 482 577 749 566 611 361 
1918 847 1303 678 1172 792 1171 733 594 603 688 209 487 
1642 1569 1059 1082 1420 777 1183 882 460 445 654 353 394 
1692 1035 1611 1455 1378 1247 1156 550 476 226 400 467 240 
1680 2157 952 1449 1078 961 994 746 801 384 710 516 902 
1095 808 799 1502 1482 1145 791 514 494 219 204 820 273 
1770 1973 1423 1203 1320 543 1040 674 304 807 740 417 676 
1031 1867 986 522 924 453 818 633 271 209 704 670 348 
1816 850 676 1776 498 747 436 888 551 441 799 588 535 
2290 1072 1273 1470 605 806 1059 373 735 637 351 810 476 
1979 833 1410 870 615 716 1048 909 681 561 415 816 377 
1399 1180 829 1293 1057 936 353 768 890 252 776 347 737 
1293 1469 1232 1219 995 1144 890 901 545 458 508 491 379 
1237 991 1587 1482 1366 1232 1024 540 797 270 392 759 390 
1071 1416 566 1708 533 839 1134 763 642 574 666 327 534 
1253 853 610 1362 985 1063 503 658 545 791 577 480 429 
1605 1093 1825 945 1482 1293 1093 1026 266 601 291 568 694 
1757 1696 710 644 924 1009 621 333 294 232 211 342 290 
2167 2050 917 559 1464 414 786 389 480 330 664 370 604 
1792 1727 1992 958 1309 804 506 959 642 289 566 572 419 
957 728 1219 764 458 420 318 509 815 591 520 703 795 
772 2085 1166 1003 840 1291 900 951 400 685 656 595 675 
1901 543 1270 693 1223 1223 597 719 441 759 571 563 415 
2230 1379 1341 725 1364 723 584 1003 777 467 267 819 520 
1600 560 964 1065 919 571 635 956 406 793 350 689 835 
2043 1099 1041 1249 856 497 531 849 266 317 774 330 396 
1810 704 721 778 805 516 402 417 852 693 646 806 380 
1417 1492 591 1246 1546 466 353 901 635 726 557 228 704 
2041 717 828 1457 1201 1116 759 424 666 414 771 585 861 
775 1360 1706 684 1404 686 795 953 241 801 388 764 371 
1438 797 1196 1366 808 1280 985 688 601 350 375 790 625 
817 1664 1733 859 549 1141 638 980 669 234 554 284 533 
2003 1617 1409 1665 1465 519 813 397 761 465 446 527 344 
709 1948 643 1559 850 524 1173 859 889 403 588 530 873 
642 1450 1113 1579 1070 510 525 387 725 721 458 583 702 
1261 1091 1947 1227 825 866 492 513 630 337 735 484 825 
