20 3 20
11 5
850 150 130 112 96 85 77 75 77 85 96 112 130 149 169 187 203 214 222 225 222 
850 200 174 150 129 113 103 100 103 113 129 149 174 199 225 249 270 286 296 300 296 
100000 10000 8705 7500 6464 5669 5170 5000 5170 5669 6464 7499 8705 9999 11294 12499 13535 14330 14829 15000 14829 
1000 1129 1249 1353 1433 1482 1499 1482 1433 1353 1250 
1127 965 913 716 631 574 509 510 529 
1181 954 907 727 632 591 528 482 531 
1184 966 853 740 655 590 540 511 541 
1166 1025 866 770 650 563 500 489 494 
1109 1008 907 753 624 595 516 498 508 
