50 2 20
16 10
1700 130 112 96 85 77 75 77 85 96 112 130 149 169 187 203 214 222 225 222 214 203 187 169 150 130 112 96 85 77 75 77 85 96 112 130 149 169 187 203 214 222 225 222 214 203 187 169 150 130 112 
100000 8705 7500 6464 5669 5170 5000 5170 5669 6464 7499 8705 9999 11294 12499 13535 14330 14829 15000 14829 14330 13535 12500 11294 10000 8705 7500 6464 5669 5170 5000 5170 5669 6464 7499 8705 9999 11294 12499 13535 14330 14829 15000 14829 14330 13535 12500 11294 10000 8705 7500 
1129 1249 1353 1433 1482 1499 1482 1433 1353 1250 1129 1000 870 750 646 566 
382 264 742 479 755 845 800 587 1465 593 889 2109 1850 1404 2361 1652 1620 1914 1562 1507 671 1082 341 854 545 799 549 893 633 300 1079 797 851 796 
525 660 254 499 863 1006 632 1592 1406 764 1786 613 1548 1564 1038 1414 1457 1470 1723 1076 688 493 441 879 448 753 488 338 665 542 522 1304 1307 752 
385 507 367 748 640 814 408 956 501 945 561 1574 1688 814 2014 1741 1036 587 593 1543 580 419 464 715 809 436 237 511 629 1005 1332 570 883 1330 
690 272 271 534 300 444 405 883 1482 1242 1067 2098 789 616 930 1883 2106 986 1386 1266 683 922 882 309 655 305 690 491 951 389 1061 1279 1092 808 
688 432 328 576 900 365 705 814 1686 1910 1848 1383 2090 1823 1733 2055 1822 535 1017 413 553 638 427 421 573 658 609 429 540 1065 1065 1272 648 824 
643 569 721 654 672 796 1265 1026 1679 1613 2129 1274 762 1397 1730 1310 755 1536 1613 1331 785 1054 565 361 265 700 711 430 1024 961 1197 1455 1146 1101 
209 793 412 818 800 1170 511 812 1514 707 1357 1067 1179 1356 1950 1585 2107 1307 1036 715 1029 365 901 672 798 241 307 648 532 666 642 1179 1491 1499 
798 443 709 706 272 877 1305 1186 801 1939 2031 1565 1173 1329 886 1380 1487 1002 1514 1440 531 789 391 731 340 271 397 855 557 1184 1390 1318 1579 1409 
593 355 623 800 644 603 1367 840 1033 1355 1446 1751 1617 2350 1331 871 842 722 686 559 689 741 545 438 323 588 777 817 295 1185 996 713 1150 868 
216 200 281 334 638 986 1246 599 1686 1724 1809 647 1822 1033 980 1572 1485 1845 1462 503 418 858 624 833 639 569 662 646 407 755 1218 852 1358 517 
