10 3 20
4 100
850 130 112 96 85 77 75 77 85 96 112 
850 174 150 129 113 103 100 103 113 129 149 
100000 8705 7500 6464 5669 5170 5000 5170 5669 6464 7499 
1129 1249 1353 1433 
1415 1697 1676 1674 1459 1371 
1394 1335 1288 1210 1606 1412 
1260 1603 1779 1543 1262 1261 
1392 1215 1779 1217 1560 1469 
1240 1315 1269 1305 1209 1424 
1335 1603 1741 1634 1414 1214 
1372 1360 1330 1327 1123 1213 
1368 1731 1748 1431 1492 1197 
1356 1514 1540 1676 1132 1142 
1596 1680 1259 1599 1421 1449 
1399 1676 1523 1679 1358 1068 
1547 1386 1654 1302 1371 1344 
1603 1705 1497 1579 1087 1297 
1615 1430 1564 1459 1171 1376 
1629 1609 1191 1425 1427 1043 
1527 1468 1633 1602 1150 1131 
1482 1350 1698 1244 1115 1349 
1279 1375 1762 1352 1287 1453 
1568 1626 1433 1634 1395 1381 
1345 1561 1454 1498 1458 1086 
1689 1313 1436 1361 1516 1226 
1697 1553 1718 1708 1500 1292 
1278 1321 1714 1453 1294 1095 
1763 1668 1354 1321 1194 1223 
1714 1541 1467 1449 1506 1047 
1449 1504 1521 1387 1591 1054 
1765 1254 1521 1317 1235 1165 
1224 1255 1305 1237 1275 1151 
1226 1662 1633 1596 1326 1278 
1362 1378 1752 1479 1455 1279 
1429 1717 1664 1494 1185 1163 
1332 1225 1690 1574 1553 1124 
1678 1514 1675 1263 1307 1330 
1200 1766 1602 1578 1361 1149 
1638 1421 1627 1716 1484 1315 
1283 1611 1245 1356 1174 1027 
1612 1600 1664 1453 1130 1089 
1331 1662 1370 1148 1340 1200 
1251 1514 1306 1304 1398 1005 
1416 1600 1736 1350 1321 1299 
1672 1660 1480 1648 1468 1391 
1639 1744 1624 1390 1312 1460 
1450 1720 1193 1521 1130 1215 
1652 1277 1595 1306 1107 1294 
1543 1579 1691 1264 1490 1427 
1263 1584 1392 1298 1419 1029 
1305 1201 1582 1537 1319 1400 
1336 1497 1645 1149 1262 1083 
1255 1610 1698 1608 1439 1089 
1513 1583 1325 1678 1477 1099 
1266 1753 1419 1215 1125 1305 
1677 1282 1548 1510 1515 1187 
1535 1327 1650 1451 1093 1254 
1310 1225 1749 1639 1172 1408 
1546 1313 1519 1519 1385 1213 
1296 1739 1225 1336 1440 1252 
1400 1507 1624 1708 1126 1005 
1732 1465 1520 1316 1545 1131 
1317 1206 1479 1422 1477 1140 
1477 1509 1318 1147 1494 1159 
1328 1724 1619 1448 1425 1288 
1305 1636 1266 1659 1259 1214 
1689 1304 1567 1613 1260 1455 
1570 1738 1489 1641 1560 1077 
1301 1486 1768 1276 1237 1010 
1589 1683 1506 1282 1199 1136 
1194 1721 1263 1259 1590 1453 
1721 1372 1328 1658 1306 1443 
1447 1278 1594 1495 1144 1069 
1723 1320 1588 1264 1148 1120 
1585 1424 1594 1572 1253 1349 
1684 1378 1472 1225 1303 1393 
1716 1746 1261 1337 1449 1326 
1499 1516 1216 1288 1540 1270 
1395 1575 1749 1278 1138 1220 
1627 1690 1394 1665 1085 1116 
1193 1596 1272 1562 1302 1016 
1681 1702 1619 1426 1083 1156 
1586 1595 1260 1186 1574 1387 
1382 1682 1565 1624 1209 1158 
1773 1424 1197 1253 1290 1088 
1596 1705 1586 1575 1089 1328 
1331 1753 1220 1238 1493 1220 
1702 1761 1686 1623 1183 1158 
1393 1466 1601 1421 1343 1494 
1679 1206 1454 1385 1335 1274 
1735 1483 1570 1495 1592 1399 
1585 1292 1514 1658 1390 1019 
1716 1674 1437 1655 1561 1406 
1506 1525 1369 1263 1546 1309 
1471 1223 1572 1330 1189 1098 
1747 1240 1320 1600 1421 1019 
1209 1724 1599 1291 1612 1375 
1600 1330 1563 1591 1458 1409 
1538 1777 1691 1425 1252 1113 
1210 1343 1383 1517 1325 1367 
1496 1538 1580 1650 1424 1427 
1313 1266 1657 1290 1083 1476 
1343 1210 1557 1671 1127 1427 
1221 1410 1699 1353 1428 1179 
