50 6 20
26 100
340 77 75 77 85 96 112 130 149 169 187 203 214 222 225 222 214 203 187 169 150 130 112 96 85 77 75 77 85 96 112 130 149 169 187 203 214 222 225 222 214 203 187 169 150 130 112 96 85 77 75 
340 103 100 103 113 129 149 174 199 225 249 270 286 296 300 296 286 270 250 225 200 174 150 129 113 103 100 103 113 129 149 174 199 225 249 270 286 296 300 296 286 270 250 225 200 174 150 129 113 103 100 
340 129 125 129 141 161 187 217 249 282 312 338 358 370 375 370 358 338 312 282 250 217 187 161 141 129 125 129 141 161 187 217 249 282 312 338 358 370 375 370 358 338 312 282 250 217 187 161 141 129 125 
340 155 150 155 170 193 224 261 299 338 374 406 429 444 450 444 429 406 375 338 300 261 225 193 170 155 150 155 170 193 224 261 299 338 374 406 429 444 450 444 429 406 375 338 300 261 225 193 170 155 150 
340 180 175 180 198 226 262 304 349 395 437 473 501 519 525 519 501 473 437 395 350 304 262 226 198 180 175 180 198 226 262 304 349 395 437 473 501 519 525 519 501 473 437 395 350 304 262 226 198 180 175 
100000 5170 5000 5170 5669 6464 7499 8705 9999 11294 12499 13535 14330 14829 15000 14829 14330 13535 12500 11294 10000 8705 7500 6464 5669 5170 5000 5170 5669 6464 7499 8705 9999 11294 12499 13535 14330 14829 15000 14829 14330 13535 12500 11294 10000 8705 7500 6464 5669 5170 5000 
1482 1499 1482 1433 1353 1250 1129 1000 870 750 646 566 517 500 517 566 646 749 870 999 1129 1249 1353 1433 1482 1499 
1190 1253 1384 1466 989 906 701 826 606 537 548 599 451 473 539 640 975 809 1021 1285 1526 1329 1344 1216 
1542 1636 1123 1113 1142 907 1002 828 734 534 469 483 611 670 766 868 969 1157 1040 1077 1606 1222 1330 1401 
1510 1515 1111 1268 906 869 852 691 557 550 487 437 590 642 530 661 1040 961 1308 1267 1483 1650 1391 1403 
1520 1517 1354 1488 1285 1046 1012 759 710 588 575 587 448 512 632 778 802 945 972 1386 1503 1261 1191 1613 
1671 1704 1220 1284 1094 860 897 767 521 542 561 562 524 485 525 787 852 998 1043 1461 1414 1387 1472 1786 
1507 1667 1344 1342 1327 883 1043 669 527 606 466 506 563 531 693 673 979 1140 1131 1359 1407 1589 1278 1640 
1201 1692 1408 1178 1120 1187 825 827 702 515 508 469 582 490 737 617 946 836 1316 1074 1200 1434 1348 1385 
1763 1564 1368 1240 1101 820 841 661 571 573 560 566 571 608 653 735 701 1057 1028 1448 1483 1622 1195 1573 
1332 1587 1259 1433 1044 857 889 864 738 610 523 519 476 676 658 777 724 1101 1259 1323 1242 1611 1749 1681 
1763 1243 1212 1099 1300 982 872 777 612 505 555 570 467 510 602 693 756 948 1066 1146 1234 1171 1700 1606 
1211 1222 1120 1416 1243 829 778 829 637 673 565 566 464 623 762 856 757 1183 1033 1492 1175 1305 1774 1297 
1757 1361 1599 1249 1043 869 800 736 740 484 598 425 550 601 667 754 945 852 1014 1044 1458 1654 1517 1508 
1243 1382 1358 1434 1345 856 880 667 678 515 484 575 448 633 607 642 919 883 1217 1497 1287 1265 1641 1470 
1355 1556 1273 1496 1323 1006 745 869 751 456 585 565 511 505 651 750 1006 1045 1195 1400 1342 1590 1261 1302 
1676 1578 1618 1307 957 1144 756 655 538 622 563 454 516 624 542 764 949 864 1272 1448 1236 1379 1273 1327 
1686 1661 1131 1183 1224 990 810 658 571 488 495 577 606 499 716 765 821 887 961 1194 1506 1252 1442 1337 
1197 1266 1155 1418 1304 1197 756 841 751 592 616 477 449 615 581 626 1017 1099 1186 1213 1470 1317 1263 1559 
1608 1202 1312 1254 911 1144 948 876 668 565 525 425 537 633 766 881 990 880 1233 1195 1091 1589 1645 1765 
1451 1639 1345 1287 998 1070 838 779 537 525 530 504 471 523 559 847 899 925 1304 1479 1399 1180 1469 1495 
1643 1193 1534 1316 1012 965 829 618 672 627 593 476 620 528 609 612 954 1108 1170 1023 1349 1440 1497 1413 
1483 1683 1148 1125 1286 1013 787 769 553 599 597 416 556 649 556 893 889 1090 1252 1314 1358 1568 1378 1581 
1381 1338 1435 1202 1089 1175 758 646 563 589 471 527 462 547 636 741 958 893 1163 1212 1107 1610 1628 1462 
1669 1695 1234 1401 908 1130 784 691 726 645 615 529 547 569 540 623 974 1004 1125 1232 1322 1361 1670 1650 
1628 1249 1451 1034 1282 967 844 721 577 601 531 423 542 454 692 658 871 845 1307 1269 1437 1506 1671 1318 
1709 1628 1618 1405 906 1021 925 646 674 629 429 428 505 526 530 619 700 1186 1317 1252 1243 1229 1618 1601 
1221 1668 1529 1282 1230 862 875 843 594 620 432 492 477 579 752 797 756 909 1235 1241 1122 1503 1226 1692 
1594 1163 1454 1305 1284 1037 740 693 642 676 473 585 619 551 756 728 789 921 996 1463 1392 1411 1241 1473 
1548 1669 1470 1331 1260 1154 877 688 555 666 484 560 600 489 565 878 739 819 1304 1277 1324 1292 1416 1668 
1386 1508 1542 1216 1293 1126 807 886 630 654 449 591 516 487 527 697 911 1103 1099 1086 1607 1213 1671 1518 
1581 1595 1261 1041 1314 1159 988 845 623 626 540 585 433 597 593 835 875 943 1066 1185 1594 1675 1699 1784 
1583 1445 1414 1261 1071 889 880 708 554 644 498 574 424 477 724 813 951 1088 995 1037 1098 1373 1379 1677 
1216 1414 1418 1310 1230 871 979 755 574 506 541 475 474 610 623 864 1022 1137 912 1002 1291 1195 1425 1706 
1715 1427 1300 1129 1019 822 800 616 669 525 494 429 468 536 595 737 881 1145 1035 1488 1489 1268 1281 1659 
1637 1361 1159 1137 1025 1006 819 848 728 459 432 515 459 461 699 854 705 1193 992 1052 1544 1369 1394 1501 
1305 1347 1384 1143 1179 1174 717 871 693 679 590 440 600 576 765 744 969 902 1017 1429 1200 1274 1559 1607 
1540 1436 1445 1185 1178 1054 890 776 563 591 504 596 534 564 772 726 734 893 1052 1009 1263 1596 1261 1711 
1429 1187 1597 1319 1069 1190 954 681 744 656 522 507 516 670 548 861 961 1003 929 1236 1200 1696 1432 1583 
1656 1478 1534 1339 1105 930 818 660 688 529 486 435 547 481 598 770 975 850 1165 1461 1262 1528 1683 1633 
1526 1662 1417 1433 1316 1166 839 634 731 566 563 571 615 616 702 603 990 1149 1224 1224 1559 1693 1312 1637 
1557 1234 1479 1277 1248 1022 728 819 671 589 502 400 601 540 681 785 924 969 1108 1472 1352 1709 1729 1790 
1545 1427 1290 1075 1230 896 1005 640 766 655 617 437 473 653 740 811 751 956 1303 1219 1238 1639 1388 1283 
1221 1580 1391 1024 1098 1045 772 609 760 670 581 540 554 502 619 714 966 889 1101 1142 1222 1359 1618 1605 
1729 1160 1343 1223 1345 926 826 864 559 650 561 400 421 582 645 689 761 801 1145 1114 1142 1476 1410 1374 
1395 1150 1229 1019 1285 885 993 866 745 504 579 404 569 496 562 682 848 836 1182 1174 1314 1306 1316 1281 
1203 1340 1184 1294 991 998 721 868 605 468 571 471 431 470 775 842 841 1071 1142 1435 1203 1362 1650 1778 
1601 1570 1142 1178 1152 1055 849 636 643 598 515 470 615 592 597 734 950 873 1038 1432 1544 1196 1494 1272 
1309 1173 1317 1214 1286 904 982 844 544 473 437 402 455 456 727 614 1021 1018 1026 1402 1265 1167 1494 1455 
1685 1221 1266 1452 1292 1139 824 818 594 670 492 569 606 608 650 871 750 950 1193 1008 1092 1284 1532 1757 
1233 1531 1321 1480 1354 937 946 755 608 596 506 508 552 551 538 825 722 802 1054 1492 1420 1690 1592 1524 
1600 1619 1519 1397 1122 1049 902 898 770 588 414 509 522 585 651 791 795 954 1030 1279 1453 1357 1662 1519 
1343 1581 1270 1218 1314 1138 951 672 755 592 580 497 604 665 586 808 710 1148 933 1001 1265 1294 1262 1749 
1776 1179 1401 1227 972 1068 786 789 760 623 530 501 542 593 689 823 820 1157 1330 1476 1356 1380 1568 1618 
1778 1154 1526 1250 1213 945 817 808 566 518 457 489 448 637 716 846 876 991 1010 1108 1322 1708 1236 1204 
1710 1594 1411 1385 1015 1105 814 867 761 569 527 584 552 532 665 764 1015 1069 946 1240 1440 1568 1342 1264 
1633 1386 1457 1154 1305 850 757 662 703 537 470 448 414 492 663 714 804 1127 1197 1433 1209 1220 1653 1356 
1521 1600 1224 1102 1090 1142 780 809 712 456 488 449 481 613 704 823 846 1087 1144 1189 1338 1310 1266 1496 
1702 1353 1400 1329 977 840 897 850 743 495 587 400 424 465 727 609 1032 1066 1252 1107 1608 1630 1251 1334 
1734 1632 1110 1459 995 887 852 832 709 574 606 467 432 480 547 748 1019 944 924 1480 1102 1536 1588 1655 
1292 1580 1372 1052 1294 853 803 745 634 624 535 462 534 579 646 894 833 1077 1063 1328 1348 1437 1289 1608 
1271 1606 1188 1448 1210 1021 740 826 653 597 488 507 601 597 744 773 908 961 909 1368 1539 1346 1708 1258 
1557 1247 1410 1049 1209 826 736 617 592 669 556 468 442 671 529 631 868 1044 932 1426 1539 1651 1771 1662 
1386 1562 1229 1041 930 849 965 696 669 517 525 571 582 467 747 750 863 893 920 1275 1302 1524 1732 1273 
1716 1702 1370 1050 1016 1146 830 766 753 594 498 591 445 650 764 623 968 909 949 1426 1576 1272 1220 1268 
1286 1162 1528 1243 1051 1150 981 700 748 672 570 411 529 467 625 790 1035 1185 1163 1345 1562 1169 1660 1797 
1207 1371 1261 1356 1271 1098 960 662 556 610 565 568 534 522 623 746 700 1128 1279 1110 1104 1377 1205 1765 
1471 1484 1622 1165 1294 1029 789 881 655 644 487 557 458 524 705 697 895 1017 1156 1010 1468 1206 1754 1528 
1240 1561 1587 1397 1268 917 960 785 711 523 414 528 525 649 754 892 977 1120 1088 1078 1436 1180 1367 1329 
1730 1650 1172 1075 938 1164 805 809 603 642 481 542 583 591 704 608 850 1156 910 1057 1198 1590 1723 1441 
1611 1379 1519 1301 1132 1036 838 856 521 671 522 415 599 640 757 703 792 911 1081 1313 1562 1541 1575 1652 
1515 1195 1380 1473 909 1056 1035 820 641 629 612 527 414 677 661 729 712 804 1219 1180 1211 1380 1689 1263 
1666 1235 1398 1450 1194 939 998 779 630 591 458 412 605 514 636 809 922 1195 1078 1242 1195 1600 1703 1416 
1493 1280 1540 1142 1353 1083 941 847 557 573 507 524 534 649 587 775 967 853 1226 1054 1506 1679 1367 1348 
1263 1199 1450 1047 918 808 714 681 593 633 457 570 604 505 705 767 1007 972 1198 1299 1108 1713 1403 1766 
1548 1330 1540 1218 1013 944 706 764 559 477 523 426 462 488 620 603 900 1130 966 1388 1414 1685 1628 1552 
1738 1643 1582 1176 995 1174 784 642 596 632 516 426 585 630 712 897 813 807 1237 1487 1307 1232 1667 1587 
1741 1396 1121 1250 1127 916 756 721 654 636 434 425 429 543 678 854 903 848 1198 1494 1566 1637 1304 1307 
1529 1596 1181 1365 909 969 965 738 578 611 524 436 589 497 522 819 801 877 953 1441 1371 1443 1637 1777 
1502 1651 1294 1262 1191 1097 928 881 561 528 585 444 479 649 612 889 949 1058 973 1346 1519 1164 1718 1498 
1294 1680 1615 1151 1030 1172 885 779 654 587 596 594 435 465 533 693 949 1017 1249 1491 1331 1624 1346 1727 
1770 1318 1435 1315 1050 1060 1044 857 637 657 585 556 593 617 632 626 815 1098 1083 1145 1184 1647 1709 1537 
1311 1314 1160 1138 1088 862 957 643 758 597 586 461 458 538 547 654 971 1179 1294 1223 1463 1411 1500 1790 
1220 1610 1240 1074 1181 1103 770 651 757 545 459 415 618 482 690 877 989 1040 1179 1378 1157 1711 1567 1239 
1264 1656 1294 1061 909 869 856 616 548 502 417 587 613 618 708 852 883 1072 1065 1041 1550 1441 1474 1557 
1375 1210 1614 1364 1167 1098 889 693 726 568 580 474 596 534 643 686 805 946 957 1384 1438 1301 1625 1492 
1197 1657 1618 1354 1144 1019 783 827 600 466 422 538 599 539 626 886 868 1021 1176 1234 1218 1706 1460 1738 
1638 1506 1213 1235 1333 940 725 674 703 627 550 417 485 664 673 669 747 913 1343 1415 1226 1189 1435 1341 
1300 1576 1281 1202 1299 989 983 690 759 531 437 518 612 543 578 743 806 808 1355 1034 1355 1622 1656 1227 
1445 1502 1116 1029 1225 1001 802 786 584 632 574 578 492 624 673 646 924 1125 1162 1198 1423 1319 1337 1654 
1682 1332 1481 1113 918 1156 919 738 563 648 554 400 437 633 629 840 831 931 1177 1178 1202 1252 1446 1387 
1226 1330 1371 1436 1245 974 972 862 685 525 556 570 583 503 666 883 941 1104 1037 1499 1185 1456 1635 1603 
1556 1717 1474 1477 1219 1045 885 858 693 478 415 544 616 596 542 852 858 1047 1252 1475 1401 1370 1552 1318 
1591 1175 1339 1058 1127 1128 979 707 607 541 431 509 612 533 707 631 816 955 955 1182 1505 1256 1189 1737 
1390 1607 1620 1125 1312 981 828 636 552 551 593 427 503 491 709 660 798 826 1243 1365 1623 1248 1441 1535 
1328 1344 1109 1474 1123 1156 1027 744 693 550 507 440 451 661 534 856 842 1025 1007 1279 1223 1485 1348 1655 
1497 1473 1553 1400 1194 936 914 889 750 483 436 465 468 673 765 680 775 800 1060 1480 1450 1588 1472 1642 
1331 1197 1299 1301 930 1025 950 843 637 544 553 557 532 580 755 684 770 1143 1214 1042 1153 1223 1575 1286 
1223 1155 1604 1209 1124 985 702 702 686 591 479 441 572 460 525 705 998 810 1134 1214 1252 1156 1487 1609 
1414 1504 1227 1258 1328 1026 784 665 678 663 555 434 529 660 688 735 712 1078 910 1016 1173 1377 1594 1559 
1685 1657 1517 1094 1004 948 755 769 772 563 501 527 495 660 661 842 934 863 1351 1274 1448 1441 1778 1244 
1275 1659 1416 1224 1300 1026 976 895 731 545 429 450 520 622 591 762 1019 984 1280 1092 1104 1313 1763 1479 
