50 2 20
16 100
1700 96 112 130 149 169 187 203 214 222 225 222 214 203 187 169 150 130 112 96 85 77 75 77 85 96 112 130 149 169 187 203 214 222 225 222 214 203 187 169 150 130 112 96 85 77 75 77 85 96 112 
100000 6464 7499 8705 9999 11294 12499 13535 14330 14829 15000 14829 14330 13535 12500 11294 10000 8705 7500 6464 5669 5170 5000 5170 5669 6464 7499 8705 9999 11294 12499 13535 14330 14829 15000 14829 14330 13535 12500 11294 10000 8705 7500 6464 5669 5170 5000 5170 5669 6464 7499 
1353 1250 1129 1000 870 750 646 566 517 500 517 566 646 749 870 999 
1154 1277 1306 1418 1555 1541 1504 1375 1398 1203 1185 1041 889 766 656 538 495 475 514 580 668 774 910 1041 1134 1192 1312 1367 1482 1563 1479 1383 1291 1231 
1159 1208 1360 1432 1462 1452 1451 1413 1322 1276 1140 1024 837 738 665 591 538 516 536 587 650 779 890 1036 1117 1190 1413 1476 1508 1487 1498 1477 1318 1218 
1123 1227 1335 1455 1531 1510 1549 1418 1357 1244 1079 1019 842 765 616 549 503 494 498 567 622 759 909 991 1164 1267 1339 1492 1415 1564 1537 1437 1395 1269 
1087 1293 1315 1391 1464 1529 1424 1474 1336 1198 1173 971 912 722 665 573 533 488 491 558 650 774 908 1017 1146 1232 1418 1449 1506 1533 1438 1439 1332 1242 
1094 1293 1367 1384 1468 1470 1438 1490 1354 1237 1142 1028 900 740 670 538 520 481 525 581 652 769 886 1029 1183 1297 1331 1419 1507 1513 1545 1423 1344 1205 
1120 1213 1414 1379 1537 1556 1497 1407 1355 1207 1091 957 898 780 677 549 511 501 521 556 674 759 880 1031 1112 1310 1384 1504 1556 1455 1501 1482 1331 1195 
1159 1310 1412 1371 1513 1445 1556 1371 1288 1275 1118 1002 862 773 653 556 499 493 495 573 638 759 902 1022 1113 1258 1408 1425 1466 1543 1491 1481 1328 1213 
1093 1301 1329 1372 1420 1457 1424 1487 1366 1277 1183 987 903 721 678 570 491 515 531 572 663 765 828 1020 1098 1214 1331 1493 1412 1493 1489 1463 1368 1207 
1177 1248 1354 1375 1502 1541 1490 1464 1389 1236 1131 1031 851 718 666 577 504 480 524 589 654 740 891 1039 1077 1220 1339 1462 1538 1426 1473 1492 1414 1285 
1156 1199 1317 1388 1509 1438 1532 1421 1358 1198 1149 1024 897 787 630 575 534 478 520 549 642 730 831 1045 1078 1213 1309 1391 1420 1517 1529 1433 1415 1238 
1077 1249 1366 1465 1439 1444 1507 1431 1325 1307 1137 1035 839 769 638 586 527 489 521 555 669 727 834 991 1163 1187 1314 1370 1540 1463 1418 1373 1374 1270 
1086 1299 1405 1404 1462 1485 1513 1463 1401 1279 1106 964 829 766 638 565 520 501 540 556 633 761 877 1018 1150 1236 1356 1470 1509 1430 1427 1399 1328 1210 
1166 1285 1393 1371 1553 1515 1501 1424 1292 1253 1100 1049 857 720 620 577 531 510 503 543 664 723 880 957 1076 1288 1303 1503 1555 1493 1474 1438 1416 1253 
1170 1256 1369 1478 1421 1443 1511 1472 1320 1292 1175 961 828 777 663 588 498 508 500 587 632 782 887 980 1126 1255 1318 1504 1409 1459 1438 1445 1308 1285 
1144 1202 1376 1400 1482 1549 1549 1398 1392 1196 1123 1003 852 744 678 555 542 520 503 546 663 730 870 960 1112 1215 1379 1489 1469 1440 1415 1436 1351 1298 
1073 1278 1381 1466 1553 1439 1435 1378 1380 1250 1152 953 868 758 673 592 503 485 515 578 657 784 849 958 1123 1250 1342 1404 1489 1481 1421 1373 1413 1271 
1131 1264 1377 1369 1520 1573 1453 1489 1330 1246 1184 967 836 731 627 593 542 518 503 551 637 720 862 986 1078 1251 1342 1475 1533 1465 1492 1450 1300 1275 
1087 1271 1375 1363 1411 1455 1477 1451 1376 1229 1096 1017 858 760 646 539 496 517 518 563 674 723 832 966 1092 1196 1369 1446 1432 1494 1501 1405 1303 1227 
1129 1203 1396 1398 1462 1494 1460 1408 1328 1269 1083 1026 837 750 672 574 497 513 522 585 628 769 913 984 1157 1288 1319 1417 1434 1554 1433 1393 1334 1293 
1173 1216 1320 1367 1498 1454 1555 1396 1290 1213 1178 1030 831 730 674 564 503 514 502 591 666 757 830 974 1135 1309 1399 1484 1481 1493 1522 1400 1374 1268 
1111 1253 1381 1484 1449 1436 1410 1392 1289 1245 1140 964 850 740 669 577 529 492 504 576 663 775 829 960 1149 1300 1289 1494 1520 1444 1517 1412 1393 1207 
1147 1193 1377 1415 1422 1477 1470 1380 1334 1272 1167 954 885 755 644 586 527 485 525 545 668 715 887 1018 1124 1236 1392 1462 1553 1510 1518 1401 1311 1234 
1092 1310 1360 1437 1426 1507 1536 1365 1406 1258 1092 1031 912 732 629 580 539 485 511 558 670 712 840 994 1167 1299 1346 1481 1451 1475 1516 1398 1314 1224 
1173 1189 1298 1440 1459 1457 1423 1450 1287 1204 1173 1014 882 757 631 585 504 523 501 580 628 753 854 969 1122 1193 1354 1484 1472 1572 1511 1410 1396 1238 
1105 1196 1390 1376 1501 1499 1422 1448 1386 1190 1120 952 897 732 633 548 520 518 516 593 620 763 866 993 1123 1245 1309 1458 1410 1532 1449 1455 1368 1203 
1165 1237 1297 1371 1488 1519 1420 1446 1399 1192 1092 993 872 757 670 563 516 516 520 540 628 756 836 1037 1135 1224 1286 1450 1469 1432 1548 1481 1406 1269 
1137 1290 1376 1497 1464 1516 1531 1438 1346 1291 1097 969 913 761 644 545 518 500 525 562 644 779 904 1015 1073 1293 1366 1394 1426 1487 1424 1399 1374 1289 
1077 1271 1300 1424 1419 1461 1435 1440 1402 1220 1156 1024 865 763 633 594 541 485 516 564 627 743 896 1028 1120 1207 1416 1385 1452 1495 1462 1461 1343 1217 
1152 1253 1415 1467 1467 1465 1430 1426 1412 1195 1079 962 881 781 646 570 495 501 504 542 654 743 888 967 1101 1248 1288 1413 1436 1536 1528 1421 1363 1240 
1140 1242 1365 1399 1556 1540 1458 1371 1389 1312 1157 984 901 744 622 550 517 522 503 556 644 783 892 1037 1135 1294 1298 1473 1467 1477 1419 1471 1396 1264 
1153 1238 1359 1439 1508 1467 1510 1451 1336 1302 1169 959 868 765 623 553 532 506 540 564 625 779 903 1023 1132 1220 1370 1433 1489 1469 1434 1414 1313 1208 
1089 1245 1375 1412 1507 1457 1507 1487 1357 1217 1182 979 834 713 678 547 523 479 502 552 660 757 861 972 1087 1273 1327 1481 1544 1523 1549 1446 1337 1255 
1183 1312 1324 1475 1447 1433 1430 1478 1336 1228 1179 959 909 728 626 568 518 510 517 591 618 734 895 956 1143 1225 1291 1399 1457 1476 1415 1383 1320 1192 
1167 1218 1322 1487 1433 1451 1478 1404 1295 1213 1102 1028 872 773 661 545 511 475 510 577 656 722 891 1022 1101 1292 1307 1457 1430 1427 1425 1417 1329 1225 
1104 1232 1324 1501 1554 1538 1488 1492 1286 1235 1158 982 865 747 628 594 524 485 494 580 670 727 911 1035 1158 1237 1409 1386 1427 1433 1477 1436 1329 1201 
1120 1217 1367 1413 1425 1520 1515 1384 1317 1287 1097 1029 879 777 656 556 518 478 502 591 636 761 904 1047 1163 1193 1400 1382 1515 1473 1544 1411 1379 1229 
1073 1295 1326 1447 1468 1552 1485 1405 1365 1219 1167 996 883 783 663 575 537 486 502 560 666 743 868 985 1163 1293 1319 1497 1415 1554 1476 1498 1396 1200 
1108 1301 1357 1471 1464 1463 1416 1373 1413 1245 1111 1025 892 741 617 565 500 478 501 558 667 728 867 995 1178 1252 1308 1369 1449 1449 1504 1365 1300 1249 
1079 1291 1395 1421 1422 1518 1507 1416 1411 1299 1147 997 893 722 648 570 505 524 541 539 633 737 859 1045 1094 1302 1412 1409 1419 1522 1457 1381 1338 1257 
1076 1299 1305 1403 1478 1515 1416 1386 1406 1247 1084 1031 851 754 656 546 501 503 529 594 672 717 871 951 1123 1214 1371 1377 1461 1493 1468 1368 1351 1203 
1142 1265 1358 1406 1535 1569 1416 1406 1295 1209 1091 1012 866 727 620 595 498 523 519 564 678 753 829 1038 1166 1265 1323 1494 1476 1425 1529 1491 1405 1217 
1159 1259 1408 1394 1552 1460 1510 1501 1372 1204 1103 968 861 767 673 592 494 506 540 553 621 769 840 999 1176 1293 1335 1463 1541 1480 1452 1481 1389 1223 
1105 1255 1381 1480 1541 1437 1539 1408 1307 1270 1083 1010 858 763 675 588 501 501 510 573 617 723 896 988 1120 1196 1396 1503 1433 1458 1540 1387 1356 1195 
1133 1192 1372 1426 1523 1465 1503 1480 1337 1281 1162 951 860 740 677 555 527 503 539 541 625 751 859 1005 1173 1262 1391 1405 1434 1552 1498 1440 1411 1206 
1165 1202 1412 1487 1511 1493 1510 1457 1349 1300 1104 963 830 723 624 542 500 516 491 545 643 729 883 985 1117 1195 1340 1464 1409 1476 1499 1474 1326 1217 
1150 1304 1392 1491 1503 1455 1502 1415 1324 1310 1138 969 836 779 625 547 542 517 509 582 667 770 846 1009 1081 1194 1375 1416 1483 1562 1546 1366 1296 1190 
1168 1208 1298 1436 1480 1510 1517 1453 1322 1209 1078 971 844 773 649 551 503 496 511 578 643 718 860 1047 1182 1214 1386 1484 1483 1550 1539 1449 1323 1284 
1087 1208 1313 1463 1513 1519 1444 1424 1386 1250 1138 1018 895 761 662 543 519 491 504 582 632 744 898 1045 1152 1221 1394 1370 1493 1574 1547 1488 1292 1312 
1178 1202 1421 1408 1425 1560 1435 1447 1361 1277 1134 983 910 725 656 551 530 477 512 552 649 737 911 964 1138 1217 1335 1404 1432 1464 1460 1393 1391 1213 
1085 1308 1415 1374 1488 1524 1463 1503 1340 1228 1124 1022 860 730 616 560 497 476 540 576 635 775 873 1046 1092 1252 1388 1393 1522 1486 1532 1430 1322 1263 
1108 1200 1316 1393 1439 1524 1503 1438 1323 1236 1135 1012 842 736 648 556 508 517 533 541 637 783 882 997 1184 1276 1320 1425 1429 1508 1472 1385 1314 1270 
1172 1204 1318 1500 1445 1532 1546 1418 1315 1305 1096 1001 863 743 641 562 526 514 527 594 622 774 880 975 1183 1260 1382 1376 1444 1485 1427 1369 1333 1263 
1142 1220 1414 1425 1465 1509 1506 1377 1304 1273 1108 1000 866 745 636 563 500 523 528 544 667 785 855 990 1134 1304 1299 1492 1409 1453 1513 1387 1342 1310 
1093 1208 1297 1406 1464 1483 1546 1461 1350 1263 1084 1011 871 766 639 587 501 508 506 571 672 776 878 1041 1085 1205 1322 1438 1442 1538 1517 1455 1300 1208 
1180 1270 1297 1415 1485 1494 1534 1445 1357 1215 1080 1020 904 770 620 578 501 493 519 549 663 714 834 986 1165 1212 1341 1442 1497 1561 1498 1441 1333 1213 
1154 1191 1397 1362 1426 1448 1460 1383 1303 1287 1095 1036 883 731 623 554 505 476 541 558 650 767 914 1033 1185 1211 1289 1427 1446 1471 1431 1382 1344 1266 
1154 1244 1378 1485 1507 1557 1413 1468 1394 1236 1162 971 843 770 638 559 495 476 532 549 655 766 906 1005 1185 1202 1337 1394 1506 1467 1497 1478 1292 1188 
1148 1201 1289 1427 1456 1522 1435 1464 1315 1227 1176 1044 854 747 673 558 532 504 493 579 635 781 866 1029 1074 1309 1376 1503 1527 1510 1503 1500 1407 1204 
1126 1256 1390 1497 1521 1470 1454 1381 1331 1249 1162 950 849 759 628 571 541 489 523 589 634 748 905 954 1122 1219 1401 1390 1447 1537 1547 1363 1353 1239 
1115 1240 1413 1460 1434 1440 1548 1459 1386 1308 1175 983 870 761 656 565 511 498 515 554 647 770 886 1015 1161 1236 1376 1480 1416 1528 1420 1490 1330 1212 
1083 1251 1373 1428 1511 1484 1450 1461 1363 1187 1159 967 896 782 643 589 530 493 493 559 653 739 900 964 1139 1287 1319 1492 1504 1491 1419 1468 1361 1251 
1103 1229 1288 1373 1524 1555 1554 1398 1404 1229 1137 1037 901 774 616 541 511 516 536 544 645 772 889 983 1098 1227 1298 1372 1444 1557 1503 1435 1328 1271 
1164 1288 1395 1434 1526 1549 1467 1384 1368 1208 1166 976 832 763 626 540 522 489 512 543 658 728 863 985 1164 1241 1380 1471 1500 1491 1521 1398 1346 1216 
1091 1311 1375 1439 1499 1506 1412 1391 1401 1254 1142 1022 894 766 640 585 517 475 499 555 677 737 882 1023 1133 1300 1385 1405 1455 1535 1519 1445 1401 1190 
1094 1226 1358 1390 1467 1430 1502 1404 1341 1281 1097 992 857 732 672 593 527 503 530 560 670 772 831 962 1095 1215 1340 1445 1412 1532 1425 1456 1417 1204 
1174 1276 1389 1397 1419 1513 1432 1420 1325 1258 1182 1025 909 764 673 541 510 500 507 540 663 759 844 989 1090 1205 1292 1369 1465 1471 1489 1378 1305 1246 
1146 1195 1326 1469 1485 1495 1483 1417 1322 1189 1094 976 852 779 621 569 501 496 512 592 672 720 866 1006 1080 1266 1332 1462 1471 1494 1473 1469 1289 1222 
1148 1251 1303 1470 1420 1572 1517 1415 1340 1197 1113 986 913 723 629 573 540 522 511 581 669 778 894 956 1172 1305 1300 1426 1506 1521 1461 1401 1385 1299 
1140 1214 1413 1402 1453 1538 1497 1491 1365 1284 1159 1036 882 769 649 588 531 517 525 591 637 755 835 995 1078 1245 1342 1374 1490 1435 1453 1405 1352 1296 
1159 1196 1337 1455 1553 1553 1469 1443 1406 1194 1078 1014 881 733 622 590 537 496 515 593 634 713 885 1048 1075 1297 1286 1392 1461 1497 1460 1483 1408 1308 
1170 1211 1418 1413 1444 1465 1491 1493 1364 1270 1161 956 866 762 632 589 502 506 495 580 637 755 873 1014 1137 1300 1303 1433 1511 1481 1479 1424 1298 1194 
1102 1215 1346 1431 1505 1501 1532 1473 1401 1248 1156 1036 852 768 627 571 499 478 516 590 658 776 878 1040 1080 1285 1420 1470 1450 1544 1540 1440 1380 1258 
1117 1304 1393 1466 1537 1508 1540 1380 1417 1231 1083 971 866 742 648 587 511 511 541 585 668 755 898 960 1152 1237 1401 1389 1489 1507 1463 1488 1337 1239 
1110 1227 1315 1384 1431 1568 1419 1373 1361 1232 1130 976 861 729 636 589 520 511 522 587 632 754 847 1030 1122 1266 1394 1439 1496 1573 1511 1479 1327 1294 
1172 1230 1304 1394 1548 1442 1456 1376 1333 1308 1091 1017 883 740 641 571 522 491 519 573 677 755 828 1044 1175 1262 1406 1367 1496 1449 1483 1471 1329 1244 
1136 1261 1347 1445 1512 1458 1474 1484 1351 1191 1130 966 840 727 616 545 538 478 505 559 631 774 873 989 1074 1258 1325 1434 1468 1474 1480 1423 1331 1311 
1123 1278 1386 1405 1515 1563 1440 1431 1306 1239 1084 979 877 786 675 542 515 524 522 583 669 725 907 990 1184 1193 1317 1455 1521 1546 1500 1471 1383 1296 
1097 1289 1362 1462 1470 1509 1520 1413 1332 1237 1114 973 860 719 668 556 498 486 517 584 666 768 899 954 1175 1276 1289 1464 1522 1509 1417 1423 1367 1193 
1169 1232 1339 1380 1474 1473 1509 1490 1288 1287 1094 1047 882 735 662 558 521 511 494 547 676 778 834 978 1144 1298 1334 1415 1439 1564 1425 1381 1411 1267 
1147 1238 1332 1461 1499 1428 1497 1389 1364 1297 1086 952 910 728 657 539 508 500 515 594 623 714 861 1011 1096 1258 1403 1500 1506 1434 1494 1487 1413 1305 
1132 1188 1334 1480 1507 1507 1550 1409 1347 1266 1080 1022 894 731 642 539 512 522 498 563 651 774 855 1031 1156 1219 1407 1455 1420 1426 1437 1452 1293 1294 
1172 1216 1315 1441 1548 1454 1531 1414 1296 1266 1119 1021 864 732 668 562 538 516 539 539 675 724 867 1009 1092 1261 1309 1441 1494 1534 1547 1493 1399 1311 
1157 1253 1338 1458 1463 1512 1513 1436 1363 1212 1141 966 890 720 676 562 527 489 519 593 656 777 876 986 1081 1268 1351 1479 1432 1426 1499 1461 1314 1230 
1114 1226 1310 1463 1467 1551 1511 1381 1348 1310 1082 1036 874 726 648 558 532 523 538 541 671 738 866 1049 1131 1291 1378 1503 1453 1546 1412 1433 1307 1312 
1111 1224 1325 1484 1510 1505 1512 1407 1397 1266 1142 951 879 745 651 550 532 486 524 580 643 780 871 954 1121 1293 1385 1446 1420 1437 1449 1501 1406 1305 
1104 1274 1411 1361 1448 1443 1536 1420 1401 1263 1133 998 827 722 667 572 495 504 528 555 646 718 852 1015 1123 1212 1384 1469 1472 1548 1532 1416 1414 1228 
1104 1278 1327 1459 1419 1475 1507 1436 1342 1303 1121 995 870 741 622 582 506 506 529 588 622 754 887 1008 1163 1287 1362 1428 1431 1488 1500 1440 1292 1252 
1094 1266 1328 1449 1432 1447 1530 1482 1338 1223 1103 1046 869 714 663 539 529 513 531 586 644 756 878 957 1169 1208 1394 1500 1455 1431 1413 1468 1356 1305 
1116 1255 1310 1467 1521 1559 1506 1371 1364 1286 1133 1042 839 723 624 561 493 517 514 586 670 714 884 1004 1150 1190 1393 1401 1480 1485 1423 1498 1297 1254 
1105 1233 1386 1409 1441 1512 1531 1420 1336 1299 1175 978 910 770 658 538 493 519 535 579 652 753 887 1018 1131 1263 1302 1369 1549 1472 1432 1370 1386 1307 
1155 1188 1325 1498 1465 1494 1534 1389 1290 1226 1100 969 864 777 641 540 505 514 515 565 659 722 886 971 1089 1297 1329 1367 1457 1533 1490 1403 1309 1232 
1106 1269 1365 1459 1481 1565 1548 1458 1338 1234 1073 955 861 751 632 566 507 522 516 575 626 722 846 1012 1150 1249 1324 1389 1469 1572 1551 1421 1404 1249 
1156 1300 1364 1370 1488 1493 1550 1408 1295 1226 1136 984 871 760 640 538 537 505 526 552 645 761 890 985 1150 1219 1388 1430 1479 1547 1541 1453 1303 1191 
1084 1234 1309 1403 1519 1489 1449 1425 1313 1238 1081 1016 844 782 655 565 515 486 518 590 636 763 841 1025 1157 1199 1361 1473 1474 1512 1555 1375 1387 1251 
1151 1241 1391 1415 1442 1481 1456 1421 1362 1259 1116 991 868 774 655 577 512 522 524 586 633 763 848 1047 1131 1202 1395 1386 1489 1455 1549 1497 1340 1276 
1103 1218 1355 1377 1505 1569 1409 1361 1404 1246 1084 980 911 713 659 589 491 503 526 542 667 720 839 974 1132 1263 1416 1440 1534 1428 1418 1442 1378 1240 
1150 1280 1371 1425 1546 1446 1529 1427 1309 1270 1181 993 859 749 675 592 534 477 533 556 657 724 855 990 1119 1243 1326 1489 1547 1429 1508 1455 1319 1247 
1122 1202 1326 1476 1487 1439 1458 1467 1399 1195 1176 954 851 740 630 590 502 489 533 565 624 745 913 976 1173 1259 1381 1464 1429 1430 1512 1447 1414 1198 
1139 1233 1367 1421 1435 1498 1487 1480 1323 1247 1183 1011 862 784 665 569 531 492 502 592 666 750 906 1043 1136 1292 1311 1503 1481 1498 1522 1403 1381 1292 
1164 1290 1325 1493 1511 1502 1536 1405 1321 1285 1158 1012 827 746 627 573 537 499 538 580 638 761 841 971 1088 1224 1292 1451 1439 1502 1414 1473 1308 1192 
