50 6 20
26 100
340 75 77 85 96 112 130 149 169 187 203 214 222 225 222 214 203 187 169 150 130 112 96 85 77 75 77 85 96 112 130 149 169 187 203 214 222 225 222 214 203 187 169 150 130 112 96 85 77 75 77 
340 100 103 113 129 149 174 199 225 249 270 286 296 300 296 286 270 250 225 200 174 150 129 113 103 100 103 113 129 149 174 199 225 249 270 286 296 300 296 286 270 250 225 200 174 150 129 113 103 100 103 
340 125 129 141 161 187 217 249 282 312 338 358 370 375 370 358 338 312 282 250 217 187 161 141 129 125 129 141 161 187 217 249 282 312 338 358 370 375 370 358 338 312 282 250 217 187 161 141 129 125 129 
340 150 155 170 193 224 261 299 338 374 406 429 444 450 444 429 406 375 338 300 261 225 193 170 155 150 155 170 193 224 261 299 338 374 406 429 444 450 444 429 406 375 338 300 261 225 193 170 155 150 155 
340 175 180 198 226 262 304 349 395 437 473 501 519 525 519 501 473 437 395 350 304 262 226 198 180 175 180 198 226 262 304 349 395 437 473 501 519 525 519 501 473 437 395 350 304 262 226 198 180 175 180 
100000 5000 5170 5669 6464 7499 8705 9999 11294 12499 13535 14330 14829 15000 14829 14330 13535 12500 11294 10000 8705 7500 6464 5669 5170 5000 5170 5669 6464 7499 8705 9999 11294 12499 13535 14330 14829 15000 14829 14330 13535 12500 11294 10000 8705 7500 6464 5669 5170 5000 5170 
1499 1482 1433 1353 1250 1129 1000 870 750 646 566 517 500 517 566 646 749 870 999 1129 1249 1353 1433 1482 1499 1482 
1394 1419 1243 1105 987 905 764 656 581 526 475 539 569 616 749 898 1038 1178 1234 1383 1487 1514 1439 1453 
1380 1330 1196 1079 990 846 738 628 556 492 520 531 577 654 770 827 968 1161 1265 1335 1385 1521 1475 1419 
1409 1299 1288 1088 1031 848 761 638 577 541 487 496 550 631 747 900 962 1159 1273 1414 1498 1452 1506 1497 
1468 1385 1290 1147 999 881 786 627 551 525 518 500 555 670 778 889 1026 1091 1231 1409 1420 1451 1470 1481 
1406 1415 1226 1073 992 908 766 620 550 492 520 524 579 663 772 910 964 1141 1236 1305 1392 1495 1502 1529 
1442 1300 1243 1176 988 904 768 630 561 533 519 507 577 647 718 907 967 1141 1282 1339 1421 1450 1452 1518 
1438 1336 1285 1131 1035 857 742 673 545 516 487 532 585 656 770 906 1023 1075 1206 1351 1456 1411 1502 1428 
1373 1406 1296 1095 996 848 764 660 577 535 477 491 584 622 745 828 976 1125 1188 1346 1481 1432 1497 1556 
1436 1381 1237 1111 1013 857 787 651 550 531 491 519 543 660 783 894 1019 1125 1289 1361 1364 1527 1528 1520 
1466 1374 1267 1185 1029 906 714 661 584 517 501 539 551 640 757 895 1021 1142 1287 1310 1488 1512 1523 1483 
1438 1290 1220 1109 1029 850 730 649 542 499 504 530 565 641 762 834 998 1127 1194 1356 1417 1415 1495 1410 
1439 1317 1258 1076 1027 841 760 627 540 536 484 525 580 637 736 872 1016 1133 1305 1326 1497 1429 1542 1514 
1401 1314 1193 1139 994 836 779 629 568 539 499 504 539 618 773 907 1033 1163 1310 1311 1485 1542 1458 1482 
1470 1397 1231 1115 1017 871 773 615 582 527 484 533 540 639 727 841 982 1127 1188 1319 1393 1454 1448 1469 
1423 1292 1264 1150 996 886 739 616 563 517 478 542 562 673 736 836 986 1123 1284 1307 1380 1506 1550 1439 
1425 1300 1210 1140 985 896 770 622 548 509 508 501 551 642 727 863 1014 1135 1304 1331 1408 1520 1562 1529 
1411 1341 1270 1154 960 883 738 645 551 517 508 497 579 638 776 849 973 1173 1228 1417 1382 1542 1478 1502 
1380 1341 1238 1169 1035 856 739 657 584 491 491 536 574 619 740 902 1038 1170 1274 1401 1495 1536 1526 1517 
1454 1332 1227 1125 1008 893 749 639 568 541 500 500 585 678 747 911 1021 1091 1288 1312 1464 1498 1518 1544 
1423 1394 1199 1079 950 831 758 623 555 534 476 509 552 657 740 836 976 1144 1296 1311 1417 1554 1448 1507 
1483 1314 1284 1125 1025 903 781 673 581 513 489 501 552 660 722 903 1038 1182 1234 1363 1381 1449 1558 1551 
1457 1314 1277 1180 955 875 746 645 586 491 498 527 563 646 727 904 1009 1112 1225 1417 1412 1493 1545 1550 
1502 1396 1303 1097 1018 840 786 665 588 492 518 531 576 674 747 900 970 1168 1278 1306 1480 1420 1491 1492 
1433 1363 1281 1104 982 854 733 626 594 538 515 523 572 670 766 846 1040 1169 1277 1309 1419 1451 1485 1539 
1395 1354 1309 1100 983 839 769 637 589 524 516 505 569 654 734 831 965 1101 1282 1337 1496 1552 1460 1485 
1439 1415 1224 1174 1031 894 753 643 545 502 488 525 577 628 738 868 952 1131 1231 1323 1458 1428 1532 1526 
1442 1330 1198 1100 964 909 770 661 567 493 483 537 582 647 734 840 1035 1153 1211 1322 1503 1525 1500 1524 
1504 1376 1275 1171 1030 865 747 635 547 495 511 501 592 632 764 877 978 1106 1256 1332 1430 1495 1442 1447 
1405 1304 1309 1096 1016 853 756 670 581 491 518 534 556 621 756 856 1021 1176 1210 1353 1431 1468 1483 1490 
1399 1337 1215 1145 1002 832 758 666 549 499 496 531 565 626 719 833 957 1177 1243 1310 1495 1513 1454 1433 
1483 1383 1257 1134 968 890 743 666 575 512 502 512 584 676 746 872 952 1174 1308 1356 1442 1536 1514 1471 
1446 1323 1262 1087 1024 890 750 674 541 534 502 491 586 655 739 849 999 1184 1254 1348 1443 1449 1482 1534 
1392 1411 1258 1097 987 883 768 658 583 511 479 497 548 655 775 865 1010 1085 1245 1386 1444 1477 1568 1485 
1460 1307 1276 1170 992 911 733 677 594 507 516 534 579 672 735 856 1048 1081 1225 1396 1503 1544 1515 1442 
1458 1393 1209 1169 1038 873 712 673 593 515 487 536 555 678 719 896 992 1135 1301 1364 1470 1546 1442 1493 
1408 1364 1210 1083 980 910 734 648 553 525 483 524 571 622 742 872 1044 1175 1301 1286 1428 1441 1554 1542 
1423 1375 1266 1171 1047 911 723 633 585 524 488 494 570 624 749 856 970 1179 1250 1373 1481 1482 1443 1424 
1362 1414 1191 1179 1007 873 767 655 583 496 491 508 550 632 743 841 984 1124 1278 1288 1443 1536 1560 1457 
1388 1328 1296 1141 965 902 733 624 564 518 503 523 571 663 783 830 959 1160 1310 1400 1452 1419 1433 1485 
1441 1381 1222 1131 997 861 735 672 580 540 500 516 560 641 714 903 988 1078 1191 1312 1478 1518 1546 1540 
1476 1299 1206 1125 1029 871 735 641 539 518 488 506 581 617 754 844 974 1129 1225 1351 1467 1458 1524 1441 
1471 1336 1259 1073 1041 846 770 656 550 539 524 516 569 661 748 885 959 1131 1263 1333 1396 1423 1522 1416 
1490 1290 1271 1183 1024 889 753 666 561 535 520 525 589 675 736 875 994 1143 1215 1343 1374 1535 1572 1522 
1362 1389 1290 1170 961 892 760 616 582 498 508 522 555 657 721 830 1043 1109 1231 1412 1374 1504 1437 1482 
1432 1415 1213 1075 950 911 738 675 586 533 476 503 588 628 762 863 1027 1167 1305 1315 1449 1447 1569 1553 
1484 1289 1288 1171 970 913 769 622 549 502 518 502 548 621 723 840 999 1149 1303 1299 1418 1508 1425 1440 
1453 1373 1276 1169 976 872 765 642 567 529 514 527 553 655 723 898 969 1088 1282 1309 1484 1453 1437 1417 
1466 1399 1291 1108 1039 847 785 622 594 519 514 532 549 643 720 908 954 1146 1236 1404 1451 1437 1444 1504 
1366 1412 1308 1105 1013 873 784 616 547 503 505 539 589 614 714 880 971 1183 1265 1360 1449 1414 1573 1515 
1434 1349 1225 1082 954 850 764 639 541 506 486 499 563 663 760 842 968 1109 1285 1322 1404 1420 1528 1530 
1450 1400 1212 1165 966 844 733 662 581 509 515 502 570 640 782 878 994 1110 1291 1371 1437 1543 1441 1458 
1380 1416 1239 1162 984 868 756 654 557 518 481 519 582 669 713 889 999 1174 1286 1337 1447 1428 1573 1476 
1400 1380 1274 1155 1004 902 745 615 545 518 483 503 573 628 745 880 981 1175 1263 1406 1469 1541 1470 1410 
1402 1316 1277 1176 1039 909 723 676 562 515 490 528 564 646 772 871 962 1165 1231 1362 1365 1451 1434 1425 
1413 1321 1242 1096 1021 839 738 662 567 537 507 510 570 634 769 894 1010 1093 1282 1296 1437 1502 1490 1522 
1498 1307 1285 1175 1035 881 738 623 547 512 475 496 575 641 748 893 992 1176 1221 1356 1363 1506 1468 1450 
1422 1403 1280 1131 995 833 765 646 554 507 522 525 578 623 735 867 966 1139 1222 1336 1487 1487 1434 1500 
1377 1394 1289 1112 955 861 733 652 554 492 501 540 550 651 716 836 1011 1128 1298 1344 1437 1518 1431 1490 
1468 1357 1293 1079 956 844 758 652 566 517 481 494 584 670 739 875 995 1142 1309 1354 1381 1543 1426 1518 
1402 1341 1218 1075 1013 849 766 651 543 513 518 511 550 624 765 884 982 1129 1269 1298 1466 1476 1464 1511 
1366 1293 1258 1135 1042 892 728 629 567 503 488 515 575 648 759 866 971 1179 1200 1402 1459 1425 1428 1490 
1396 1374 1241 1082 1015 864 775 631 594 504 492 525 571 664 742 843 980 1143 1284 1289 1444 1459 1448 1528 
1361 1315 1301 1087 967 887 737 658 578 509 479 537 580 619 786 853 959 1136 1310 1370 1429 1503 1481 1536 
1441 1376 1212 1092 1024 866 768 677 547 534 486 496 579 649 751 845 950 1122 1292 1369 1427 1505 1535 1477 
1362 1397 1275 1124 982 909 717 632 538 539 502 522 584 653 786 831 975 1172 1266 1408 1463 1448 1503 1410 
1403 1316 1252 1134 1018 858 726 626 549 508 493 511 549 632 747 841 969 1129 1244 1316 1477 1479 1503 1524 
1459 1405 1215 1172 1037 863 742 656 570 516 500 501 572 638 753 880 1049 1173 1235 1402 1430 1436 1527 1551 
1441 1400 1202 1091 958 892 719 658 578 535 512 521 554 648 736 866 1013 1127 1293 1329 1467 1538 1442 1497 
1442 1381 1287 1136 1042 843 781 668 557 541 491 531 559 617 754 911 989 1102 1252 1395 1410 1424 1500 1474 
1390 1410 1201 1171 1047 909 733 661 591 517 486 509 573 664 745 885 1013 1110 1249 1369 1458 1555 1553 1495 
1462 1292 1246 1133 1032 881 734 636 582 542 499 492 568 659 751 853 1044 1124 1298 1336 1501 1467 1524 1419 
1417 1399 1262 1127 992 838 712 625 561 524 480 541 585 647 721 882 1022 1112 1283 1308 1499 1437 1487 1458 
1404 1315 1260 1176 1029 869 715 637 561 537 485 510 557 616 722 838 962 1175 1252 1364 1476 1439 1500 1481 
1399 1301 1229 1177 968 865 760 649 570 537 510 519 549 641 723 876 978 1110 1254 1356 1432 1436 1493 1489 
1407 1314 1241 1184 1003 831 716 666 563 536 482 497 564 642 784 863 958 1082 1222 1288 1448 1494 1521 1477 
1437 1354 1226 1113 983 834 734 628 556 509 480 495 547 640 750 845 964 1154 1286 1397 1413 1432 1460 1423 
1380 1397 1297 1108 1036 851 734 647 563 501 520 519 572 625 716 887 974 1145 1246 1413 1384 1497 1520 1413 
1378 1305 1239 1105 1034 872 743 645 582 524 508 523 545 667 783 907 969 1149 1226 1416 1422 1536 1460 1441 
1379 1396 1309 1172 985 904 739 635 592 499 513 491 549 642 753 844 1041 1135 1245 1338 1484 1482 1508 1499 
1473 1376 1191 1154 975 874 744 663 583 497 509 513 590 649 762 902 956 1101 1214 1378 1363 1525 1541 1492 
1409 1418 1262 1098 1041 872 723 627 542 510 486 497 589 650 735 828 1043 1097 1226 1331 1408 1526 1520 1431 
1467 1330 1272 1101 979 861 737 654 574 536 478 491 565 620 776 831 1021 1128 1269 1381 1428 1447 1526 1464 
1370 1326 1196 1136 997 897 746 639 543 532 510 535 558 618 753 838 976 1142 1237 1392 1371 1469 1560 1441 
1403 1302 1265 1098 998 906 742 677 571 542 517 506 569 663 741 871 955 1136 1238 1401 1481 1493 1548 1497 
1435 1297 1284 1172 1005 878 759 647 548 537 478 525 581 664 745 885 1017 1117 1195 1411 1370 1524 1545 1432 
1427 1412 1253 1167 1025 885 765 627 569 523 521 531 547 663 744 864 1007 1172 1250 1312 1427 1424 1554 1408 
1421 1294 1285 1084 1043 909 725 660 591 529 493 522 564 619 771 905 980 1073 1210 1318 1421 1410 1546 1439 
1443 1371 1192 1101 962 833 775 631 579 493 506 524 560 636 715 849 1048 1101 1293 1307 1448 1478 1540 1453 
1452 1357 1249 1094 974 859 741 664 542 499 494 514 572 669 757 867 982 1170 1293 1368 1500 1556 1433 1496 
1495 1315 1245 1159 976 869 746 664 550 539 494 533 589 670 775 898 1032 1179 1295 1372 1374 1496 1498 1453 
1478 1348 1219 1105 1012 905 785 629 593 535 491 536 583 663 767 863 1004 1119 1309 1351 1494 1483 1571 1512 
1425 1412 1230 1173 965 859 784 629 574 507 488 500 572 617 757 866 959 1171 1200 1306 1493 1541 1511 1556 
1503 1375 1308 1165 979 845 761 648 559 520 490 516 577 632 751 863 956 1107 1299 1417 1431 1462 1559 1436 
1388 1339 1199 1130 1020 863 718 617 581 533 509 524 554 673 778 839 1037 1152 1295 1413 1489 1463 1547 1514 
1394 1399 1280 1144 975 892 777 621 592 494 484 493 570 670 743 897 1036 1129 1191 1419 1428 1487 1529 1419 
1375 1384 1271 1181 988 881 754 660 543 530 475 506 549 620 759 883 1044 1181 1291 1299 1395 1518 1549 1441 
1394 1393 1248 1087 1035 905 733 650 539 514 524 517 543 617 754 893 994 1115 1249 1332 1492 1447 1486 1543 
1442 1374 1201 1098 1032 870 765 676 570 504 482 519 579 669 778 879 995 1093 1275 1383 1395 1493 1533 1537 
1500 1352 1260 1113 991 829 749 660 541 500 509 501 582 651 747 863 996 1174 1277 1410 1467 1438 1554 1539 
1369 1377 1220 1184 997 837 716 664 547 509 487 499 539 627 734 882 996 1074 1287 1419 1483 1464 1529 1514 
