20 2 20
7 50
1700 77 75 77 85 96 112 130 149 169 187 203 214 222 225 222 214 203 187 169 150 
100000 5170 5000 5170 5669 6464 7499 8705 9999 11294 12499 13535 14330 14829 15000 14829 14330 13535 12500 11294 10000 
1482 1499 1482 1433 1353 1250 1129 
991 913 764 675 564 517 521 510 540 636 749 888 954 
1020 843 729 654 573 510 491 537 556 672 736 901 1014 
984 886 780 627 586 512 494 529 574 635 769 849 1007 
975 896 767 672 583 499 511 510 579 618 765 912 1017 
985 870 757 677 557 524 510 526 548 622 735 856 1049 
954 863 754 635 591 508 482 507 553 657 768 841 1021 
1026 869 733 668 556 496 509 523 578 658 778 886 955 
991 834 759 643 586 531 478 505 580 649 722 836 961 
978 882 734 656 565 501 497 537 586 618 713 869 957 
1041 851 784 663 586 536 486 508 558 620 736 856 1025 
975 867 740 658 548 497 497 508 549 622 717 910 1040 
982 862 723 650 546 506 516 531 553 630 782 868 1042 
974 843 741 620 561 526 487 532 559 657 719 840 1017 
1003 878 727 649 592 539 479 528 571 630 776 887 950 
1043 831 769 646 538 533 508 502 582 646 769 844 1049 
977 889 737 668 545 538 480 520 560 620 741 887 1001 
1016 872 732 672 551 508 519 529 584 665 746 882 960 
1023 834 773 634 559 495 519 499 549 657 783 847 1016 
952 889 749 659 576 534 482 538 573 615 747 908 957 
1022 912 770 658 574 522 489 516 554 618 784 910 961 
953 906 729 645 580 519 512 522 544 646 765 855 974 
987 837 742 649 543 506 492 540 546 637 748 903 1012 
1000 838 718 643 587 537 490 514 565 651 763 896 983 
951 905 762 676 547 494 488 517 579 626 739 888 1043 
1001 851 714 636 546 527 523 519 570 619 780 879 998 
1044 889 715 639 549 503 491 513 553 614 751 899 1017 
978 837 768 645 582 531 502 508 541 670 733 888 959 
1020 894 769 619 546 528 513 523 574 633 726 891 990 
1034 878 762 650 588 509 517 501 546 643 738 838 950 
965 883 724 661 540 512 510 494 546 624 776 889 997 
971 838 779 615 538 521 519 498 548 638 758 900 992 
954 904 745 652 552 540 489 536 581 648 736 897 1018 
1042 879 773 648 583 537 515 502 584 652 786 886 1042 
1018 834 717 649 559 495 484 496 587 615 733 875 952 
1013 890 737 640 567 525 519 502 567 644 777 831 959 
1007 890 753 648 592 535 481 506 576 631 775 889 1017 
997 857 749 642 542 509 509 519 558 635 720 888 1012 
1030 878 743 643 547 497 518 515 553 633 724 847 1017 
954 845 749 676 544 540 491 530 550 669 773 828 1012 
973 863 741 645 584 535 518 503 571 654 764 848 1022 
1039 895 773 645 548 526 521 525 595 620 774 912 1005 
964 892 758 629 563 535 484 540 543 673 781 863 1017 
996 883 718 634 550 528 475 539 562 654 740 895 1037 
950 884 740 636 549 524 514 541 583 671 770 887 985 
1046 836 713 615 552 499 482 531 544 674 717 862 1039 
973 855 765 624 583 499 482 515 571 674 748 883 972 
962 864 739 671 552 496 477 512 579 677 739 830 1048 
1011 878 762 628 556 528 520 520 560 641 768 863 1047 
999 850 766 626 554 498 514 519 560 640 747 850 993 
964 854 765 671 576 518 486 542 585 642 784 890 1040 
