20 11 20
15 5
170 112 96 85 77 75 77 85 96 112 130 149 169 187 203 214 222 225 222 214 203 
170 150 129 113 103 100 103 113 129 149 174 199 225 249 270 286 296 300 296 286 270 
170 187 161 141 129 125 129 141 161 187 217 249 282 312 338 358 370 375 370 358 338 
170 225 193 170 155 150 155 170 193 224 261 299 338 374 406 429 444 450 444 429 406 
170 262 226 198 180 175 180 198 226 262 304 349 395 437 473 501 519 525 519 501 473 
170 300 258 226 206 200 206 226 258 299 348 399 451 499 541 573 593 600 593 573 541 
170 337 290 255 232 225 232 255 290 337 391 449 508 562 609 644 667 675 667 644 609 
170 375 323 283 258 250 258 283 323 374 435 499 564 624 676 716 741 750 741 716 676 
170 412 355 311 284 275 284 311 355 412 478 549 621 687 744 788 815 825 815 788 744 
170 450 387 340 310 300 310 340 387 449 522 599 677 749 812 859 889 900 889 859 812 
100000 7500 6464 5669 5170 5000 5170 5669 6464 7499 8705 9999 11294 12499 13535 14330 14829 15000 14829 14330 13535 
1249 1353 1433 1482 1499 1482 1433 1353 1250 1129 1000 870 750 646 566 
500 479 513 547 650 
527 494 533 549 646 
534 515 534 575 674 
536 480 510 583 630 
508 494 523 562 674 
