50 2 20
26 10
1700 96 85 77 75 77 85 96 112 130 149 169 187 203 214 222 225 222 214 203 187 169 150 130 112 96 85 77 75 77 85 96 112 130 149 169 187 203 214 222 225 222 214 203 187 169 150 130 112 96 85 
100000 6464 5669 5170 5000 5170 5669 6464 7499 8705 9999 11294 12499 13535 14330 14829 15000 14829 14330 13535 12500 11294 10000 8705 7500 6464 5669 5170 5000 5170 5669 6464 7499 8705 9999 11294 12499 13535 14330 14829 15000 14829 14330 13535 12500 11294 10000 8705 7500 6464 5669 
1353 1433 1482 1499 1482 1433 1353 1250 1129 1000 870 750 646 566 517 500 517 566 646 749 870 999 1129 1249 1353 1433 
2240 1232 1519 1494 1906 1422 1139 1397 773 1090 915 472 439 640 669 250 953 794 476 1083 1707 1485 1970 620 
1426 2383 2196 928 981 1032 594 1424 432 356 576 335 218 295 783 574 418 1153 645 1564 720 551 1078 1337 
1217 1709 902 604 1674 842 1547 902 799 899 428 280 575 382 391 747 295 781 777 706 928 1306 2108 577 
1676 773 2047 1075 1994 1549 1630 1396 716 856 795 398 552 322 526 569 436 395 820 1096 1682 1457 968 1567 
1774 626 1550 1493 1272 1494 1296 435 548 609 365 905 326 375 472 738 1011 388 1182 1185 589 1316 1954 1308 
897 827 2197 1532 1234 1200 1024 1327 589 606 275 264 762 526 599 335 1033 573 512 527 1521 1204 1819 1629 
1915 945 2077 2216 1998 954 1071 617 386 424 325 362 412 795 776 687 663 1152 674 660 771 921 1251 1960 
1566 926 602 2254 1114 1971 1057 1196 1054 866 536 380 502 577 568 633 316 430 1128 447 1501 1268 1531 1361 
1977 2149 732 1885 2152 603 727 669 1203 1000 281 442 528 601 595 902 448 962 505 1457 915 1647 984 1181 
600 1938 2087 2212 1963 1124 555 558 1087 931 418 758 609 318 711 576 463 740 1182 607 1656 1208 974 1498 
