10 3 20
8 100
850 77 85 96 112 130 149 169 187 203 214 
850 103 113 129 149 174 199 225 249 270 286 
100000 5170 5669 6464 7499 8705 9999 11294 12499 13535 14330 
1482 1433 1353 1250 1129 1000 870 750 
348 874 
407 653 
382 651 
901 620 
464 761 
884 593 
917 385 
348 850 
280 266 
765 902 
695 694 
644 880 
323 293 
742 671 
484 275 
678 588 
554 774 
872 241 
558 744 
895 779 
778 266 
376 360 
475 415 
529 257 
564 235 
837 578 
696 236 
557 295 
1017 410 
384 271 
621 807 
740 862 
626 850 
565 268 
793 656 
829 845 
718 531 
341 309 
733 571 
517 900 
338 602 
440 494 
953 351 
451 786 
729 763 
1028 615 
599 240 
440 692 
801 310 
449 756 
822 230 
268 430 
638 463 
453 454 
670 651 
815 602 
650 482 
863 490 
269 616 
799 257 
1010 505 
736 516 
404 484 
802 609 
610 893 
588 682 
842 820 
595 490 
960 817 
259 448 
502 598 
643 566 
295 836 
946 723 
1012 759 
791 670 
382 634 
546 469 
480 880 
792 447 
437 744 
925 705 
735 526 
357 594 
631 796 
740 265 
903 506 
264 613 
466 395 
961 312 
578 653 
658 565 
542 598 
604 605 
958 234 
418 696 
735 538 
509 442 
843 318 
695 293 
