20 11 20
11 50
170 130 149 169 187 203 214 222 225 222 214 203 187 169 150 130 112 96 85 77 75 
170 174 199 225 249 270 286 296 300 296 286 270 250 225 200 174 150 129 113 103 100 
170 217 249 282 312 338 358 370 375 370 358 338 312 282 250 217 187 161 141 129 125 
170 261 299 338 374 406 429 444 450 444 429 406 375 338 300 261 225 193 170 155 150 
170 304 349 395 437 473 501 519 525 519 501 473 437 395 350 304 262 226 198 180 175 
170 348 399 451 499 541 573 593 600 593 573 541 500 451 400 348 300 258 226 206 200 
170 391 449 508 562 609 644 667 675 667 644 609 562 508 450 391 337 290 255 232 225 
170 435 499 564 624 676 716 741 750 741 716 676 625 564 500 435 375 323 283 258 250 
170 478 549 621 687 744 788 815 825 815 788 744 687 621 550 478 412 355 311 284 275 
170 522 599 677 749 812 859 889 900 889 859 812 750 677 600 522 450 387 340 310 300 
100000 8705 9999 11294 12499 13535 14330 14829 15000 14829 14330 13535 12500 11294 10000 8705 7500 6464 5669 5170 5000 
1129 1000 870 750 646 566 517 500 517 566 646 
819 779 826 1114 1153 1109 1355 1360 1729 
751 836 846 984 1326 1572 1517 1701 1509 
645 859 985 1046 1358 1449 1554 1280 1650 
871 1030 1122 928 1497 1335 1501 1556 1331 
638 788 1164 1071 1290 1227 1446 1529 1293 
610 886 862 1196 1204 1217 1372 1414 1418 
713 893 1010 1327 1367 1108 1217 1767 1371 
856 987 1133 1136 1245 1533 1448 1326 1418 
847 890 1027 1235 1340 1573 1333 1438 1575 
693 876 881 1118 1233 1178 1241 1701 1302 
671 1029 1191 939 1357 1177 1533 1247 1690 
841 900 835 1052 1020 1104 1632 1709 1374 
713 743 954 1254 1282 1453 1335 1499 1546 
857 747 842 1168 1031 1305 1691 1380 1477 
609 918 1069 958 1097 1578 1658 1289 1365 
869 869 828 1087 1085 1203 1469 1758 1357 
620 854 1059 1005 1434 1486 1390 1626 1424 
684 1040 1027 1042 1224 1089 1518 1400 1232 
872 969 1045 1342 1127 1160 1325 1562 1606 
757 879 1198 1076 1324 1403 1157 1207 1422 
863 802 894 968 1384 1608 1317 1519 1444 
700 883 936 952 1265 1525 1486 1743 1583 
762 944 977 1089 1411 1468 1687 1311 1240 
725 845 897 1192 1129 1337 1534 1721 1261 
645 951 908 1311 1228 1286 1474 1514 1278 
795 824 1100 1090 1153 1353 1289 1597 1645 
769 807 992 1333 1265 1503 1556 1463 1325 
720 996 1190 1279 1062 1485 1518 1438 1672 
789 976 871 1287 1245 1617 1490 1705 1752 
620 903 849 1223 1220 1202 1230 1471 1757 
714 921 974 1123 1040 1369 1493 1352 1523 
731 910 905 1297 1312 1322 1615 1491 1509 
627 896 862 1267 1344 1619 1361 1438 1787 
836 940 885 1190 1415 1259 1529 1433 1547 
656 903 1041 1193 1310 1618 1536 1536 1391 
612 960 1032 1277 1273 1451 1673 1342 1563 
687 734 997 1335 1419 1368 1436 1636 1784 
691 752 881 1050 1242 1116 1582 1245 1247 
832 850 1076 954 1034 1565 1593 1324 1478 
799 992 1199 1240 1275 1430 1388 1595 1344 
739 1003 1093 1012 1438 1609 1588 1381 1606 
723 982 968 1210 1288 1508 1251 1333 1669 
604 779 822 1299 1429 1251 1167 1338 1212 
641 1044 1162 1265 1261 1557 1453 1233 1401 
618 843 857 1284 1414 1103 1248 1291 1367 
627 885 924 1263 1010 1430 1358 1470 1549 
763 918 1006 1175 1049 1128 1702 1481 1654 
829 1024 1057 1275 1470 1405 1265 1399 1358 
894 875 977 1291 1084 1380 1155 1570 1571 
815 708 1115 1032 1197 1161 1446 1431 1453 
