50 6 20
26 100
340 150 130 112 96 85 77 75 77 85 96 112 130 149 169 187 203 214 222 225 222 214 203 187 169 150 130 112 96 85 77 75 77 85 96 112 130 149 169 187 203 214 222 225 222 214 203 187 169 150 130 
340 200 174 150 129 113 103 100 103 113 129 149 174 199 225 249 270 286 296 300 296 286 270 250 225 200 174 150 129 113 103 100 103 113 129 149 174 199 225 249 270 286 296 300 296 286 270 250 225 200 174 
340 250 217 187 161 141 129 125 129 141 161 187 217 249 282 312 338 358 370 375 370 358 338 312 282 250 217 187 161 141 129 125 129 141 161 187 217 249 282 312 338 358 370 375 370 358 338 312 282 250 217 
340 300 261 225 193 170 155 150 155 170 193 224 261 299 338 374 406 429 444 450 444 429 406 375 338 300 261 225 193 170 155 150 155 170 193 224 261 299 338 374 406 429 444 450 444 429 406 375 338 300 261 
340 350 304 262 226 198 180 175 180 198 226 262 304 349 395 437 473 501 519 525 519 501 473 437 395 350 304 262 226 198 180 175 180 198 226 262 304 349 395 437 473 501 519 525 519 501 473 437 395 350 304 
100000 10000 8705 7500 6464 5669 5170 5000 5170 5669 6464 7499 8705 9999 11294 12499 13535 14330 14829 15000 14829 14330 13535 12500 11294 10000 8705 7500 6464 5669 5170 5000 5170 5669 6464 7499 8705 9999 11294 12499 13535 14330 14829 15000 14829 14330 13535 12500 11294 10000 8705 
1000 1129 1249 1353 1433 1482 1499 1482 1433 1353 1250 1129 1000 870 750 646 566 517 500 517 566 646 749 870 999 1129 
1291 1440 1627 1215 1641 1530 1312 1113 1359 1080 906 986 733 652 558 592 445 462 454 669 869 746 903 1240 
1048 1180 1322 1750 1788 1424 1677 1374 1013 1094 1056 806 651 740 629 470 404 542 674 753 694 824 869 989 
1185 1084 1420 1642 1664 1524 1674 1410 1479 1047 1031 871 887 610 678 556 401 562 541 531 668 748 1060 950 
1073 1350 1443 1330 1305 1214 1699 1351 1448 1194 904 771 678 749 602 602 498 495 487 719 859 768 943 919 
1055 1375 1656 1543 1598 1729 1284 1263 1223 1202 1066 789 729 541 678 428 538 465 642 581 650 859 881 991 
1431 1454 1699 1612 1593 1679 1207 1133 1263 938 918 784 698 610 613 461 576 415 573 621 773 962 900 1207 
1116 1155 1153 1275 1434 1381 1229 1329 1408 1208 920 771 712 736 488 590 405 568 476 589 650 834 817 1143 
1002 1423 1467 1210 1329 1198 1482 1367 1299 1274 1185 756 875 584 659 446 540 428 632 553 648 898 903 1257 
1492 1190 1228 1729 1332 1577 1210 1317 1478 1284 1024 880 608 660 607 480 490 425 499 655 852 958 1107 1011 
1233 1516 1375 1384 1353 1234 1165 1518 1182 1029 1040 824 785 646 590 539 495 452 605 566 838 966 824 1006 
1030 1523 1475 1442 1400 1198 1625 1140 1320 908 977 906 894 546 664 478 545 427 453 726 776 1040 820 992 
1448 1308 1361 1377 1437 1663 1207 1556 1137 1024 912 703 802 773 469 544 470 426 585 704 827 752 895 985 
1109 1543 1268 1416 1470 1728 1626 1519 1071 1130 1003 759 838 643 460 487 508 584 649 627 667 805 911 974 
1162 1377 1612 1446 1263 1443 1204 1483 1294 971 979 769 785 720 496 520 546 545 507 774 616 831 1155 1018 
1456 1141 1264 1630 1469 1398 1204 1350 1437 1016 994 858 789 736 566 577 435 556 513 610 780 987 867 1294 
1391 1209 1196 1758 1398 1654 1486 1405 1008 1336 1013 714 870 571 460 604 582 455 518 642 610 713 903 1180 
1458 1313 1469 1713 1799 1189 1543 1556 1498 1318 1165 785 863 695 654 597 417 503 549 613 669 931 960 992 
1469 1432 1291 1272 1271 1419 1173 1592 1167 1139 1033 979 751 765 570 418 534 525 663 518 609 979 944 955 
1472 1522 1597 1605 1305 1349 1368 1367 1026 918 1102 720 830 766 539 617 510 489 661 547 873 724 894 1024 
1356 1176 1527 1373 1342 1537 1407 1468 1005 1169 1154 707 772 583 457 537 589 421 571 735 891 889 1046 1095 
1140 1391 1430 1635 1259 1468 1317 1096 1298 945 811 786 606 565 554 536 458 513 526 590 707 898 858 1163 
1453 1387 1495 1204 1683 1592 1692 1304 1416 1334 1036 927 613 765 677 452 482 581 511 744 602 861 980 969 
1201 1314 1172 1409 1526 1735 1427 1122 1404 1227 971 749 731 669 552 527 421 529 640 704 844 723 974 951 
1416 1108 1673 1297 1750 1212 1402 1198 1266 1163 937 760 676 696 589 452 425 586 619 699 642 772 1181 1327 
1302 1436 1236 1661 1548 1238 1500 1416 1062 1240 1178 752 768 572 507 438 495 475 646 660 810 1044 1147 1119 
1462 1334 1497 1274 1360 1333 1284 1148 1205 1226 1159 949 778 766 532 415 431 427 590 710 854 701 990 1196 
1313 1183 1460 1363 1309 1590 1457 1612 1432 1076 1005 1016 681 534 651 439 441 505 611 595 662 836 918 926 
1190 1292 1436 1700 1663 1302 1526 1115 1478 925 1102 768 630 593 612 451 440 532 502 625 811 972 905 1101 
1138 1494 1457 1360 1720 1673 1696 1610 1425 1044 1040 835 729 576 485 429 408 603 485 524 884 736 908 931 
1388 1215 1629 1194 1321 1330 1537 1094 1243 1265 1111 849 633 608 610 513 441 548 497 570 604 801 836 1309 
1027 1099 1553 1474 1386 1264 1160 1110 1019 1276 1148 712 749 768 507 476 460 604 472 631 771 991 1073 1238 
1347 1324 1675 1247 1677 1375 1459 1180 1375 1293 1127 789 859 532 584 424 403 612 478 729 727 782 1149 985 
1389 1460 1423 1768 1785 1706 1705 1296 1068 1332 1110 1004 646 751 539 425 497 433 491 526 715 810 955 1105 
1172 1359 1560 1550 1739 1216 1370 1094 1286 1320 939 938 643 706 554 527 593 544 472 598 768 840 920 962 
1106 1422 1598 1431 1644 1236 1582 1121 1120 1157 881 930 881 539 549 549 585 539 541 568 896 843 1127 1257 
1098 1185 1442 1256 1545 1719 1650 1336 1235 1168 828 696 866 568 643 462 504 499 545 570 795 968 983 1081 
1342 1617 1525 1230 1510 1584 1525 1159 1222 1143 837 1042 855 554 570 539 479 477 622 610 866 786 1045 1232 
1300 1403 1440 1425 1345 1346 1616 1084 1138 1133 1026 999 849 757 541 442 583 576 493 675 642 924 981 1155 
1361 1277 1652 1205 1729 1523 1672 1510 1238 1277 823 839 601 624 606 563 546 587 646 543 638 821 900 1244 
1204 1249 1415 1543 1374 1569 1600 1511 1386 1133 1158 874 634 556 551 442 550 431 663 607 700 974 816 1024 
1333 1555 1488 1339 1617 1686 1349 1324 1161 1199 808 895 669 531 558 466 492 570 577 587 876 958 1068 1339 
1305 1372 1332 1369 1626 1609 1588 1523 1150 1223 896 973 874 772 598 440 528 541 504 541 899 885 896 1064 
1151 1259 1684 1634 1640 1678 1150 1580 1423 1163 1130 816 813 563 582 415 487 553 579 553 678 734 1155 994 
1474 1193 1614 1608 1630 1473 1579 1615 1201 1193 1007 825 621 663 599 440 566 583 530 641 603 1020 1191 1340 
1242 1252 1523 1590 1385 1333 1570 1360 1209 1189 1149 1021 780 768 560 513 491 487 470 644 766 996 1054 987 
1270 1140 1209 1613 1424 1435 1368 1231 1217 1079 805 969 815 559 603 494 564 485 639 579 890 981 1077 1208 
1380 1272 1573 1465 1735 1384 1651 1163 1270 1119 1095 702 797 729 460 617 575 596 551 718 674 813 1190 1190 
1260 1087 1391 1232 1333 1517 1481 1541 1100 1222 802 911 866 599 480 527 598 457 490 597 845 704 1191 1184 
1499 1620 1177 1758 1648 1755 1629 1357 1235 1127 1121 997 858 631 484 570 451 566 607 574 733 999 1171 1079 
1321 1510 1528 1482 1739 1566 1237 1176 1285 965 953 908 649 762 514 567 445 601 544 771 744 848 877 1187 
1001 1607 1681 1500 1528 1639 1571 1155 1423 1321 1149 854 612 775 527 434 593 611 510 762 761 1021 840 1147 
1463 1386 1160 1656 1661 1324 1399 1166 1053 972 909 963 685 644 641 561 508 526 625 519 744 747 838 1052 
1077 1248 1628 1301 1200 1347 1165 1392 1157 1351 1124 909 751 578 545 517 565 464 580 549 851 790 922 1150 
1133 1510 1508 1766 1527 1691 1669 1225 1344 1020 1071 875 832 525 590 616 543 611 509 707 769 896 984 1038 
1012 1323 1707 1635 1487 1199 1220 1350 1073 915 861 742 796 671 470 571 544 436 596 531 655 697 877 1069 
1033 1313 1242 1436 1748 1239 1619 1433 1071 967 831 973 772 621 477 600 580 587 526 574 697 900 1087 977 
1000 1284 1670 1736 1586 1598 1162 1523 1437 1171 1095 1010 785 606 580 437 445 612 622 603 775 966 1149 1168 
1427 1097 1427 1752 1298 1627 1620 1229 1431 1253 832 770 797 603 492 592 451 593 563 613 849 914 1024 1238 
1458 1488 1262 1448 1239 1323 1680 1528 1455 1179 935 701 862 700 504 487 449 469 461 765 848 998 1014 1146 
1462 1561 1295 1779 1683 1738 1482 1100 1218 1155 809 748 799 665 591 488 515 585 659 531 677 990 1034 975 
1336 1097 1155 1299 1711 1756 1651 1250 1087 1122 910 1016 864 770 504 612 522 552 481 636 636 809 832 1093 
1472 1160 1472 1599 1321 1320 1387 1564 1132 1097 1045 1005 754 774 635 441 579 566 470 578 749 768 1162 1345 
1431 1396 1585 1391 1365 1619 1361 1452 1355 1005 817 879 806 685 472 460 547 431 626 519 811 722 1098 1101 
1294 1589 1464 1202 1312 1645 1670 1618 1100 905 1019 956 616 711 533 477 431 614 544 542 839 919 1112 1048 
1201 1529 1564 1470 1435 1198 1717 1138 1162 1163 1179 810 771 661 537 492 445 594 549 664 744 719 1088 1317 
1082 1352 1169 1744 1619 1440 1463 1507 1078 1212 856 762 795 612 609 515 556 492 643 556 711 747 897 1354 
1072 1273 1534 1599 1603 1232 1167 1408 1101 965 1087 888 798 766 519 558 499 605 671 518 792 830 1114 1096 
1116 1245 1228 1469 1438 1696 1343 1171 1372 1264 1178 1034 852 750 610 605 468 503 574 618 612 1018 1090 1186 
1258 1105 1426 1633 1574 1209 1214 1196 1268 1124 854 784 766 705 526 551 482 581 500 570 686 826 1171 1318 
1119 1175 1672 1716 1374 1600 1395 1397 1447 1228 951 779 885 525 531 537 430 481 549 619 854 870 1070 1247 
1066 1189 1597 1299 1449 1217 1622 1125 1073 1051 1063 856 887 619 643 425 581 595 594 574 619 966 1187 1279 
1064 1308 1698 1653 1419 1568 1576 1176 1237 1348 938 931 813 571 527 490 583 437 653 635 805 992 876 910 
1216 1444 1467 1452 1501 1427 1340 1413 1056 1161 820 796 689 608 619 433 521 500 656 615 829 988 873 1011 
1492 1600 1180 1321 1322 1543 1497 1561 1464 1098 1149 912 870 717 601 434 467 584 529 702 876 881 1056 991 
1147 1607 1598 1778 1353 1572 1157 1396 1195 1130 801 723 703 756 464 529 491 568 586 623 896 853 1175 1332 
1320 1320 1600 1701 1570 1662 1352 1406 1443 1046 1089 760 885 536 520 572 551 540 651 589 607 974 916 1086 
1332 1307 1184 1461 1546 1616 1196 1222 1222 1302 1104 870 854 650 589 601 467 489 621 664 817 788 923 1198 
1157 1284 1244 1237 1356 1736 1709 1223 1402 1101 810 833 775 674 638 538 554 588 659 605 654 951 1170 992 
1093 1210 1274 1631 1521 1237 1266 1375 1437 940 1095 941 649 707 590 501 542 425 572 718 606 983 1078 921 
1114 1215 1294 1242 1362 1324 1568 1621 1286 1026 1160 797 730 549 677 457 569 468 628 599 881 824 991 1207 
1410 1468 1698 1285 1791 1674 1227 1121 1013 996 866 843 859 651 517 478 444 419 645 704 772 934 988 1316 
1117 1436 1602 1233 1725 1587 1593 1215 1079 939 832 724 802 715 544 555 593 429 530 765 842 978 1061 1188 
1233 1239 1416 1514 1317 1656 1344 1281 1318 998 1076 734 711 580 571 589 469 422 672 518 712 883 1032 1055 
1220 1313 1620 1373 1222 1212 1598 1562 1108 924 1015 783 790 566 482 570 448 436 607 644 871 826 1022 1206 
1299 1467 1177 1422 1481 1626 1502 1592 1220 921 807 716 775 744 558 515 597 520 488 583 695 815 873 1236 
1420 1489 1331 1359 1235 1229 1483 1271 1361 1086 847 933 730 697 523 597 508 604 601 705 772 937 920 1053 
1439 1156 1581 1765 1661 1438 1560 1317 1403 1239 1012 880 750 538 490 414 424 552 516 581 852 851 909 923 
1463 1243 1610 1685 1334 1526 1588 1493 1298 1154 858 972 782 605 634 503 422 604 579 568 899 993 1066 1001 
1396 1231 1714 1461 1411 1626 1714 1475 1180 1177 1164 1001 854 604 494 534 485 547 556 530 763 941 920 1268 
1164 1266 1713 1345 1447 1517 1335 1106 1161 990 828 924 817 534 630 564 441 519 618 588 854 877 1073 951 
1132 1354 1234 1224 1428 1692 1705 1124 1304 1022 1109 928 807 540 506 414 579 542 603 549 844 911 1120 1051 
1212 1563 1355 1459 1637 1404 1306 1122 1292 1098 829 737 605 735 545 464 542 451 497 593 865 716 918 947 
1146 1620 1297 1268 1536 1368 1180 1216 1280 1283 912 980 624 737 637 561 492 611 539 637 733 853 807 1255 
1490 1520 1644 1202 1278 1656 1305 1501 1439 1324 1083 1022 601 715 545 556 552 554 516 696 778 925 1183 1228 
1280 1535 1474 1379 1651 1285 1195 1415 1180 932 1111 939 800 604 632 613 524 475 494 703 683 819 1013 1053 
1383 1597 1426 1436 1228 1303 1292 1222 1074 914 1005 1006 634 569 616 445 477 433 505 547 845 858 910 934 
1039 1174 1263 1583 1565 1266 1707 1248 1452 1083 963 796 694 670 470 611 415 560 544 599 841 866 1152 1028 
1091 1228 1654 1220 1205 1574 1169 1597 1201 1280 1059 1017 695 750 480 459 420 414 649 659 710 937 1051 1317 
1397 1244 1587 1625 1317 1587 1360 1256 1237 977 1098 789 825 546 502 609 467 581 618 670 844 752 874 975 
1440 1598 1161 1450 1359 1218 1709 1466 1173 1087 1003 782 822 550 644 434 515 534 488 635 796 961 1114 1290 
