5 2 20
3 100
1700 130 149 169 187 203 
100000 8705 9999 11294 12499 13535 
1129 1000 870 
733 730 
663 640 
870 764 
690 721 
640 519 
626 766 
869 578 
834 761 
627 565 
750 686 
801 608 
644 699 
705 636 
733 689 
804 671 
744 730 
785 736 
773 763 
654 709 
857 766 
677 571 
701 523 
656 560 
867 528 
659 679 
878 772 
687 617 
642 523 
804 544 
646 768 
708 767 
725 771 
873 685 
654 765 
635 722 
881 686 
763 708 
633 763 
773 702 
715 585 
632 563 
745 655 
717 671 
840 724 
669 593 
787 726 
607 695 
723 678 
841 655 
861 699 
854 631 
679 635 
891 628 
806 687 
622 678 
836 719 
611 759 
791 692 
777 740 
663 660 
663 556 
673 714 
797 660 
854 604 
675 619 
815 707 
742 551 
681 726 
894 696 
769 622 
792 704 
703 677 
801 669 
618 551 
743 561 
650 681 
688 616 
785 715 
663 631 
849 665 
802 704 
601 761 
621 619 
634 772 
747 656 
735 722 
668 763 
605 682 
650 626 
794 767 
782 673 
655 581 
789 597 
770 540 
784 602 
653 676 
888 671 
669 664 
804 738 
802 546 
