20 6 20
15 50
340 77 85 96 112 130 149 169 187 203 214 222 225 222 214 203 187 169 150 130 112 
340 103 113 129 149 174 199 225 249 270 286 296 300 296 286 270 250 225 200 174 150 
340 129 141 161 187 217 249 282 312 338 358 370 375 370 358 338 312 282 250 217 187 
340 155 170 193 224 261 299 338 374 406 429 444 450 444 429 406 375 338 300 261 225 
340 180 198 226 262 304 349 395 437 473 501 519 525 519 501 473 437 395 350 304 262 
100000 5170 5669 6464 7499 8705 9999 11294 12499 13535 14330 14829 15000 14829 14330 13535 12500 11294 10000 8705 7500 
1482 1433 1353 1250 1129 1000 870 750 646 566 517 500 517 566 646 
644 954 1151 1273 1067 
804 801 1177 1000 1100 
645 741 1014 1030 1334 
782 722 1024 1250 1323 
746 733 1043 991 1068 
825 849 1098 1050 1375 
756 1024 943 1335 1240 
862 885 887 1334 1270 
803 791 1138 1096 1086 
830 718 1083 1060 1367 
615 1041 819 960 1492 
635 742 1087 1341 1480 
884 720 823 1220 1191 
815 868 1016 1171 1202 
880 814 1192 1125 1042 
634 887 919 1149 1459 
653 905 874 1353 1489 
896 1035 1105 1025 1152 
754 882 912 1304 1092 
734 764 1136 1008 1314 
781 707 1045 1343 1486 
621 1041 1036 1006 1467 
799 812 810 1137 1422 
717 986 1115 929 1221 
714 963 820 1031 1312 
620 716 980 1242 1113 
817 971 946 1123 1292 
726 859 924 1082 1046 
671 813 878 1079 1162 
881 843 1102 1187 1102 
879 976 906 1107 1138 
861 954 827 928 1160 
887 1003 1089 1141 1066 
824 925 802 1015 1307 
857 941 833 1245 1062 
862 862 964 914 1255 
858 876 1007 1282 1345 
841 907 1120 1294 1468 
834 700 1083 1307 1349 
652 916 955 1290 1195 
619 860 1060 1063 1362 
614 927 1164 1287 1286 
744 1015 995 1171 1477 
866 834 948 981 1212 
809 807 819 1275 1426 
735 988 1170 929 1290 
728 900 1057 1113 1383 
843 905 1057 1008 1485 
835 752 936 939 1469 
870 903 1052 941 1389 
