5 3 20
2 50
850 130 149 169 187 203 
850 174 199 225 249 270 
100000 8705 9999 11294 12499 13535 
1129 1000 
836 676 535 
977 786 749 
737 653 695 
1038 735 534 
843 717 752 
1035 828 646 
828 834 755 
875 620 730 
901 857 726 
969 768 536 
935 841 732 
849 776 670 
908 840 521 
1021 657 731 
974 717 572 
750 889 669 
759 779 639 
1004 850 523 
704 839 576 
1016 806 524 
717 692 655 
838 653 540 
706 789 717 
825 704 549 
755 877 626 
991 821 606 
986 731 742 
696 706 648 
869 706 596 
840 631 725 
861 715 702 
894 836 607 
992 824 653 
789 853 560 
755 701 674 
712 819 763 
760 645 703 
927 644 640 
858 631 596 
717 604 546 
915 610 613 
1039 869 651 
765 640 540 
842 844 530 
1008 816 679 
1002 703 631 
950 733 538 
948 876 549 
762 681 730 
814 603 686 
