5 11 20
2 50
170 75 77 85 96 112 
170 100 103 113 129 149 
170 125 129 141 161 187 
170 150 155 170 193 224 
170 175 180 198 226 262 
170 200 206 226 258 299 
170 225 232 255 290 337 
170 250 258 283 323 374 
170 275 284 311 355 412 
170 300 310 340 387 449 
100000 5000 5170 5669 6464 7499 
1499 1482 
706 1194 1372 
1469 2089 1016 
1061 708 954 
1479 1352 1685 
1210 1418 1987 
894 802 1148 
2159 1164 757 
2105 843 991 
867 1007 726 
2249 1534 1703 
826 863 1667 
1199 1431 1885 
1026 1507 1677 
1352 1940 1260 
823 1285 1208 
839 1656 1394 
782 2108 687 
974 1636 1944 
623 913 1017 
1627 821 896 
1605 1348 1066 
1727 1414 1308 
1793 926 1021 
587 1109 1934 
2185 553 1998 
897 1075 1510 
845 871 1853 
1952 740 1353 
744 742 550 
1198 1629 1909 
2020 1633 578 
1168 1371 1009 
2284 1773 983 
1342 2158 1939 
1609 1327 1496 
1234 1750 1518 
1605 1954 1757 
1375 1964 1359 
1915 1432 1585 
1080 841 1289 
1451 2032 1927 
1549 1534 753 
2012 680 888 
1343 1935 1826 
2240 2031 1834 
1867 1582 1381 
1063 2116 1869 
1623 1962 1533 
2097 1351 771 
1732 1827 1238 
