5 6 20
3 100
340 112 130 149 169 187 
340 149 174 199 225 249 
340 187 217 249 282 312 
340 224 261 299 338 374 
340 262 304 349 395 437 
100000 7499 8705 9999 11294 12499 
1250 1129 1000 
897 779 
871 756 
879 739 
875 730 
893 768 
899 714 
827 786 
902 765 
852 782 
855 725 
912 775 
911 727 
912 773 
871 778 
893 756 
905 759 
902 777 
858 784 
891 771 
895 719 
864 751 
903 752 
841 766 
874 759 
833 776 
911 737 
856 786 
911 714 
906 726 
894 779 
831 714 
845 741 
909 748 
846 754 
869 750 
880 759 
884 768 
842 747 
867 758 
908 772 
907 724 
891 731 
830 720 
905 741 
851 726 
833 771 
870 744 
845 736 
888 749 
877 762 
895 751 
903 716 
877 773 
858 763 
842 759 
905 739 
841 758 
840 718 
865 780 
862 717 
863 764 
881 769 
854 785 
834 762 
841 758 
829 730 
862 729 
828 773 
883 714 
840 765 
862 726 
907 762 
868 778 
901 762 
890 755 
892 720 
908 750 
888 765 
871 738 
878 778 
884 752 
847 714 
910 754 
833 752 
886 765 
862 773 
836 727 
832 734 
905 763 
876 755 
910 767 
891 771 
900 745 
885 733 
911 761 
833 762 
906 780 
911 745 
904 779 
885 718 
