50 3 20
36 100
850 150 130 112 96 85 77 75 77 85 96 112 130 149 169 187 203 214 222 225 222 214 203 187 169 150 130 112 96 85 77 75 77 85 96 112 130 149 169 187 203 214 222 225 222 214 203 187 169 150 130 
850 200 174 150 129 113 103 100 103 113 129 149 174 199 225 249 270 286 296 300 296 286 270 250 225 200 174 150 129 113 103 100 103 113 129 149 174 199 225 249 270 286 296 300 296 286 270 250 225 200 174 
100000 10000 8705 7500 6464 5669 5170 5000 5170 5669 6464 7499 8705 9999 11294 12499 13535 14330 14829 15000 14829 14330 13535 12500 11294 10000 8705 7500 6464 5669 5170 5000 5170 5669 6464 7499 8705 9999 11294 12499 13535 14330 14829 15000 14829 14330 13535 12500 11294 10000 8705 
1000 1129 1249 1353 1433 1482 1499 1482 1433 1353 1250 1129 1000 870 750 646 566 517 500 517 566 646 749 870 999 1129 1249 1353 1433 1482 1499 1482 1433 1353 1250 1129 
1045 879 710 676 574 486 413 467 589 651 693 911 873 916 
948 915 808 618 659 453 472 568 577 720 639 872 1133 1354 
835 858 807 654 498 612 586 420 623 752 885 835 928 1030 
873 968 789 765 546 417 415 506 571 708 710 831 1132 1265 
810 824 757 602 496 617 464 424 554 684 601 752 853 925 
1128 842 879 725 554 558 410 467 567 710 870 980 934 1031 
1025 1018 608 589 662 421 471 522 637 674 805 787 1182 1147 
986 729 647 545 544 597 492 572 645 742 815 993 1049 1202 
948 911 817 637 629 541 419 433 670 738 620 740 832 1210 
993 977 765 758 493 417 402 471 653 770 645 757 844 1298 
1048 875 661 570 660 481 405 416 580 667 740 944 994 1129 
947 962 856 619 654 604 452 511 671 572 780 899 1169 1105 
989 827 878 618 560 590 430 499 492 712 763 962 869 1247 
813 761 624 775 664 448 541 577 575 631 703 746 1040 930 
1019 1008 799 686 478 428 590 454 613 604 852 1015 804 932 
1025 917 781 763 490 449 508 561 542 556 875 957 1015 1261 
910 792 859 522 499 607 541 526 671 596 845 749 985 1023 
845 1021 754 711 526 545 512 577 610 754 864 824 948 1190 
1002 1042 741 773 622 525 496 549 595 585 633 927 860 1109 
847 775 786 719 517 471 597 550 460 746 738 963 1168 1019 
929 700 734 678 497 432 475 548 603 765 644 916 1040 1029 
967 747 606 583 548 510 552 594 481 612 882 1041 1152 1166 
978 766 787 679 526 423 433 458 549 634 832 1038 861 1306 
1011 935 787 577 598 562 425 573 511 523 657 830 1153 994 
849 789 604 522 539 467 408 424 577 572 616 910 947 1056 
1058 967 772 528 513 552 584 458 509 702 676 845 851 968 
1173 1038 686 614 564 489 512 536 643 766 865 751 1153 1177 
1037 731 871 735 553 504 497 508 669 651 728 754 872 925 
957 1036 752 557 619 453 503 431 501 649 780 970 846 978 
931 750 732 685 507 425 528 602 472 763 805 882 868 1021 
1119 995 858 575 626 521 567 515 463 615 669 734 1076 1022 
878 757 670 663 459 590 508 439 547 766 868 812 1184 1310 
864 698 737 523 546 603 432 487 633 650 757 932 823 1243 
1019 986 761 655 537 503 585 561 473 686 818 747 1007 1081 
1082 952 879 634 487 610 465 419 535 726 732 745 856 1239 
1178 809 800 611 468 460 517 532 480 600 794 1042 839 1154 
1106 758 872 518 642 535 464 493 472 722 678 899 983 1285 
1005 998 802 605 555 444 498 436 644 737 866 1036 961 1221 
1027 918 634 554 597 419 583 528 624 574 878 718 1052 1041 
1079 728 671 563 604 501 498 577 532 763 861 949 962 1298 
1085 934 648 654 585 562 531 538 575 734 852 1008 1064 1259 
805 847 800 670 467 426 589 581 603 593 868 1013 1171 1189 
1142 976 827 529 578 615 458 589 520 560 815 944 1154 956 
1181 1036 742 593 524 424 459 436 621 537 768 896 1086 1151 
965 997 733 564 503 572 473 561 478 641 799 975 816 1236 
1101 989 697 696 564 585 565 536 459 534 848 926 831 1280 
1106 753 758 738 634 447 422 556 558 746 651 981 924 981 
846 912 859 527 611 610 541 568 601 671 621 826 1131 999 
1120 829 721 545 672 435 452 512 455 689 638 811 1114 1028 
1027 1009 691 610 556 544 507 521 667 674 631 977 1047 1126 
909 757 856 728 674 571 402 574 518 715 764 789 892 1158 
1058 828 638 749 552 429 491 558 557 584 760 864 943 1337 
1127 953 759 736 505 492 543 581 524 680 648 977 1030 1071 
995 931 861 620 633 455 426 527 480 537 704 766 1147 912 
827 717 682 711 534 570 501 427 554 571 745 945 805 976 
831 787 719 769 600 567 510 425 606 584 652 1004 971 1003 
1110 768 721 651 466 461 500 480 555 626 785 928 857 1233 
1085 918 746 742 671 474 405 514 469 546 632 961 937 953 
934 831 791 623 627 496 548 509 486 731 691 907 818 1187 
1167 780 683 739 546 472 473 542 676 558 742 923 902 908 
1041 728 852 620 549 494 500 446 579 729 761 921 1076 1138 
972 742 695 677 550 514 502 485 467 766 748 911 907 992 
980 717 655 583 524 611 434 592 670 537 672 888 1041 1284 
963 1030 831 728 472 417 530 617 483 568 667 974 1046 1157 
1176 838 879 735 544 443 459 470 620 677 690 818 874 1113 
1014 797 775 565 667 493 437 429 668 771 797 926 1193 1017 
1008 923 749 664 678 596 408 544 561 567 752 721 1035 1212 
868 967 620 625 576 548 478 603 612 519 736 871 866 1052 
861 1015 873 678 503 454 519 428 487 590 791 762 1021 1048 
880 786 840 542 610 450 457 547 653 652 643 850 881 1351 
1123 744 706 766 495 490 561 493 650 662 680 953 856 987 
1094 777 669 645 504 419 506 444 622 687 671 942 1061 1070 
869 875 885 673 499 593 520 492 457 772 760 942 1086 1229 
936 990 872 649 524 531 564 523 656 562 645 860 867 1101 
815 1039 724 584 459 460 480 456 522 628 737 929 852 936 
1169 987 823 645 478 465 521 523 524 545 705 723 801 943 
898 711 834 728 574 564 439 590 562 522 898 784 1005 1084 
1178 874 667 589 628 439 529 526 530 623 786 995 1063 1290 
1030 917 841 709 596 453 473 454 513 523 748 838 1007 1209 
851 794 880 567 580 452 443 537 646 524 853 827 905 1074 
1019 850 669 749 672 526 405 562 527 666 805 719 1007 1261 
912 962 705 600 491 608 480 429 510 664 674 824 1157 937 
986 813 775 723 500 534 577 500 613 772 858 760 1035 1000 
978 700 684 725 677 489 481 503 557 766 736 750 982 955 
1067 789 783 750 536 541 493 600 596 755 735 944 1081 904 
1188 1007 863 633 532 561 453 554 572 582 697 980 921 983 
946 829 620 747 466 481 534 461 478 585 768 882 829 1107 
1084 745 776 634 564 456 575 617 463 761 872 1002 904 924 
1189 916 894 647 480 527 491 525 501 753 817 1006 1197 971 
1186 735 603 644 550 450 539 425 457 535 748 996 865 1161 
940 939 612 768 552 492 547 611 548 593 735 806 853 1236 
950 971 606 517 513 548 427 563 529 616 630 829 1048 917 
1139 857 692 660 558 472 435 588 456 753 833 920 1074 952 
943 716 619 738 501 606 585 493 566 717 707 754 850 1092 
1032 983 852 574 517 519 407 609 642 681 735 723 889 1090 
918 965 618 596 669 453 489 552 630 627 644 946 872 1211 
1122 756 740 524 597 544 536 490 532 540 865 1010 1104 1162 
842 930 842 625 552 545 481 426 560 712 887 1018 1039 1113 
1142 783 689 562 641 507 599 425 562 750 785 979 1133 1176 
943 925 683 719 649 460 545 578 526 679 690 832 1050 1067 
