20 3 20
15 100
850 112 130 149 169 187 203 214 222 225 222 214 203 187 169 150 130 112 96 85 77 
850 149 174 199 225 249 270 286 296 300 296 286 270 250 225 200 174 150 129 113 103 
100000 7499 8705 9999 11294 12499 13535 14330 14829 15000 14829 14330 13535 12500 11294 10000 8705 7500 6464 5669 5170 
1250 1129 1000 870 750 646 566 517 500 517 566 646 749 870 999 
1246 1223 1431 1626 1600 
1316 1010 1360 1640 1206 
1033 1215 1167 1375 1330 
1339 1321 1511 1251 1683 
1276 1080 1247 1596 1212 
1076 1428 1598 1514 1524 
1147 1309 1178 1348 1224 
1059 1180 1578 1377 1262 
1339 1084 1439 1527 1422 
1303 1013 1257 1249 1270 
1284 1446 1105 1676 1277 
1242 1419 1201 1600 1471 
922 1231 1323 1480 1767 
1198 1319 1277 1479 1197 
977 1274 1527 1454 1693 
1280 1301 1182 1282 1648 
1030 1117 1619 1339 1507 
1119 1343 1343 1653 1581 
1266 1034 1297 1188 1446 
1146 1022 1339 1572 1489 
999 1204 1354 1683 1602 
935 1418 1520 1663 1580 
1144 1054 1279 1466 1731 
919 1239 1146 1590 1256 
1131 1256 1228 1334 1561 
1074 1175 1484 1339 1578 
1171 1451 1463 1426 1752 
1091 1486 1310 1378 1739 
910 1452 1579 1180 1746 
1044 1384 1257 1489 1397 
1187 1388 1141 1299 1432 
1054 1133 1390 1349 1440 
1319 1388 1217 1203 1244 
1301 1205 1128 1203 1749 
997 1009 1224 1553 1621 
1058 1316 1311 1443 1188 
1012 1461 1519 1452 1308 
974 1155 1424 1384 1219 
1340 1396 1599 1205 1550 
968 1016 1311 1201 1190 
1188 1373 1481 1343 1512 
948 1335 1430 1222 1499 
1354 1174 1265 1587 1308 
1103 1198 1151 1642 1325 
1256 1234 1109 1147 1591 
1193 1218 1375 1569 1291 
1166 1108 1201 1501 1376 
1201 1191 1250 1584 1547 
1011 1495 1556 1204 1434 
932 1035 1363 1363 1687 
1281 1313 1444 1522 1665 
990 1225 1142 1323 1342 
920 1210 1508 1558 1544 
944 1069 1180 1639 1661 
1078 1430 1539 1655 1579 
1115 1301 1187 1714 1632 
1328 1345 1528 1583 1761 
1212 1395 1336 1547 1748 
1203 1378 1271 1519 1760 
1121 1311 1300 1269 1540 
1206 1125 1225 1713 1738 
911 1359 1153 1493 1640 
1308 1047 1603 1587 1344 
930 1085 1537 1655 1720 
1335 1155 1507 1683 1591 
1166 1364 1326 1263 1492 
1089 1029 1136 1462 1456 
1151 1287 1568 1287 1325 
1235 1301 1117 1417 1435 
1310 1228 1303 1352 1558 
1056 1266 1540 1190 1655 
985 1322 1164 1157 1499 
1070 1056 1320 1258 1201 
1273 1185 1120 1692 1637 
1032 1198 1566 1577 1251 
1256 1193 1422 1445 1285 
996 1385 1472 1361 1238 
1282 1324 1268 1396 1487 
960 1297 1212 1485 1690 
946 1460 1291 1583 1211 
1050 1280 1477 1547 1528 
1117 1499 1560 1159 1306 
1100 1080 1613 1267 1754 
1087 1246 1575 1244 1624 
1285 1012 1454 1431 1199 
935 1018 1257 1635 1662 
1230 1466 1111 1704 1367 
1219 1436 1216 1167 1544 
1170 1303 1094 1541 1511 
953 1158 1395 1702 1378 
907 1079 1225 1315 1587 
925 1011 1292 1286 1722 
1121 1420 1460 1245 1536 
1079 1296 1307 1414 1646 
1298 1373 1319 1453 1740 
1135 1181 1541 1382 1660 
1137 1414 1442 1637 1581 
960 1209 1103 1512 1243 
1154 1170 1115 1426 1461 
977 1241 1578 1152 1388 
