10 2 20
4 50
1700 96 112 130 149 169 187 203 214 222 225 
100000 6464 7499 8705 9999 11294 12499 13535 14330 14829 15000 
1353 1250 1129 1000 
804 822 677 502 612 590 
824 658 576 674 528 549 
928 603 627 678 603 534 
739 648 715 595 619 519 
887 696 746 616 535 499 
1019 778 753 662 564 426 
1036 638 653 590 531 508 
765 735 685 638 538 420 
825 820 590 638 599 501 
1011 639 614 641 517 422 
929 755 754 648 437 419 
847 742 530 487 429 407 
786 839 661 605 436 431 
797 696 676 475 519 470 
723 639 749 562 531 571 
949 667 770 609 614 490 
985 690 619 459 532 521 
1043 692 673 584 593 485 
940 843 756 471 435 429 
832 838 774 497 544 486 
863 627 572 640 615 476 
939 684 530 519 436 409 
876 695 673 499 414 487 
774 669 692 625 473 554 
833 899 604 597 604 523 
729 829 660 670 512 427 
943 659 529 508 593 504 
1016 677 636 522 531 493 
1026 796 658 463 597 442 
875 831 545 561 541 566 
951 761 679 501 481 516 
997 861 730 670 480 436 
864 658 518 647 531 562 
1009 850 523 502 539 460 
967 779 534 548 619 426 
812 843 747 524 601 496 
848 846 663 497 529 538 
754 878 558 501 496 500 
907 692 762 677 601 566 
703 874 615 580 570 404 
1001 668 630 560 508 503 
1031 672 673 508 541 549 
955 797 662 514 472 439 
1036 700 756 562 498 516 
828 883 581 509 479 592 
958 856 690 624 564 436 
724 882 558 485 549 427 
1011 790 725 528 587 593 
808 750 633 667 511 445 
812 675 594 610 535 430 
