10 2 20
6 100
1700 112 130 149 169 187 203 214 222 225 222 
100000 7499 8705 9999 11294 12499 13535 14330 14829 15000 14829 
1250 1129 1000 870 750 646 
590 491 479 542 
554 535 494 528 
542 497 475 517 
544 534 522 526 
589 533 486 510 
589 509 504 528 
550 504 501 501 
548 531 485 492 
540 528 523 516 
542 523 513 516 
570 539 494 515 
540 501 477 501 
583 498 505 498 
568 530 501 504 
541 505 508 532 
566 539 519 539 
570 526 515 537 
583 521 500 504 
576 495 498 507 
560 540 517 538 
543 491 476 539 
569 510 509 521 
592 522 498 528 
585 498 484 521 
582 528 521 540 
594 537 519 542 
554 517 482 497 
578 506 502 492 
544 503 509 540 
551 498 523 534 
557 527 485 540 
591 536 497 533 
594 528 495 503 
575 507 494 540 
557 504 475 533 
592 542 503 541 
545 533 499 500 
555 523 497 516 
571 501 517 509 
540 501 485 530 
562 525 475 500 
552 501 511 531 
577 515 494 499 
573 512 502 523 
559 529 478 515 
593 541 497 506 
540 530 477 521 
584 531 484 541 
557 525 486 494 
579 516 517 514 
547 511 492 529 
573 519 491 499 
540 499 514 518 
590 537 501 514 
541 500 487 502 
563 537 492 505 
588 536 488 541 
565 527 518 504 
571 508 507 493 
558 538 475 495 
556 506 510 536 
552 529 494 511 
589 508 503 521 
570 511 520 536 
552 521 478 537 
559 541 482 535 
579 529 512 509 
577 527 517 506 
558 515 506 536 
572 513 478 541 
585 500 517 538 
553 528 487 506 
569 498 489 523 
581 493 490 505 
557 496 519 531 
592 524 495 541 
552 496 477 532 
541 517 510 510 
543 531 507 505 
544 538 524 514 
587 493 488 533 
564 501 480 534 
544 493 524 509 
593 494 493 528 
543 527 484 526 
545 494 511 496 
588 506 487 519 
546 522 523 519 
555 532 481 539 
580 510 504 504 
581 505 508 535 
593 538 510 511 
591 535 475 514 
587 532 514 491 
558 542 508 517 
588 494 488 500 
587 495 507 508 
558 494 524 518 
589 521 489 541 
580 528 504 503 
