20 3 20
11 50
850 85 77 75 77 85 96 112 130 149 169 187 203 214 222 225 222 214 203 187 169 
850 113 103 100 103 113 129 149 174 199 225 249 270 286 296 300 296 286 270 250 225 
100000 5669 5170 5000 5170 5669 6464 7499 8705 9999 11294 12499 13535 14330 14829 15000 14829 14330 13535 12500 11294 
1433 1482 1499 1482 1433 1353 1250 1129 1000 870 750 
655 469 616 406 416 604 618 684 911 
625 587 585 588 495 529 542 637 841 
746 583 493 473 517 505 530 883 904 
754 647 546 412 459 607 622 829 1025 
640 624 532 560 536 601 519 721 772 
545 660 434 422 567 481 740 745 760 
674 611 420 531 432 617 536 788 873 
664 635 577 489 429 573 588 850 1030 
526 549 419 503 585 673 680 603 845 
766 475 564 501 475 579 621 607 749 
729 460 434 444 429 623 742 626 755 
710 677 522 405 611 465 556 640 861 
676 498 525 482 429 634 614 663 721 
680 533 423 535 458 498 617 620 961 
644 525 607 576 604 619 586 609 814 
771 643 617 531 422 455 581 614 990 
558 610 491 564 492 522 612 691 953 
606 558 578 541 580 642 726 643 864 
658 517 490 505 475 495 698 833 959 
638 462 576 577 586 650 727 705 887 
579 605 477 560 425 625 701 818 816 
550 570 564 548 602 614 545 869 1034 
720 609 418 422 506 557 601 812 751 
741 566 423 480 587 462 594 664 746 
663 544 595 426 599 620 592 764 718 
752 666 497 406 525 459 666 687 796 
671 497 430 422 472 543 628 897 858 
677 628 614 496 601 522 755 823 843 
742 642 469 541 524 667 672 847 892 
679 583 602 417 478 657 599 634 810 
527 646 442 593 482 515 519 807 992 
680 541 558 586 511 539 739 869 910 
694 496 599 498 593 646 605 815 722 
757 656 609 566 598 577 676 657 703 
682 603 607 537 495 641 526 849 1010 
683 480 510 592 547 481 659 866 1042 
755 462 533 597 419 587 770 801 775 
666 514 426 451 600 646 545 696 834 
657 674 530 425 614 622 614 760 906 
556 582 545 493 496 519 581 866 935 
723 559 492 507 596 534 519 755 729 
542 519 499 504 513 467 651 714 738 
591 469 422 428 474 554 729 838 825 
577 482 567 440 567 531 634 653 722 
774 552 604 456 527 633 547 852 871 
730 466 596 596 426 647 614 780 907 
740 636 574 415 451 566 567 606 977 
534 614 445 457 468 528 576 748 912 
664 660 483 423 580 572 772 733 1030 
755 569 596 424 506 559 645 729 784 
