5 3 20
2 50
850 130 149 169 187 203 
850 174 199 225 249 270 
100000 8705 9999 11294 12499 13535 
1129 1000 
959 630 883 
590 1136 891 
362 1156 816 
1022 989 606 
917 742 606 
538 909 324 
1099 414 904 
1244 355 1032 
1266 906 1009 
945 510 667 
574 948 375 
923 503 439 
999 461 990 
377 414 884 
595 1062 960 
1176 534 279 
381 432 855 
810 1172 839 
1231 484 898 
803 1194 436 
390 1030 339 
607 958 347 
577 626 557 
1379 838 839 
502 746 278 
951 667 450 
1243 997 967 
1319 973 799 
465 427 690 
681 1171 913 
724 324 988 
634 377 742 
739 903 807 
987 1192 770 
840 643 821 
1006 424 547 
981 1159 796 
1193 1124 570 
868 405 519 
938 626 718 
663 905 642 
800 555 739 
1171 946 429 
918 706 599 
1196 1049 569 
520 1108 910 
792 690 756 
591 810 634 
1107 529 802 
762 577 852 
