10 3 20
6 50
850 130 112 96 85 77 75 77 85 96 112 
850 174 150 129 113 103 100 103 113 129 149 
100000 8705 7500 6464 5669 5170 5000 5170 5669 6464 7499 
1129 1249 1353 1433 1482 1499 
1621 1591 1510 1395 
1647 1167 1373 1447 
1579 1180 1408 1410 
1774 1362 1550 1497 
1640 1507 1603 1157 
1394 1179 1469 1133 
1775 1312 1392 1453 
1634 1692 1482 1463 
1299 1148 1619 1262 
1546 1324 1541 1146 
1349 1381 1163 1426 
1429 1683 1437 1219 
1350 1537 1483 1086 
1340 1575 1519 1109 
1336 1593 1339 1286 
1299 1555 1179 1333 
1238 1183 1205 1272 
1430 1235 1599 1393 
1277 1322 1102 1474 
1429 1397 1389 1344 
1695 1171 1623 1172 
1738 1160 1370 1064 
1223 1337 1101 1358 
1681 1667 1155 1200 
1405 1646 1359 1279 
1674 1393 1094 1313 
1362 1431 1497 1168 
1217 1405 1426 1196 
1376 1174 1348 1168 
1545 1670 1374 1397 
1651 1501 1619 1434 
1693 1595 1422 1412 
1603 1250 1259 1432 
1594 1343 1185 1077 
1439 1474 1253 1421 
1549 1658 1548 1146 
1295 1647 1316 1121 
1625 1603 1327 1053 
1479 1235 1384 1073 
1566 1674 1430 1361 
1465 1485 1421 1179 
1229 1398 1384 1404 
1768 1701 1152 1442 
1535 1160 1199 1112 
1597 1457 1357 1379 
1193 1372 1546 1024 
1775 1314 1304 1133 
1660 1293 1156 1490 
1646 1459 1532 1264 
1344 1498 1191 1060 
