10 11 20
4 100
170 85 77 75 77 85 96 112 130 149 169 
170 113 103 100 103 113 129 149 174 199 225 
170 141 129 125 129 141 161 187 217 249 282 
170 170 155 150 155 170 193 224 261 299 338 
170 198 180 175 180 198 226 262 304 349 395 
170 226 206 200 206 226 258 299 348 399 451 
170 255 232 225 232 255 290 337 391 449 508 
170 283 258 250 258 283 323 374 435 499 564 
170 311 284 275 284 311 355 412 478 549 621 
170 340 310 300 310 340 387 449 522 599 677 
100000 5669 5170 5000 5170 5669 6464 7499 8705 9999 11294 
1433 1482 1499 1482 
1432 1374 1235 1147 1012 857 
1480 1340 1308 1179 1047 886 
1479 1317 1191 1117 958 833 
1384 1335 1310 1096 992 845 
1477 1406 1201 1096 1014 878 
1386 1290 1260 1099 1031 884 
1414 1297 1209 1105 1047 909 
1388 1375 1194 1148 985 880 
1466 1372 1269 1083 1023 856 
1417 1385 1219 1123 952 829 
1455 1393 1293 1095 984 875 
1469 1413 1291 1175 1008 912 
1427 1377 1266 1154 1033 837 
1451 1411 1213 1114 1028 879 
1375 1381 1233 1090 981 845 
1376 1414 1255 1176 967 850 
1493 1413 1308 1178 1003 912 
1408 1347 1223 1110 997 833 
1400 1420 1236 1128 1032 831 
1487 1375 1255 1151 1040 874 
1436 1335 1260 1076 1034 834 
1429 1418 1287 1150 985 891 
1483 1411 1219 1174 1015 833 
1502 1373 1228 1092 1027 884 
1394 1351 1231 1157 985 843 
1382 1313 1280 1077 1028 832 
1494 1409 1272 1108 1030 831 
1484 1316 1312 1169 1031 889 
1375 1288 1254 1082 1031 913 
1431 1288 1242 1118 1022 834 
1457 1355 1293 1145 969 857 
1378 1361 1191 1127 980 867 
1377 1321 1256 1179 954 856 
1368 1355 1250 1103 1009 893 
1413 1321 1295 1115 1028 872 
1446 1362 1246 1126 984 877 
1422 1336 1199 1157 972 856 
1428 1400 1217 1131 1009 842 
1486 1340 1262 1090 960 905 
1462 1388 1247 1103 1030 891 
1500 1355 1272 1169 1009 856 
1442 1419 1230 1091 981 876 
1419 1352 1296 1081 955 913 
1395 1411 1219 1137 1019 886 
1427 1411 1252 1173 998 892 
1478 1335 1189 1078 1027 853 
1460 1401 1193 1074 968 892 
1429 1380 1230 1121 1032 828 
1468 1395 1289 1175 1027 896 
1383 1336 1250 1114 1028 885 
1442 1412 1311 1151 981 891 
1469 1420 1223 1098 1040 832 
1439 1299 1232 1130 1012 835 
1391 1384 1297 1081 1026 876 
1484 1359 1237 1155 997 843 
1408 1332 1279 1130 952 863 
1442 1308 1265 1154 1024 838 
1484 1384 1231 1093 1035 835 
1462 1410 1252 1128 983 902 
1451 1293 1286 1153 994 868 
1503 1329 1197 1171 1036 880 
1389 1342 1293 1174 994 827 
1397 1384 1213 1168 1037 906 
1495 1327 1296 1161 1034 898 
1411 1317 1189 1101 1019 887 
1489 1358 1312 1151 956 909 
1455 1406 1236 1165 1006 866 
1418 1295 1295 1142 1035 866 
1468 1312 1271 1146 974 831 
1482 1343 1251 1092 1016 891 
1439 1331 1304 1079 1028 841 
1419 1415 1270 1120 958 908 
1427 1331 1281 1172 995 905 
1405 1394 1302 1173 973 862 
1476 1360 1287 1103 1024 884 
1414 1401 1204 1180 987 864 
1501 1365 1226 1074 979 894 
1409 1332 1268 1185 1035 836 
1472 1300 1268 1117 1019 897 
1485 1360 1233 1137 1006 870 
1405 1375 1192 1141 963 855 
1446 1316 1258 1161 957 911 
1472 1417 1287 1163 1005 903 
1384 1305 1236 1105 1005 906 
1467 1391 1303 1160 1010 904 
1449 1352 1289 1082 1018 893 
1366 1385 1259 1103 1037 873 
1376 1336 1211 1131 1024 853 
1499 1335 1215 1084 1022 906 
1406 1325 1191 1135 1036 869 
1362 1383 1309 1169 972 897 
1417 1391 1209 1172 1039 877 
1441 1364 1299 1128 997 859 
1362 1291 1188 1169 1018 896 
1365 1414 1286 1147 1042 903 
1391 1397 1303 1160 980 861 
1480 1380 1230 1169 1024 912 
1462 1340 1266 1146 952 855 
1418 1419 1191 1124 965 884 
1399 1392 1241 1165 994 859 
