50 2 20
16 10
1700 75 77 85 96 112 130 149 169 187 203 214 222 225 222 214 203 187 169 150 130 112 96 85 77 75 77 85 96 112 130 149 169 187 203 214 222 225 222 214 203 187 169 150 130 112 96 85 77 75 77 
100000 5000 5170 5669 6464 7499 8705 9999 11294 12499 13535 14330 14829 15000 14829 14330 13535 12500 11294 10000 8705 7500 6464 5669 5170 5000 5170 5669 6464 7499 8705 9999 11294 12499 13535 14330 14829 15000 14829 14330 13535 12500 11294 10000 8705 7500 6464 5669 5170 5000 5170 
1499 1482 1433 1353 1250 1129 1000 870 750 646 566 517 500 517 566 646 
611 814 951 948 1466 1294 1602 1641 1354 1291 1671 1461 1191 1190 909 964 830 675 479 478 530 453 534 691 679 832 910 1115 1460 1241 1189 1345 1694 1766 
869 1027 1175 1044 1195 1289 1582 1778 1432 1610 1337 1564 1425 1345 945 710 786 560 627 501 419 542 565 736 722 979 1192 1334 1119 1259 1184 1701 1680 1345 
814 830 855 1239 1204 1187 1320 1598 1505 1261 1448 1507 1246 1293 1178 888 705 539 460 529 406 528 505 711 672 710 815 1233 1236 1427 1691 1303 1557 1405 
748 776 1135 1175 1450 1449 1457 1300 1500 1385 1417 1559 1222 969 839 996 855 555 596 418 593 490 498 729 724 844 1189 1016 1094 1607 1503 1704 1432 1661 
872 836 953 1262 1393 1505 1399 1405 1704 1325 1397 1482 1205 1027 1091 923 676 543 635 590 412 499 628 761 812 706 928 1314 1282 1272 1271 1196 1615 1260 
878 791 925 1097 1246 1200 1346 1430 1330 1303 1385 1461 1145 1323 833 1042 870 639 625 574 595 499 464 678 638 851 1163 945 1425 1097 1423 1562 1606 1443 
872 877 903 1266 1486 1213 1173 1481 1776 1397 1512 1312 1263 1010 956 901 883 700 541 529 513 422 532 539 856 779 1047 1166 1397 1160 1572 1594 1252 1347 
845 922 1162 1308 1076 1460 1492 1365 1404 1295 1261 1469 1183 1206 1193 996 839 697 470 543 540 505 528 717 697 702 942 998 1102 1378 1187 1635 1630 1701 
766 1008 1093 1334 1315 1321 1396 1685 1770 1576 1657 1227 1480 1230 999 952 776 534 649 460 594 521 509 586 636 951 846 1178 1404 1563 1702 1284 1531 1244 
887 876 816 1139 1214 1423 1623 1563 1201 1204 1539 1421 1117 984 937 835 748 574 485 444 423 591 511 764 747 894 1185 1092 1029 1538 1573 1608 1774 1619 
