5 2 20
4 100
1700 75 77 85 96 112 
100000 5000 5170 5669 6464 7499 
1499 1482 1433 1353 
1342 
1936 
1240 
1596 
1897 
1632 
526 
1240 
1076 
1893 
1448 
566 
709 
1493 
1637 
1565 
1923 
510 
1741 
1896 
1669 
1548 
819 
1025 
1874 
1605 
1795 
1673 
1156 
1732 
1051 
1839 
1319 
861 
1499 
1913 
1576 
958 
690 
1148 
697 
1878 
806 
500 
1047 
1071 
1107 
1110 
1708 
531 
1652 
1936 
1641 
1617 
1389 
807 
1591 
649 
1430 
908 
1690 
1920 
1093 
1469 
1458 
997 
535 
1664 
656 
1479 
569 
1002 
1697 
1576 
1466 
1202 
1563 
1670 
1850 
1839 
935 
734 
992 
771 
1991 
1262 
1093 
597 
1564 
1091 
879 
689 
631 
754 
1091 
1542 
823 
1774 
1186 
966 
