50 3 20
26 50
850 112 96 85 77 75 77 85 96 112 130 149 169 187 203 214 222 225 222 214 203 187 169 150 130 112 96 85 77 75 77 85 96 112 130 149 169 187 203 214 222 225 222 214 203 187 169 150 130 112 96 
850 150 129 113 103 100 103 113 129 149 174 199 225 249 270 286 296 300 296 286 270 250 225 200 174 150 129 113 103 100 103 113 129 149 174 199 225 249 270 286 296 300 296 286 270 250 225 200 174 150 129 
100000 7500 6464 5669 5170 5000 5170 5669 6464 7499 8705 9999 11294 12499 13535 14330 14829 15000 14829 14330 13535 12500 11294 10000 8705 7500 6464 5669 5170 5000 5170 5669 6464 7499 8705 9999 11294 12499 13535 14330 14829 15000 14829 14330 13535 12500 11294 10000 8705 7500 6464 
1249 1353 1433 1482 1499 1482 1433 1353 1250 1129 1000 870 750 646 566 517 500 517 566 646 749 870 999 1129 1249 1353 
1494 1484 1456 1477 1369 1361 1270 1143 1046 880 722 644 571 534 515 516 562 615 775 884 972 1145 1208 1340 
1388 1413 1500 1533 1477 1379 1295 1172 1038 845 718 657 568 494 519 502 579 661 775 865 998 1109 1280 1377 
1480 1457 1426 1519 1478 1350 1225 1144 1044 857 715 615 592 538 487 518 563 646 717 912 989 1095 1276 1380 
1481 1497 1551 1539 1489 1366 1240 1093 1000 836 786 660 587 526 482 504 592 653 761 847 978 1151 1252 1414 
1399 1430 1513 1538 1501 1396 1219 1115 967 858 747 651 548 505 514 542 554 654 767 862 1007 1113 1206 1378 
1466 1551 1531 1424 1452 1334 1237 1158 983 904 723 650 561 504 489 530 592 621 722 830 1006 1121 1229 1326 
1405 1422 1473 1465 1363 1296 1231 1133 969 868 762 616 574 528 485 528 539 643 740 911 1014 1110 1204 1366 
1465 1552 1474 1483 1379 1368 1212 1130 962 890 780 674 543 536 494 524 570 629 717 833 1029 1077 1296 1407 
1503 1486 1566 1516 1438 1326 1279 1164 989 910 762 672 582 534 479 504 571 659 767 831 1003 1103 1249 1295 
1419 1447 1512 1417 1421 1298 1295 1129 979 891 762 627 581 538 505 521 549 619 775 906 974 1138 1222 1338 
1487 1428 1446 1477 1498 1315 1249 1083 1013 876 782 646 578 495 490 542 555 661 745 868 1030 1115 1299 1326 
1465 1463 1522 1543 1383 1395 1273 1182 1007 839 756 652 583 500 514 502 567 621 785 882 1017 1153 1295 1291 
1464 1420 1461 1457 1367 1335 1223 1137 1041 891 784 678 592 539 514 506 570 664 755 881 979 1078 1240 1306 
1452 1535 1516 1474 1387 1301 1293 1136 1013 857 723 633 576 492 480 502 540 622 768 913 1041 1167 1272 1401 
1371 1425 1538 1469 1449 1315 1309 1167 1046 886 779 651 592 539 481 525 564 617 737 880 1024 1184 1218 1324 
1462 1473 1440 1474 1386 1405 1191 1115 1018 838 774 649 579 519 507 512 583 645 781 868 1000 1099 1208 1375 
1491 1512 1434 1442 1380 1329 1214 1076 1039 872 725 653 578 538 479 532 557 668 758 858 989 1111 1217 1321 
1465 1426 1559 1440 1400 1367 1192 1086 961 892 764 666 571 521 479 539 589 627 728 866 982 1094 1282 1327 
1398 1431 1427 1538 1406 1338 1204 1182 1027 860 723 656 565 494 495 533 566 654 763 892 1015 1163 1258 1382 
1415 1453 1512 1511 1461 1355 1245 1101 960 827 715 668 593 540 490 509 552 618 717 857 970 1085 1253 1384 
1482 1519 1510 1432 1474 1348 1301 1103 982 876 766 661 557 496 488 503 584 632 769 889 1020 1158 1231 1343 
1477 1544 1444 1493 1417 1383 1217 1080 978 867 787 670 552 518 524 529 542 662 725 887 1007 1145 1287 1299 
1456 1535 1483 1514 1462 1285 1239 1123 996 884 782 634 583 507 524 504 554 622 765 865 960 1120 1223 1352 
1403 1489 1510 1474 1448 1330 1227 1169 982 871 727 660 595 508 488 536 571 677 725 851 954 1165 1286 1414 
1457 1416 1502 1425 1411 1291 1292 1083 953 882 760 649 566 532 507 530 582 618 754 859 995 1174 1219 1341 
1483 1491 1513 1543 1444 1364 1226 1073 1008 870 739 671 581 530 490 508 575 656 727 853 957 1089 1214 1325 
1410 1449 1566 1410 1474 1325 1229 1179 980 913 717 636 579 515 512 517 568 660 730 867 1048 1118 1307 1318 
1483 1442 1448 1513 1377 1414 1192 1089 1020 902 780 659 571 521 477 521 557 672 755 867 1010 1160 1301 1387 
1414 1543 1464 1449 1431 1324 1262 1076 1020 907 751 645 547 504 511 503 588 648 721 846 970 1107 1254 1379 
1457 1533 1447 1534 1393 1324 1216 1102 977 851 761 642 573 499 508 499 572 633 743 836 1012 1140 1248 1377 
1391 1549 1471 1419 1493 1349 1253 1165 988 857 783 665 562 504 510 531 582 676 763 900 1001 1106 1214 1325 
1403 1537 1425 1514 1471 1413 1203 1166 991 892 738 645 585 519 491 529 589 673 728 856 1035 1117 1302 1322 
1471 1423 1538 1416 1393 1337 1292 1109 1036 837 756 626 577 529 476 504 569 649 723 859 1035 1129 1298 1349 
1496 1413 1467 1442 1369 1406 1197 1174 995 892 739 637 571 522 513 509 580 647 754 840 983 1176 1212 1385 
1361 1540 1536 1470 1474 1383 1274 1095 1015 837 756 672 561 511 522 494 562 678 716 896 979 1140 1286 1380 
1462 1478 1481 1545 1430 1401 1213 1105 1000 856 733 677 552 496 518 510 565 653 760 876 957 1078 1305 1335 
1438 1533 1504 1420 1492 1353 1229 1177 1037 860 759 647 582 512 486 497 546 640 783 841 1018 1183 1198 1373 
1385 1535 1433 1424 1382 1343 1188 1147 959 853 753 657 585 536 493 531 578 653 784 889 1016 1178 1191 1380 
1407 1491 1437 1523 1422 1310 1270 1173 1039 845 754 623 567 521 510 542 576 635 784 892 975 1163 1252 1318 
1364 1482 1446 1554 1432 1312 1310 1148 1032 848 718 636 573 542 498 501 546 614 783 827 1040 1082 1213 1370 
1390 1535 1533 1438 1400 1390 1304 1131 1044 855 714 648 562 515 476 537 582 672 745 839 976 1094 1188 1402 
1461 1483 1443 1522 1492 1406 1221 1078 1047 895 779 655 584 532 495 492 595 638 754 849 993 1128 1280 1354 
1447 1541 1537 1425 1390 1417 1228 1121 1025 911 718 626 593 516 486 541 573 678 756 859 1013 1109 1225 1341 
1361 1538 1539 1527 1417 1348 1219 1163 961 877 765 675 545 493 480 524 584 653 778 893 982 1163 1191 1331 
1376 1454 1434 1480 1411 1325 1261 1130 963 829 771 647 595 493 490 507 564 632 719 833 1005 1137 1263 1349 
1464 1504 1535 1513 1378 1319 1214 1102 1024 874 760 660 561 496 516 512 591 615 775 868 1027 1116 1214 1395 
1378 1454 1541 1498 1484 1309 1272 1082 1018 844 780 675 555 527 520 497 549 644 767 875 957 1140 1208 1341 
1399 1409 1465 1479 1378 1297 1303 1101 1042 905 767 638 553 541 514 537 552 641 768 838 1016 1128 1291 1355 
1427 1533 1555 1440 1437 1303 1232 1074 984 832 747 614 552 503 522 534 541 632 713 910 1032 1130 1306 1358 
1402 1470 1535 1502 1485 1345 1224 1097 1038 858 761 653 580 517 511 540 579 633 783 853 970 1114 1237 1419 
