50 2 20
16 100
1700 130 149 169 187 203 214 222 225 222 214 203 187 169 150 130 112 96 85 77 75 77 85 96 112 130 149 169 187 203 214 222 225 222 214 203 187 169 150 130 112 96 85 77 75 77 85 96 112 130 149 
100000 8705 9999 11294 12499 13535 14330 14829 15000 14829 14330 13535 12500 11294 10000 8705 7500 6464 5669 5170 5000 5170 5669 6464 7499 8705 9999 11294 12499 13535 14330 14829 15000 14829 14330 13535 12500 11294 10000 8705 7500 6464 5669 5170 5000 5170 5669 6464 7499 8705 9999 
1129 1000 870 750 646 566 517 500 517 566 646 749 870 999 1129 1249 
1588 949 1154 1575 2186 1426 2059 1580 572 671 680 603 639 638 457 490 581 424 425 859 1362 857 1507 771 941 1546 1609 1718 2193 1255 1449 1502 964 600 
1271 2191 749 1234 1007 1790 577 645 1281 1553 756 927 582 605 264 537 576 646 547 863 1255 1514 1133 1480 1609 1519 2104 1410 1241 1158 769 1102 1268 1169 
1041 1165 1436 2076 1886 944 1325 1855 723 959 543 301 683 696 311 660 275 535 592 826 407 1344 1536 1590 1831 1083 1397 925 1229 1251 725 1062 590 1095 
679 1472 1586 1075 1721 1944 1794 659 1646 469 349 583 845 467 263 737 285 846 547 586 1070 1398 1056 1327 1721 958 1794 2326 1108 2244 1740 512 1757 1448 
689 1031 1912 1263 1794 1697 771 1336 1415 906 506 977 987 787 263 357 290 870 1025 873 594 1208 1212 648 2095 1009 1316 1233 948 1305 1314 1287 615 1109 
1268 1326 949 2379 726 2165 782 1012 606 917 350 1158 974 625 359 625 405 234 500 1168 1183 433 839 1670 1694 1487 932 1447 1406 1814 1610 1928 946 1502 
1119 2011 1053 927 605 1859 1148 1927 913 1415 1070 685 902 903 381 748 542 616 842 1044 1354 860 1010 1429 760 1647 966 1147 2257 1270 662 1727 1631 1316 
1740 2187 942 1784 1711 2241 1740 1857 1718 1507 583 775 598 498 525 491 330 842 654 527 1076 1382 685 820 1363 1787 1308 1232 816 983 846 775 489 883 
1917 1317 1561 1025 1828 1225 1609 1701 1797 860 687 853 670 593 449 360 619 854 813 683 520 889 1248 1930 1721 1489 657 1273 1438 1178 722 1063 868 1332 
1770 1595 1356 1246 1194 1237 2018 1964 1053 1365 996 668 291 575 445 359 570 792 793 498 520 1202 1531 557 1018 1457 1685 1260 1376 1004 776 1610 1631 1577 
1971 1915 2226 1673 2322 684 974 954 1160 1141 704 1045 915 572 454 511 234 572 579 358 1099 758 931 561 878 869 2257 629 849 1799 1286 1141 1407 907 
1859 2195 1299 1956 1007 1501 1679 1294 1728 401 815 488 422 272 359 783 817 873 892 380 1018 916 1234 1332 2142 1009 1145 1379 705 672 996 1861 1670 1038 
1544 1414 1931 668 1187 1181 2115 1114 1534 735 397 432 281 333 821 637 601 587 684 528 1144 574 1061 709 1950 2257 938 764 1836 1781 1406 592 842 475 
869 1286 1167 855 618 619 1734 1955 1677 1030 1235 707 272 495 789 249 479 345 662 676 1031 930 800 1663 1078 2018 1972 811 1537 1990 995 1411 1710 856 
1002 1933 841 1353 1137 2080 1751 588 1640 506 473 785 805 603 606 769 412 697 564 772 494 1107 1699 1565 606 1101 913 1872 1808 1611 943 1609 1203 449 
1961 1853 1987 2288 1486 1781 549 714 1562 812 488 382 616 519 448 275 787 461 566 778 746 641 1461 902 928 899 2029 2169 1380 1245 850 1213 747 1309 
1607 1324 727 1503 2092 1491 713 1378 1329 631 515 805 731 723 213 471 284 265 334 1115 1246 1411 1713 1020 834 1567 1956 1186 2311 1470 1576 1711 1307 401 
1087 1600 1871 646 1376 1668 1971 1541 1775 860 1000 614 896 901 605 778 470 575 314 944 1342 1414 1196 848 1256 1656 1255 1412 716 2006 1574 1399 618 668 
1647 961 1928 1430 1820 1910 732 541 1520 1216 388 930 633 495 632 681 696 511 617 1153 1267 1224 1338 1224 1553 1225 2228 1267 2044 1515 934 1561 1124 1101 
1245 1635 861 2340 1940 1812 819 886 1538 1492 770 1053 390 669 291 392 266 572 535 426 941 590 1329 896 637 1515 1542 1505 1431 1385 1595 1095 933 709 
1445 799 662 2008 1594 1369 1707 1322 963 543 495 320 1001 662 798 786 444 316 497 320 447 1490 1581 631 1146 1377 1578 657 1204 1951 1925 691 1020 981 
662 1651 1431 1536 2132 800 1508 1122 1572 1581 1202 693 726 495 565 528 809 591 518 1162 403 767 634 1679 872 2286 1486 2003 1883 1547 1307 1372 1732 1313 
744 1429 1997 1995 1427 988 1231 1534 1804 1138 433 660 868 645 594 352 487 842 1031 402 1225 578 592 601 1786 844 1035 1514 1771 1129 1679 1680 1087 769 
1359 891 1711 1428 775 1242 1352 1885 1666 667 415 1114 490 787 363 247 464 235 822 828 1294 452 1124 1408 804 1397 877 2316 1231 1260 815 1558 1118 1193 
2037 1047 2364 1367 665 2210 578 1528 1388 801 1392 1190 460 677 532 261 364 553 435 1032 1153 1164 1367 1401 1114 677 2206 1297 1675 1071 1688 648 1013 684 
877 982 700 847 2205 930 807 745 1395 1100 1098 904 267 276 268 527 616 473 559 847 837 1105 1598 1361 1028 1662 2173 1508 1602 2267 1182 854 1551 826 
1703 1876 1406 2038 944 2283 1077 1306 1248 1570 380 487 378 804 677 660 742 717 790 973 835 1325 1079 670 1891 1667 2308 1324 1245 1449 1920 1105 1647 1523 
636 687 1886 1994 2034 2076 1435 921 732 866 907 1019 298 363 474 211 793 896 456 543 651 1477 1774 1724 955 618 687 1745 1183 745 792 1459 1212 649 
2010 1939 615 1877 601 814 1567 628 1231 576 380 1134 296 494 413 675 502 249 757 435 955 421 813 688 1185 1502 1016 1065 2097 1739 1001 524 590 1227 
1817 1013 715 2311 2135 1202 1881 1980 672 767 750 815 568 404 586 419 425 314 743 353 656 1076 1207 1234 1379 1921 2350 1869 615 2084 2021 1155 1730 1380 
1481 2210 2270 2200 690 1880 1969 1685 1580 561 524 366 537 853 341 310 705 637 339 1017 1305 513 563 1515 1079 950 604 1994 842 1190 980 1686 574 672 
1121 2135 1044 1046 1625 2167 1357 1247 628 1010 1016 920 264 745 535 292 782 823 313 578 1207 435 921 1342 2148 1051 2048 818 1517 1724 1967 1556 557 726 
1564 1567 1724 1240 988 2169 940 1153 1249 412 826 660 986 269 497 468 726 522 717 327 578 1501 663 1335 850 1835 1324 669 2255 839 1421 1131 1278 664 
1167 1968 1554 1554 2270 1122 1456 1348 825 1279 1270 768 952 734 364 266 337 880 926 585 524 847 1432 1325 1574 1566 2321 947 1756 1243 1903 1984 635 545 
1714 1014 802 993 840 1225 761 1226 1715 1079 1233 844 703 447 500 316 761 656 382 372 454 719 1608 589 1221 1051 1993 2052 913 647 807 810 1473 1480 
764 1923 786 2078 1803 1392 1154 619 1041 939 629 665 367 362 618 546 659 655 436 1131 1070 822 1029 1568 1815 2113 1868 2189 1862 718 1092 652 1585 717 
1329 1610 1521 1719 996 1922 920 947 499 433 1329 784 438 714 794 537 346 844 836 673 1248 1171 1749 1207 1761 1183 2369 2153 2195 1161 1382 1246 1128 1338 
933 2169 962 1049 1106 1890 1808 813 1222 1441 748 706 529 237 475 766 566 432 500 352 438 1533 1539 1470 868 1853 1622 2304 2292 2149 1518 1637 978 997 
1784 2097 797 704 1723 1104 1671 1907 1287 437 1333 948 576 300 660 298 257 766 583 586 985 752 1094 539 922 722 1282 1588 1412 1045 1322 1286 541 1541 
1671 2251 2280 660 2294 1590 788 1320 728 1598 1324 1031 801 391 328 514 624 356 361 453 1325 517 1056 1661 1395 599 2306 1356 605 1085 2152 1313 1106 1495 
1005 1314 2289 1978 2243 2177 666 1653 456 1382 1349 1082 566 753 229 651 544 566 781 700 883 1440 1195 1295 891 1648 1342 960 853 1612 1186 1786 1040 1472 
964 1419 1661 2345 2325 1507 1895 843 1734 973 501 1116 384 763 357 705 670 665 606 358 455 1483 1188 1498 782 1791 2105 2260 2066 1247 1189 736 1021 1474 
1428 1053 1974 1368 2120 1418 661 1385 1300 557 530 910 911 301 320 420 821 849 494 780 861 1191 1240 1087 772 794 1720 1845 1308 1093 2071 789 1616 794 
1897 776 1893 1312 1870 1988 1733 1249 1355 870 528 796 1014 485 573 682 663 513 894 363 436 1496 1511 1544 768 1476 2170 1954 1136 1773 1115 1140 1764 1491 
1065 705 991 2197 748 2136 1677 1247 842 1316 436 788 586 882 489 291 523 706 1023 330 605 1533 646 884 1374 1045 2298 2070 1589 1828 1297 1533 1434 416 
2017 1582 636 777 2021 841 1285 1527 1057 1366 744 723 1020 846 680 626 571 635 826 330 1298 1409 669 1969 1058 656 1891 1021 738 2181 941 540 526 1385 
1515 1694 2329 814 898 1604 2105 825 543 694 669 727 1032 625 303 536 301 887 389 1048 1318 786 1494 1980 1893 1918 669 1900 1332 1060 2029 1371 1247 1597 
1655 1835 835 839 1485 2149 1871 575 1659 658 1237 447 978 876 295 563 284 478 362 391 1045 782 1205 587 612 1809 2335 1125 1862 2210 1321 1109 1629 1532 
993 1014 2197 850 1802 1420 1615 644 693 1154 462 1120 300 654 485 317 400 539 517 1043 670 1110 785 779 2007 2132 1726 805 1466 2279 2053 921 1459 740 
2117 937 1334 641 621 1736 632 1257 1640 1191 1349 821 475 662 342 730 245 487 424 980 642 1574 953 985 1915 1159 1569 1887 1918 2079 1997 1810 1108 1068 
1377 2184 2053 792 1976 1709 1145 1278 1325 1405 583 866 898 364 275 774 279 748 453 792 1168 501 1085 1998 1033 1222 1755 1411 1159 618 848 1534 693 847 
1207 804 2113 1157 1851 2126 1551 1442 942 1217 688 829 810 644 568 611 655 860 855 365 973 1058 617 1437 1300 1126 2038 759 2010 950 1075 968 1247 518 
571 586 2306 1175 802 604 925 1865 628 1073 410 754 950 509 664 662 308 579 494 790 444 1537 1085 1097 1186 1861 2355 2126 1676 1573 1557 1898 749 1186 
848 1208 730 2255 2128 612 1951 1970 890 1459 395 933 877 426 223 794 590 658 273 911 768 620 875 560 1225 1215 1265 2129 1064 853 1559 1243 999 1298 
810 726 1880 1174 1284 660 1579 635 1485 571 1268 592 753 504 544 537 472 906 638 999 365 808 1412 1527 1702 1658 1866 2240 1709 774 1507 867 1490 549 
1794 1766 1941 1179 787 1544 1323 751 1035 738 861 326 298 336 554 754 464 817 402 631 809 1321 1017 923 1606 2107 2064 1411 1869 1848 2136 1206 1029 1161 
967 1751 2029 2107 1233 673 1127 764 865 948 434 625 551 447 414 644 650 355 396 928 350 405 767 1121 624 1900 1831 986 1720 1283 1481 835 1003 853 
1801 1488 1077 2285 685 1627 562 1458 1189 624 933 1114 935 415 652 326 481 669 804 1058 413 854 916 1549 1230 1835 1057 749 1635 807 2027 1967 484 842 
1863 1894 1223 2024 1959 2061 1055 1631 1141 664 472 1151 668 351 661 732 502 692 437 553 1357 634 1486 1195 740 1355 1082 1754 1888 1280 1406 737 855 838 
1495 1439 2268 1987 1027 1043 1093 1498 1314 1379 1076 484 653 749 822 357 385 371 569 810 918 1194 716 1019 2070 1609 605 2298 1034 1962 1769 1071 1182 564 
743 1147 846 690 2179 1400 1281 1318 1798 1256 563 973 757 330 368 713 421 542 700 910 531 903 926 1215 755 893 750 1169 2265 1112 1297 1506 622 1451 
1834 1401 1869 1951 726 1242 1205 1237 755 845 911 997 751 558 655 728 581 880 629 461 1114 776 1402 641 2066 1910 1158 1506 758 1742 2123 595 1749 471 
691 1264 1413 949 858 1719 2056 919 1141 870 740 1180 776 332 445 226 354 891 875 983 903 1559 1336 1067 669 809 1686 1197 2223 2131 1105 1056 465 647 
624 1262 1735 1875 1787 928 704 668 1681 1351 907 1170 738 611 395 202 643 260 770 699 405 880 627 865 1667 1240 1335 1961 1762 735 836 1666 1469 454 
1404 1315 1920 2363 1624 2095 750 1986 1675 810 1372 522 452 429 268 210 417 576 983 496 448 1233 1076 804 804 1109 1562 605 659 1563 2055 1633 1376 1593 
1246 1470 2250 1511 1315 957 1455 1475 606 1493 729 964 328 286 234 504 240 431 508 487 889 1271 523 1420 1578 2230 1885 2225 1374 1869 829 1846 1780 1416 
1938 1629 1612 1924 1533 1611 1564 1206 1343 461 612 552 621 291 295 325 747 460 983 750 570 454 1176 1906 731 2130 1629 2142 1158 2272 1512 597 1520 1228 
2058 1207 646 1064 788 2180 1930 1705 1310 650 889 567 955 635 533 502 359 677 1019 601 1181 1574 1529 1359 771 1388 1703 1416 1429 1225 1934 591 805 1066 
1382 598 775 1325 1311 1274 1754 617 895 967 1379 501 869 866 492 765 776 605 1005 512 418 1287 948 1414 1897 1996 1921 753 2243 2114 1831 982 1346 1139 
748 696 1425 813 1616 1761 935 990 511 1507 1260 966 299 678 703 274 536 873 1000 374 1366 1432 1683 1981 1431 1560 1619 975 1028 1071 1103 727 1361 674 
2053 636 1608 1393 2072 2136 1637 1452 1431 1409 1359 970 745 768 812 474 335 311 375 676 370 583 1757 994 709 2045 1999 1812 1802 661 848 884 987 525 
1604 1114 2158 1700 1395 1245 2154 534 1289 1235 988 911 830 354 379 336 548 272 699 1099 399 1516 1161 1309 668 1058 2350 763 782 1660 838 662 743 1475 
1177 864 2222 1168 700 2132 1979 1436 710 661 579 897 532 636 392 311 308 295 904 342 947 1364 755 1275 1860 1242 2045 2266 1184 1742 723 1038 1252 1195 
1481 1653 624 2328 805 964 566 805 1548 1003 693 571 1025 735 604 226 397 529 805 332 1197 848 1694 1112 1646 1949 1666 1126 1786 1387 2035 1274 1697 1167 
1645 1420 840 2036 2297 1898 1914 1123 1572 664 1057 586 297 439 478 790 264 546 955 698 643 1546 492 521 1307 1029 1817 1685 663 1427 1166 1635 1234 1190 
919 957 787 1316 1741 927 832 649 1673 469 1039 1060 379 646 595 308 208 843 342 462 519 901 634 1639 1235 1782 2068 1886 1293 1398 2104 1184 665 1579 
1805 2132 1471 1990 1383 1471 1603 1579 1761 1508 727 651 969 286 278 525 712 619 531 1161 878 1337 1294 988 1170 1648 1180 1322 2022 1823 765 726 1120 955 
1584 757 1295 2250 1312 1693 1629 766 1712 933 653 1159 800 718 230 789 721 683 430 460 844 1136 493 540 1432 932 1996 879 2138 1253 542 1364 876 754 
1392 1525 751 2028 1838 1563 1668 520 1538 867 1058 668 750 621 705 615 598 666 767 575 657 474 955 1525 1070 1040 1503 2359 1068 745 1672 1275 511 1058 
724 1745 951 1378 1416 1304 883 1763 1069 595 1057 1103 605 393 707 632 395 726 985 495 444 1239 1183 1171 1676 1867 1440 1016 2284 650 1978 1789 925 933 
1415 1271 614 781 600 1619 1991 701 1082 1347 1294 887 675 758 223 695 782 445 1011 504 636 1480 1171 753 591 1451 954 1043 1831 1071 772 1706 849 996 
684 1530 1279 2085 1171 692 1363 1227 845 791 696 348 960 292 492 529 352 448 333 920 951 724 1201 1734 1437 1574 2097 1472 1130 705 977 579 998 881 
994 1391 1584 1155 1541 1490 1648 1661 1021 1127 848 894 991 510 258 292 383 716 937 924 1271 875 533 1409 1222 2180 786 910 1453 1882 1581 1006 891 863 
1938 1922 1473 2105 822 1602 1751 1025 1491 670 361 1008 789 880 728 643 784 680 321 1022 1145 1560 754 1960 1045 1596 908 1780 1394 852 1974 837 1774 429 
1452 1669 1751 1488 2323 643 947 638 1143 1435 527 379 633 457 654 209 470 877 773 665 1164 1334 622 1162 1853 766 1399 1978 649 1444 725 725 612 1028 
922 1000 1456 1100 2161 837 1362 790 1332 1570 1028 1158 792 334 461 272 661 743 520 634 599 883 522 1779 927 800 1608 1657 2286 2077 1799 1140 1585 1294 
1169 1441 737 2218 1099 1728 853 729 1131 1437 1128 394 844 835 771 774 735 646 886 988 1188 1528 941 1008 564 1724 1727 1513 1221 1642 1158 1942 1125 409 
1740 1277 1219 1559 2088 995 2019 787 827 954 757 505 340 241 210 333 490 502 398 1004 713 1070 1262 1694 1819 2206 2190 1911 1943 2234 1120 1877 738 833 
1241 1187 1669 2347 1431 2126 752 1140 1093 892 552 362 412 732 377 678 523 317 799 350 637 1428 1109 1547 1632 1791 2078 2262 991 934 1074 533 1079 482 
1297 818 1479 2055 1703 1937 1146 615 490 775 919 816 899 231 422 250 746 356 819 825 645 1410 663 1802 1255 729 728 1862 1274 1014 1533 1901 951 1198 
578 1541 1567 2306 1802 926 1219 581 1656 1544 493 923 617 280 391 448 409 602 420 358 400 1430 955 1728 1531 666 843 1538 1042 1544 920 1309 1531 1196 
797 2070 954 812 855 1766 1807 1951 1417 532 1229 1107 554 413 330 309 671 664 470 905 766 1065 774 1660 1896 2062 2348 2247 2271 2050 1008 1177 693 562 
2120 1399 2321 1899 1470 1506 1376 659 1397 1200 863 670 389 728 741 469 804 668 461 1051 448 651 676 1903 1565 1062 1222 2058 1812 767 1849 1864 768 763 
1532 1820 631 1410 2339 781 1276 1787 1766 1072 1167 592 1018 869 501 480 618 426 286 799 668 1561 750 971 1006 1733 2187 1816 1838 2215 1276 1906 1473 859 
667 1098 624 943 1934 1065 735 1321 871 1474 1390 472 556 332 378 593 596 803 952 1015 359 1590 1176 1741 1427 597 2363 1729 1150 714 642 1201 575 1080 
2161 2196 1418 793 982 1080 1730 864 833 1407 854 371 839 732 308 779 231 799 626 881 1244 1283 1778 1765 1011 2078 1872 1998 881 2030 885 1305 1486 1122 
1624 1991 1503 2073 1935 585 1624 702 1520 1544 1067 720 762 659 403 276 395 873 1023 1167 618 1270 1337 861 1826 1273 1750 1467 1140 1195 1559 1973 1351 739 
884 963 2016 1804 1406 2151 1397 1751 1371 1405 1198 683 858 408 461 753 589 339 388 356 1001 1434 1632 1551 690 1305 2309 657 1247 1422 2124 1508 1131 1267 
556 1529 1347 1718 861 780 976 1933 590 1296 1312 717 975 854 464 255 334 297 421 720 889 1275 480 1742 1334 1227 1010 852 1196 1474 1406 1405 781 1403 
1855 1041 1176 1604 2328 598 1645 1782 1467 1026 548 891 274 626 574 763 755 486 653 1118 1330 1515 1675 627 2076 1467 1864 1888 1348 1018 671 1286 886 990 
