5 11 20
2 50
170 112 96 85 77 75 
170 150 129 113 103 100 
170 187 161 141 129 125 
170 225 193 170 155 150 
170 262 226 198 180 175 
170 300 258 226 206 200 
170 337 290 255 232 225 
170 375 323 283 258 250 
170 412 355 311 284 275 
170 450 387 340 310 300 
100000 7500 6464 5669 5170 5000 
1249 1353 
1375 1478 1527 
1470 1522 1484 
1491 1500 1557 
1377 1446 1454 
1390 1453 1452 
1491 1486 1574 
1501 1456 1492 
1363 1520 1571 
1396 1459 1520 
1456 1471 1470 
1455 1516 1457 
1488 1441 1489 
1481 1551 1534 
1369 1491 1554 
1391 1526 1488 
1381 1490 1427 
1474 1520 1450 
1365 1477 1520 
1466 1542 1507 
1499 1520 1499 
1479 1545 1520 
1390 1528 1481 
1372 1494 1463 
1390 1464 1487 
1409 1522 1494 
1417 1424 1456 
1406 1523 1522 
1372 1490 1493 
1424 1552 1549 
1471 1449 1519 
1480 1437 1493 
1416 1485 1522 
1417 1426 1493 
1407 1467 1536 
1468 1516 1556 
1438 1488 1439 
1457 1415 1512 
1443 1509 1428 
1469 1478 1506 
1395 1424 1437 
1452 1474 1473 
1377 1411 1477 
1375 1475 1514 
1362 1469 1462 
1393 1471 1439 
1501 1549 1522 
1481 1481 1441 
1420 1530 1540 
1438 1458 1461 
1418 1490 1558 
