20 6 20
7 100
340 150 130 112 96 85 77 75 77 85 96 112 130 149 169 187 203 214 222 225 222 
340 200 174 150 129 113 103 100 103 113 129 149 174 199 225 249 270 286 296 300 296 
340 250 217 187 161 141 129 125 129 141 161 187 217 249 282 312 338 358 370 375 370 
340 300 261 225 193 170 155 150 155 170 193 224 261 299 338 374 406 429 444 450 444 
340 350 304 262 226 198 180 175 180 198 226 262 304 349 395 437 473 501 519 525 519 
100000 10000 8705 7500 6464 5669 5170 5000 5170 5669 6464 7499 8705 9999 11294 12499 13535 14330 14829 15000 14829 
1000 1129 1249 1353 1433 1482 1499 
1872 1780 2128 1316 1760 1523 362 504 640 735 228 741 783 
616 1604 1891 760 1131 1054 927 1140 713 728 224 317 356 
2281 1171 2056 940 1779 1322 1286 660 723 403 741 632 460 
1103 797 1755 823 528 1208 633 319 992 728 795 321 402 
1047 1300 2154 1175 1690 1001 1237 1045 432 450 711 463 473 
656 1286 1160 1396 1578 755 812 968 265 264 767 397 720 
1432 983 2123 1631 1360 1599 1112 310 523 596 681 753 572 
2096 1901 543 1281 616 409 643 436 622 386 722 647 358 
1398 2147 786 1107 1486 1387 621 773 401 744 308 630 694 
2078 724 778 1970 1210 1295 772 572 940 328 473 525 305 
1498 882 1441 682 849 1386 974 476 310 644 556 349 312 
984 2100 798 1795 1361 1071 575 302 796 233 712 720 586 
1060 1217 889 1356 672 429 507 537 303 874 794 744 667 
2237 1153 1643 554 1725 938 684 1042 631 853 305 746 411 
1176 936 1391 1146 1095 1190 1200 968 799 461 342 550 651 
1597 2233 1212 774 1571 1191 884 718 911 365 561 687 473 
2287 1611 1284 1353 1023 624 1155 589 574 564 240 700 732 
740 659 780 912 1655 1370 367 493 600 869 513 409 656 
2233 1327 1858 1502 1058 1281 815 973 693 489 446 586 526 
1017 1893 1257 590 1160 1548 701 475 1006 307 409 799 614 
1416 1973 1586 1136 484 1191 501 1109 504 630 213 213 643 
1444 1066 849 1736 996 643 1153 1136 290 852 330 480 390 
1517 1225 1767 1456 1578 1125 437 440 384 717 282 660 548 
1920 2129 1441 1436 1360 805 1081 897 762 545 210 771 404 
1371 1289 579 1149 1020 1104 1270 809 574 839 712 248 316 
2252 2036 676 938 1587 1010 971 725 728 826 611 308 623 
1814 1488 1797 1767 924 1457 403 325 829 832 560 611 586 
1120 1461 1413 1143 989 1060 822 776 882 505 210 421 306 
1728 1677 1911 1298 837 1576 679 926 965 328 482 226 676 
1809 1236 1070 1095 1682 1002 1320 969 504 309 801 643 749 
1455 1897 1457 1622 1057 692 1119 664 290 548 777 542 509 
761 1904 2162 1641 1800 1301 903 546 718 292 466 690 471 
2320 1174 1044 900 1795 630 843 714 308 831 222 646 720 
1442 1382 908 1361 1431 522 1156 1174 497 424 521 471 248 
1783 1666 1488 832 847 803 654 381 552 849 380 349 654 
2285 1327 1502 1037 1335 1218 647 842 366 877 246 216 749 
2076 2025 1342 1931 1127 554 1191 744 638 340 285 681 225 
1196 1748 1498 933 1439 1507 1296 690 544 679 240 675 271 
1253 838 2155 1350 593 1155 772 491 488 430 670 737 761 
1125 866 2081 1990 1214 1259 594 791 313 518 307 344 574 
620 694 766 697 956 452 538 1025 902 596 293 421 490 
2134 741 705 906 1664 526 638 925 336 247 796 263 373 
1054 978 1879 1880 864 1433 732 1105 984 332 424 239 771 
989 2000 1600 1861 1147 964 449 986 655 475 823 549 672 
2110 583 1916 1833 688 719 434 346 505 377 341 297 761 
1277 891 1342 1067 1771 1475 480 819 952 332 565 590 234 
1710 1049 1421 1109 1048 557 508 1099 660 839 276 441 359 
1625 1393 743 1320 1182 660 788 1184 728 785 462 771 724 
2143 1633 1508 758 1697 1230 864 962 671 695 676 756 717 
2046 1589 695 996 716 1535 1369 821 673 452 596 305 353 
1294 654 1788 1804 937 707 1114 756 965 906 776 718 601 
2058 1065 1743 1375 1453 1371 1081 372 399 539 520 410 513 
1712 915 666 1486 1576 877 821 719 275 691 742 736 456 
1660 1866 1929 513 765 1350 416 1175 883 865 369 665 392 
1426 1363 1105 1304 1260 968 706 938 847 535 490 695 307 
1668 760 586 1526 1601 805 630 965 746 409 397 304 568 
2335 1383 1852 930 595 650 1086 1041 305 797 694 411 306 
1484 1987 1245 1334 1503 990 659 544 976 572 708 328 355 
1415 1102 1347 1170 1074 507 1300 902 372 698 767 724 341 
1948 2095 1034 1988 1350 686 1239 461 730 798 736 430 501 
1430 988 1337 586 1707 1085 845 1171 419 807 700 737 575 
1796 2089 1288 1981 1239 1465 719 594 388 402 224 471 757 
970 1576 940 509 1465 592 752 916 454 551 572 604 398 
1982 1667 1469 1698 1674 486 462 1114 767 838 492 247 381 
785 590 1504 751 991 1087 1152 802 975 582 492 481 467 
2029 2103 1416 1305 858 944 360 964 637 603 582 564 784 
734 1337 1997 1231 1284 1369 526 979 1016 834 446 630 313 
1171 1000 606 1050 1284 1226 353 1165 497 443 544 425 219 
921 1152 1538 642 1373 939 593 375 1000 552 698 678 626 
1785 1188 722 1178 1774 649 630 1027 673 419 764 216 528 
1481 1339 1688 1767 1137 712 732 923 259 263 821 388 313 
2240 1907 700 1065 1411 406 730 886 895 460 732 279 438 
1328 1138 2156 1582 1798 918 348 483 791 898 360 366 453 
2329 927 1773 1189 1152 1188 780 992 917 634 572 652 701 
1918 773 1404 1505 1360 652 444 379 453 617 740 603 475 
1361 1382 695 1952 1414 523 817 470 321 378 453 457 261 
717 716 808 629 1456 714 860 466 416 657 218 768 262 
2057 1909 608 1431 464 681 943 734 755 231 390 218 343 
1267 1407 1574 1456 713 1098 902 1192 444 523 208 442 649 
1139 1032 1781 1755 920 1449 1274 535 882 897 244 384 611 
1249 1326 1634 1791 1060 688 1050 326 471 404 594 571 654 
1683 1376 1308 1686 735 643 1243 612 983 402 679 277 811 
1237 1664 1171 925 489 771 1384 880 445 449 418 382 476 
1246 2177 1576 1047 482 1520 1210 1158 738 623 210 633 396 
1998 2055 1977 716 1477 555 1088 660 1014 894 354 657 477 
1951 2216 1693 1117 518 1003 1123 860 629 245 643 304 427 
1085 2111 651 1204 1805 654 1034 396 864 250 752 640 762 
704 1629 1026 871 1573 403 1014 327 349 283 801 306 824 
1617 2021 856 1508 684 1325 851 1122 380 645 660 340 659 
725 1414 1469 1756 1154 988 1052 1103 434 797 774 326 491 
1748 1869 1347 1035 766 1072 600 414 578 245 437 490 257 
2163 2262 1852 1378 616 1013 358 312 633 356 550 214 445 
802 1603 960 542 1538 1310 1352 1123 656 509 770 477 385 
733 919 2109 1907 1465 475 977 1100 838 361 651 331 211 
2072 736 1704 883 455 922 672 384 432 747 660 448 261 
2358 1794 780 1872 892 1125 1167 343 859 741 619 724 495 
1389 1408 821 1938 1526 1600 1272 591 577 488 762 296 340 
1004 2161 1054 763 1327 540 838 647 575 519 430 377 624 
1320 2015 1234 764 1045 955 808 672 322 824 758 660 570 
1804 1420 609 713 1798 754 741 310 620 588 217 263 779 
