5 2 20
2 100
1700 150 130 112 96 85 
100000 10000 8705 7500 6464 5669 
1000 1129 
1320 1547 1497 
1109 1089 1500 
1431 1309 1686 
1042 1186 1572 
1261 1205 1399 
1469 1177 1331 
1346 1357 1534 
1350 1319 1177 
1232 1490 1663 
1090 1286 1473 
1260 1603 1471 
1023 1623 1504 
1420 1515 1680 
1270 1124 1562 
1246 1128 1148 
1292 1133 1424 
1010 1294 1454 
1130 1240 1157 
1306 1251 1618 
1412 1407 1304 
1386 1428 1518 
1126 1434 1707 
1264 1339 1544 
1415 1444 1154 
1054 1527 1716 
1071 1283 1228 
1273 1306 1350 
1037 1234 1187 
1236 1318 1197 
1444 1381 1612 
1240 1087 1533 
1465 1560 1657 
1351 1599 1176 
1490 1452 1224 
1275 1159 1649 
1300 1490 1434 
1316 1423 1358 
1384 1512 1309 
1471 1425 1651 
1363 1230 1331 
1391 1115 1304 
1471 1157 1166 
1105 1439 1225 
1246 1492 1334 
1004 1546 1666 
1348 1525 1442 
1083 1467 1658 
1244 1610 1186 
1269 1164 1652 
1307 1224 1375 
1204 1419 1289 
1061 1113 1499 
1153 1221 1414 
1400 1602 1339 
1086 1443 1702 
1424 1574 1673 
1477 1209 1708 
1143 1270 1656 
1307 1243 1373 
1010 1519 1519 
1231 1446 1485 
1129 1232 1593 
1119 1369 1390 
1309 1261 1167 
1381 1321 1248 
1057 1599 1545 
1283 1364 1668 
1321 1235 1557 
1139 1468 1371 
1450 1492 1412 
1381 1270 1385 
1240 1490 1248 
1389 1098 1479 
1077 1532 1641 
1160 1381 1570 
1490 1621 1583 
1224 1458 1570 
1338 1570 1632 
1251 1331 1189 
1279 1217 1607 
1304 1226 1229 
1136 1168 1423 
1337 1513 1300 
1042 1184 1680 
1475 1329 1606 
1001 1448 1350 
1093 1444 1164 
1428 1152 1166 
1365 1178 1386 
1467 1197 1578 
1486 1297 1453 
1214 1454 1705 
1405 1113 1707 
1494 1544 1366 
1252 1227 1322 
1286 1617 1440 
1474 1178 1525 
1427 1283 1676 
1138 1469 1607 
1085 1162 1455 
