5 11 20
4 50
170 130 149 169 187 203 
170 174 199 225 249 270 
170 217 249 282 312 338 
170 261 299 338 374 406 
170 304 349 395 437 473 
170 348 399 451 499 541 
170 391 449 508 562 609 
170 435 499 564 624 676 
170 478 549 621 687 744 
170 522 599 677 749 812 
100000 8705 9999 11294 12499 13535 
1129 1000 870 750 
862 
610 
634 
702 
422 
832 
931 
810 
975 
464 
366 
897 
554 
870 
311 
1012 
871 
1025 
432 
380 
681 
261 
811 
1011 
746 
342 
685 
539 
797 
521 
361 
339 
289 
607 
857 
303 
411 
261 
859 
891 
542 
1015 
270 
909 
555 
795 
648 
772 
628 
610 
