5 11 20
2 100
170 85 77 75 77 85 
170 113 103 100 103 113 
170 141 129 125 129 141 
170 170 155 150 155 170 
170 198 180 175 180 198 
170 226 206 200 206 226 
170 255 232 225 232 255 
170 283 258 250 258 283 
170 311 284 275 284 311 
170 340 310 300 310 340 
100000 5669 5170 5000 5170 5669 
1433 1482 
1721 1460 1455 
1725 1354 1704 
1300 1345 1706 
1288 1337 1169 
1794 1678 1656 
1526 1714 1697 
1697 1343 1427 
1670 1647 1325 
1347 1220 1478 
1358 1557 1324 
1424 1209 1335 
1524 1391 1181 
1622 1411 1213 
1441 1286 1232 
1464 1266 1165 
1693 1314 1505 
1511 1372 1419 
1770 1390 1198 
1449 1305 1558 
1553 1219 1637 
1248 1401 1512 
1782 1437 1416 
1413 1405 1470 
1231 1476 1488 
1319 1523 1474 
1691 1216 1530 
1588 1424 1158 
1301 1330 1367 
1577 1230 1217 
1548 1549 1244 
1469 1476 1161 
1257 1424 1598 
1610 1419 1658 
1546 1350 1445 
1467 1253 1167 
1353 1682 1301 
1354 1472 1484 
1445 1508 1629 
1761 1719 1209 
1311 1363 1152 
1200 1380 1683 
1434 1504 1170 
1682 1677 1643 
1676 1334 1468 
1777 1282 1501 
1684 1697 1382 
1436 1639 1478 
1333 1730 1590 
1467 1774 1336 
1745 1347 1559 
1684 1568 1248 
1757 1577 1649 
1438 1534 1407 
1207 1748 1436 
1610 1358 1413 
1311 1250 1220 
1248 1526 1359 
1598 1584 1541 
1783 1317 1326 
1571 1290 1682 
1392 1669 1709 
1334 1575 1253 
1638 1404 1215 
1770 1441 1641 
1270 1600 1391 
1696 1394 1523 
1490 1256 1326 
1577 1701 1394 
1737 1501 1471 
1239 1749 1185 
1309 1532 1247 
1470 1559 1200 
1300 1576 1278 
1419 1739 1263 
1365 1478 1596 
1734 1588 1333 
1739 1471 1594 
1447 1424 1607 
1767 1556 1342 
1342 1767 1271 
1422 1205 1164 
1534 1471 1408 
1211 1296 1524 
1345 1309 1418 
1667 1340 1149 
1563 1532 1687 
1561 1209 1211 
1440 1489 1286 
1442 1584 1513 
1731 1670 1227 
1776 1293 1615 
1523 1408 1522 
1557 1484 1658 
1214 1366 1251 
1609 1417 1332 
1722 1247 1435 
1414 1223 1337 
1383 1608 1152 
1587 1444 1490 
1287 1752 1697 
