20 11 20
15 50
170 130 112 96 85 77 75 77 85 96 112 130 149 169 187 203 214 222 225 222 214 
170 174 150 129 113 103 100 103 113 129 149 174 199 225 249 270 286 296 300 296 286 
170 217 187 161 141 129 125 129 141 161 187 217 249 282 312 338 358 370 375 370 358 
170 261 225 193 170 155 150 155 170 193 224 261 299 338 374 406 429 444 450 444 429 
170 304 262 226 198 180 175 180 198 226 262 304 349 395 437 473 501 519 525 519 501 
170 348 300 258 226 206 200 206 226 258 299 348 399 451 499 541 573 593 600 593 573 
170 391 337 290 255 232 225 232 255 290 337 391 449 508 562 609 644 667 675 667 644 
170 435 375 323 283 258 250 258 283 323 374 435 499 564 624 676 716 741 750 741 716 
170 478 412 355 311 284 275 284 311 355 412 478 549 621 687 744 788 815 825 815 788 
170 522 450 387 340 310 300 310 340 387 449 522 599 677 749 812 859 889 900 889 859 
100000 8705 7500 6464 5669 5170 5000 5170 5669 6464 7499 8705 9999 11294 12499 13535 14330 14829 15000 14829 14330 
1129 1249 1353 1433 1482 1499 1482 1433 1353 1250 1129 1000 870 750 646 
888 368 205 421 773 
810 457 300 574 858 
452 606 428 790 284 
419 809 206 345 340 
462 224 253 687 263 
815 216 633 764 686 
461 265 676 648 788 
648 277 594 515 502 
483 787 586 476 653 
879 781 531 412 758 
412 314 300 301 654 
497 521 440 304 768 
893 295 790 539 857 
423 258 269 278 421 
491 444 515 268 735 
282 579 731 683 664 
736 715 326 472 556 
272 804 290 227 455 
380 640 647 219 902 
278 309 416 469 674 
293 593 313 533 575 
734 456 234 609 523 
371 520 274 310 682 
769 484 243 787 398 
714 315 477 485 840 
871 332 774 530 662 
539 304 242 452 549 
808 225 531 417 854 
792 313 397 629 622 
367 356 345 780 441 
809 530 714 681 284 
331 746 442 777 242 
381 321 663 593 744 
342 386 788 819 589 
400 412 759 513 670 
435 492 600 513 783 
568 694 503 435 891 
424 376 210 697 716 
849 643 638 450 845 
333 587 414 299 302 
577 238 689 228 533 
672 325 267 404 649 
879 622 490 404 318 
767 711 373 318 455 
583 244 458 224 705 
232 450 771 700 374 
251 235 777 709 675 
823 583 646 468 513 
864 506 285 233 837 
628 490 440 408 658 
