50 3 20
16 100
850 75 77 85 96 112 130 149 169 187 203 214 222 225 222 214 203 187 169 150 130 112 96 85 77 75 77 85 96 112 130 149 169 187 203 214 222 225 222 214 203 187 169 150 130 112 96 85 77 75 77 
850 100 103 113 129 149 174 199 225 249 270 286 296 300 296 286 270 250 225 200 174 150 129 113 103 100 103 113 129 149 174 199 225 249 270 286 296 300 296 286 270 250 225 200 174 150 129 113 103 100 103 
100000 5000 5170 5669 6464 7499 8705 9999 11294 12499 13535 14330 14829 15000 14829 14330 13535 12500 11294 10000 8705 7500 6464 5669 5170 5000 5170 5669 6464 7499 8705 9999 11294 12499 13535 14330 14829 15000 14829 14330 13535 12500 11294 10000 8705 7500 6464 5669 5170 5000 5170 
1499 1482 1433 1353 1250 1129 1000 870 750 646 566 517 500 517 566 646 
951 1083 901 1655 1150 614 1615 2046 1993 2060 1143 615 608 952 628 932 803 989 243 478 599 660 449 665 660 966 877 1572 1292 1151 1826 1008 2004 938 
822 1042 1347 1086 835 906 2292 757 2048 1432 986 1471 978 967 645 841 882 339 596 211 278 285 761 378 889 1277 1389 559 1546 1362 846 1069 1207 1723 
875 537 1189 623 1872 1810 1504 1515 1158 1978 1110 2146 1023 1715 632 1234 878 464 265 318 416 526 515 802 311 1069 631 1069 1604 621 677 1360 2109 1247 
395 1059 1351 1566 1252 638 1280 1217 2092 875 1284 1855 1940 1176 539 1178 1177 902 530 493 252 746 240 400 339 708 976 972 1950 790 2010 1360 794 619 
300 1252 983 1044 897 1959 2069 1724 2246 1136 717 1350 1564 601 515 542 708 650 817 499 417 670 515 569 707 1221 539 954 1510 2155 1518 995 2397 1087 
428 832 626 649 1671 758 1365 1205 1584 1556 1886 2072 1965 899 1471 1258 1051 300 333 700 710 718 778 789 671 474 1587 1665 1486 1156 1159 852 2327 1336 
382 546 701 905 1631 1462 875 2261 979 1023 1464 1048 1045 1137 1478 1006 395 1001 353 690 681 785 637 965 311 553 406 1138 1514 988 1041 679 1458 1028 
582 1278 1111 903 1460 1235 1567 907 2334 859 1539 661 1724 1377 1016 434 869 570 752 392 369 650 612 393 757 989 1296 709 886 1473 1334 1958 1222 1340 
1080 1102 943 750 1980 759 2122 2071 1097 2299 894 809 910 770 1289 1181 442 431 826 814 242 408 516 778 649 488 1523 1373 1519 1247 687 1505 1607 1538 
1174 1388 581 1428 892 1045 1241 1062 1415 1477 2073 1683 1104 504 988 1246 914 735 590 434 416 589 586 311 456 893 968 643 1311 1718 1862 1086 1316 2193 
641 1143 784 1146 1814 1855 2123 1603 1307 2355 2042 812 1089 568 1368 351 809 437 404 430 315 623 688 820 932 350 612 1242 1411 857 1906 1568 1633 1126 
926 695 1370 634 1495 1736 1450 2052 1815 935 1580 1346 832 1801 833 422 674 866 565 421 202 440 797 529 953 957 880 774 1988 584 970 1657 1234 1715 
615 870 1256 1573 1241 761 1930 762 2184 1310 1840 2021 1571 804 953 1108 887 419 598 234 768 663 420 404 737 431 1338 1655 1159 766 1595 1017 1964 2159 
1082 493 649 582 1195 1876 887 2086 612 1549 592 1173 1063 466 1556 446 789 843 697 783 373 721 443 344 947 510 1459 1291 610 2093 1232 2325 2026 1368 
396 434 770 846 1239 1443 1483 826 1019 1065 1398 1217 1741 1210 497 355 589 972 585 771 465 480 379 506 1055 1352 1338 1196 1507 855 2273 2281 1037 1827 
552 752 1485 479 1469 1218 2212 2228 1392 1832 1840 1970 629 1494 1224 1306 408 877 566 765 536 416 347 491 353 1140 593 1364 1712 1160 1020 1918 1820 2309 
843 790 1050 1250 1008 1508 1031 1612 1099 676 1140 1316 842 919 1051 1218 501 286 795 605 418 823 625 481 736 627 931 1676 1094 985 816 2098 2171 1785 
521 674 583 1482 967 1735 794 1967 1369 658 2258 1922 1411 887 932 467 300 358 537 588 431 709 478 680 1137 510 979 1175 1488 1879 721 1282 1736 1865 
974 451 727 1594 595 1331 2013 2053 1627 1120 1385 1419 620 613 1418 517 395 1002 791 810 580 700 329 448 1151 1391 1070 1343 1568 2035 1285 1305 738 1507 
471 896 1538 910 1793 1632 957 1956 1750 1901 829 1770 528 1234 1072 387 867 557 358 224 697 671 774 538 764 430 776 898 733 1248 1741 818 1410 1261 
971 554 1178 1673 1631 1452 2212 803 1966 1389 2282 1645 1487 562 1412 1004 348 1012 589 648 603 536 599 865 790 765 710 938 1539 993 1912 2303 1515 1746 
467 651 1087 724 1405 1958 767 1187 779 1019 2004 1422 1803 793 782 420 907 762 740 603 207 477 334 747 1174 534 1417 1167 873 1865 1236 2368 1154 745 
914 793 548 653 1261 989 1442 1480 799 749 1348 1799 771 1113 1011 917 1068 284 648 627 796 356 489 543 720 1030 732 1048 1427 978 1764 604 1826 937 
651 418 799 1607 837 811 769 1670 1818 1808 2173 721 705 1604 835 640 672 342 902 312 462 747 546 764 859 670 1051 730 1791 928 1880 1802 1722 1867 
366 725 538 1023 584 868 2255 1364 2309 1553 1432 1329 905 677 1346 664 465 316 841 269 420 665 489 925 829 629 613 1043 1556 995 1239 866 1154 2048 
1089 1300 1296 723 695 1271 1803 763 1293 2088 845 1672 1221 1538 1229 692 668 988 406 423 210 518 416 755 1066 1105 1470 1275 1385 1199 1788 2297 699 1930 
828 501 702 622 1694 1871 1301 1967 962 758 1553 731 1602 493 904 1121 1073 362 436 588 337 341 863 797 565 866 980 1082 553 923 638 1529 1630 2020 
1025 1208 1429 1085 634 1531 864 2015 1463 1886 1650 2150 869 882 934 1358 651 680 330 591 395 461 554 1032 897 660 585 1567 587 1012 1078 857 1678 2148 
890 890 1241 650 1138 1314 2252 734 1989 1912 644 2102 1864 1724 1291 978 1067 399 745 453 565 443 273 908 313 987 629 1217 1900 1166 1915 1619 678 895 
678 1025 1511 454 758 1501 1727 1542 2048 1353 1830 1123 783 557 671 1352 1045 769 521 291 788 816 678 423 621 704 722 1713 1766 865 2232 1187 1055 2102 
500 845 1026 1330 1877 1087 1220 2268 2373 1933 2109 899 900 1443 1542 1038 569 1012 246 580 345 797 443 320 903 791 1154 1779 1188 1589 655 2278 1424 976 
1041 980 638 1588 1162 862 1156 2142 1257 1041 676 2141 1105 909 581 1197 464 676 896 753 609 645 297 817 583 476 1189 1070 1247 1543 1211 1938 995 1987 
566 815 1037 938 580 1639 1362 1239 2012 2255 1087 699 1282 1541 1306 970 494 850 840 593 276 761 517 882 1010 1224 569 1801 940 1926 911 1441 748 1105 
314 408 1582 931 1056 1699 1801 1498 1674 2037 1502 1047 1109 1199 834 437 542 794 833 354 701 310 343 708 621 1072 581 1100 1375 2074 1481 957 804 1291 
823 669 1170 1032 822 1123 744 2058 2272 2223 807 785 1903 520 1509 606 428 466 739 406 331 325 478 868 716 1210 1065 1014 1542 1777 2093 2254 2194 873 
441 981 1298 1604 1179 2075 580 1341 1122 781 1513 1485 1773 580 666 1092 961 531 525 764 349 714 459 495 864 439 1286 775 846 1708 1493 1921 858 1148 
1082 423 577 1068 1514 1913 1534 771 2216 1161 2067 1363 591 1159 1218 666 691 761 842 706 497 545 677 358 1118 1016 1484 795 1638 755 872 1624 1005 2067 
765 455 937 1031 1961 1816 1925 1704 1776 988 896 1948 1756 721 1478 458 385 438 378 453 718 625 601 787 742 885 857 1255 746 1209 1532 1738 1929 782 
675 1003 1495 1508 652 1477 1806 1397 1901 826 1931 578 1432 1336 899 397 677 977 759 720 258 705 520 992 1038 1002 848 1506 1555 1777 2007 862 1096 805 
386 1051 1393 1767 1123 1962 1228 2237 1445 1895 1407 1179 970 1363 1087 785 578 773 284 308 201 491 286 993 664 997 1109 644 1500 1180 1101 2016 1657 634 
339 689 1541 1315 1206 653 836 1036 1437 855 698 2163 1647 964 1215 580 421 751 448 478 672 510 367 917 520 836 1537 1069 1086 1812 1939 1224 2257 2153 
630 720 1472 1278 1186 1304 1661 1403 2085 1274 1726 1401 1211 1147 1561 1200 632 825 308 459 241 418 757 363 505 798 1599 994 1205 807 1817 1618 1597 798 
431 1194 816 796 727 1476 1511 1754 1609 2042 1633 1382 1090 472 1532 1034 1089 314 652 790 445 371 842 941 479 562 1250 1689 1718 699 989 1427 1170 860 
415 802 734 1109 576 707 1084 1293 1273 919 1123 976 1553 459 934 426 1069 618 522 636 330 724 668 1008 1155 385 1166 1578 511 1253 728 1179 1409 2035 
629 1268 404 1125 1005 1591 1188 1351 1942 1169 819 593 1708 755 495 1074 530 1012 396 697 562 624 891 982 975 1276 725 1150 1614 976 1099 859 2144 908 
1118 422 1276 685 1283 755 1889 1753 1693 1414 1486 1431 1947 977 838 745 1135 816 845 538 749 810 762 334 565 1037 575 589 553 847 1077 1496 810 1526 
409 1170 599 661 1347 1258 1056 1464 2021 1115 1468 968 1022 1682 431 404 308 1014 388 515 489 210 354 490 987 544 782 1311 958 1716 1984 643 1950 1531 
1138 680 912 1263 788 1804 1163 2242 780 611 2092 976 735 1400 1523 1017 981 887 679 753 739 412 671 337 463 515 1144 990 584 903 1339 1746 2050 1329 
952 1131 657 1071 1320 754 1261 1106 1941 2177 1914 593 979 988 1156 547 532 807 379 282 482 601 901 576 351 1203 1245 744 1453 1551 775 951 2269 1018 
357 484 818 1550 1193 1720 1947 2237 955 2181 1230 1067 1041 1645 729 544 1020 651 537 705 477 825 588 1030 741 958 805 643 1310 1209 1600 823 1142 2131 
563 438 1203 1697 510 927 1529 1647 2292 1883 1937 698 1736 1462 534 1170 709 906 670 517 229 612 894 548 449 470 510 1455 1085 871 1141 945 1527 1126 
976 800 907 1016 1768 2022 1265 807 810 627 763 1390 1224 1450 1475 537 1161 623 711 357 554 267 448 785 420 1243 467 1754 1098 764 1855 609 2003 2018 
475 1150 1479 587 1661 945 2060 2016 1373 1267 718 1511 1714 1144 549 791 944 976 615 666 572 315 478 564 695 998 1118 665 963 2154 865 1529 1617 1153 
656 1260 1181 543 1870 1448 869 2182 2272 729 1973 1696 860 1605 819 959 322 843 527 314 709 801 549 355 1078 561 545 788 1522 671 2068 2017 2139 1339 
503 1135 980 972 1733 1129 2076 1224 826 2173 1839 874 1991 1568 1473 409 1000 614 882 282 317 285 891 792 926 1382 901 1675 1305 1656 1678 1291 1109 1843 
425 696 1548 1540 1430 668 1522 1245 1298 2215 792 2107 1948 511 654 386 704 589 720 209 533 512 320 765 1044 770 508 658 1951 2029 918 1531 2020 1363 
524 1342 1255 943 1242 1662 1112 1240 1173 672 2068 1463 1879 627 865 747 555 917 275 806 286 759 701 1003 433 452 1458 1242 1927 641 1749 1799 1434 1056 
786 1177 1541 1295 1964 2041 972 2059 745 2295 1722 834 801 1087 618 846 1047 979 233 563 299 776 512 370 553 824 522 935 1129 591 1363 2198 1200 1348 
759 497 618 1700 1438 1807 2150 605 2080 2105 1701 760 1739 1019 1588 1048 857 875 709 575 625 593 844 307 1030 1061 1521 1028 784 1790 865 1975 1238 1399 
373 1035 819 598 1311 2137 1155 624 2156 2008 1804 2045 1319 1731 946 1249 435 468 850 573 405 457 794 669 761 1144 1241 1089 1952 1908 1023 2321 902 1304 
614 1103 1548 1288 1650 1811 1057 2083 1402 2314 1158 2129 1384 862 1185 557 328 897 237 793 510 581 758 964 420 699 991 558 1404 1083 1054 1279 1795 1054 
314 465 703 1074 1558 1539 1780 1004 705 1418 1761 1945 1597 1272 570 1198 476 742 772 722 625 646 717 578 614 784 811 991 1396 1874 1307 715 1337 840 
779 961 734 1061 899 744 968 1600 637 1505 977 1639 1138 1499 400 1231 500 537 642 806 675 496 901 455 334 597 1176 1643 1794 901 1735 2081 2290 2228 
738 1012 415 1500 840 2029 1319 1361 1249 1609 842 1565 1079 1106 1491 923 431 613 750 817 626 488 800 374 567 1084 751 1141 792 1860 1257 1355 888 1361 
1119 371 719 1283 1069 581 1692 1336 1862 657 842 1969 1374 1792 776 1317 449 389 666 426 502 605 744 576 417 805 628 646 1142 1041 1386 712 637 1366 
667 586 1481 1689 1983 1050 1468 1231 2323 2097 1537 1312 1192 575 1110 1331 1004 844 470 485 555 252 827 442 958 742 571 1763 1911 1744 1434 1111 1601 2012 
870 1328 1124 888 753 1651 1053 1771 1952 644 1051 1563 1626 1732 1531 1322 605 661 700 671 291 735 723 666 524 387 911 1289 1399 1506 1362 2067 2055 876 
360 848 754 1558 1182 666 1707 2176 2033 936 1326 1417 1697 1297 1570 371 580 607 657 794 764 252 258 543 420 1221 1193 536 1561 1022 1001 2111 1130 1990 
876 643 1196 869 1074 1379 1248 1310 1581 2022 2054 607 1081 919 433 522 402 961 882 810 458 220 642 645 410 487 1284 1325 1059 1383 1512 973 672 1169 
1132 392 1134 1242 1681 1918 669 1543 1482 2126 1070 693 1666 1609 973 1218 518 757 830 385 651 627 576 1007 1044 1170 631 1629 1137 1684 1304 2198 787 1365 
868 1379 454 566 571 945 2095 1008 2381 759 2009 1251 1551 1191 475 1366 751 778 765 464 477 476 295 339 581 1226 1453 674 1725 1674 2138 783 1176 2091 
817 1016 1231 697 636 1794 1245 1282 2074 2031 2041 1493 1333 892 1536 1281 579 819 691 289 514 484 860 712 476 843 800 600 1844 791 833 1448 826 606 
530 648 1595 1212 1983 929 1763 2070 779 970 1769 1389 1238 1668 677 954 1191 550 843 290 705 502 235 629 467 616 948 636 785 1278 1941 1753 774 1016 
599 511 1446 625 1641 1082 1770 1307 1141 2123 576 1914 1733 1716 748 551 1113 999 520 270 384 822 687 1014 1050 435 516 1173 533 550 1722 1349 1818 1623 
952 1138 1210 610 1991 1921 629 778 2277 797 1765 1678 1373 913 415 520 912 471 501 703 324 715 302 642 412 1084 1107 1087 1275 2099 1344 1161 2085 665 
686 1341 928 1769 1096 1333 1145 1136 2040 1955 2224 999 1362 1114 593 367 1167 767 407 247 328 416 310 398 861 779 739 1357 1865 1090 645 806 1250 1607 
814 1290 1293 1416 1774 920 1332 2344 1698 963 1907 738 564 1242 1599 640 696 804 849 237 518 444 631 394 930 452 603 536 1761 1109 833 1806 639 1466 
539 1338 1263 1720 889 832 1973 638 1759 1884 722 1247 1794 941 892 817 1046 672 487 802 391 246 632 663 460 756 736 865 1738 2101 1462 1146 600 2080 
996 1044 687 644 1920 1125 665 1362 1764 1047 1007 1450 1922 1440 898 519 578 860 873 426 736 776 723 793 310 1162 1303 518 1815 1600 1994 1451 1391 2193 
941 1010 972 1205 1579 1910 1731 2282 974 1489 2157 1670 1963 1513 1037 1300 1195 484 641 822 477 697 418 868 880 933 418 1158 1205 1296 1838 1172 1233 1274 
1169 1055 643 486 1564 1578 769 1997 1121 973 1702 1684 1799 1358 755 441 1064 388 812 207 757 551 607 315 1146 1024 998 1576 911 1933 872 748 725 1490 
1117 889 1468 1349 1548 2134 759 2143 1407 1846 1816 1465 563 1711 1381 959 522 329 491 540 737 293 739 628 591 443 715 1296 1311 1215 1500 1553 748 1177 
1151 956 441 1282 1288 2124 890 653 790 1216 1894 2108 1717 594 1353 664 917 569 497 378 588 313 364 438 751 1363 588 451 825 544 1979 2249 964 903 
783 545 1340 1192 1312 1208 1625 2321 1228 1151 952 1039 1271 918 930 383 438 1011 849 590 339 643 488 623 363 815 449 1575 573 978 1563 1369 2339 910 
495 693 451 479 1148 1527 584 709 1552 1459 1027 1183 1808 1185 1112 1057 1141 583 469 471 740 768 686 514 337 1057 1066 1477 1366 1489 1304 634 1061 1997 
346 889 822 1338 956 991 1115 1771 1941 775 1922 946 1242 1569 623 1280 627 873 656 381 623 324 460 977 1163 635 775 520 1039 755 1302 773 1997 642 
975 1107 580 1772 876 1463 1436 1629 1646 1840 2248 1845 856 560 1460 1034 977 895 391 539 299 620 722 393 733 860 1074 1647 1006 812 1039 846 1677 1761 
1016 508 520 1343 1884 1221 1016 1766 1491 2326 1868 1744 1084 924 439 1357 938 918 785 648 303 376 482 859 449 995 1248 1269 1146 2038 1369 1474 2107 1975 
951 457 687 1354 1106 712 2059 1785 1483 1217 919 1616 1752 964 1446 952 942 720 529 741 729 823 669 771 604 1130 1596 1668 1257 1376 940 1975 733 2015 
776 1231 644 774 847 849 1091 783 1462 2126 773 2064 1765 639 813 940 789 796 554 491 702 385 313 767 796 418 971 723 810 630 912 1220 1880 2282 
689 847 509 1538 695 2041 968 1805 1369 1913 708 2028 961 1259 772 1388 522 797 833 676 240 270 582 956 952 624 933 1104 850 692 1515 1369 1433 1412 
552 1124 419 1039 953 1065 2142 785 1274 1061 1070 1145 1147 1078 1415 819 590 479 393 565 309 411 358 747 1107 1282 901 544 1471 922 1018 670 2364 982 
382 1383 867 1069 964 1471 2077 1492 727 1127 1321 956 1310 1389 1582 416 1054 488 665 680 448 482 824 336 370 394 952 1458 1067 1029 1805 1313 1649 1777 
326 579 1540 1657 596 2057 1479 1497 1849 605 892 1518 612 797 544 544 1081 316 579 250 228 751 659 651 553 1210 1569 1165 1037 1262 1967 1033 1681 995 
984 382 1329 1546 1439 1903 1303 2047 1015 1632 803 2139 1187 1671 1187 980 504 329 501 808 562 615 396 893 1012 592 540 1058 781 939 1139 1567 1066 939 
459 722 917 1611 1531 956 1808 1057 681 1209 1113 1844 1482 677 1428 670 565 328 632 470 407 532 343 377 795 868 666 1652 924 1729 1534 1990 2024 1984 
387 1227 864 939 927 1308 638 1319 1033 2338 1181 604 975 1457 891 1310 580 602 497 340 226 351 606 757 763 469 847 1524 1051 1246 1394 1030 2174 2011 
543 1012 592 828 1526 872 2098 1021 756 2321 765 1566 1670 607 1059 428 366 749 866 607 430 766 745 723 620 570 1582 1794 1159 1980 756 1377 2272 700 
452 1346 1479 1448 1991 715 627 914 1209 1365 1921 1013 796 998 1464 1379 1181 860 646 369 651 654 791 991 575 892 672 1544 845 884 1947 729 1911 597 
1148 1366 878 1565 813 1115 1756 2063 854 657 990 898 793 1747 1450 589 466 784 476 568 343 460 783 500 959 431 1332 812 738 1510 2035 830 1353 2126 
