20 6 20
11 10
340 75 77 85 96 112 130 149 169 187 203 214 222 225 222 214 203 187 169 150 130 
340 100 103 113 129 149 174 199 225 249 270 286 296 300 296 286 270 250 225 200 174 
340 125 129 141 161 187 217 249 282 312 338 358 370 375 370 358 338 312 282 250 217 
340 150 155 170 193 224 261 299 338 374 406 429 444 450 444 429 406 375 338 300 261 
340 175 180 198 226 262 304 349 395 437 473 501 519 525 519 501 473 437 395 350 304 
100000 5000 5170 5669 6464 7499 8705 9999 11294 12499 13535 14330 14829 15000 14829 14330 13535 12500 11294 10000 8705 
1499 1482 1433 1353 1250 1129 1000 870 750 646 566 
495 528 588 476 562 798 1001 896 1128 
423 554 414 459 640 618 913 846 988 
525 526 591 520 579 708 873 1143 919 
514 527 569 672 627 879 950 1160 1217 
595 534 546 466 583 758 1040 1046 1232 
596 590 532 551 671 801 1010 1140 1142 
432 523 590 639 534 867 779 1055 1318 
563 518 608 474 615 862 749 1182 1040 
515 451 498 628 589 684 796 1182 975 
546 454 542 661 583 693 773 1124 911 
