10 11 20
6 50
170 112 130 149 169 187 203 214 222 225 222 
170 149 174 199 225 249 270 286 296 300 296 
170 187 217 249 282 312 338 358 370 375 370 
170 224 261 299 338 374 406 429 444 450 444 
170 262 304 349 395 437 473 501 519 525 519 
170 299 348 399 451 499 541 573 593 600 593 
170 337 391 449 508 562 609 644 667 675 667 
170 374 435 499 564 624 676 716 741 750 741 
170 412 478 549 621 687 744 788 815 825 815 
170 449 522 599 677 749 812 859 889 900 889 
100000 7499 8705 9999 11294 12499 13535 14330 14829 15000 14829 
1250 1129 1000 870 750 646 
559 525 494 502 
577 529 494 542 
548 508 491 522 
556 497 524 519 
569 518 498 499 
578 501 516 505 
550 504 482 510 
561 502 504 538 
567 492 485 535 
573 536 495 504 
554 506 498 520 
546 506 479 521 
539 535 505 496 
589 532 507 525 
566 493 506 529 
572 520 497 533 
582 534 495 511 
593 500 500 531 
562 534 513 510 
552 494 483 516 
559 499 523 503 
543 529 491 529 
589 497 500 500 
585 494 521 524 
545 537 487 523 
548 500 511 492 
588 538 476 514 
549 516 508 529 
590 507 502 507 
580 514 494 528 
562 495 512 519 
550 501 491 496 
545 503 496 506 
579 500 476 541 
565 530 493 499 
573 513 517 505 
566 515 507 495 
559 493 483 507 
581 529 506 529 
590 499 519 511 
593 497 523 497 
548 498 483 495 
576 533 488 534 
551 514 515 519 
572 491 524 503 
574 511 519 527 
546 498 515 519 
550 535 504 500 
560 491 484 534 
551 533 512 502 
