20 6 20
7 5
340 85 77 75 77 85 96 112 130 149 169 187 203 214 222 225 222 214 203 187 169 
340 113 103 100 103 113 129 149 174 199 225 249 270 286 296 300 296 286 270 250 225 
340 141 129 125 129 141 161 187 217 249 282 312 338 358 370 375 370 358 338 312 282 
340 170 155 150 155 170 193 224 261 299 338 374 406 429 444 450 444 429 406 375 338 
340 198 180 175 180 198 226 262 304 349 395 437 473 501 519 525 519 501 473 437 395 
100000 5669 5170 5000 5170 5669 6464 7499 8705 9999 11294 12499 13535 14330 14829 15000 14829 14330 13535 12500 11294 
1433 1482 1499 1482 1433 1353 1250 
1438 928 856 995 421 770 487 425 226 270 764 531 921 
754 922 1328 1178 895 310 264 741 676 560 606 718 525 
469 936 598 395 795 315 499 341 716 373 811 560 905 
1578 983 829 721 951 258 510 444 561 802 747 497 1211 
1536 709 1352 736 980 415 500 694 519 303 511 411 592 
