10 11 20
4 50
170 112 96 85 77 75 77 85 96 112 130 
170 150 129 113 103 100 103 113 129 149 174 
170 187 161 141 129 125 129 141 161 187 217 
170 225 193 170 155 150 155 170 193 224 261 
170 262 226 198 180 175 180 198 226 262 304 
170 300 258 226 206 200 206 226 258 299 348 
170 337 290 255 232 225 232 255 290 337 391 
170 375 323 283 258 250 258 283 323 374 435 
170 412 355 311 284 275 284 311 355 412 478 
170 450 387 340 310 300 310 340 387 449 522 
100000 7500 6464 5669 5170 5000 5170 5669 6464 7499 8705 
1249 1353 1433 1482 
2227 2033 1600 633 1568 1315 
1878 2158 2126 1589 888 1209 
1962 2041 1174 758 1358 1121 
1838 1869 1997 1028 1658 837 
1836 2335 856 927 768 754 
2274 1408 2163 1989 1767 541 
1896 1683 1356 1535 1771 782 
1663 2217 1330 766 1136 789 
1961 1854 1716 795 1546 774 
2385 1495 1298 1229 959 618 
1300 1674 2132 1553 1533 689 
924 1900 2278 667 1842 1502 
2328 2301 1779 1418 1222 1611 
2259 1118 1512 2028 850 606 
829 858 1142 963 1852 1306 
897 2087 842 801 1780 1068 
1907 2065 2043 628 950 1074 
1493 1867 2205 1224 1189 1238 
978 1888 1095 1584 1370 1742 
1737 1712 1865 1973 1987 1381 
1398 1304 736 663 755 1219 
1436 1697 1920 1120 635 600 
851 644 911 1150 1611 1259 
1868 1071 1731 1130 1245 796 
1884 593 685 1895 1882 626 
1760 1526 1577 1957 1128 1279 
2107 1224 2124 1161 1737 1287 
739 738 1814 2005 1099 842 
1465 2016 991 2055 1457 737 
2218 1821 610 1490 1562 1744 
1877 1355 1311 714 615 1176 
1372 1163 1060 2001 1697 1255 
664 2024 2249 935 1963 499 
2364 1631 1488 1663 1778 1798 
1659 1602 1220 707 1698 1228 
1868 1145 2128 801 1930 937 
2212 979 1236 823 1028 1013 
1055 1847 1981 1289 1865 1753 
1592 1008 1055 2138 1218 818 
1097 2313 1827 1467 895 772 
1601 913 857 1055 523 1195 
1130 2013 973 692 1276 767 
1694 2306 2011 1773 1694 1088 
2363 1829 1978 772 666 1541 
819 2167 966 1292 1974 725 
1255 1361 618 2102 758 1101 
1085 1772 2289 1418 1248 1372 
642 1754 1144 1268 1377 982 
2055 700 1001 541 1788 792 
1955 2294 1401 901 1088 698 
