20 6 20
7 50
340 130 149 169 187 203 214 222 225 222 214 203 187 169 150 130 112 96 85 77 75 
340 174 199 225 249 270 286 296 300 296 286 270 250 225 200 174 150 129 113 103 100 
340 217 249 282 312 338 358 370 375 370 358 338 312 282 250 217 187 161 141 129 125 
340 261 299 338 374 406 429 444 450 444 429 406 375 338 300 261 225 193 170 155 150 
340 304 349 395 437 473 501 519 525 519 501 473 437 395 350 304 262 226 198 180 175 
100000 8705 9999 11294 12499 13535 14330 14829 15000 14829 14330 13535 12500 11294 10000 8705 7500 6464 5669 5170 5000 
1129 1000 870 750 646 566 517 
535 462 496 580 732 1027 839 1003 1447 1094 1642 1281 1679 
563 607 583 664 818 951 1199 1246 1060 1410 1397 1551 1796 
563 595 538 647 833 1013 932 965 1233 1538 1317 1587 1402 
473 528 625 665 648 996 870 914 1229 1441 1542 1588 1213 
405 524 679 643 742 820 1185 1169 1107 1517 1277 1277 1793 
493 433 551 772 732 984 1064 925 1062 1607 1340 1567 1566 
435 461 640 587 686 868 1059 1275 1000 1605 1275 1514 1243 
407 614 671 586 629 747 1002 905 1006 1237 1540 1769 1566 
522 449 601 685 608 772 1148 1006 1389 1109 1482 1232 1420 
495 600 633 733 728 818 941 909 1312 1474 1151 1637 1274 
464 603 662 764 881 893 1177 1151 1221 1298 1645 1294 1373 
527 563 495 729 835 1013 832 1214 1369 1488 1390 1318 1201 
535 522 486 772 678 969 962 1278 1302 1558 1459 1614 1332 
497 490 503 774 836 815 995 1046 1222 1333 1703 1758 1390 
414 500 648 666 700 976 908 1125 1398 1619 1458 1509 1700 
554 415 495 614 633 723 1129 1219 1050 1186 1379 1573 1591 
538 451 496 602 657 1029 993 1039 1275 1362 1464 1727 1243 
488 551 637 770 617 835 848 1255 1344 1472 1500 1555 1788 
578 490 503 648 770 991 981 1060 1453 1572 1272 1701 1244 
535 549 557 766 848 809 959 1109 1042 1296 1474 1252 1548 
504 477 586 766 729 1037 1060 1224 1406 1438 1233 1562 1599 
496 565 470 683 603 943 1079 1128 1113 1547 1377 1330 1478 
517 474 476 756 661 769 1131 925 1348 1472 1465 1442 1727 
425 551 568 564 724 998 1089 911 1288 1097 1398 1764 1412 
569 460 626 729 602 990 882 1251 1431 1380 1219 1430 1343 
402 518 520 647 763 943 1196 1104 1402 1171 1398 1226 1680 
462 511 659 595 653 862 1181 1114 1209 1415 1589 1683 1300 
535 605 560 659 877 792 959 981 1473 1224 1214 1476 1200 
557 496 524 723 821 709 958 989 1391 1538 1342 1627 1521 
507 574 604 687 849 715 813 905 1158 1276 1629 1438 1493 
516 573 517 659 835 768 918 1005 1285 1313 1619 1396 1359 
495 440 542 571 803 969 1054 913 1093 1487 1324 1281 1614 
453 474 602 670 642 930 935 1228 1241 1528 1368 1186 1527 
463 536 476 708 677 745 978 1078 1192 1216 1515 1392 1525 
508 568 476 737 751 819 946 1001 1387 1597 1634 1434 1656 
513 466 571 593 636 723 1116 1245 1224 1280 1639 1453 1523 
592 484 595 736 706 919 1182 1020 1374 1153 1617 1521 1451 
496 466 461 762 690 1005 1182 1108 1410 1480 1515 1423 1724 
430 606 465 738 855 886 892 1301 1127 1271 1372 1718 1257 
593 554 659 663 814 699 836 1290 1156 1511 1711 1471 1411 
482 515 487 774 898 1001 1039 1295 1309 1372 1268 1545 1526 
542 567 461 654 864 700 986 1292 1022 1573 1166 1297 1577 
512 534 615 576 604 723 1168 1307 1097 1593 1322 1304 1573 
480 486 632 679 657 771 1056 1100 1325 1239 1579 1763 1620 
444 516 621 672 743 794 1030 905 1008 1558 1540 1360 1347 
597 569 589 712 704 862 1016 909 1048 1301 1220 1499 1538 
476 575 606 587 740 1027 1068 1041 1335 1261 1646 1675 1386 
412 613 654 624 601 738 928 1322 1206 1477 1671 1265 1271 
564 523 469 667 820 861 942 1287 1076 1501 1266 1687 1240 
522 420 677 731 788 838 1040 1264 1141 1529 1181 1628 1224 
