5 6 20
2 100
340 150 130 112 96 85 
340 200 174 150 129 113 
340 250 217 187 161 141 
340 300 261 225 193 170 
340 350 304 262 226 198 
100000 10000 8705 7500 6464 5669 
1000 1129 
1261 1315 1451 
1224 1383 1383 
1222 1374 1469 
1288 1415 1492 
1220 1384 1463 
1246 1299 1497 
1208 1374 1499 
1271 1349 1429 
1218 1415 1491 
1292 1305 1367 
1199 1380 1378 
1194 1349 1461 
1290 1392 1498 
1265 1372 1413 
1287 1329 1473 
1233 1305 1410 
1219 1325 1423 
1187 1360 1485 
1231 1298 1415 
1218 1313 1499 
1225 1338 1438 
1207 1375 1474 
1301 1343 1437 
1296 1356 1382 
1207 1301 1475 
1200 1377 1403 
1239 1371 1419 
1302 1419 1361 
1267 1314 1497 
1209 1324 1456 
1275 1377 1372 
1273 1380 1472 
1295 1309 1423 
1285 1377 1450 
1202 1363 1366 
1268 1409 1373 
1217 1343 1435 
1196 1295 1364 
1192 1387 1458 
1195 1405 1449 
1193 1384 1450 
1199 1402 1436 
1257 1329 1378 
1288 1286 1456 
1229 1364 1482 
1229 1380 1418 
1263 1379 1499 
1189 1344 1434 
1250 1368 1402 
1306 1333 1383 
1279 1339 1428 
1287 1370 1497 
1219 1397 1372 
1274 1357 1380 
1190 1361 1476 
1266 1391 1500 
1226 1372 1472 
1304 1360 1456 
1200 1403 1456 
1257 1404 1486 
1255 1360 1371 
1262 1293 1371 
1295 1359 1374 
1297 1310 1484 
1301 1345 1418 
1255 1362 1365 
1307 1298 1468 
1251 1394 1419 
1306 1330 1422 
1209 1315 1442 
1242 1340 1414 
1268 1341 1417 
1193 1365 1499 
1283 1341 1403 
1282 1406 1477 
1294 1351 1404 
1232 1331 1417 
1241 1367 1500 
1256 1329 1406 
1224 1324 1438 
1260 1312 1369 
1189 1309 1391 
1218 1291 1419 
1218 1420 1379 
1246 1290 1457 
1306 1351 1412 
1199 1298 1378 
1248 1294 1474 
1211 1396 1408 
1245 1287 1390 
1253 1309 1486 
1292 1326 1471 
1249 1330 1369 
1300 1393 1471 
1253 1382 1470 
1238 1388 1405 
1301 1388 1438 
1286 1287 1467 
1302 1296 1438 
1278 1411 1393 
