50 2 20
36 50
1700 112 130 149 169 187 203 214 222 225 222 214 203 187 169 150 130 112 96 85 77 75 77 85 96 112 130 149 169 187 203 214 222 225 222 214 203 187 169 150 130 112 96 85 77 75 77 85 96 112 130 
100000 7499 8705 9999 11294 12499 13535 14330 14829 15000 14829 14330 13535 12500 11294 10000 8705 7500 6464 5669 5170 5000 5170 5669 6464 7499 8705 9999 11294 12499 13535 14330 14829 15000 14829 14330 13535 12500 11294 10000 8705 7500 6464 5669 5170 5000 5170 5669 6464 7499 8705 
1250 1129 1000 870 750 646 566 517 500 517 566 646 749 870 999 1129 1249 1353 1433 1482 1499 1482 1433 1353 1250 1129 1000 870 750 646 566 517 500 517 566 646 
730 906 1038 1148 1262 1332 1502 1466 1534 1556 1364 1404 1287 1100 
768 886 967 1114 1282 1328 1378 1523 1517 1421 1362 1395 1236 1074 
757 853 1035 1143 1246 1369 1381 1434 1454 1471 1420 1318 1245 1173 
719 845 1003 1131 1226 1355 1411 1454 1438 1439 1457 1367 1304 1161 
755 839 992 1152 1265 1377 1393 1505 1446 1527 1428 1407 1291 1107 
763 901 959 1142 1208 1310 1433 1512 1470 1483 1454 1295 1231 1085 
770 835 989 1154 1243 1339 1364 1509 1547 1485 1394 1368 1249 1134 
742 827 1026 1183 1256 1373 1373 1483 1565 1470 1443 1412 1194 1120 
752 828 969 1170 1269 1323 1452 1519 1552 1515 1434 1384 1253 1132 
754 843 971 1130 1271 1286 1392 1486 1506 1541 1415 1353 1230 1172 
755 867 1012 1169 1305 1303 1426 1503 1504 1452 1503 1361 1244 1167 
744 913 959 1125 1265 1409 1427 1552 1463 1520 1413 1303 1294 1152 
741 839 1002 1173 1228 1368 1472 1449 1463 1550 1393 1417 1257 1114 
753 886 988 1083 1253 1416 1475 1442 1506 1433 1486 1389 1230 1122 
741 832 991 1078 1308 1360 1482 1423 1516 1526 1503 1417 1230 1146 
771 889 1040 1165 1198 1353 1399 1469 1541 1479 1489 1390 1208 1089 
753 857 982 1142 1235 1379 1486 1515 1495 1477 1488 1355 1206 1132 
747 833 1005 1180 1270 1299 1455 1417 1443 1445 1384 1326 1234 1151 
759 841 954 1178 1193 1389 1481 1432 1496 1480 1447 1335 1276 1093 
746 868 1018 1120 1205 1363 1458 1439 1511 1508 1492 1366 1297 1183 
759 904 1023 1088 1210 1361 1430 1470 1488 1505 1462 1326 1278 1183 
763 868 1046 1143 1258 1377 1486 1436 1522 1452 1502 1332 1247 1111 
766 829 979 1142 1271 1404 1429 1508 1534 1438 1427 1333 1208 1100 
712 880 965 1168 1303 1339 1501 1452 1494 1431 1415 1368 1230 1175 
729 905 1004 1110 1199 1294 1368 1544 1541 1492 1425 1353 1239 1122 
765 855 976 1113 1311 1286 1473 1528 1552 1451 1501 1324 1262 1104 
773 878 981 1176 1263 1419 1383 1446 1428 1479 1436 1349 1299 1167 
767 841 982 1153 1269 1391 1384 1469 1452 1518 1441 1381 1275 1092 
760 851 1015 1159 1285 1299 1411 1511 1545 1456 1493 1288 1244 1091 
773 889 995 1095 1262 1361 1439 1489 1495 1555 1470 1341 1223 1120 
745 868 994 1177 1203 1365 1436 1512 1549 1442 1500 1343 1308 1097 
761 907 982 1082 1279 1416 1409 1516 1508 1546 1377 1363 1190 1081 
746 912 973 1073 1229 1303 1469 1445 1433 1418 1407 1348 1247 1088 
743 841 1020 1136 1240 1362 1436 1456 1551 1456 1490 1298 1229 1168 
715 870 1040 1073 1197 1326 1388 1522 1442 1526 1366 1380 1252 1095 
740 898 973 1084 1266 1394 1378 1537 1494 1545 1492 1289 1235 1160 
785 876 1037 1099 1224 1306 1424 1496 1570 1434 1434 1333 1266 1149 
742 885 959 1077 1218 1403 1441 1479 1468 1419 1468 1315 1221 1106 
736 868 984 1088 1294 1287 1408 1462 1552 1472 1453 1352 1300 1183 
772 891 1019 1082 1273 1340 1474 1447 1529 1415 1487 1382 1286 1133 
758 852 1004 1110 1256 1286 1420 1419 1471 1539 1372 1400 1262 1109 
733 843 964 1152 1293 1318 1374 1469 1492 1553 1377 1301 1277 1088 
757 858 974 1143 1214 1335 1390 1413 1479 1418 1362 1296 1257 1099 
767 881 993 1179 1288 1291 1419 1545 1530 1487 1444 1306 1308 1109 
715 865 1001 1102 1197 1294 1428 1497 1501 1456 1416 1383 1250 1094 
732 872 982 1152 1199 1288 1393 1478 1489 1443 1490 1393 1263 1142 
777 904 973 1097 1310 1378 1435 1540 1526 1489 1364 1362 1302 1142 
745 835 1017 1075 1190 1364 1469 1489 1457 1506 1471 1309 1192 1161 
732 834 952 1168 1269 1327 1497 1448 1556 1539 1415 1399 1273 1145 
724 868 985 1108 1306 1309 1441 1449 1555 1452 1433 1363 1229 1132 
