10 2 20
8 50
1700 77 85 96 112 130 149 169 187 203 214 
100000 5170 5669 6464 7499 8705 9999 11294 12499 13535 14330 
1482 1433 1353 1250 1129 1000 870 750 
637 539 
673 591 
614 588 
624 567 
662 549 
672 579 
670 582 
667 546 
674 558 
625 579 
618 567 
672 581 
614 552 
648 570 
670 588 
669 540 
647 572 
656 567 
644 567 
662 559 
652 576 
647 561 
625 580 
627 582 
651 577 
619 560 
634 568 
671 568 
664 545 
645 571 
623 550 
634 580 
671 586 
645 568 
643 540 
615 586 
647 548 
634 576 
633 578 
621 589 
635 585 
616 569 
634 578 
629 582 
636 578 
614 592 
627 567 
668 552 
666 565 
678 592 
