50 3 20
26 5
850 75 77 85 96 112 130 149 169 187 203 214 222 225 222 214 203 187 169 150 130 112 96 85 77 75 77 85 96 112 130 149 169 187 203 214 222 225 222 214 203 187 169 150 130 112 96 85 77 75 77 
850 100 103 113 129 149 174 199 225 249 270 286 296 300 296 286 270 250 225 200 174 150 129 113 103 100 103 113 129 149 174 199 225 249 270 286 296 300 296 286 270 250 225 200 174 150 129 113 103 100 103 
100000 5000 5170 5669 6464 7499 8705 9999 11294 12499 13535 14330 14829 15000 14829 14330 13535 12500 11294 10000 8705 7500 6464 5669 5170 5000 5170 5669 6464 7499 8705 9999 11294 12499 13535 14330 14829 15000 14829 14330 13535 12500 11294 10000 8705 7500 6464 5669 5170 5000 5170 
1499 1482 1433 1353 1250 1129 1000 870 750 646 566 517 500 517 566 646 749 870 999 1129 1249 1353 1433 1482 1499 1482 
1483 1344 1238 1108 1019 913 713 677 541 507 488 541 553 642 757 913 952 1123 1279 1326 1424 1510 1568 1496 
1419 1309 1282 1104 999 837 722 615 562 493 478 518 551 646 741 884 968 1160 1230 1378 1460 1501 1482 1508 
1500 1354 1223 1093 1046 847 725 671 555 518 503 513 570 644 717 845 1038 1108 1270 1328 1499 1494 1487 1454 
1444 1417 1253 1085 1034 829 732 658 539 493 484 529 553 617 774 842 972 1148 1216 1350 1460 1471 1555 1525 
1388 1313 1190 1175 1047 898 715 670 544 495 476 510 542 637 781 893 1017 1092 1284 1388 1467 1504 1437 1515 
