20 6 20
11 100
340 150 130 112 96 85 77 75 77 85 96 112 130 149 169 187 203 214 222 225 222 
340 200 174 150 129 113 103 100 103 113 129 149 174 199 225 249 270 286 296 300 296 
340 250 217 187 161 141 129 125 129 141 161 187 217 249 282 312 338 358 370 375 370 
340 300 261 225 193 170 155 150 155 170 193 224 261 299 338 374 406 429 444 450 444 
340 350 304 262 226 198 180 175 180 198 226 262 304 349 395 437 473 501 519 525 519 
100000 10000 8705 7500 6464 5669 5170 5000 5170 5669 6464 7499 8705 9999 11294 12499 13535 14330 14829 15000 14829 
1000 1129 1249 1353 1433 1482 1499 1482 1433 1353 1250 
1089 998 882 758 614 563 495 495 491 
1095 1034 827 729 619 581 505 518 521 
1116 983 850 730 631 550 503 492 519 
1113 1041 862 757 619 591 519 502 516 
1167 1036 837 787 677 539 492 482 519 
1148 1034 875 775 661 541 540 518 512 
1185 1049 908 723 637 584 523 518 494 
1091 1012 838 720 668 589 523 484 514 
1143 954 901 727 645 560 533 502 523 
1143 957 896 774 634 589 494 496 522 
1173 1036 851 732 638 595 512 498 508 
1118 1025 889 715 628 559 530 515 517 
1158 1024 893 764 658 572 498 503 533 
1166 965 876 786 665 583 508 484 516 
1132 973 832 714 650 587 496 517 505 
1096 973 894 765 638 549 493 507 536 
1079 972 851 782 647 567 533 483 511 
1178 953 913 765 624 562 491 520 516 
1131 1037 887 746 639 582 536 523 527 
1083 1022 848 733 644 562 507 518 520 
1161 1014 893 784 621 567 540 506 507 
1145 1024 908 780 663 551 494 495 526 
1148 1025 869 744 632 589 509 478 504 
1106 950 902 757 616 567 503 510 518 
1089 972 847 784 650 594 495 478 522 
1183 956 830 728 640 552 516 520 513 
1109 1049 844 782 621 576 525 481 519 
1181 1021 830 729 673 544 541 519 526 
1085 1045 898 782 622 564 531 493 498 
1095 962 890 752 648 594 520 498 541 
1087 986 897 752 620 588 516 498 529 
1146 971 906 732 643 579 495 486 520 
1097 1027 863 754 638 559 497 511 510 
1123 1032 894 745 617 566 523 499 530 
1074 979 830 766 645 577 504 492 495 
1178 971 877 740 641 549 527 496 498 
1087 1046 909 729 615 546 527 511 517 
1157 972 839 735 659 559 527 506 524 
1136 999 881 779 639 579 519 493 501 
1125 1048 847 752 650 580 527 479 511 
1148 1027 900 752 625 559 499 480 516 
1123 1008 876 764 669 591 542 490 506 
1137 986 892 721 646 543 495 504 536 
1105 1015 830 783 671 544 530 515 503 
1073 1040 829 724 668 557 514 490 524 
1151 986 877 780 652 559 513 522 502 
1172 967 879 727 670 578 510 484 526 
1166 1021 889 751 669 576 497 492 513 
1159 1040 834 736 620 548 517 479 521 
1183 1035 863 737 661 584 495 487 528 
1109 970 874 713 639 584 514 498 502 
1117 1044 867 752 646 553 538 522 541 
1153 956 897 777 620 590 515 515 504 
1128 1010 882 734 616 559 498 517 498 
1180 1039 905 716 645 584 525 479 532 
1119 1041 857 776 650 551 534 505 527 
1166 954 910 716 620 540 512 480 524 
1096 997 897 719 674 544 523 485 531 
1104 955 897 780 628 578 537 495 539 
1122 1000 888 718 670 579 505 497 520 
1113 1009 848 731 664 570 515 499 501 
1119 993 911 723 619 588 491 495 518 
1154 983 827 750 659 585 516 503 501 
1082 983 885 741 661 575 498 521 507 
1159 1013 872 747 622 559 509 495 493 
1154 1041 874 758 631 542 532 505 506 
1183 1049 845 717 667 570 532 503 520 
1176 1014 861 723 677 554 499 482 539 
1184 979 841 780 668 572 509 500 525 
1092 1035 828 761 654 593 497 515 519 
1146 1047 903 750 623 562 497 511 513 
1119 1006 837 725 619 592 512 523 534 
1081 1034 871 764 669 539 519 493 528 
1135 966 862 751 618 550 514 518 503 
1140 1005 910 733 625 551 517 508 534 
1083 979 881 766 619 588 535 476 537 
1146 979 865 768 674 561 515 523 524 
1123 1040 879 767 661 581 520 481 536 
1137 1005 872 730 655 542 510 504 502 
1183 1048 843 782 668 568 501 508 515 
1081 1015 832 783 653 548 539 500 541 
1093 1030 888 765 621 577 539 508 513 
1128 962 884 765 621 558 527 508 520 
1102 963 883 728 636 564 494 501 512 
1177 998 860 766 659 595 503 482 533 
1101 992 864 755 620 572 507 510 492 
1174 995 907 734 652 585 498 489 537 
1145 951 876 769 639 548 507 482 503 
1143 1030 909 717 661 555 518 501 516 
1107 1006 885 724 636 589 494 484 507 
1081 969 858 748 639 544 506 492 542 
1179 957 857 712 650 540 515 480 521 
1161 1047 879 728 628 556 505 485 530 
1099 980 861 753 625 560 542 508 506 
1096 1042 861 771 666 539 512 522 518 
1144 1034 829 734 668 562 528 478 538 
1094 1013 827 778 637 589 497 481 529 
1138 972 894 717 650 579 533 477 515 
1091 1009 831 730 625 588 518 514 510 
1173 966 885 729 651 561 541 492 524 
