50 2 20
26 10
1700 85 96 112 130 149 169 187 203 214 222 225 222 214 203 187 169 150 130 112 96 85 77 75 77 85 96 112 130 149 169 187 203 214 222 225 222 214 203 187 169 150 130 112 96 85 77 75 77 85 96 
100000 5669 6464 7499 8705 9999 11294 12499 13535 14330 14829 15000 14829 14330 13535 12500 11294 10000 8705 7500 6464 5669 5170 5000 5170 5669 6464 7499 8705 9999 11294 12499 13535 14330 14829 15000 14829 14330 13535 12500 11294 10000 8705 7500 6464 5669 5170 5000 5170 5669 6464 
1433 1353 1250 1129 1000 870 750 646 566 517 500 517 566 646 749 870 999 1129 1249 1353 1433 1482 1499 1482 1433 1353 
1438 1053 838 778 765 719 657 536 481 544 541 544 798 811 969 925 1203 1253 1181 1572 1326 1532 1539 1141 
1487 1127 1001 853 647 645 509 578 588 613 559 747 734 1037 875 1109 1291 1133 1349 1350 1578 1770 1625 1374 
1083 943 955 810 713 768 539 581 485 553 601 530 864 953 936 1313 1439 1140 1151 1186 1251 1575 1682 1218 
1008 1159 1158 999 858 577 521 491 477 611 678 649 897 733 1041 1178 1272 1099 1582 1366 1238 1398 1158 1150 
1433 1332 1145 1005 671 580 587 492 452 445 558 594 862 795 1177 1319 1369 1441 1361 1457 1232 1612 1673 1392 
1429 1225 854 710 888 608 459 617 411 578 655 704 642 965 1128 1170 1417 1110 1268 1673 1588 1741 1212 1559 
1428 928 1102 784 612 551 476 437 575 612 634 758 686 808 927 1070 1282 1100 1530 1496 1506 1698 1442 1607 
1112 1150 814 882 790 668 540 476 469 428 469 732 869 788 859 1354 1032 1142 1430 1489 1337 1458 1187 1348 
1243 969 999 745 756 705 631 609 577 418 574 615 827 772 1012 1164 1388 1483 1707 1764 1221 1557 1305 1259 
1432 1171 1074 743 732 658 607 603 575 561 542 589 846 757 1178 1038 1120 1600 1160 1273 1443 1432 1471 1323 
