20 6 20
7 100
340 96 85 77 75 77 85 96 112 130 149 169 187 203 214 222 225 222 214 203 187 
340 129 113 103 100 103 113 129 149 174 199 225 249 270 286 296 300 296 286 270 250 
340 161 141 129 125 129 141 161 187 217 249 282 312 338 358 370 375 370 358 338 312 
340 193 170 155 150 155 170 193 224 261 299 338 374 406 429 444 450 444 429 406 375 
340 226 198 180 175 180 198 226 262 304 349 395 437 473 501 519 525 519 501 473 437 
100000 6464 5669 5170 5000 5170 5669 6464 7499 8705 9999 11294 12499 13535 14330 14829 15000 14829 14330 13535 12500 
1353 1433 1482 1499 1482 1433 1353 
1447 1053 874 834 637 598 627 491 412 567 494 735 660 
1393 1085 1141 994 775 603 526 619 510 455 590 746 714 
1478 1019 880 901 611 658 641 596 512 584 487 602 695 
1183 1318 994 911 813 655 569 498 441 596 567 690 819 
1248 1308 991 786 662 608 644 488 417 596 598 567 835 
1305 1221 847 734 600 653 567 609 579 518 640 603 670 
1118 1210 1144 939 845 708 475 472 525 478 526 519 756 
1284 1010 1063 1042 605 745 659 447 472 512 602 556 683 
1203 1327 1093 790 629 573 644 440 589 503 624 561 617 
1329 1157 1096 707 799 723 498 505 456 566 650 602 867 
1171 957 926 992 684 558 603 470 407 536 660 760 760 
1195 1082 1074 800 696 582 494 529 499 466 532 602 611 
1049 1059 1140 888 730 619 561 500 457 486 535 667 647 
1151 1348 1131 857 631 765 512 530 429 435 670 551 667 
1115 1126 1192 977 784 607 493 549 531 591 587 771 795 
1381 1197 861 756 881 634 483 414 491 418 596 548 751 
1447 1012 1076 804 824 618 573 541 462 521 678 736 675 
1120 1271 1016 799 877 722 479 464 491 587 590 563 775 
1175 1102 986 923 703 741 664 432 479 430 623 647 824 
1360 1097 1067 922 820 644 533 483 464 440 501 691 873 
1258 1217 1135 1015 621 573 484 456 451 523 526 529 688 
1278 1092 978 823 776 655 596 540 432 540 606 688 735 
1292 1303 1108 891 872 532 566 518 595 451 670 592 693 
1329 1109 1133 721 817 703 500 577 407 502 659 744 640 
1123 1185 1104 972 634 574 509 598 400 495 670 758 846 
1381 1091 1071 961 837 691 489 560 472 613 575 524 698 
1200 1340 949 1021 630 774 632 497 561 556 634 664 708 
1489 1210 1147 737 712 699 576 549 529 516 550 738 761 
1135 959 1085 732 639 757 672 581 442 486 654 761 842 
1279 1043 976 785 785 600 619 572 569 525 611 766 643 
1272 1043 910 909 702 544 674 486 475 620 461 709 616 
1306 1157 832 779 802 765 652 553 516 542 613 736 816 
1162 1319 885 931 604 541 514 587 459 516 557 680 676 
1248 1062 1109 990 664 538 655 542 449 523 648 773 855 
1074 954 1053 830 605 640 565 494 594 529 647 550 709 
1197 1292 1173 827 706 552 504 492 589 568 567 596 787 
1102 994 983 740 823 700 640 520 521 505 509 647 756 
1141 1126 827 725 660 699 474 487 501 435 677 580 727 
1278 908 816 869 845 587 610 518 415 430 490 616 791 
1368 1114 1150 797 682 707 530 475 478 598 566 649 605 
1131 1134 1003 942 838 570 523 499 420 578 582 710 624 
1475 1254 922 790 760 612 494 562 579 465 505 666 607 
1376 984 827 837 705 577 491 612 456 446 587 746 722 
1291 1089 1089 815 732 762 576 474 466 454 575 681 820 
1236 1328 1033 965 767 650 468 528 597 525 482 713 819 
1299 1343 986 708 605 770 660 524 463 572 501 639 748 
1353 1208 862 864 871 711 549 550 414 473 522 702 685 
1059 1183 1096 729 779 705 651 613 441 439 534 642 828 
1070 1056 927 832 726 584 553 581 493 452 565 528 859 
1463 1289 847 877 671 597 662 524 410 589 614 521 887 
1249 1099 981 1005 817 637 676 467 463 572 489 645 678 
1095 1143 874 888 870 694 642 497 516 416 549 745 750 
1447 1239 931 705 763 709 599 553 439 580 647 599 873 
1141 1320 1043 919 623 590 505 588 544 429 472 610 805 
1275 1336 1071 809 776 737 555 477 563 506 535 733 696 
1457 966 1015 825 778 743 525 443 529 499 479 764 694 
1006 1252 1163 978 891 520 556 517 502 561 645 631 763 
1225 1327 1138 908 772 593 593 547 542 434 572 753 600 
1412 942 1052 1013 624 723 614 418 547 575 494 663 788 
1218 1173 835 1022 663 550 476 551 411 520 680 561 813 
1342 990 895 808 646 693 603 536 405 415 635 518 817 
1438 943 863 783 691 754 669 437 531 613 580 705 719 
1156 1306 967 1002 720 670 638 424 460 445 641 629 657 
1157 1323 866 906 667 757 558 482 514 421 547 654 660 
1169 1063 1161 822 743 702 575 439 546 557 517 549 655 
1289 974 868 785 614 722 647 468 469 478 616 593 787 
1346 958 1195 801 600 600 597 584 508 613 475 679 702 
1251 1343 1062 1026 793 657 519 418 495 588 460 696 685 
1279 1244 843 946 863 757 504 491 429 534 502 620 737 
1219 1143 870 1011 882 535 620 569 536 493 670 575 876 
1227 975 843 908 887 557 662 577 501 500 644 685 850 
1188 973 843 836 752 613 517 488 455 580 606 623 752 
1385 1092 966 812 651 624 533 468 529 564 567 642 615 
1046 1068 1194 845 839 586 595 461 585 440 607 522 647 
1184 909 923 719 720 638 641 459 542 520 658 760 886 
1406 973 823 723 824 584 567 598 512 617 473 547 630 
1105 1049 927 1014 644 671 618 539 501 532 547 579 843 
1083 1259 1083 885 866 738 632 500 595 472 658 630 627 
1317 1012 1181 1029 846 581 568 576 445 451 586 732 737 
1371 947 1149 756 723 699 466 619 519 580 649 772 644 
1163 1169 1028 825 621 553 563 435 571 529 601 769 638 
1021 1111 971 789 850 628 583 487 572 566 575 669 722 
1272 1050 800 938 785 729 646 561 443 421 508 558 804 
1094 1051 1111 953 801 693 458 612 511 457 517 606 817 
1086 1199 1007 748 790 635 560 518 406 500 538 696 618 
1446 1064 904 916 860 723 568 429 441 422 493 613 861 
1010 1107 1016 895 829 592 456 533 453 565 477 556 801 
1116 1078 921 770 788 548 540 612 574 517 501 715 612 
1460 971 951 981 895 767 516 610 492 583 471 731 882 
1097 940 1104 822 650 742 465 447 565 505 558 592 649 
1427 975 1087 818 854 706 627 548 479 492 659 751 811 
1439 1030 1147 879 712 678 513 495 532 590 657 684 895 
1021 1215 1085 1041 876 758 610 598 547 550 602 647 782 
1225 1175 849 739 746 679 456 495 454 454 549 596 834 
1499 1280 853 854 727 653 521 581 403 616 557 542 895 
1154 1179 1098 746 670 658 459 481 553 455 622 701 632 
1149 1039 804 1023 853 762 456 548 567 549 557 681 842 
1164 1218 869 848 840 538 476 617 483 540 631 714 768 
1381 1134 927 1018 890 746 583 609 549 488 606 568 872 
1227 1221 825 997 822 525 589 502 454 515 655 561 733 
