20 6 20
15 10
340 112 130 149 169 187 203 214 222 225 222 214 203 187 169 150 130 112 96 85 77 
340 149 174 199 225 249 270 286 296 300 296 286 270 250 225 200 174 150 129 113 103 
340 187 217 249 282 312 338 358 370 375 370 358 338 312 282 250 217 187 161 141 129 
340 224 261 299 338 374 406 429 444 450 444 429 406 375 338 300 261 225 193 170 155 
340 262 304 349 395 437 473 501 519 525 519 501 473 437 395 350 304 262 226 198 180 
100000 7499 8705 9999 11294 12499 13535 14330 14829 15000 14829 14330 13535 12500 11294 10000 8705 7500 6464 5669 5170 
1250 1129 1000 870 750 646 566 517 500 517 566 646 749 870 999 
1149 1205 1406 1444 1416 
1133 1232 1387 1423 1546 
1176 1264 1388 1426 1546 
1128 1244 1321 1382 1542 
1076 1201 1410 1421 1470 
1156 1307 1385 1451 1445 
1185 1306 1401 1393 1459 
1126 1253 1401 1421 1494 
1136 1270 1337 1372 1443 
1096 1309 1291 1486 1456 
