20 2 20
15 50
1700 77 85 96 112 130 149 169 187 203 214 222 225 222 214 203 187 169 150 130 112 
100000 5170 5669 6464 7499 8705 9999 11294 12499 13535 14330 14829 15000 14829 14330 13535 12500 11294 10000 8705 7500 
1482 1433 1353 1250 1129 1000 870 750 646 566 517 500 517 566 646 
834 787 1093 1105 1397 
655 880 811 995 1155 
787 930 960 1192 1013 
867 942 834 1277 1178 
837 732 1109 923 1291 
854 733 1035 1173 1013 
721 920 882 910 1309 
793 959 928 923 1377 
621 1043 976 1086 1124 
635 701 884 1014 1437 
743 925 892 1091 1465 
706 752 1199 1236 1128 
759 899 865 1188 1405 
726 1035 868 1131 1376 
805 719 920 1004 1366 
717 801 829 1023 1318 
836 948 1095 1239 1237 
856 728 995 1255 1269 
804 883 1190 1161 1352 
612 984 1016 1063 1056 
760 962 942 1349 1291 
803 767 909 1079 1390 
815 736 892 1212 1106 
767 847 973 1339 1034 
688 917 875 1095 1342 
749 786 1176 1275 1204 
721 793 869 947 1283 
825 1027 804 1196 1205 
654 1038 1156 1270 1411 
832 902 1107 1293 1320 
855 1026 1166 1093 1301 
792 782 934 1196 1299 
815 706 1149 990 1301 
892 840 1128 1254 1421 
887 1003 874 1302 1456 
636 747 1192 1205 1378 
708 844 1057 989 1095 
601 823 1050 948 1265 
687 877 1107 1071 1295 
628 990 833 1168 1436 
835 960 845 1121 1382 
649 868 1057 965 1129 
696 914 949 996 1414 
625 700 982 904 1268 
755 1044 880 1090 1289 
713 866 1179 1247 1287 
710 974 815 1047 1099 
819 737 1189 1330 1102 
620 882 1012 992 1092 
862 867 853 1181 1409 
