50 3 20
36 10
850 150 130 112 96 85 77 75 77 85 96 112 130 149 169 187 203 214 222 225 222 214 203 187 169 150 130 112 96 85 77 75 77 85 96 112 130 149 169 187 203 214 222 225 222 214 203 187 169 150 130 
850 200 174 150 129 113 103 100 103 113 129 149 174 199 225 249 270 286 296 300 296 286 270 250 225 200 174 150 129 113 103 100 103 113 129 149 174 199 225 249 270 286 296 300 296 286 270 250 225 200 174 
100000 10000 8705 7500 6464 5669 5170 5000 5170 5669 6464 7499 8705 9999 11294 12499 13535 14330 14829 15000 14829 14330 13535 12500 11294 10000 8705 7500 6464 5669 5170 5000 5170 5669 6464 7499 8705 9999 11294 12499 13535 14330 14829 15000 14829 14330 13535 12500 11294 10000 8705 
1000 1129 1249 1353 1433 1482 1499 1482 1433 1353 1250 1129 1000 870 750 646 566 517 500 517 566 646 749 870 999 1129 1249 1353 1433 1482 1499 1482 1433 1353 1250 1129 
903 903 669 655 459 561 510 563 567 690 881 893 1076 1291 
997 830 659 559 669 489 569 518 647 612 623 700 816 1290 
812 741 604 564 590 588 458 599 535 600 697 815 1052 1345 
844 780 789 648 462 514 592 572 481 742 694 1043 859 1329 
1101 829 875 708 542 496 415 538 638 751 813 981 839 1112 
903 773 831 735 642 538 506 460 584 527 634 1040 846 1320 
846 907 811 737 479 550 435 450 674 597 687 824 1046 1059 
1015 1014 646 556 463 417 540 553 597 721 817 954 1067 948 
896 977 814 756 627 523 540 473 522 560 777 908 892 1020 
882 895 737 664 517 493 530 570 533 643 878 946 1011 1143 
