20 2 20
15 100
1700 75 77 85 96 112 130 149 169 187 203 214 222 225 222 214 203 187 169 150 130 
100000 5000 5170 5669 6464 7499 8705 9999 11294 12499 13535 14330 14829 15000 14829 14330 13535 12500 11294 10000 8705 
1499 1482 1433 1353 1250 1129 1000 870 750 646 566 517 500 517 566 
668 781 837 1049 1102 
628 716 827 1008 1148 
675 717 888 1034 1167 
631 733 840 1024 1102 
656 755 850 955 1177 
658 750 866 1027 1151 
660 758 882 964 1080 
675 770 843 1032 1096 
678 775 850 1038 1101 
635 766 881 978 1167 
617 713 851 1022 1178 
626 759 884 985 1169 
616 760 860 957 1173 
636 714 849 965 1161 
616 715 882 1033 1121 
629 717 861 1013 1131 
662 777 834 977 1088 
663 723 831 964 1080 
619 714 889 959 1092 
625 725 877 993 1104 
618 768 848 1010 1073 
676 731 859 963 1170 
670 773 901 999 1163 
677 731 858 1016 1077 
620 779 871 978 1146 
634 721 878 974 1109 
662 747 904 1016 1124 
650 772 903 1003 1145 
623 742 845 1046 1181 
636 721 836 988 1074 
663 721 851 995 1120 
614 743 858 1022 1135 
620 738 858 987 1158 
674 726 845 1043 1136 
618 750 872 1000 1171 
615 763 860 1042 1158 
614 715 841 1036 1154 
641 755 888 975 1091 
674 782 909 1026 1145 
655 748 900 987 1119 
650 740 876 999 1117 
648 755 882 1032 1172 
619 721 852 1015 1080 
643 763 896 1016 1180 
625 751 845 964 1096 
618 782 912 1012 1127 
643 760 828 1047 1157 
629 758 885 996 1076 
641 749 860 997 1091 
670 721 882 1010 1178 
640 744 904 951 1123 
630 752 831 1002 1100 
642 773 855 1043 1173 
639 734 866 1024 1180 
626 716 891 970 1147 
626 729 876 996 1160 
625 753 867 1041 1166 
621 713 902 1028 1172 
660 738 906 1011 1114 
676 785 827 1032 1183 
620 732 902 963 1101 
636 760 892 1035 1125 
659 773 855 1015 1123 
631 723 839 1025 1097 
616 717 891 981 1158 
649 741 911 976 1131 
676 766 883 983 1080 
631 760 878 956 1152 
619 720 905 980 1089 
656 784 867 1019 1097 
678 721 879 993 1164 
629 741 833 1020 1162 
615 787 852 1018 1090 
661 775 835 1032 1181 
655 765 889 1041 1140 
638 787 850 1006 1133 
619 738 869 1047 1185 
627 720 854 1045 1132 
620 777 885 1032 1114 
677 716 902 1019 1163 
674 772 828 1001 1099 
622 772 893 992 1137 
665 761 878 984 1130 
665 784 903 1029 1171 
633 718 895 971 1173 
663 765 895 1000 1183 
654 727 854 1034 1168 
676 778 899 1047 1162 
628 785 840 954 1102 
673 769 842 995 1111 
677 732 829 1024 1129 
643 754 904 1027 1118 
639 726 832 1017 1132 
621 766 827 1006 1183 
619 740 859 974 1086 
617 774 875 992 1108 
656 774 892 951 1119 
638 743 897 1029 1145 
617 728 854 992 1178 
628 739 828 972 1146 
