10 11 20
4 100
170 130 112 96 85 77 75 77 85 96 112 
170 174 150 129 113 103 100 103 113 129 149 
170 217 187 161 141 129 125 129 141 161 187 
170 261 225 193 170 155 150 155 170 193 224 
170 304 262 226 198 180 175 180 198 226 262 
170 348 300 258 226 206 200 206 226 258 299 
170 391 337 290 255 232 225 232 255 290 337 
170 435 375 323 283 258 250 258 283 323 374 
170 478 412 355 311 284 275 284 311 355 412 
170 522 450 387 340 310 300 310 340 387 449 
100000 8705 7500 6464 5669 5170 5000 5170 5669 6464 7499 
1129 1249 1353 1433 
1448 1563 1571 1470 1206 1422 
1281 1364 1524 1624 1566 1384 
1585 1671 1307 1400 1324 1087 
1538 1545 1335 1633 1188 1104 
1250 1686 1386 1641 1318 1174 
1186 1522 1740 1588 1365 1477 
1609 1451 1422 1460 1200 1111 
1492 1273 1248 1424 1448 1348 
1549 1272 1608 1411 1378 1047 
1254 1404 1460 1277 1317 1065 
1274 1286 1392 1525 1621 1263 
1622 1785 1388 1407 1397 1488 
1424 1792 1228 1446 1555 1375 
1609 1459 1650 1564 1535 1180 
1609 1793 1364 1174 1608 1270 
1646 1721 1661 1191 1310 1082 
1326 1673 1363 1347 1454 1486 
1427 1341 1691 1540 1419 1265 
1213 1276 1448 1164 1381 1479 
1679 1451 1223 1344 1111 1088 
1689 1713 1655 1467 1457 1496 
1454 1262 1326 1469 1590 1326 
1659 1550 1648 1343 1226 1489 
1749 1529 1283 1576 1192 1111 
1473 1719 1357 1506 1286 1288 
1715 1749 1350 1361 1418 1264 
1540 1392 1715 1650 1379 1475 
1245 1373 1298 1431 1534 1329 
1369 1567 1515 1619 1206 1175 
1513 1248 1255 1489 1359 1409 
1721 1611 1518 1603 1303 1198 
1257 1768 1634 1196 1304 1116 
1594 1289 1750 1442 1538 1256 
1729 1732 1552 1393 1438 1226 
1613 1351 1346 1156 1596 1198 
1495 1602 1398 1300 1088 1349 
1399 1385 1703 1621 1558 1457 
1714 1354 1271 1401 1283 1218 
1309 1214 1538 1191 1514 1186 
1302 1418 1530 1359 1273 1398 
1455 1558 1225 1550 1585 1258 
1437 1703 1317 1489 1176 1013 
1270 1211 1448 1363 1283 1111 
1759 1793 1310 1158 1435 1312 
1434 1480 1676 1340 1203 1111 
1196 1510 1228 1508 1409 1143 
1346 1330 1300 1596 1110 1420 
1209 1348 1302 1264 1293 1187 
1657 1773 1219 1698 1210 1041 
1243 1355 1201 1627 1583 1001 
1499 1745 1598 1507 1196 1009 
1373 1574 1486 1575 1586 1221 
1705 1626 1308 1164 1166 1438 
1349 1417 1664 1270 1450 1494 
1271 1431 1275 1184 1152 1354 
1534 1690 1689 1220 1105 1461 
1334 1428 1247 1587 1207 1039 
1466 1239 1594 1702 1152 1384 
1543 1219 1698 1609 1499 1333 
1538 1524 1340 1547 1221 1232 
1307 1432 1556 1202 1083 1088 
1737 1519 1502 1389 1396 1309 
1484 1667 1702 1287 1328 1240 
1765 1615 1538 1294 1155 1257 
1195 1240 1352 1683 1290 1194 
1229 1335 1603 1307 1391 1498 
1348 1763 1450 1683 1287 1477 
1237 1748 1692 1150 1294 1463 
1247 1316 1568 1649 1435 1368 
1356 1579 1686 1299 1587 1169 
1645 1444 1472 1409 1105 1444 
1586 1506 1438 1658 1571 1478 
1226 1723 1587 1282 1235 1258 
1498 1433 1505 1236 1483 1121 
1639 1349 1626 1523 1364 1105 
1462 1651 1286 1322 1398 1309 
1545 1682 1724 1422 1450 1058 
1677 1655 1693 1241 1149 1007 
1337 1593 1769 1294 1424 1255 
1538 1532 1420 1239 1156 1213 
1355 1763 1490 1161 1498 1116 
1595 1502 1629 1556 1600 1297 
1618 1365 1760 1634 1603 1461 
1732 1512 1607 1355 1454 1254 
1314 1492 1336 1384 1336 1222 
1379 1272 1390 1480 1314 1427 
1329 1752 1388 1294 1511 1201 
1321 1428 1624 1508 1238 1045 
1528 1393 1353 1644 1109 1089 
1652 1470 1248 1385 1344 1139 
1414 1590 1414 1298 1553 1184 
1352 1664 1618 1550 1239 1182 
1204 1645 1690 1266 1267 1020 
1762 1602 1696 1512 1156 1008 
1275 1336 1566 1572 1120 1360 
1642 1464 1191 1682 1411 1364 
1189 1570 1696 1240 1537 1255 
1488 1594 1614 1548 1442 1150 
1562 1769 1437 1222 1591 1118 
1264 1661 1395 1279 1535 1194 
