5 3 20
3 50
850 85 77 75 77 85 
850 113 103 100 103 113 
100000 5669 5170 5000 5170 5669 
1433 1482 1499 
1714 1599 
1374 1642 
1719 1195 
708 1022 
1170 2244 
1731 2205 
870 1253 
1999 1775 
2198 1215 
1667 1991 
1292 1599 
2308 1102 
1108 1867 
1107 2211 
1488 1695 
632 1076 
1193 856 
1862 1819 
2314 856 
650 2013 
1181 973 
1600 1260 
656 1090 
1903 2256 
1264 2272 
1811 1714 
685 1988 
1427 2033 
1784 723 
1325 1542 
1754 1416 
2283 1087 
1694 1258 
2060 1977 
2088 2008 
2290 2110 
2142 2237 
2090 1416 
2259 1113 
2107 1062 
927 1193 
952 688 
1304 2020 
638 2209 
975 1217 
1167 2071 
1538 1751 
897 1141 
796 795 
639 2092 
