10 2 20
6 50
1700 77 75 77 85 96 112 130 149 169 187 
100000 5170 5000 5170 5669 6464 7499 8705 9999 11294 12499 
1482 1499 1482 1433 1353 1250 
487 514 644 622 
780 1203 802 882 
531 954 849 1048 
1528 1169 360 591 
645 1418 824 584 
1306 1221 1362 1147 
1159 1444 714 710 
1316 1201 479 1021 
525 1198 975 639 
650 1005 376 638 
1753 1192 1033 779 
941 1426 1247 841 
1733 648 423 699 
685 1241 1109 339 
1392 506 1364 569 
913 1349 660 1150 
1457 1498 1276 692 
519 1564 1218 427 
1430 853 1368 927 
1602 848 965 1066 
1787 866 979 892 
1744 1007 978 614 
1260 510 681 966 
1716 623 1215 756 
1408 1301 541 463 
1492 849 1060 487 
852 1014 871 1108 
836 1446 1317 880 
858 441 1272 492 
1753 1469 1360 737 
589 412 1127 717 
606 1012 861 1125 
999 1055 471 730 
1072 1592 864 805 
1095 912 1266 1139 
497 1590 1071 544 
1494 702 701 825 
1158 1141 655 1015 
1707 933 557 636 
1703 870 504 591 
639 571 1298 666 
1294 486 646 1115 
1668 1551 722 1029 
1551 816 1182 965 
612 1141 1375 714 
873 897 495 608 
1307 956 585 831 
1462 913 1149 837 
528 1423 740 543 
593 1388 519 897 
