20 6 20
15 1
340 130 112 96 85 77 75 77 85 96 112 130 149 169 187 203 214 222 225 222 214 
340 174 150 129 113 103 100 103 113 129 149 174 199 225 249 270 286 296 300 296 286 
340 217 187 161 141 129 125 129 141 161 187 217 249 282 312 338 358 370 375 370 358 
340 261 225 193 170 155 150 155 170 193 224 261 299 338 374 406 429 444 450 444 429 
340 304 262 226 198 180 175 180 198 226 262 304 349 395 437 473 501 519 525 519 501 
100000 8705 7500 6464 5669 5170 5000 5170 5669 6464 7499 8705 9999 11294 12499 13535 14330 14829 15000 14829 14330 
1129 1249 1353 1433 1482 1499 1482 1433 1353 1250 1129 1000 870 750 646 
607 255 273 436 531 
