20 6 20
7 100
340 96 85 77 75 77 85 96 112 130 149 169 187 203 214 222 225 222 214 203 187 
340 129 113 103 100 103 113 129 149 174 199 225 249 270 286 296 300 296 286 270 250 
340 161 141 129 125 129 141 161 187 217 249 282 312 338 358 370 375 370 358 338 312 
340 193 170 155 150 155 170 193 224 261 299 338 374 406 429 444 450 444 429 406 375 
340 226 198 180 175 180 198 226 262 304 349 395 437 473 501 519 525 519 501 473 437 
100000 6464 5669 5170 5000 5170 5669 6464 7499 8705 9999 11294 12499 13535 14330 14829 15000 14829 14330 13535 12500 
1353 1433 1482 1499 1482 1433 1353 
1216 1099 1036 899 762 648 566 509 522 536 570 660 734 
1191 1079 1030 830 745 661 560 506 481 493 552 667 780 
1265 1135 980 876 738 653 576 519 497 505 585 664 763 
1266 1127 967 897 712 619 567 527 514 535 549 630 751 
1200 1119 974 845 732 653 563 531 489 511 548 642 771 
1301 1131 1015 852 785 642 540 506 512 539 560 635 745 
1263 1093 1029 880 762 625 581 535 511 541 559 627 763 
1237 1098 951 874 763 636 589 541 519 540 551 625 786 
1293 1176 1035 908 753 676 542 537 517 513 570 632 728 
1240 1114 1014 867 757 639 592 501 523 526 567 654 738 
1202 1176 1026 857 728 638 552 498 514 526 560 675 728 
1225 1145 1009 905 770 644 583 536 519 511 590 678 785 
1236 1124 1013 872 752 634 569 524 515 536 576 649 723 
1209 1108 1016 874 713 678 553 509 486 541 566 657 740 
1289 1159 1014 867 730 676 541 515 488 533 570 616 730 
1300 1102 958 870 738 667 592 509 516 535 564 628 718 
1287 1154 991 855 712 631 571 535 489 533 550 637 753 
1269 1109 1042 898 713 645 569 510 522 519 541 624 759 
1211 1089 970 852 754 650 558 525 485 494 582 634 741 
1211 1183 1023 859 759 634 562 510 519 541 591 675 740 
1246 1089 995 866 756 652 562 518 505 507 567 675 786 
1295 1146 997 861 718 635 553 541 485 515 547 673 777 
1294 1096 979 890 758 623 540 496 512 529 548 642 712 
1293 1088 1045 861 786 632 558 513 492 509 585 637 715 
1201 1122 1017 853 712 667 539 533 508 518 585 653 756 
1307 1157 1016 874 786 629 593 491 496 512 586 640 739 
1257 1116 972 876 729 675 586 535 495 513 554 668 785 
1207 1135 1018 850 746 663 570 526 493 540 553 663 766 
1247 1142 1009 845 721 638 560 505 509 542 569 673 727 
1202 1133 1031 880 725 656 546 491 513 541 559 632 747 
1258 1129 971 872 755 671 591 499 515 501 583 618 757 
1273 1133 1003 894 734 666 543 500 513 536 585 671 719 
1272 1141 977 913 786 678 554 499 514 504 594 629 776 
1237 1160 990 857 737 630 552 523 492 502 592 671 773 
1294 1129 963 869 733 671 585 500 521 539 581 622 754 
1303 1146 964 887 748 664 561 493 520 509 556 660 752 
1301 1107 952 841 732 655 561 503 497 521 557 666 733 
1276 1180 1028 882 758 676 587 514 479 527 557 637 784 
1190 1101 1042 857 767 622 564 542 484 529 558 618 713 
1210 1080 977 860 759 644 577 531 478 527 588 672 746 
1234 1099 985 867 741 649 593 513 515 541 559 650 742 
1274 1134 1041 838 774 628 565 504 494 520 572 642 767 
1204 1111 964 836 760 659 551 539 494 516 575 639 785 
1303 1109 1049 829 738 677 564 530 495 502 589 671 728 
1239 1132 1042 863 771 664 544 494 488 499 554 617 742 
1278 1167 953 838 746 676 577 510 494 516 591 649 714 
1231 1119 1029 865 732 647 540 541 490 505 580 672 722 
1274 1124 1015 892 744 672 562 495 508 534 559 660 720 
1249 1117 1033 894 752 668 578 520 507 535 589 640 763 
1281 1118 1031 836 745 678 576 500 520 534 551 632 714 
1297 1176 1040 871 777 620 582 512 501 505 563 621 713 
1190 1092 1025 887 783 616 572 531 482 505 591 665 739 
1312 1182 968 852 767 662 555 506 502 542 587 677 780 
1203 1114 1032 906 766 635 558 507 523 537 545 669 785 
1287 1169 977 838 712 624 572 521 488 540 540 616 770 
1225 1081 1010 829 757 627 560 515 513 523 554 650 758 
1270 1137 962 903 787 616 578 491 508 493 562 638 765 
1217 1116 951 872 754 617 559 537 519 518 550 649 735 
1227 1117 992 838 744 636 559 532 490 499 562 657 756 
1200 1144 1034 846 735 627 545 528 511 500 549 630 781 
1251 1084 983 879 743 624 580 491 483 508 569 649 725 
1207 1153 1037 843 751 636 547 541 523 536 551 615 724 
1221 1168 1004 829 775 635 567 502 490 542 587 647 779 
1296 1173 1016 853 764 642 558 542 519 512 588 663 757 
1190 1077 971 860 728 676 588 520 513 510 572 675 756 
1300 1085 956 878 719 632 549 524 505 542 578 620 736 
1198 1076 983 897 744 639 583 539 497 541 588 672 731 
1254 1137 1029 887 722 646 571 506 524 534 588 664 724 
1263 1115 1023 913 765 626 558 497 489 495 583 673 772 
1275 1080 967 851 716 673 590 506 476 521 546 624 740 
1217 1116 995 829 755 674 542 537 499 513 559 635 742 
1303 1152 967 841 715 627 575 541 481 528 549 630 735 
1298 1077 961 847 751 622 546 510 520 541 550 655 742 
1292 1076 985 897 737 630 549 495 489 526 544 664 734 
1232 1178 1011 899 749 665 586 492 497 525 574 640 717 
1251 1100 980 874 741 617 570 493 504 509 594 631 760 
1191 1113 980 904 775 637 583 526 498 501 578 673 732 
1239 1086 1011 884 748 673 586 495 519 534 551 651 722 
1310 1119 1040 854 721 675 553 491 519 526 556 666 724 
1242 1172 974 894 763 671 585 541 487 535 559 643 777 
1269 1162 1016 844 758 638 550 520 523 520 586 663 755 
1264 1081 974 892 771 659 550 520 506 516 571 678 719 
1216 1152 1006 895 731 650 583 505 520 507 591 666 778 
1221 1147 969 898 765 669 552 511 512 504 578 616 784 
1222 1156 994 876 748 633 562 496 485 499 581 637 780 
1291 1170 1002 857 763 616 550 524 518 531 559 619 766 
1214 1174 1005 839 717 657 591 526 478 494 586 661 746 
1248 1112 1014 847 727 615 549 496 514 532 592 647 753 
1214 1128 1025 854 737 647 579 534 522 540 543 631 749 
1219 1148 1045 841 778 649 591 521 481 533 564 661 732 
1262 1073 979 852 717 671 553 500 483 493 583 672 783 
1208 1110 966 886 760 616 539 509 504 496 566 633 743 
1266 1097 998 910 729 629 574 493 523 496 550 636 729 
1218 1162 959 888 773 665 594 502 476 535 575 659 730 
1201 1165 1044 869 759 674 556 501 476 493 556 643 774 
1284 1075 1001 856 748 628 553 527 519 514 591 614 776 
1272 1079 1039 837 770 670 581 538 502 492 583 642 753 
1201 1084 999 861 751 625 538 530 493 528 555 669 787 
1230 1173 996 883 723 663 561 539 497 535 572 654 783 
1269 1114 1001 862 775 634 579 502 503 512 552 614 750 
