10 11 20
6 100
170 96 112 130 149 169 187 203 214 222 225 
170 129 149 174 199 225 249 270 286 296 300 
170 161 187 217 249 282 312 338 358 370 375 
170 193 224 261 299 338 374 406 429 444 450 
170 226 262 304 349 395 437 473 501 519 525 
170 258 299 348 399 451 499 541 573 593 600 
170 290 337 391 449 508 562 609 644 667 675 
170 323 374 435 499 564 624 676 716 741 750 
170 355 412 478 549 621 687 744 788 815 825 
170 387 449 522 599 677 749 812 859 889 900 
100000 6464 7499 8705 9999 11294 12499 13535 14330 14829 15000 
1353 1250 1129 1000 870 750 
925 748 599 252 
749 606 674 669 
831 612 229 288 
716 518 488 270 
501 529 559 260 
959 556 648 688 
705 441 723 270 
360 822 581 235 
809 494 762 708 
838 827 325 778 
649 868 238 289 
1028 465 342 478 
763 501 486 300 
733 564 632 557 
964 824 592 682 
613 288 396 290 
378 235 732 536 
1006 242 712 619 
482 383 476 646 
656 382 321 200 
287 477 735 239 
767 907 635 662 
738 675 660 561 
432 681 741 706 
478 303 681 281 
494 681 395 613 
828 399 492 719 
338 881 456 395 
584 397 694 503 
774 809 759 553 
803 502 622 644 
639 350 397 672 
956 246 453 245 
263 805 400 639 
413 691 746 223 
979 767 758 282 
617 775 663 670 
636 411 470 435 
942 708 462 226 
673 597 607 634 
667 864 805 487 
668 871 491 631 
851 247 746 432 
552 441 600 332 
685 659 612 678 
406 766 451 571 
719 229 457 757 
922 238 733 494 
576 811 300 222 
682 688 412 578 
434 672 294 575 
305 535 574 477 
865 350 802 220 
304 439 748 680 
1031 614 551 444 
388 364 737 207 
654 677 277 220 
999 301 510 529 
337 741 722 235 
877 557 633 701 
1020 723 545 544 
723 272 766 535 
1007 587 361 250 
571 260 563 390 
651 261 500 409 
933 666 490 585 
742 485 551 555 
750 248 711 447 
792 506 682 256 
672 660 513 570 
331 805 415 296 
815 802 755 511 
879 622 408 472 
741 255 659 307 
840 508 453 631 
904 261 722 413 
383 363 486 718 
883 870 595 670 
799 459 290 455 
632 381 598 698 
652 667 348 449 
852 493 685 509 
374 627 772 519 
936 807 562 753 
549 850 761 647 
703 403 360 780 
882 675 475 360 
481 345 598 532 
620 561 340 736 
311 318 215 264 
426 556 281 627 
613 285 727 479 
281 377 741 317 
429 355 377 298 
389 430 509 600 
989 230 620 253 
438 359 692 285 
661 263 739 499 
303 578 526 522 
648 733 452 457 
