10 6 20
4 50
340 77 85 96 112 130 149 169 187 203 214 
340 103 113 129 149 174 199 225 249 270 286 
340 129 141 161 187 217 249 282 312 338 358 
340 155 170 193 224 261 299 338 374 406 429 
340 180 198 226 262 304 349 395 437 473 501 
100000 5170 5669 6464 7499 8705 9999 11294 12499 13535 14330 
1482 1433 1353 1250 
964 1054 928 717 520 573 
1342 1091 891 673 698 479 
948 916 820 731 589 505 
1006 967 925 841 601 616 
1212 1140 744 756 611 493 
1000 1059 789 729 530 642 
958 873 764 659 704 470 
955 1029 816 737 710 621 
1088 906 763 655 673 574 
1157 977 761 708 623 607 
1203 1094 960 757 679 667 
952 1131 1001 605 652 541 
1183 816 741 672 763 587 
948 1058 806 674 651 524 
967 991 752 897 641 612 
1166 815 948 885 661 674 
999 1170 801 820 759 633 
1097 1049 702 773 559 588 
1011 997 946 890 591 463 
1058 857 1037 679 522 550 
965 1167 779 768 620 678 
1286 821 909 710 629 654 
931 1195 779 809 590 533 
1352 832 907 810 713 680 
1002 1096 744 899 754 505 
1300 909 805 684 601 494 
1195 1098 941 685 518 558 
1202 1031 732 839 544 653 
1071 897 947 635 660 560 
1003 996 900 796 706 489 
1293 970 807 760 714 518 
959 1117 873 848 528 603 
981 1054 861 624 519 484 
921 1160 986 704 726 474 
1211 1105 1025 802 636 523 
1032 1150 975 788 716 606 
1280 1052 786 682 550 582 
1190 1054 866 755 700 596 
1271 1055 1006 888 726 676 
925 942 929 681 676 507 
1136 979 804 712 729 528 
1131 1053 859 675 699 558 
1238 804 724 642 752 674 
1152 974 924 796 606 619 
924 1073 901 669 594 545 
1249 939 699 613 687 644 
947 1096 917 844 568 518 
1252 865 930 877 733 584 
1355 827 877 801 711 512 
1333 940 998 661 752 456 
