20 2 20
11 50
1700 130 149 169 187 203 214 222 225 222 214 203 187 169 150 130 112 96 85 77 75 
100000 8705 9999 11294 12499 13535 14330 14829 15000 14829 14330 13535 12500 11294 10000 8705 7500 6464 5669 5170 5000 
1129 1000 870 750 646 566 517 500 517 566 646 
770 904 1029 1095 1247 1409 1494 1421 1450 
738 881 985 1073 1270 1305 1477 1474 1469 
721 841 951 1108 1306 1391 1417 1545 1542 
762 889 1003 1121 1250 1300 1500 1468 1496 
737 859 985 1163 1277 1339 1361 1537 1430 
741 906 1018 1139 1301 1316 1451 1450 1514 
764 846 1027 1117 1195 1401 1441 1464 1454 
730 828 968 1074 1255 1346 1382 1496 1555 
782 849 1003 1089 1200 1286 1492 1411 1535 
731 909 1041 1084 1210 1372 1460 1439 1488 
761 844 1011 1123 1261 1309 1381 1467 1546 
755 831 977 1102 1202 1298 1481 1444 1551 
786 912 1001 1131 1258 1290 1489 1545 1501 
766 879 998 1129 1221 1355 1447 1550 1473 
759 911 969 1090 1291 1315 1501 1409 1480 
738 877 1025 1074 1200 1287 1362 1468 1551 
777 885 1002 1076 1203 1296 1467 1540 1513 
781 864 993 1099 1286 1379 1402 1409 1540 
785 876 1016 1164 1215 1326 1481 1463 1507 
751 840 1049 1143 1264 1351 1407 1431 1436 
726 856 1005 1088 1248 1296 1368 1484 1527 
778 869 1022 1127 1217 1412 1390 1425 1484 
751 889 995 1156 1240 1307 1496 1415 1509 
744 860 1035 1176 1234 1353 1474 1540 1493 
734 841 1034 1090 1207 1393 1370 1537 1521 
734 853 967 1179 1270 1321 1402 1420 1520 
714 875 1001 1130 1305 1401 1452 1535 1545 
766 868 1046 1178 1189 1317 1406 1430 1445 
718 828 1033 1103 1259 1337 1430 1409 1481 
768 897 1018 1124 1259 1370 1466 1499 1567 
775 863 986 1144 1268 1331 1377 1497 1459 
785 877 990 1086 1273 1351 1387 1487 1491 
748 884 1022 1147 1211 1419 1487 1490 1489 
770 853 965 1134 1205 1377 1452 1532 1455 
722 910 951 1146 1268 1347 1465 1556 1542 
751 912 970 1100 1297 1374 1364 1430 1515 
771 910 1000 1126 1305 1306 1502 1521 1459 
718 844 1046 1114 1226 1391 1470 1464 1468 
742 873 967 1118 1311 1396 1476 1435 1486 
714 868 956 1148 1280 1308 1424 1422 1431 
714 860 995 1182 1211 1418 1435 1536 1484 
744 909 990 1183 1303 1294 1401 1480 1518 
746 846 1024 1121 1288 1329 1419 1424 1439 
749 905 993 1114 1285 1393 1483 1459 1524 
751 851 958 1153 1243 1383 1482 1411 1453 
724 873 1021 1110 1238 1379 1483 1439 1500 
753 839 953 1094 1193 1377 1384 1435 1487 
729 868 1013 1085 1211 1411 1452 1508 1562 
722 835 1003 1093 1187 1399 1372 1532 1498 
727 837 979 1094 1207 1297 1486 1411 1436 
