5 11 20
2 100
170 85 96 112 130 149 
170 113 129 149 174 199 
170 141 161 187 217 249 
170 170 193 224 261 299 
170 198 226 262 304 349 
170 226 258 299 348 399 
170 255 290 337 391 449 
170 283 323 374 435 499 
170 311 355 412 478 549 
170 340 387 449 522 599 
100000 5669 6464 7499 8705 9999 
1433 1353 
1253 1312 801 
1496 991 1016 
1375 1152 1139 
1200 1040 1091 
1071 925 1080 
1348 974 1194 
1363 1248 1019 
1000 1010 880 
1221 1073 1160 
1468 1241 1130 
1390 1215 843 
1242 1229 1062 
1123 1269 815 
1161 1288 1088 
1233 1144 1124 
1418 1270 943 
1468 973 925 
1450 1326 1197 
1084 1177 1140 
1284 986 876 
1336 921 807 
1375 1056 944 
1005 993 1144 
1390 918 1020 
1394 1062 939 
1113 1222 912 
1479 1315 810 
1223 1072 835 
1374 1345 922 
1419 1107 869 
1126 1354 879 
1332 1084 903 
1292 955 1155 
1164 1203 936 
1408 1227 1179 
1090 924 903 
1111 1329 877 
1479 1067 1119 
1422 1025 1161 
1476 1088 947 
1290 1327 1050 
1273 1136 1150 
1074 1039 932 
1020 998 890 
1432 1173 1130 
1141 1226 1123 
1251 1152 939 
1305 1313 829 
1488 1295 1001 
1429 1317 853 
1291 1190 1066 
1160 1208 996 
1204 933 1130 
1468 975 863 
1338 1147 910 
1436 1281 1066 
1281 1153 1002 
1245 1204 916 
1418 1264 1197 
1014 1345 1094 
1444 1334 907 
1024 1007 1001 
1301 1334 902 
1426 1057 876 
1367 994 1133 
1190 1037 1085 
1481 1023 825 
1229 1212 1175 
1174 996 825 
1322 1190 951 
1364 1017 1007 
1033 1022 1194 
1446 1076 985 
1265 916 827 
1471 930 1131 
1312 934 935 
1462 1301 1067 
1220 1300 913 
1257 1003 867 
1398 906 835 
1104 1233 827 
1112 950 938 
1349 1262 945 
1290 973 912 
1148 1248 892 
1253 1037 1039 
1307 1113 1099 
1177 1248 1009 
1383 1129 925 
1066 1123 1089 
1217 1166 848 
1307 971 1178 
1263 1300 820 
1395 1105 972 
1207 1235 886 
1103 968 984 
1046 911 1018 
1139 1333 934 
1197 1271 1032 
1155 1013 1176 
