20 2 20
15 100
1700 150 130 112 96 85 77 75 77 85 96 112 130 149 169 187 203 214 222 225 222 
100000 10000 8705 7500 6464 5669 5170 5000 5170 5669 6464 7499 8705 9999 11294 12499 13535 14330 14829 15000 14829 
1000 1129 1249 1353 1433 1482 1499 1482 1433 1353 1250 1129 1000 870 750 
635 568 491 479 516 
622 544 530 507 500 
677 592 537 483 525 
645 576 499 478 539 
665 593 527 505 516 
655 562 533 488 537 
616 564 518 484 533 
666 546 521 510 503 
639 545 520 522 513 
631 590 541 484 536 
657 565 514 519 512 
633 594 493 497 498 
677 551 511 480 491 
640 567 501 524 536 
647 546 535 518 493 
646 579 492 500 508 
633 546 521 486 496 
626 540 498 496 514 
619 581 519 510 491 
664 545 492 493 497 
626 558 501 480 538 
643 593 524 491 513 
633 580 503 524 512 
624 568 501 490 524 
620 576 525 490 530 
666 555 540 524 507 
630 576 501 489 521 
645 556 513 500 525 
628 560 505 478 496 
676 556 514 519 503 
620 593 500 523 499 
660 579 539 513 538 
654 540 526 482 535 
615 571 506 506 531 
641 540 525 515 514 
675 583 494 479 519 
658 569 508 476 526 
618 546 493 518 514 
614 573 536 495 528 
619 556 531 482 508 
634 594 493 498 506 
651 594 528 478 528 
621 543 529 492 495 
645 562 500 510 523 
615 579 527 513 511 
623 540 502 479 531 
640 544 523 524 508 
671 542 517 479 511 
649 588 508 519 504 
672 564 525 481 540 
655 594 507 479 523 
661 581 511 518 518 
615 551 517 514 525 
624 584 514 490 513 
622 582 526 521 507 
618 580 509 508 525 
634 570 504 519 503 
666 576 526 489 531 
619 550 508 488 529 
636 561 512 505 517 
658 544 516 490 530 
662 550 537 478 534 
618 552 510 505 515 
634 573 500 514 514 
630 562 498 507 519 
616 564 512 507 494 
642 575 500 489 527 
629 590 525 512 537 
643 565 493 521 518 
623 585 514 506 512 
618 571 526 518 495 
643 569 523 481 508 
617 592 523 508 498 
657 559 514 482 515 
634 583 514 491 497 
675 587 529 495 526 
664 578 523 492 515 
625 569 516 503 496 
634 552 495 490 495 
653 554 541 485 523 
631 564 532 502 540 
645 588 503 487 511 
674 576 540 485 529 
665 561 535 512 532 
625 567 525 520 495 
674 557 526 504 533 
614 543 540 493 529 
634 550 540 477 516 
644 572 527 487 508 
620 581 523 476 535 
648 577 506 516 537 
670 552 492 496 509 
645 585 524 521 527 
639 553 516 515 526 
639 541 497 489 523 
646 565 514 479 504 
666 574 506 505 500 
616 588 510 503 504 
620 555 526 504 497 
675 589 502 479 525 
