10 6 20
8 100
340 112 130 149 169 187 203 214 222 225 222 
340 149 174 199 225 249 270 286 296 300 296 
340 187 217 249 282 312 338 358 370 375 370 
340 224 261 299 338 374 406 429 444 450 444 
340 262 304 349 395 437 473 501 519 525 519 
100000 7499 8705 9999 11294 12499 13535 14330 14829 15000 14829 
1250 1129 1000 870 750 646 566 517 
508 514 
478 522 
510 499 
491 493 
494 500 
477 501 
492 539 
475 527 
483 527 
492 494 
490 526 
518 537 
481 527 
476 520 
520 507 
501 528 
476 529 
479 500 
496 532 
514 518 
490 499 
485 495 
498 537 
501 521 
520 528 
501 491 
490 504 
480 502 
476 502 
486 520 
478 491 
481 505 
513 533 
519 533 
509 518 
506 538 
499 518 
520 512 
521 529 
497 536 
489 497 
507 538 
478 527 
490 495 
484 518 
502 521 
509 524 
519 516 
485 514 
476 520 
480 508 
506 522 
496 512 
492 511 
519 532 
504 492 
512 506 
488 535 
477 512 
523 525 
509 541 
510 511 
488 516 
513 498 
522 525 
478 521 
524 495 
476 522 
520 511 
509 506 
485 503 
482 494 
524 541 
520 494 
494 524 
479 532 
520 505 
490 533 
477 522 
488 517 
511 538 
499 496 
492 512 
501 518 
517 508 
476 519 
498 495 
518 521 
519 505 
478 532 
524 518 
480 536 
496 515 
523 533 
521 540 
491 519 
503 538 
514 514 
520 536 
492 519 
