10 11 20
8 100
170 112 130 149 169 187 203 214 222 225 222 
170 149 174 199 225 249 270 286 296 300 296 
170 187 217 249 282 312 338 358 370 375 370 
170 224 261 299 338 374 406 429 444 450 444 
170 262 304 349 395 437 473 501 519 525 519 
170 299 348 399 451 499 541 573 593 600 593 
170 337 391 449 508 562 609 644 667 675 667 
170 374 435 499 564 624 676 716 741 750 741 
170 412 478 549 621 687 744 788 815 825 815 
170 449 522 599 677 749 812 859 889 900 889 
100000 7499 8705 9999 11294 12499 13535 14330 14829 15000 14829 
1250 1129 1000 870 750 646 566 517 
506 492 
480 538 
520 498 
477 526 
512 532 
510 529 
524 537 
520 541 
515 537 
503 500 
495 535 
520 524 
513 491 
502 519 
508 511 
494 502 
494 534 
499 517 
476 536 
502 493 
517 509 
490 542 
515 541 
506 525 
503 491 
490 491 
523 529 
502 493 
504 531 
477 508 
482 526 
515 526 
489 501 
495 542 
522 521 
520 521 
491 496 
485 529 
516 506 
524 496 
484 507 
475 506 
476 512 
522 527 
521 508 
499 521 
489 526 
521 520 
494 525 
475 526 
501 517 
480 491 
512 499 
510 535 
484 498 
475 538 
497 508 
518 502 
518 534 
521 540 
498 505 
510 518 
485 535 
478 523 
481 526 
501 523 
496 510 
513 505 
524 527 
485 538 
522 502 
490 492 
494 520 
484 525 
501 516 
518 510 
488 502 
508 496 
516 500 
482 535 
486 531 
489 518 
484 510 
479 521 
487 531 
484 503 
521 526 
480 518 
499 513 
491 502 
475 506 
514 529 
509 529 
493 540 
521 492 
509 517 
515 509 
512 536 
482 498 
515 508 
