20 2 20
11 100
1700 77 85 96 112 130 149 169 187 203 214 222 225 222 214 203 187 169 150 130 112 
100000 5170 5669 6464 7499 8705 9999 11294 12499 13535 14330 14829 15000 14829 14330 13535 12500 11294 10000 8705 7500 
1482 1433 1353 1250 1129 1000 870 750 646 566 517 
665 588 343 712 933 1327 1531 1670 1026 
686 299 895 592 524 1185 586 1052 1828 
243 314 756 308 1113 1178 1498 1271 1368 
460 405 547 728 1096 508 452 1473 1385 
411 356 626 569 480 534 820 894 1965 
565 529 375 855 1064 1292 1439 522 1130 
563 507 314 340 935 381 415 1353 504 
420 744 847 772 909 945 848 603 760 
516 361 243 646 561 1287 1296 1600 677 
540 823 377 285 809 535 1408 1133 1452 
321 296 427 802 347 719 1191 1466 599 
254 443 247 396 1173 1201 789 479 1562 
504 495 364 752 720 1251 1144 658 1596 
346 298 254 457 563 897 576 1514 1202 
700 433 729 780 616 784 1322 452 756 
435 218 430 572 749 1111 1291 889 527 
355 304 417 972 400 650 1304 597 612 
660 426 744 313 1156 500 1301 1515 1099 
275 572 695 387 473 1270 1065 1345 1193 
659 227 406 465 545 774 948 1384 691 
269 598 879 960 402 710 1096 521 1569 
337 519 714 990 513 572 1457 542 1254 
239 657 440 637 928 1124 948 1337 1863 
513 389 478 863 949 1030 752 1054 711 
797 769 444 587 511 842 570 867 1748 
252 616 847 875 373 689 467 1339 1191 
702 214 235 746 1060 1116 1322 581 1560 
795 580 493 731 632 1199 1506 1680 1448 
279 794 237 574 781 816 1269 1327 1606 
239 353 801 572 1062 1206 995 1374 505 
432 654 329 588 1057 950 1369 640 1357 
791 288 538 949 994 1256 412 1532 1628 
562 458 832 558 951 1094 1326 1687 1788 
505 709 541 574 914 941 558 759 1618 
665 486 285 909 450 589 1571 686 562 
367 751 306 939 1125 415 1176 1611 1679 
532 440 654 970 1002 1293 620 1158 665 
600 292 545 456 333 678 1523 751 1831 
770 323 803 509 614 1331 1070 1555 1050 
393 458 530 678 1054 1387 998 753 1053 
443 258 594 746 907 399 1079 546 1941 
724 512 703 1007 1001 556 1339 1417 1632 
213 754 418 833 384 588 1103 1366 626 
727 693 648 790 853 800 1228 1397 624 
772 216 255 353 783 791 1063 1471 560 
259 767 764 264 1117 855 1087 975 1447 
564 670 251 878 1055 966 1155 954 1806 
708 228 882 795 773 1155 1419 1089 1483 
588 485 880 603 422 898 1331 1565 1458 
692 446 790 397 582 527 1392 1335 1812 
430 207 365 630 615 458 1420 1446 1664 
766 778 855 630 787 790 763 995 1212 
747 724 394 520 1180 471 1103 1542 1906 
626 686 404 879 800 879 970 655 1648 
447 373 898 589 683 1046 594 1411 1118 
498 495 863 861 1095 1387 1467 1080 1461 
722 222 342 262 1114 1220 538 1388 973 
253 348 722 321 428 416 473 484 594 
398 436 377 851 599 435 1410 1657 816 
233 815 671 489 1089 1001 827 1044 913 
376 702 649 721 750 673 1328 1555 1366 
571 230 261 261 529 770 481 1536 1621 
213 643 288 492 338 1100 924 695 999 
221 220 581 964 1023 651 1362 1037 956 
277 614 630 363 470 656 1330 1333 1165 
325 687 310 695 668 1373 1125 749 1851 
698 794 836 737 1088 1343 774 1165 990 
274 233 324 574 1186 807 585 937 1152 
460 434 527 347 592 1105 1347 776 721 
554 473 824 804 311 719 583 1618 811 
770 394 369 1008 880 464 1205 741 690 
590 296 514 999 1020 1182 546 1702 1316 
260 330 238 620 440 590 768 1078 1228 
532 586 293 881 557 661 1130 1677 550 
225 820 407 643 1099 513 903 1370 1232 
598 665 868 893 1092 1068 1141 782 794 
297 431 409 361 1181 387 1380 1651 742 
369 445 386 296 761 1300 781 1646 1351 
623 337 849 822 556 1183 1217 870 1176 
746 506 610 625 448 1087 527 1387 1271 
240 558 501 1004 612 1101 864 980 1653 
669 746 232 682 390 680 820 1460 1960 
732 409 238 868 1074 627 806 739 1893 
471 394 691 776 365 450 1409 486 676 
641 341 366 357 889 1199 1296 872 882 
716 315 884 641 671 409 1248 599 561 
682 468 623 516 348 850 913 999 518 
271 759 331 688 738 1054 977 1071 1014 
661 315 632 895 1173 1088 943 848 823 
580 691 736 481 1046 1142 1234 468 932 
504 219 587 783 531 1189 1281 982 621 
530 505 444 630 998 1018 431 1383 1217 
575 575 254 571 689 1204 702 1265 1778 
202 780 394 949 331 526 615 486 1999 
591 288 489 284 1123 481 922 1304 991 
206 375 308 653 809 474 1078 1196 826 
282 671 833 846 365 880 655 565 1926 
274 294 509 492 1170 525 1526 546 732 
550 446 765 570 998 844 550 1539 1655 
626 409 745 497 750 1169 1349 910 584 
