5 2 20
2 100
1700 75 77 85 96 112 
100000 5000 5170 5669 6464 7499 
1499 1482 
1641 1146 1276 
1568 1598 1401 
1643 1614 1372 
1467 1097 1366 
1276 1408 1176 
1518 1126 1201 
1360 1504 1372 
1360 1180 1187 
1356 1562 1360 
1668 1133 1130 
1271 1447 1350 
1598 1336 1375 
1711 1299 1111 
1587 1583 1031 
1355 1207 1034 
1433 1145 1384 
1207 1269 1489 
1262 1142 1143 
1511 1462 1205 
1344 1374 1459 
1465 1532 1183 
1400 1275 1053 
1228 1292 1229 
1572 1156 1250 
1390 1160 1178 
1489 1512 1128 
1602 1456 1033 
1405 1176 1317 
1224 1172 1188 
1529 1117 1197 
1347 1434 1363 
1522 1412 1180 
1307 1337 1066 
1561 1569 1003 
1623 1217 1391 
1686 1263 1296 
1655 1168 1133 
1455 1266 1175 
1610 1223 1009 
1239 1446 1103 
1308 1574 1143 
1413 1226 1256 
1355 1578 1383 
1574 1402 1025 
1245 1264 1315 
1606 1287 1033 
1274 1184 1090 
1414 1353 1080 
1225 1162 1168 
1421 1245 1205 
1657 1605 1435 
1275 1120 1474 
1244 1161 1075 
1322 1599 1133 
1296 1560 1247 
1626 1596 1335 
1394 1404 1271 
1475 1542 1206 
1463 1145 1261 
1379 1515 1459 
1642 1084 1247 
1325 1339 1080 
1155 1571 1395 
1299 1394 1229 
1619 1535 1243 
1691 1310 1299 
1312 1126 1009 
1186 1302 1081 
1379 1188 1293 
1541 1298 1083 
1624 1307 1470 
1149 1102 1166 
1480 1620 1018 
1344 1523 1280 
1342 1090 1103 
1563 1190 1101 
1633 1442 1127 
1706 1107 1253 
1444 1398 1357 
1706 1542 1439 
1440 1589 1334 
1163 1136 1226 
1240 1534 1264 
1415 1425 1259 
1302 1449 1123 
1336 1497 1340 
1677 1521 1014 
1178 1377 1013 
1301 1294 1092 
1538 1613 1447 
1537 1302 1229 
1541 1152 1019 
1292 1270 1310 
1341 1349 1405 
1663 1558 1272 
1282 1180 1245 
1156 1573 1393 
1237 1375 1379 
1685 1413 1145 
1532 1242 1266 
