50 11 20
16 50
170 77 75 77 85 96 112 130 149 169 187 203 214 222 225 222 214 203 187 169 150 130 112 96 85 77 75 77 85 96 112 130 149 169 187 203 214 222 225 222 214 203 187 169 150 130 112 96 85 77 75 
170 103 100 103 113 129 149 174 199 225 249 270 286 296 300 296 286 270 250 225 200 174 150 129 113 103 100 103 113 129 149 174 199 225 249 270 286 296 300 296 286 270 250 225 200 174 150 129 113 103 100 
170 129 125 129 141 161 187 217 249 282 312 338 358 370 375 370 358 338 312 282 250 217 187 161 141 129 125 129 141 161 187 217 249 282 312 338 358 370 375 370 358 338 312 282 250 217 187 161 141 129 125 
170 155 150 155 170 193 224 261 299 338 374 406 429 444 450 444 429 406 375 338 300 261 225 193 170 155 150 155 170 193 224 261 299 338 374 406 429 444 450 444 429 406 375 338 300 261 225 193 170 155 150 
170 180 175 180 198 226 262 304 349 395 437 473 501 519 525 519 501 473 437 395 350 304 262 226 198 180 175 180 198 226 262 304 349 395 437 473 501 519 525 519 501 473 437 395 350 304 262 226 198 180 175 
170 206 200 206 226 258 299 348 399 451 499 541 573 593 600 593 573 541 500 451 400 348 300 258 226 206 200 206 226 258 299 348 399 451 499 541 573 593 600 593 573 541 500 451 400 348 300 258 226 206 200 
170 232 225 232 255 290 337 391 449 508 562 609 644 667 675 667 644 609 562 508 450 391 337 290 255 232 225 232 255 290 337 391 449 508 562 609 644 667 675 667 644 609 562 508 450 391 337 290 255 232 225 
170 258 250 258 283 323 374 435 499 564 624 676 716 741 750 741 716 676 625 564 500 435 375 323 283 258 250 258 283 323 374 435 499 564 624 676 716 741 750 741 716 676 625 564 500 435 375 323 283 258 250 
170 284 275 284 311 355 412 478 549 621 687 744 788 815 825 815 788 744 687 621 550 478 412 355 311 284 275 284 311 355 412 478 549 621 687 744 788 815 825 815 788 744 687 621 550 478 412 355 311 284 275 
170 310 300 310 340 387 449 522 599 677 749 812 859 889 900 889 859 812 750 677 600 522 450 387 340 310 300 310 340 387 449 522 599 677 749 812 859 889 900 889 859 812 750 677 600 522 450 387 340 310 300 
100000 5170 5000 5170 5669 6464 7499 8705 9999 11294 12499 13535 14330 14829 15000 14829 14330 13535 12500 11294 10000 8705 7500 6464 5669 5170 5000 5170 5669 6464 7499 8705 9999 11294 12499 13535 14330 14829 15000 14829 14330 13535 12500 11294 10000 8705 7500 6464 5669 5170 5000 
1482 1499 1482 1433 1353 1250 1129 1000 870 750 646 566 517 500 517 566 
723 747 935 884 909 1413 1175 1709 1751 1495 1775 1263 1480 1137 1309 1148 762 812 690 666 418 496 478 606 549 721 884 821 1227 1383 1103 1613 1562 1469 
653 667 824 1054 1351 1087 1157 1407 1282 1620 1618 1372 1406 1259 1014 1137 855 800 668 593 480 567 575 623 552 757 1036 1002 1188 1269 1193 1615 1354 1210 
716 638 789 1006 1064 1437 1247 1288 1567 1512 1757 1210 1427 1232 1048 1023 840 796 642 664 522 454 603 522 713 694 720 1015 1122 1210 1217 1421 1367 1685 
576 614 776 1050 1149 1114 1128 1483 1745 1534 1416 1288 1613 1121 1079 1087 768 741 652 501 604 402 614 507 768 813 887 1118 1151 1483 1434 1374 1458 1671 
641 690 991 997 1017 1374 1529 1567 1550 1555 1767 1608 1614 1066 1011 1183 711 755 527 618 435 508 476 661 660 660 752 924 934 1420 1559 1549 1730 1330 
523 707 1023 950 1014 1244 1368 1500 1614 1687 1339 1406 1450 1427 1101 1145 697 601 582 613 490 597 571 593 750 840 846 918 1247 1374 1325 1378 1619 1570 
654 617 760 1054 1098 1079 1321 1314 1708 1470 1758 1486 1173 1320 1078 1147 730 726 730 616 522 547 503 500 566 642 943 1136 936 1306 1332 1444 1191 1563 
765 888 949 1108 1005 1372 1137 1210 1708 1544 1645 1697 1415 1403 1316 1047 925 865 591 674 468 552 495 676 694 860 1004 925 1156 1398 1594 1173 1330 1328 
750 819 1044 854 1249 1322 1381 1243 1720 1591 1746 1594 1394 1215 995 888 900 739 708 490 556 525 617 607 535 807 770 1056 1132 1315 1104 1214 1509 1217 
655 870 807 990 1106 1357 1234 1295 1475 1332 1508 1268 1163 1215 927 824 715 774 599 480 464 419 602 603 632 813 856 1127 1220 1182 1263 1362 1453 1770 
721 675 831 1007 1238 1026 1186 1158 1708 1524 1493 1255 1309 1166 1014 1065 734 812 636 661 576 567 441 486 557 689 1020 1044 922 1103 1191 1520 1670 1702 
652 857 767 806 1289 1274 1209 1266 1588 1285 1483 1474 1186 1254 1123 1148 1030 870 557 583 618 507 525 673 714 745 883 1067 943 1425 1414 1325 1401 1786 
694 856 735 1055 1289 1114 1267 1661 1312 1670 1554 1548 1337 1149 1089 1109 901 879 667 672 448 591 534 585 718 788 787 1143 1354 1490 1486 1198 1360 1792 
633 778 897 1132 1159 1020 1387 1546 1244 1369 1585 1662 1535 1117 1235 1075 804 886 558 589 439 493 584 605 700 736 829 944 1293 1189 1208 1466 1298 1312 
734 740 958 847 1197 1380 1102 1586 1365 1683 1538 1691 1272 1174 1092 1009 786 737 635 607 583 420 468 654 715 657 783 1197 1263 1213 1355 1524 1581 1683 
683 795 931 853 1215 1069 1168 1356 1417 1534 1350 1222 1084 1069 1257 924 1042 815 518 669 538 574 569 552 719 617 828 868 1086 1360 1450 1566 1381 1274 
755 811 752 1140 1190 1072 1230 1524 1452 1786 1777 1576 1434 1076 1127 820 947 887 582 590 523 452 553 602 636 627 957 1019 944 1177 1210 1715 1644 1244 
618 846 947 1172 1190 1414 1569 1454 1293 1661 1407 1261 1118 1061 1080 1033 896 818 746 469 517 568 542 499 579 836 944 1199 968 1340 1465 1468 1285 1465 
775 818 770 1043 1243 1096 1178 1189 1219 1733 1276 1342 1376 1003 1254 948 764 742 559 601 524 447 500 580 761 662 755 1034 1035 1105 1148 1473 1568 1656 
539 752 776 813 1107 1010 1298 1644 1509 1250 1655 1221 1576 1063 1097 922 1015 623 766 601 553 489 575 621 717 619 763 1110 1230 1266 1312 1414 1589 1205 
682 863 805 970 1216 1007 1287 1546 1688 1542 1705 1178 1168 1308 1063 831 964 785 580 567 582 516 572 556 560 820 799 849 1220 1256 1492 1465 1416 1352 
754 772 984 966 962 1248 1362 1526 1429 1613 1506 1535 1306 1294 1311 811 766 674 577 665 475 409 427 518 517 783 848 1110 1098 1283 1611 1383 1344 1335 
589 714 913 1106 1217 1232 1134 1160 1380 1787 1412 1438 1304 1246 1112 1070 976 662 739 480 586 469 587 617 563 705 752 971 1355 1163 1188 1493 1260 1463 
523 826 827 1099 1068 1265 1553 1275 1708 1626 1442 1340 1512 1121 1311 819 796 869 650 576 551 533 427 581 707 748 746 1072 1080 1203 1099 1340 1684 1615 
684 602 865 856 951 1172 1561 1165 1306 1569 1661 1651 1350 1154 1250 1039 777 669 561 478 589 588 477 472 565 865 830 1117 1020 1020 1584 1582 1592 1474 
664 679 896 993 1222 1140 1110 1197 1741 1792 1266 1183 1528 1194 1003 992 1007 658 736 508 487 499 415 467 658 718 927 1094 1120 1061 1495 1159 1532 1662 
620 601 697 892 1083 1121 1349 1389 1767 1565 1377 1385 1513 1043 998 1009 1043 732 702 677 532 411 433 525 696 846 711 1162 1015 1177 1258 1150 1369 1493 
718 789 960 913 1179 1264 1500 1406 1470 1675 1405 1462 1271 1089 1267 1090 890 835 761 552 432 424 495 662 645 662 906 1128 1102 1390 1415 1571 1410 1314 
709 639 791 842 1288 1166 1542 1488 1456 1263 1408 1549 1297 1256 1083 835 793 742 630 646 496 575 427 473 615 753 842 949 1006 1390 1347 1487 1218 1457 
595 727 749 877 1053 1439 1434 1544 1306 1268 1465 1391 1137 1033 1277 872 1003 602 760 622 482 517 460 505 671 759 923 1138 969 1246 1347 1453 1405 1337 
569 661 756 1062 1196 1490 1400 1656 1382 1391 1701 1636 1587 1136 909 1028 990 842 570 613 597 498 444 561 771 718 948 1002 1325 1265 1618 1563 1259 1652 
764 875 781 940 961 1493 1553 1292 1335 1532 1203 1251 1230 1492 1139 1024 1027 724 568 579 434 578 602 476 761 667 828 884 1137 1298 1421 1403 1552 1573 
598 872 789 1129 1164 1261 1158 1284 1572 1245 1740 1238 1619 1358 976 1061 726 711 598 666 564 573 594 499 749 628 750 1195 913 1056 1315 1540 1683 1481 
592 687 882 1050 1251 1477 1311 1617 1259 1488 1691 1268 1511 1166 1164 1050 869 668 597 635 602 593 550 547 762 753 770 1116 909 1005 1562 1476 1384 1647 
624 685 948 1082 931 1008 1519 1602 1368 1320 1264 1334 1507 1357 995 1146 740 670 730 456 608 425 576 512 696 823 811 981 1183 1244 1281 1155 1479 1468 
756 742 829 1190 1261 1211 1162 1176 1669 1492 1733 1580 1531 1202 1012 1090 938 841 540 658 496 555 527 556 694 853 799 872 997 1197 1422 1301 1564 1325 
591 818 952 861 1246 1179 1525 1505 1359 1553 1550 1650 1256 1019 1340 1109 892 640 610 474 511 524 564 677 587 706 877 1060 1028 1067 1340 1620 1647 1216 
552 672 740 1171 1113 1263 1241 1586 1566 1671 1550 1241 1311 1161 1313 1172 729 808 708 491 508 529 617 548 726 603 866 1055 1081 1105 1595 1342 1383 1446 
728 837 843 1177 1092 1282 1537 1199 1762 1388 1297 1616 1496 1060 1293 1018 770 666 571 581 616 501 500 495 752 779 936 887 1348 1429 1359 1638 1188 1316 
697 778 784 1189 1346 1117 1532 1667 1622 1562 1699 1291 1501 1035 1067 859 926 731 746 561 528 467 575 465 518 800 755 993 1220 1123 1323 1490 1569 1306 
640 812 932 848 1007 1298 1558 1709 1209 1555 1646 1242 1216 1259 1283 1180 847 868 580 478 605 450 481 534 743 854 966 1082 1128 1347 1603 1343 1697 1317 
618 636 973 896 1253 1116 1195 1218 1580 1321 1493 1218 1146 1370 1101 821 824 783 719 606 617 408 532 519 634 851 734 952 1214 1361 1232 1483 1436 1247 
711 877 1018 1039 1078 1278 1126 1152 1435 1790 1306 1388 1523 1479 1199 967 821 601 685 556 583 575 473 614 730 834 769 1165 1210 1375 1579 1321 1729 1768 
563 688 934 922 1130 1447 1513 1332 1277 1545 1525 1341 1445 1287 1026 865 817 687 590 541 556 572 574 507 582 743 740 909 1294 1291 1458 1623 1612 1500 
596 755 786 1051 936 1298 1283 1576 1666 1585 1675 1488 1478 1136 1098 887 940 698 751 521 558 461 598 669 715 737 732 863 945 1158 1127 1358 1509 1230 
651 735 795 987 1173 1231 1474 1163 1409 1479 1501 1539 1411 1437 1319 1164 705 749 754 627 525 568 587 529 596 824 942 944 969 1011 1512 1423 1360 1244 
529 848 1017 881 1175 1193 1312 1510 1228 1780 1735 1639 1560 1039 1348 960 817 784 765 592 555 527 619 576 706 641 741 1018 1145 1056 1323 1532 1530 1669 
717 727 985 926 1314 1013 1265 1663 1647 1649 1549 1425 1388 1211 1127 827 784 811 705 642 524 437 609 464 671 899 818 1183 1205 1449 1455 1522 1738 1533 
745 641 912 810 1315 1248 1569 1194 1327 1507 1414 1401 1339 1279 1294 1012 868 631 553 639 565 539 507 545 751 825 875 1146 1252 1495 1358 1711 1380 1736 
566 748 1033 1189 1071 1187 1612 1289 1727 1689 1766 1571 1401 1233 1173 938 994 606 534 663 611 552 614 668 611 647 986 1020 1343 1038 1532 1341 1238 1656 
