5 6 20
2 100
340 75 77 85 96 112 
340 100 103 113 129 149 
340 125 129 141 161 187 
340 150 155 170 193 224 
340 175 180 198 226 262 
100000 5000 5170 5669 6464 7499 
1499 1482 
1160 1606 1196 
1673 1479 1099 
1334 1145 1218 
1292 1315 1302 
1571 1391 1101 
1704 1119 1405 
1317 1504 1364 
1476 1538 1206 
1556 1559 1149 
1377 1180 1299 
1478 1612 1040 
1368 1398 1139 
1698 1216 1473 
1155 1259 1126 
1246 1597 1288 
1500 1558 1015 
1148 1408 1187 
1438 1497 1219 
1319 1583 1181 
1619 1376 1125 
1446 1123 1052 
1198 1105 1271 
1285 1205 1229 
1383 1339 1201 
1215 1310 1386 
1524 1375 1315 
1495 1120 1276 
1642 1122 1117 
1274 1532 1408 
1352 1614 1304 
1716 1229 1472 
1459 1607 1104 
1670 1166 1476 
1579 1618 1067 
1345 1466 1144 
1198 1603 1139 
1569 1104 1429 
1403 1299 1154 
1163 1520 1147 
1674 1419 1378 
1269 1114 1469 
1357 1338 1338 
1680 1517 1026 
1668 1297 1289 
1244 1254 1302 
1475 1432 1288 
1471 1123 1061 
1569 1454 1369 
1471 1410 1483 
1604 1090 1175 
1461 1282 1024 
1698 1487 1085 
1705 1406 1174 
1462 1166 1236 
1344 1150 1230 
1338 1554 1432 
1347 1165 1255 
1165 1347 1047 
1572 1481 1212 
1376 1466 1249 
1297 1206 1012 
1531 1522 1041 
1658 1095 1087 
1668 1174 1181 
1295 1335 1334 
1457 1171 1013 
1360 1442 1451 
1181 1521 1428 
1418 1593 1138 
1406 1454 1152 
1240 1578 1384 
1220 1119 1177 
1249 1162 1466 
1712 1423 1341 
1683 1275 1377 
1427 1258 1350 
1389 1466 1461 
1303 1164 1259 
1473 1607 1280 
1482 1150 1060 
1379 1570 1172 
1591 1134 1049 
1313 1262 1083 
1636 1368 1422 
1571 1327 1393 
1646 1279 1053 
1356 1183 1116 
1237 1588 1105 
1308 1465 1498 
1439 1122 1398 
1560 1184 1493 
1568 1272 1262 
1522 1436 1451 
1565 1156 1436 
1389 1136 1380 
1276 1327 1235 
1239 1544 1472 
1321 1312 1312 
1380 1201 1414 
1591 1292 1171 
