50 2 20
26 100
1700 77 75 77 85 96 112 130 149 169 187 203 214 222 225 222 214 203 187 169 150 130 112 96 85 77 75 77 85 96 112 130 149 169 187 203 214 222 225 222 214 203 187 169 150 130 112 96 85 77 75 
100000 5170 5000 5170 5669 6464 7499 8705 9999 11294 12499 13535 14330 14829 15000 14829 14330 13535 12500 11294 10000 8705 7500 6464 5669 5170 5000 5170 5669 6464 7499 8705 9999 11294 12499 13535 14330 14829 15000 14829 14330 13535 12500 11294 10000 8705 7500 6464 5669 5170 5000 
1482 1499 1482 1433 1353 1250 1129 1000 870 750 646 566 517 500 517 566 646 749 870 999 1129 1249 1353 1433 1482 1499 
2369 1706 2114 1609 583 644 637 829 590 887 516 747 693 255 667 428 387 1329 1599 1462 784 1720 1169 993 
2321 1980 883 1974 551 775 712 851 504 496 227 581 440 747 652 1037 1336 1393 1210 900 1915 1047 915 1129 
1892 1964 1792 1568 1325 829 1224 825 356 668 635 230 257 535 292 610 501 845 549 1325 1788 1393 2047 1011 
1832 1770 1281 1243 645 676 751 876 481 835 578 731 440 702 496 641 482 1025 847 514 1595 950 2298 864 
1650 602 1408 1839 1531 1023 780 1144 303 356 265 574 422 663 792 568 464 1091 1065 1331 2032 1829 1229 1433 
867 1707 696 1054 1798 1243 929 632 535 898 335 224 255 766 529 786 350 574 1441 1472 904 2231 1436 2133 
946 1631 1829 621 1713 653 834 446 1012 570 531 566 472 716 375 1047 1108 584 761 1011 1068 2143 1520 777 
763 1622 2094 1296 1307 844 1368 620 365 903 471 677 314 647 993 546 1334 1263 917 770 1126 1949 2183 2074 
1650 1615 662 661 911 661 1046 427 645 809 648 322 531 737 469 597 466 1493 1134 1998 1349 827 2316 707 
644 886 1626 1243 841 635 1166 382 596 672 559 575 219 745 549 900 1356 847 831 1355 2080 1804 1090 1984 
2197 1925 1383 1936 1600 1257 903 529 860 901 796 765 705 822 772 1085 688 1394 1638 721 1127 1127 715 859 
2090 2063 1009 1247 508 1114 1144 416 936 401 397 746 369 874 635 354 692 957 1792 1810 1512 1481 974 2142 
2254 2073 1362 1842 1055 865 370 758 312 406 645 695 232 523 513 606 1386 614 524 593 1960 937 1530 866 
1354 808 2047 1419 1060 1072 1361 486 661 739 399 234 488 344 527 449 540 1255 1602 1044 988 579 1355 2040 
2054 1650 997 1381 1684 1079 545 890 571 746 362 471 351 293 491 799 1328 1185 1115 1691 1611 1616 599 2380 
1150 1560 1148 1825 673 1341 721 636 651 835 739 577 634 774 921 473 536 781 1522 1479 2031 2268 1346 601 
1731 2258 1487 849 1032 806 1179 588 398 520 381 279 345 894 454 657 1181 994 1806 952 1558 1321 1922 2102 
1088 2279 1706 1164 1217 1343 765 402 775 465 500 481 344 728 544 1175 453 505 1698 1738 640 1465 765 1808 
650 847 963 1524 760 1222 1324 415 888 360 548 212 412 758 360 1138 1032 1130 980 1355 1509 2100 969 1004 
2346 1538 2128 1463 969 443 1096 723 370 796 541 694 266 567 513 379 855 1074 656 1329 1302 2247 1248 2328 
2080 1968 2013 1353 717 1117 1036 1042 520 289 507 341 815 835 864 782 1039 1236 565 1613 2047 1515 1815 953 
1663 2182 1717 762 881 496 1080 458 283 388 788 480 682 492 947 1192 613 565 1565 838 1760 868 2022 736 
1847 792 1318 1139 1140 649 981 665 300 488 713 794 402 594 696 320 1040 862 1456 856 770 1445 2232 1341 
1350 1219 1689 799 1364 1199 495 992 1024 725 613 698 654 624 670 423 692 636 889 612 2156 1451 1018 1342 
1905 2239 2040 1729 790 1493 998 515 366 702 334 629 720 835 1030 987 1203 808 1658 1819 1425 1432 1923 1102 
1504 2076 1317 1201 1777 1441 1232 955 928 854 472 273 279 419 801 387 631 669 1433 949 1165 729 1321 1816 
772 2279 1844 1201 515 989 752 470 472 323 741 307 819 366 532 1037 596 880 1195 534 1935 610 1851 744 
1118 1059 567 1170 1278 652 634 829 514 873 425 473 450 783 587 927 1277 1529 990 785 1892 2012 1607 609 
1758 1902 2034 1054 1379 693 390 973 473 516 315 572 742 856 506 351 968 1237 1603 1514 1903 1362 1794 771 
979 1318 1115 1171 1019 1353 506 366 646 656 527 785 765 763 986 417 1265 909 1323 880 1510 1649 811 783 
1621 2177 2071 1890 1450 530 1188 435 813 905 417 721 670 790 719 552 1136 1342 1352 1438 2010 934 1458 1910 
1215 1032 866 1619 935 907 455 493 691 618 593 786 536 350 503 384 802 680 875 1007 2023 1276 1020 1235 
2357 1025 586 609 707 1338 986 756 677 336 811 481 693 326 664 621 772 1314 767 1345 1781 1970 1587 1732 
628 2218 1465 1567 587 1268 635 735 552 437 589 222 416 565 323 1112 1279 1042 1043 1641 1539 1160 1469 2318 
1636 2033 1274 1088 537 1423 1107 1133 807 365 673 686 573 689 822 601 1056 872 1512 816 593 690 1517 2080 
1370 628 1190 1892 1364 732 1350 1115 379 506 394 282 304 821 923 861 694 675 1600 1142 1777 2126 1430 672 
1028 911 906 877 512 1509 742 874 884 578 220 348 754 864 817 819 1151 692 665 1164 1949 859 2070 2095 
1154 1445 843 985 556 1285 578 478 279 650 816 672 356 373 1002 474 580 487 1545 1947 963 615 1327 2045 
1784 1187 1724 1880 594 1284 735 411 785 722 479 336 271 395 676 1091 942 1353 1050 1121 1492 1967 1325 2039 
1483 574 1512 937 1687 1556 890 1097 800 896 250 290 752 440 293 794 386 1365 1302 1754 1345 940 2065 1717 
602 661 1076 1546 626 754 1105 512 297 785 569 447 233 835 541 839 649 1088 1243 1525 1015 1165 1068 1718 
1649 2061 719 1727 453 564 698 685 311 875 652 303 219 889 826 975 1264 726 859 1214 2081 1740 808 929 
1422 1939 564 555 1178 1589 653 590 375 403 573 684 496 388 378 1001 431 733 484 1008 1358 2073 790 713 
1618 1110 1552 1407 478 1472 1183 613 920 590 484 619 766 321 427 394 455 1064 614 1114 1885 1354 984 1707 
2298 611 550 1506 1686 1279 748 622 522 307 684 731 666 796 458 544 1042 1479 879 685 1796 1244 2354 2200 
1370 1490 687 794 607 931 672 615 426 500 682 564 625 238 966 562 1344 502 868 1064 1660 1478 946 1684 
1852 943 1181 1604 1296 478 758 358 829 365 352 626 488 620 296 1080 1348 1421 1474 1337 1057 2130 2212 2376 
2007 1996 774 655 1178 1235 519 709 557 243 703 758 222 365 304 741 531 1345 1315 1192 645 2219 2196 1526 
2163 613 1774 1849 1069 756 793 333 907 347 535 236 236 770 680 673 1071 508 451 603 1580 1546 1414 1486 
1524 1825 1709 1894 798 870 535 401 477 764 775 787 703 778 535 751 1021 623 534 820 677 590 1607 1562 
983 1249 1836 1222 759 1152 1308 1079 370 693 360 537 477 508 285 1153 395 690 1404 668 793 1916 1384 2243 
1268 787 1641 1240 1259 662 681 603 374 317 419 481 602 624 719 1089 1386 1047 905 1664 710 1044 1426 2001 
1749 1757 2071 1373 1019 718 631 542 874 554 617 680 598 251 808 1032 619 1276 626 945 1866 1178 1467 1062 
1702 1242 1246 1935 1609 1530 682 1045 390 674 702 584 569 252 463 332 595 1557 1318 509 1077 1931 1492 1363 
2232 1984 2159 807 1537 1076 829 487 395 601 421 475 438 299 471 1013 636 1475 1513 1268 1736 1587 1828 874 
1746 1434 1486 1923 1707 1034 676 386 334 404 283 438 657 615 409 662 757 1071 737 1408 1258 872 2127 2101 
995 1208 1757 1075 524 561 1056 319 695 386 705 460 671 239 713 504 712 551 503 576 1868 1342 1002 2360 
1663 868 1379 1532 1718 723 823 825 939 405 759 449 709 635 393 766 463 1036 1756 861 894 1853 1689 1828 
2061 1793 1527 960 986 1576 1338 789 824 471 263 780 716 389 467 428 1056 1572 1472 1604 1148 1673 2342 2371 
614 2243 638 668 1602 1492 915 1018 470 583 234 366 747 689 703 457 658 779 600 1507 805 1683 1245 741 
1788 807 894 1160 727 1142 1135 508 712 470 480 657 363 525 528 639 383 760 1678 566 1768 1899 901 1355 
1332 1349 685 1999 609 1323 1026 687 641 621 524 556 737 650 1013 785 1119 1254 1530 1808 753 2244 2121 1845 
660 2273 688 1484 1330 643 1037 561 873 495 758 270 784 644 931 934 740 841 738 847 2125 1363 2333 1782 
2331 1039 796 643 831 1442 1125 734 890 742 730 279 358 660 870 544 1109 1596 1424 743 2083 2113 1678 2179 
842 1910 914 1032 868 1182 1334 1021 566 562 765 230 573 369 658 1163 853 1594 1473 1187 1083 1365 877 1166 
802 1127 736 855 1279 466 676 652 417 435 719 761 632 528 951 894 1068 467 1465 987 618 1931 1542 2042 
1947 1102 1760 1387 1533 1327 573 1056 606 674 821 448 482 395 458 444 957 1204 1270 1872 610 1939 1820 1297 
843 2041 1781 1217 1437 552 1389 439 998 580 274 473 587 496 447 963 1185 1010 1217 1606 665 1177 1597 1616 
2155 1954 1372 800 991 864 393 846 745 227 426 221 704 537 996 872 1354 1208 1062 1917 1924 2069 1256 1256 
2112 1600 1227 823 755 1550 557 710 483 810 726 602 747 648 650 669 1000 1395 820 1237 1416 1832 1099 1193 
1104 630 1734 1880 1365 943 953 794 936 816 508 696 641 487 1015 437 986 647 749 757 1630 1622 1435 1250 
942 2106 1536 966 850 1151 1109 1010 269 281 374 327 417 310 786 827 1105 972 487 1285 1209 1703 1564 1398 
998 1327 1569 1277 590 634 543 739 261 878 712 754 531 587 925 333 1213 1016 1406 1433 865 1562 1196 1030 
2129 1962 1598 827 934 1037 773 825 351 475 455 497 556 859 823 560 660 419 1349 1601 1792 1525 768 1615 
603 1007 597 1875 1398 669 410 968 522 538 402 678 596 549 957 570 1249 415 708 1781 1431 727 641 1920 
2249 1045 999 664 1369 1032 1086 597 582 522 576 700 439 366 407 1019 1183 693 884 675 1217 1735 972 2014 
1701 1656 553 977 1318 1200 1240 531 522 336 295 434 813 904 873 987 900 897 548 618 1944 1206 2245 1640 
1447 923 1035 1997 451 450 737 933 384 689 335 545 528 480 896 987 934 782 534 1823 1354 965 1139 1970 
1300 1896 1328 990 1656 743 669 946 423 628 365 339 674 362 454 466 1221 1420 1114 930 2095 1668 1293 1729 
991 1628 854 1793 677 649 394 920 782 425 334 332 374 395 420 596 789 1451 1137 1373 781 1416 1606 2096 
1647 643 1988 617 1566 1132 1255 922 684 313 232 545 821 661 757 645 984 1593 1735 1058 2041 1023 1226 2377 
824 1871 1720 1662 1458 1576 1271 939 1015 482 702 528 254 335 563 541 718 593 1061 853 676 2199 1635 862 
660 759 1784 1044 1610 467 680 964 993 319 786 505 328 533 722 625 474 632 1724 889 1797 2073 2298 843 
679 978 1532 535 1327 721 554 974 565 283 243 644 309 278 651 387 434 581 1118 1178 956 1263 2305 2022 
1943 668 1167 1621 533 464 763 788 752 288 240 255 812 543 762 690 1087 1106 1230 540 625 1410 910 681 
1188 827 708 859 1490 463 418 724 424 729 550 508 318 721 559 486 1094 1219 1342 1341 1295 775 2288 2239 
1655 1452 1187 1559 1538 606 798 332 335 698 713 484 619 460 915 615 768 687 726 549 1301 1667 1396 1170 
1436 898 1584 1277 1256 1026 1358 621 473 878 802 341 701 725 420 1191 727 1086 487 1595 2137 2171 739 2111 
2084 1905 1248 1612 930 691 1343 772 801 229 561 212 792 700 562 679 928 702 503 557 1379 1419 1122 1133 
1853 1931 1298 1324 1595 623 760 1038 742 755 640 229 430 721 335 1160 1154 1292 932 644 840 1214 1965 994 
2081 2188 1758 1263 1166 986 691 1031 499 615 341 465 497 369 453 878 829 1482 1517 1002 710 2271 2276 964 
1768 983 933 1607 562 409 865 600 347 758 552 205 513 553 861 1080 1330 826 1402 1830 811 1969 2306 828 
1731 606 1887 1917 854 1172 753 593 982 595 721 746 513 752 875 1038 1370 1311 813 1803 827 2200 2300 1056 
2300 1959 1660 998 919 1030 1061 803 295 376 396 315 667 247 385 1069 1131 1506 527 1319 1153 1535 1922 962 
1685 698 589 1083 1025 497 388 514 510 772 385 317 519 635 575 928 521 1376 506 1046 1092 924 2123 2022 
2130 2069 873 1318 1500 1573 630 719 876 322 417 702 318 770 274 798 960 929 1747 1791 926 584 2342 1980 
713 1138 862 1567 559 1526 1290 838 741 289 766 667 719 469 358 368 1284 1122 497 1176 1332 1839 1932 1322 
2175 643 1336 1526 765 919 442 715 584 574 384 473 236 721 693 494 1358 1019 614 627 1791 1852 2247 2324 
2157 1107 1018 1153 1095 690 1320 706 1012 319 226 792 372 420 460 1149 855 792 670 1680 1231 1917 2289 685 
1362 1064 819 905 1712 1487 477 759 493 459 606 779 437 491 327 1060 520 980 544 593 899 1759 2132 2120 
