5 2 20
3 50
1700 77 75 77 85 96 
100000 5170 5000 5170 5669 6464 
1482 1499 1482 
702 766 
1312 639 
1103 1667 
588 1475 
675 1183 
1448 1896 
1046 2086 
1736 1349 
1915 2140 
2022 1293 
1775 787 
1354 1598 
2290 1976 
1801 1274 
2291 922 
2161 675 
906 1826 
1633 1438 
960 745 
719 1290 
1185 1759 
1238 1120 
1065 616 
1312 1929 
1695 771 
954 962 
673 855 
2105 1973 
2249 634 
1535 1836 
1196 1844 
1721 930 
1176 616 
2028 1135 
1987 1478 
2160 1524 
992 919 
862 1041 
1592 1356 
1190 2030 
1804 1869 
1894 1156 
2236 575 
1718 572 
1385 2075 
1310 1492 
2045 1519 
2030 1674 
1916 2080 
1836 1197 
