10 3 20
8 100
850 112 96 85 77 75 77 85 96 112 130 
850 150 129 113 103 100 103 113 129 149 174 
100000 7500 6464 5669 5170 5000 5170 5669 6464 7499 8705 
1249 1353 1433 1482 1499 1482 1433 1353 
1304 1167 
1288 1085 
1240 1141 
1281 1140 
1275 1122 
1252 1133 
1304 1095 
1190 1094 
1300 1115 
1279 1163 
1220 1105 
1246 1101 
1191 1112 
1289 1128 
1271 1173 
1231 1170 
1232 1080 
1305 1079 
1278 1138 
1218 1129 
1288 1155 
1277 1088 
1226 1113 
1224 1109 
1202 1117 
1192 1158 
1189 1123 
1291 1107 
1249 1094 
1247 1119 
1300 1182 
1232 1100 
1249 1121 
1300 1184 
1277 1128 
1307 1146 
1244 1140 
1259 1144 
1232 1123 
1312 1130 
1203 1094 
1257 1116 
1286 1116 
1219 1178 
1292 1126 
1257 1168 
1231 1098 
1242 1144 
1299 1076 
1195 1131 
1232 1096 
1194 1111 
1245 1110 
1305 1099 
1209 1172 
1264 1079 
1283 1073 
1231 1103 
1263 1167 
1227 1095 
1271 1084 
1196 1127 
1269 1122 
1311 1139 
1273 1098 
1206 1096 
1274 1108 
1250 1114 
1217 1125 
1187 1087 
1309 1164 
1246 1156 
1244 1104 
1289 1180 
1258 1099 
1240 1142 
1214 1098 
1234 1184 
1260 1085 
1220 1085 
1263 1136 
1217 1138 
1297 1086 
1205 1183 
1287 1154 
1223 1126 
1194 1082 
1280 1162 
1217 1149 
1274 1181 
1294 1158 
1292 1090 
1218 1092 
1210 1073 
1308 1124 
1230 1149 
1308 1165 
1280 1090 
1206 1144 
1270 1171 
