20 3 20
7 100
850 77 85 96 112 130 149 169 187 203 214 222 225 222 214 203 187 169 150 130 112 
850 103 113 129 149 174 199 225 249 270 286 296 300 296 286 270 250 225 200 174 150 
100000 5170 5669 6464 7499 8705 9999 11294 12499 13535 14330 14829 15000 14829 14330 13535 12500 11294 10000 8705 7500 
1482 1433 1353 1250 1129 1000 870 
742 695 464 479 583 435 544 755 805 816 902 947 1302 
664 717 465 508 539 529 659 682 855 783 1090 1111 1354 
679 573 545 511 516 467 672 736 615 970 917 1320 1123 
656 637 526 466 549 507 476 629 684 916 865 1162 1268 
891 648 549 502 531 464 478 710 715 922 927 1083 1484 
632 727 634 535 468 450 562 595 809 798 1014 950 1440 
753 772 498 615 597 549 622 537 643 923 1123 1082 1368 
615 682 493 511 576 442 512 699 898 913 1063 939 1453 
788 763 612 460 405 599 616 716 630 709 1138 1308 1415 
811 702 507 439 448 548 539 564 827 936 1018 1231 1160 
731 773 523 595 534 422 557 718 643 889 1113 999 1310 
810 747 559 522 570 452 513 590 750 847 833 1218 1470 
639 728 553 557 512 521 468 610 798 951 1008 1328 1202 
624 685 501 420 521 541 526 697 782 962 835 1295 1166 
850 574 484 505 412 604 607 643 616 729 835 1041 1494 
798 716 603 423 421 553 679 665 859 877 1035 1336 1314 
677 521 595 443 404 460 500 683 672 717 913 1116 1064 
792 700 678 481 469 611 545 734 849 869 1010 937 1432 
787 556 474 490 547 435 655 640 759 875 1157 1337 1038 
746 606 655 462 541 593 646 622 628 1009 1013 926 1042 
647 550 674 548 598 467 645 692 805 1006 1153 1216 1258 
893 578 606 582 456 612 666 681 633 744 1090 1077 1206 
603 668 457 614 540 444 477 557 727 838 967 1341 1316 
603 602 637 451 560 547 622 735 619 771 1061 1008 1327 
870 548 579 532 450 484 503 543 748 1038 1077 917 1077 
668 679 494 606 598 562 612 555 750 784 928 1077 1100 
842 541 594 466 418 570 572 653 719 797 857 1076 1291 
830 706 479 442 423 595 542 574 847 945 1021 989 1124 
709 533 581 536 486 415 660 553 793 1038 1039 1282 1233 
650 753 648 584 595 513 491 704 637 869 1108 1331 1201 
802 690 573 433 492 442 518 595 727 850 831 918 1145 
764 518 557 546 592 476 474 698 673 750 922 973 1175 
618 775 585 481 421 566 523 650 821 794 924 1274 1162 
826 773 488 457 473 501 597 645 604 1034 1062 990 1284 
808 616 472 467 534 587 663 759 761 723 887 1172 1143 
785 596 677 587 541 615 605 583 745 806 929 966 1342 
606 701 490 603 577 432 495 563 799 851 1184 1188 1048 
706 739 521 459 577 539 616 717 694 872 874 1278 1009 
619 688 557 501 519 609 584 599 792 772 1092 1068 1395 
748 525 496 574 435 608 655 617 667 751 899 962 1007 
688 666 478 540 516 514 476 614 693 843 921 1196 1120 
700 695 565 552 463 514 492 626 764 950 966 1097 1201 
690 532 489 420 508 450 589 598 837 802 802 1123 1449 
838 551 517 437 594 454 672 623 642 779 835 1170 1008 
648 589 515 565 422 612 482 770 735 803 951 1061 1012 
684 527 580 616 427 584 577 719 654 777 834 1226 1072 
831 529 581 424 550 581 607 743 809 697 859 1295 1366 
637 608 649 418 426 515 554 693 791 861 915 947 1364 
811 654 497 436 433 521 582 658 710 968 1192 1034 1238 
760 554 580 472 525 482 592 589 663 940 1044 1141 1002 
868 714 577 517 555 603 667 762 864 746 803 1111 1227 
734 768 472 541 435 449 494 671 660 993 1190 1119 1260 
821 666 562 480 447 489 496 553 707 715 1107 969 1069 
682 653 510 578 410 602 462 588 893 819 858 1116 1228 
863 569 633 591 414 599 528 752 679 797 932 978 1216 
879 556 670 582 584 520 583 697 740 759 840 1031 1031 
838 698 503 590 432 563 602 596 788 853 945 1250 1376 
860 729 678 435 448 585 515 589 875 877 887 1312 1058 
694 722 657 440 547 566 593 701 777 1016 857 928 1225 
817 641 484 607 422 577 644 709 713 857 1068 1320 1135 
651 616 523 513 543 497 597 570 837 829 920 1245 1219 
807 567 664 495 450 540 482 534 755 946 1154 1053 1463 
743 743 653 565 522 619 535 648 737 915 1186 972 1130 
791 720 639 586 453 525 573 540 733 1042 1134 1061 1335 
808 627 677 416 469 610 523 612 735 1023 851 1126 1237 
649 542 461 467 458 443 454 751 637 715 1157 1268 1170 
805 772 479 420 539 613 513 750 709 834 1164 1106 1181 
664 735 454 424 553 460 669 566 765 972 1192 1160 1088 
679 696 568 564 541 508 619 530 605 975 1020 947 1136 
662 726 655 451 536 542 508 602 862 804 1121 1100 1091 
765 646 535 535 434 415 471 684 776 813 923 1100 1164 
632 534 638 546 524 581 641 680 696 844 1050 1310 1374 
832 701 491 526 400 597 641 689 704 942 1173 1042 1323 
845 656 622 469 408 602 585 701 738 885 1022 1155 1228 
743 646 676 615 571 516 595 749 670 1015 1171 1273 1261 
692 708 485 450 572 490 627 632 736 990 906 1022 1438 
751 737 607 495 559 417 531 564 692 749 802 1229 1472 
607 637 633 477 488 615 487 543 876 892 971 1239 1381 
670 628 652 478 502 488 472 728 691 731 956 1194 1283 
635 759 517 556 424 490 661 558 610 810 1179 1070 1192 
783 594 477 562 469 579 606 545 844 911 851 1074 1088 
871 656 475 581 539 584 454 646 665 732 1148 967 1300 
889 636 514 464 547 554 458 706 646 846 1145 1171 1192 
720 695 638 605 446 541 540 600 685 736 1099 972 1259 
817 655 518 538 418 483 648 742 751 1030 1180 976 1346 
873 622 503 427 514 583 605 551 832 718 878 1051 1114 
736 524 669 535 581 476 551 652 633 848 1056 1176 1087 
605 647 551 563 486 531 620 752 815 981 1152 1031 1384 
707 666 462 521 464 445 583 558 771 780 1124 1343 1267 
655 597 666 582 416 535 597 731 817 913 1025 994 1164 
612 650 472 494 584 413 497 653 811 841 1083 1165 1081 
895 726 663 603 421 422 511 633 647 774 1077 954 1208 
641 679 463 432 543 419 573 564 875 937 1090 971 1020 
642 580 468 556 528 526 516 543 628 912 900 927 1086 
882 675 470 529 422 420 494 681 672 703 1141 1084 1225 
674 638 472 523 493 601 490 567 785 892 883 1306 1137 
742 626 606 605 552 436 462 589 649 708 916 956 1398 
889 595 641 606 443 458 503 769 778 699 1065 1079 1271 
728 568 617 590 443 556 577 721 647 913 985 1329 1422 
785 748 608 558 454 605 581 560 737 998 991 1169 1283 
