20 11 20
15 100
170 112 96 85 77 75 77 85 96 112 130 149 169 187 203 214 222 225 222 214 203 
170 150 129 113 103 100 103 113 129 149 174 199 225 249 270 286 296 300 296 286 270 
170 187 161 141 129 125 129 141 161 187 217 249 282 312 338 358 370 375 370 358 338 
170 225 193 170 155 150 155 170 193 224 261 299 338 374 406 429 444 450 444 429 406 
170 262 226 198 180 175 180 198 226 262 304 349 395 437 473 501 519 525 519 501 473 
170 300 258 226 206 200 206 226 258 299 348 399 451 499 541 573 593 600 593 573 541 
170 337 290 255 232 225 232 255 290 337 391 449 508 562 609 644 667 675 667 644 609 
170 375 323 283 258 250 258 283 323 374 435 499 564 624 676 716 741 750 741 716 676 
170 412 355 311 284 275 284 311 355 412 478 549 621 687 744 788 815 825 815 788 744 
170 450 387 340 310 300 310 340 387 449 522 599 677 749 812 859 889 900 889 859 812 
100000 7500 6464 5669 5170 5000 5170 5669 6464 7499 8705 9999 11294 12499 13535 14330 14829 15000 14829 14330 13535 
1249 1353 1433 1482 1499 1482 1433 1353 1250 1129 1000 870 750 646 566 
435 591 554 644 611 
469 435 604 632 737 
481 500 577 468 686 
551 541 551 493 526 
428 455 579 458 725 
464 539 420 539 647 
521 443 527 620 729 
536 554 524 560 549 
594 548 512 606 539 
565 405 474 458 737 
420 569 557 613 557 
498 442 525 576 625 
443 485 441 472 583 
506 592 605 603 692 
447 411 614 462 560 
415 510 601 642 708 
520 520 594 600 634 
504 498 446 590 695 
504 559 511 464 641 
465 510 595 570 613 
454 590 460 582 584 
602 521 542 587 550 
458 463 413 507 641 
597 548 420 654 722 
443 584 509 612 647 
559 462 457 619 748 
538 459 416 503 733 
591 581 545 618 640 
429 503 527 608 582 
452 465 592 549 683 
544 438 618 578 621 
520 568 480 590 722 
424 493 429 662 571 
604 481 511 461 668 
449 474 486 635 622 
586 402 613 595 701 
586 402 463 579 579 
619 552 509 583 624 
526 434 567 603 644 
476 470 435 578 592 
567 442 479 669 577 
474 519 439 679 562 
474 483 575 563 632 
505 597 570 629 675 
461 419 526 648 518 
543 426 485 562 623 
437 508 433 471 581 
560 598 601 484 579 
597 505 614 635 654 
618 439 570 515 632 
493 574 587 471 579 
563 400 542 453 724 
435 412 445 633 550 
584 553 615 539 554 
467 443 482 637 522 
525 566 425 603 709 
437 550 467 454 743 
549 495 613 650 772 
582 452 453 654 763 
614 568 454 544 758 
541 420 503 549 765 
604 504 442 654 725 
460 597 517 558 718 
538 459 564 525 551 
560 430 416 488 567 
475 599 481 501 525 
494 519 493 560 601 
534 470 588 515 766 
491 590 516 548 619 
509 408 437 571 719 
424 423 538 603 712 
572 404 478 456 637 
449 451 558 644 735 
524 568 572 468 685 
576 441 506 634 594 
478 542 564 652 730 
503 579 451 490 668 
439 583 458 466 655 
605 466 544 656 518 
488 523 450 472 614 
543 504 476 662 702 
466 535 473 533 602 
582 572 495 623 630 
586 533 470 473 640 
444 432 599 504 640 
426 542 562 633 742 
495 433 524 615 716 
617 454 582 656 598 
449 486 439 499 579 
539 550 428 641 753 
534 469 540 677 593 
572 508 615 664 598 
607 535 479 505 582 
535 572 443 603 663 
503 538 414 519 718 
551 450 482 520 551 
417 590 503 565 580 
496 542 610 601 758 
517 475 429 511 680 
414 442 538 675 765 
