50 11 20
26 50
170 130 112 96 85 77 75 77 85 96 112 130 149 169 187 203 214 222 225 222 214 203 187 169 150 130 112 96 85 77 75 77 85 96 112 130 149 169 187 203 214 222 225 222 214 203 187 169 150 130 112 
170 174 150 129 113 103 100 103 113 129 149 174 199 225 249 270 286 296 300 296 286 270 250 225 200 174 150 129 113 103 100 103 113 129 149 174 199 225 249 270 286 296 300 296 286 270 250 225 200 174 150 
170 217 187 161 141 129 125 129 141 161 187 217 249 282 312 338 358 370 375 370 358 338 312 282 250 217 187 161 141 129 125 129 141 161 187 217 249 282 312 338 358 370 375 370 358 338 312 282 250 217 187 
170 261 225 193 170 155 150 155 170 193 224 261 299 338 374 406 429 444 450 444 429 406 375 338 300 261 225 193 170 155 150 155 170 193 224 261 299 338 374 406 429 444 450 444 429 406 375 338 300 261 225 
170 304 262 226 198 180 175 180 198 226 262 304 349 395 437 473 501 519 525 519 501 473 437 395 350 304 262 226 198 180 175 180 198 226 262 304 349 395 437 473 501 519 525 519 501 473 437 395 350 304 262 
170 348 300 258 226 206 200 206 226 258 299 348 399 451 499 541 573 593 600 593 573 541 500 451 400 348 300 258 226 206 200 206 226 258 299 348 399 451 499 541 573 593 600 593 573 541 500 451 400 348 300 
170 391 337 290 255 232 225 232 255 290 337 391 449 508 562 609 644 667 675 667 644 609 562 508 450 391 337 290 255 232 225 232 255 290 337 391 449 508 562 609 644 667 675 667 644 609 562 508 450 391 337 
170 435 375 323 283 258 250 258 283 323 374 435 499 564 624 676 716 741 750 741 716 676 625 564 500 435 375 323 283 258 250 258 283 323 374 435 499 564 624 676 716 741 750 741 716 676 625 564 500 435 375 
170 478 412 355 311 284 275 284 311 355 412 478 549 621 687 744 788 815 825 815 788 744 687 621 550 478 412 355 311 284 275 284 311 355 412 478 549 621 687 744 788 815 825 815 788 744 687 621 550 478 412 
170 522 450 387 340 310 300 310 340 387 449 522 599 677 749 812 859 889 900 889 859 812 750 677 600 522 450 387 340 310 300 310 340 387 449 522 599 677 749 812 859 889 900 889 859 812 750 677 600 522 450 
100000 8705 7500 6464 5669 5170 5000 5170 5669 6464 7499 8705 9999 11294 12499 13535 14330 14829 15000 14829 14330 13535 12500 11294 10000 8705 7500 6464 5669 5170 5000 5170 5669 6464 7499 8705 9999 11294 12499 13535 14330 14829 15000 14829 14330 13535 12500 11294 10000 8705 7500 
1129 1249 1353 1433 1482 1499 1482 1433 1353 1250 1129 1000 870 750 646 566 517 500 517 566 646 749 870 999 1129 1249 
1412 1463 1417 1433 1448 1441 1410 1280 1087 955 880 764 630 571 532 486 510 563 664 724 836 1030 1090 1306 
1295 1451 1467 1520 1443 1382 1389 1189 1172 951 848 773 641 580 522 487 494 567 642 775 906 1030 1113 1270 
1320 1407 1417 1453 1528 1400 1338 1276 1135 1009 855 744 672 561 539 499 493 588 616 770 903 971 1168 1286 
1379 1444 1462 1514 1531 1484 1357 1308 1131 966 837 770 625 580 511 513 505 557 635 779 834 1014 1143 1188 
1347 1503 1437 1488 1408 1456 1332 1197 1140 970 865 759 667 541 497 495 496 588 615 746 850 1039 1173 1275 
1326 1430 1439 1465 1520 1457 1310 1210 1184 996 832 744 644 580 535 502 504 580 633 771 831 1016 1082 1307 
1395 1480 1470 1433 1475 1414 1381 1287 1128 965 861 715 629 552 496 492 509 590 653 764 856 958 1103 1229 
1418 1363 1430 1447 1412 1496 1340 1228 1104 1035 875 756 640 583 530 478 520 591 674 779 846 958 1177 1261 
1299 1418 1463 1475 1553 1402 1357 1227 1173 986 897 714 651 544 501 522 542 552 631 731 846 1021 1077 1215 
1302 1485 1468 1536 1514 1490 1328 1271 1147 995 868 766 622 589 526 479 542 570 659 783 906 980 1151 1304 
1322 1474 1410 1506 1452 1464 1376 1278 1135 995 829 766 619 558 492 480 504 544 656 741 901 998 1174 1303 
1301 1483 1532 1519 1491 1465 1306 1209 1105 1021 895 719 637 556 534 512 496 577 653 724 829 958 1174 1201 
1287 1476 1444 1441 1495 1435 1340 1298 1178 1045 895 715 638 565 542 486 493 580 628 772 870 1047 1166 1205 
1406 1364 1488 1522 1496 1460 1404 1264 1166 1000 839 779 618 565 518 510 541 541 662 740 879 1014 1148 1239 
1344 1366 1488 1542 1431 1384 1288 1255 1168 987 897 785 625 581 541 489 517 573 671 784 861 1031 1154 1290 
1368 1478 1485 1573 1527 1403 1391 1278 1085 975 873 738 620 556 537 487 530 546 677 721 872 1030 1110 1249 
1373 1366 1492 1534 1414 1495 1353 1243 1077 984 867 752 670 563 491 520 525 567 654 716 865 1030 1076 1227 
1323 1383 1447 1472 1512 1411 1308 1229 1156 959 903 777 664 550 515 498 507 552 651 773 833 957 1082 1241 
1344 1417 1527 1523 1507 1361 1297 1249 1168 1026 861 713 622 588 531 506 495 573 621 730 891 1048 1112 1248 
1330 1445 1467 1560 1556 1387 1407 1242 1151 1044 882 722 650 552 533 488 532 582 663 777 878 1035 1139 1298 
1398 1490 1433 1565 1470 1443 1414 1295 1166 1038 835 716 651 576 511 516 516 578 636 764 851 1032 1080 1290 
1327 1421 1454 1539 1436 1456 1297 1235 1184 1018 872 732 654 554 499 507 511 546 642 770 836 996 1141 1216 
1390 1454 1508 1536 1456 1363 1392 1197 1113 995 878 771 638 578 536 478 511 550 629 769 872 982 1182 1262 
1347 1479 1520 1538 1440 1421 1378 1307 1105 974 827 782 647 541 492 508 533 543 661 732 909 984 1143 1269 
1383 1385 1556 1450 1502 1497 1349 1215 1105 1037 913 782 669 559 536 477 524 561 634 720 832 963 1174 1306 
1334 1500 1484 1536 1417 1488 1303 1253 1131 1021 831 746 665 558 534 511 542 577 658 746 858 963 1127 1224 
1323 1441 1430 1478 1477 1424 1372 1311 1133 975 846 784 626 574 505 516 498 566 631 772 845 1017 1112 1195 
1359 1382 1553 1524 1465 1430 1414 1208 1130 1004 884 784 652 545 521 503 528 569 666 778 841 1033 1185 1234 
1396 1445 1420 1514 1473 1367 1336 1293 1156 1009 876 725 673 548 531 518 514 578 652 744 886 977 1085 1214 
1304 1491 1527 1533 1432 1465 1338 1282 1141 1007 873 749 635 571 510 498 502 586 664 769 854 1038 1138 1227 
1301 1482 1453 1501 1448 1504 1389 1205 1170 1040 851 778 658 567 522 487 512 566 631 735 839 981 1172 1312 
1350 1383 1486 1493 1448 1410 1294 1208 1108 973 887 722 630 557 497 490 532 569 677 786 881 985 1170 1295 
1417 1483 1487 1440 1472 1404 1363 1219 1168 979 853 749 666 548 492 513 527 573 635 749 904 979 1173 1231 
1382 1405 1437 1559 1433 1417 1359 1224 1173 1012 837 724 621 569 500 512 517 566 628 738 853 1049 1111 1212 
1396 1390 1452 1567 1521 1485 1401 1272 1094 965 897 762 669 579 494 524 522 553 643 786 867 950 1132 1281 
1350 1418 1553 1526 1479 1419 1287 1221 1073 1016 855 721 665 539 537 494 526 566 634 756 879 991 1181 1202 
1336 1455 1493 1467 1418 1452 1362 1211 1143 970 899 740 639 593 496 499 515 547 660 775 850 1016 1184 1224 
1350 1392 1528 1449 1500 1436 1402 1255 1111 970 831 786 670 557 506 513 525 567 658 755 868 969 1163 1197 
1318 1403 1467 1445 1526 1461 1313 1306 1152 1019 909 721 646 541 516 518 515 581 620 731 843 1048 1169 1296 
1303 1421 1555 1512 1476 1444 1334 1189 1098 966 899 733 636 594 528 504 508 580 614 742 841 1048 1144 1236 
1360 1452 1483 1494 1501 1423 1345 1265 1121 998 898 785 642 572 498 522 498 556 622 769 847 985 1159 1216 
1310 1454 1534 1447 1540 1398 1315 1207 1103 1012 885 726 625 566 510 518 532 581 669 750 901 1017 1140 1224 
1365 1469 1550 1462 1423 1449 1383 1253 1176 969 907 770 631 584 503 520 496 593 650 731 841 1044 1075 1205 
1331 1462 1456 1451 1483 1392 1323 1206 1181 950 880 764 674 567 491 520 493 573 633 776 850 999 1163 1204 
1339 1420 1519 1526 1444 1439 1407 1279 1181 981 833 726 646 572 533 492 518 538 675 729 833 1031 1094 1253 
1408 1446 1500 1456 1437 1389 1296 1187 1110 964 862 765 642 539 521 507 513 539 650 784 854 963 1180 1240 
1341 1387 1473 1454 1440 1389 1405 1214 1152 981 835 778 657 579 509 496 540 584 633 774 834 955 1160 1257 
1336 1464 1529 1447 1522 1383 1356 1269 1134 994 839 725 637 558 533 502 515 561 652 721 887 1036 1185 1190 
1301 1442 1525 1528 1541 1404 1315 1304 1101 1030 867 758 614 591 513 476 529 547 659 785 905 1041 1163 1288 
1298 1503 1484 1484 1496 1417 1351 1207 1134 950 897 728 672 561 532 520 509 543 661 745 874 1020 1152 1218 
