50 3 20
16 10
850 85 96 112 130 149 169 187 203 214 222 225 222 214 203 187 169 150 130 112 96 85 77 75 77 85 96 112 130 149 169 187 203 214 222 225 222 214 203 187 169 150 130 112 96 85 77 75 77 85 96 
850 113 129 149 174 199 225 249 270 286 296 300 296 286 270 250 225 200 174 150 129 113 103 100 103 113 129 149 174 199 225 249 270 286 296 300 296 286 270 250 225 200 174 150 129 113 103 100 103 113 129 
100000 5669 6464 7499 8705 9999 11294 12499 13535 14330 14829 15000 14829 14330 13535 12500 11294 10000 8705 7500 6464 5669 5170 5000 5170 5669 6464 7499 8705 9999 11294 12499 13535 14330 14829 15000 14829 14330 13535 12500 11294 10000 8705 7500 6464 5669 5170 5000 5170 5669 6464 
1433 1353 1250 1129 1000 870 750 646 566 517 500 517 566 646 749 870 
923 989 1218 1242 1477 1623 1213 1192 1496 1270 1156 904 933 758 767 744 540 498 480 552 518 554 612 951 1047 1007 1331 1536 1480 1755 1322 1319 1593 1142 
841 1250 1269 1253 1183 1201 1600 1317 1421 1282 1466 1078 1028 1013 643 627 650 508 435 481 475 573 824 853 842 1096 1177 1158 1633 1602 1291 1452 1223 1219 
858 1322 1056 1479 1459 1743 1311 1727 1498 1357 1195 1311 1141 732 856 558 652 499 484 615 642 642 616 929 1061 1024 1033 1208 1186 1201 1703 1527 1527 1364 
823 989 1411 1367 1206 1400 1769 1525 1523 1456 1380 1097 862 748 606 588 486 487 512 419 491 605 872 976 890 1104 1198 1621 1429 1577 1247 1715 1303 1109 
916 1060 1440 1371 1276 1461 1489 1600 1342 1479 1267 1306 1178 915 861 598 642 438 414 477 515 529 651 893 886 1292 1170 1363 1199 1589 1553 1516 1697 1148 
850 1059 1227 1574 1398 1747 1373 1592 1557 1600 1359 918 1066 833 832 555 536 522 521 443 502 621 849 859 1038 1022 1065 1280 1323 1512 1240 1719 1387 1516 
944 1116 1288 1107 1439 1367 1441 1776 1214 1567 1033 1230 1088 989 783 532 568 431 427 491 625 518 732 729 932 1027 1102 1334 1180 1236 1388 1189 1371 1388 
962 995 1071 1600 1293 1635 1589 1458 1193 1105 1117 1024 937 712 682 700 494 514 548 414 459 597 767 897 1007 1051 1301 1310 1333 1275 1626 1451 1668 1203 
1010 1056 1458 1130 1449 1671 1311 1581 1199 1540 1034 1234 1172 936 621 601 619 485 494 476 541 592 888 960 1035 1352 1470 1367 1263 1313 1527 1480 1280 1355 
1193 1320 1347 1574 1331 1494 1376 1384 1291 1329 1111 1149 1196 727 874 580 650 528 423 468 614 768 635 778 1047 1136 1235 1522 1277 1192 1229 1686 1166 1243 
