20 11 20
7 10
170 77 75 77 85 96 112 130 149 169 187 203 214 222 225 222 214 203 187 169 150 
170 103 100 103 113 129 149 174 199 225 249 270 286 296 300 296 286 270 250 225 200 
170 129 125 129 141 161 187 217 249 282 312 338 358 370 375 370 358 338 312 282 250 
170 155 150 155 170 193 224 261 299 338 374 406 429 444 450 444 429 406 375 338 300 
170 180 175 180 198 226 262 304 349 395 437 473 501 519 525 519 501 473 437 395 350 
170 206 200 206 226 258 299 348 399 451 499 541 573 593 600 593 573 541 500 451 400 
170 232 225 232 255 290 337 391 449 508 562 609 644 667 675 667 644 609 562 508 450 
170 258 250 258 283 323 374 435 499 564 624 676 716 741 750 741 716 676 625 564 500 
170 284 275 284 311 355 412 478 549 621 687 744 788 815 825 815 788 744 687 621 550 
170 310 300 310 340 387 449 522 599 677 749 812 859 889 900 889 859 812 750 677 600 
100000 5170 5000 5170 5669 6464 7499 8705 9999 11294 12499 13535 14330 14829 15000 14829 14330 13535 12500 11294 10000 
1482 1499 1482 1433 1353 1250 1129 
784 480 539 441 541 810 538 729 294 893 657 715 671 
932 977 472 445 299 554 362 672 561 412 629 638 1559 
534 449 499 317 869 329 740 687 614 504 342 714 652 
464 936 749 308 535 770 526 538 690 1002 523 1044 510 
1202 554 1091 582 488 339 548 383 344 870 996 1167 1557 
1569 583 589 965 724 406 467 674 349 394 1103 942 1287 
510 930 955 732 902 584 459 566 822 625 866 986 1505 
1483 1075 471 511 798 642 739 494 439 738 457 836 473 
755 1126 1044 359 617 626 252 290 465 676 528 794 1558 
1148 1384 1083 834 712 339 476 218 463 372 731 897 477 
