50 6 20
16 10
340 112 96 85 77 75 77 85 96 112 130 149 169 187 203 214 222 225 222 214 203 187 169 150 130 112 96 85 77 75 77 85 96 112 130 149 169 187 203 214 222 225 222 214 203 187 169 150 130 112 96 
340 150 129 113 103 100 103 113 129 149 174 199 225 249 270 286 296 300 296 286 270 250 225 200 174 150 129 113 103 100 103 113 129 149 174 199 225 249 270 286 296 300 296 286 270 250 225 200 174 150 129 
340 187 161 141 129 125 129 141 161 187 217 249 282 312 338 358 370 375 370 358 338 312 282 250 217 187 161 141 129 125 129 141 161 187 217 249 282 312 338 358 370 375 370 358 338 312 282 250 217 187 161 
340 225 193 170 155 150 155 170 193 224 261 299 338 374 406 429 444 450 444 429 406 375 338 300 261 225 193 170 155 150 155 170 193 224 261 299 338 374 406 429 444 450 444 429 406 375 338 300 261 225 193 
340 262 226 198 180 175 180 198 226 262 304 349 395 437 473 501 519 525 519 501 473 437 395 350 304 262 226 198 180 175 180 198 226 262 304 349 395 437 473 501 519 525 519 501 473 437 395 350 304 262 226 
100000 7500 6464 5669 5170 5000 5170 5669 6464 7499 8705 9999 11294 12499 13535 14330 14829 15000 14829 14330 13535 12500 11294 10000 8705 7500 6464 5669 5170 5000 5170 5669 6464 7499 8705 9999 11294 12499 13535 14330 14829 15000 14829 14330 13535 12500 11294 10000 8705 7500 6464 
1249 1353 1433 1482 1499 1482 1433 1353 1250 1129 1000 870 750 646 566 517 
505 583 485 546 674 895 901 1025 1234 1259 1346 1253 1777 1527 1705 1306 1319 1118 1004 1032 850 602 596 525 473 578 570 678 654 813 955 987 1462 1547 
497 450 522 521 601 700 1028 967 1097 1453 1699 1353 1280 1681 1417 1239 1151 1077 1096 861 762 525 564 563 500 475 512 687 651 809 1141 1197 1270 1183 
460 481 474 751 810 840 833 1304 1388 1318 1336 1187 1497 1335 1432 1103 1295 1287 1025 956 697 626 562 446 472 445 611 638 618 939 1025 957 1022 1532 
460 487 546 574 755 1037 954 1274 1482 1333 1615 1648 1555 1308 1317 1330 1231 957 915 833 802 583 474 573 569 561 457 604 684 888 1025 989 1193 1544 
594 517 557 725 899 892 963 1290 1135 1158 1457 1634 1203 1561 1705 1459 1255 1348 1114 777 678 729 561 465 582 570 653 684 632 840 827 1345 1189 1093 
469 580 463 551 899 1015 959 1101 1387 1165 1183 1220 1685 1248 1631 1296 1494 1053 1162 1020 724 609 601 617 406 449 485 738 610 841 938 1079 1042 1093 
433 485 462 639 740 914 876 1109 1026 1492 1512 1230 1719 1574 1673 1287 1141 947 978 838 858 748 650 512 469 458 668 759 691 722 819 936 1114 1277 
563 505 559 645 646 806 1105 948 1052 1313 1638 1571 1613 1662 1642 1432 1167 1296 1154 765 894 651 596 523 486 498 543 613 624 761 926 1208 1282 1542 
418 556 566 771 663 974 1128 935 1416 1137 1646 1555 1407 1335 1610 1248 1394 1113 978 986 632 566 473 577 499 502 564 563 818 744 1000 1262 1389 1456 
506 473 594 752 710 702 1007 1164 1257 1327 1508 1738 1541 1408 1347 1131 1400 1154 851 1016 743 553 497 463 411 508 677 759 843 865 1062 1273 1010 1448 
