50 2 20
26 5
1700 150 130 112 96 85 77 75 77 85 96 112 130 149 169 187 203 214 222 225 222 214 203 187 169 150 130 112 96 85 77 75 77 85 96 112 130 149 169 187 203 214 222 225 222 214 203 187 169 150 130 
100000 10000 8705 7500 6464 5669 5170 5000 5170 5669 6464 7499 8705 9999 11294 12499 13535 14330 14829 15000 14829 14330 13535 12500 11294 10000 8705 7500 6464 5669 5170 5000 5170 5669 6464 7499 8705 9999 11294 12499 13535 14330 14829 15000 14829 14330 13535 12500 11294 10000 8705 
1000 1129 1249 1353 1433 1482 1499 1482 1433 1353 1250 1129 1000 870 750 646 566 517 500 517 566 646 749 870 999 1129 
1281 1361 1432 1478 1429 1523 1392 1368 1244 1148 1035 835 761 644 591 502 508 541 539 620 720 891 974 1078 
1256 1311 1479 1528 1439 1471 1446 1391 1201 1079 958 901 727 625 592 533 480 508 557 626 712 907 970 1093 
1241 1394 1486 1536 1525 1464 1500 1310 1284 1094 965 890 771 629 572 499 512 533 575 616 763 861 1027 1180 
1233 1316 1366 1534 1432 1411 1408 1320 1292 1152 1017 861 712 639 567 539 516 521 574 631 746 893 1008 1087 
1191 1351 1502 1477 1560 1555 1485 1323 1199 1125 991 861 757 620 540 542 477 539 559 655 716 886 1045 1167 
