5 11 20
4 100
170 130 149 169 187 203 
170 174 199 225 249 270 
170 217 249 282 312 338 
170 261 299 338 374 406 
170 304 349 395 437 473 
170 348 399 451 499 541 
170 391 449 508 562 609 
170 435 499 564 624 676 
170 478 549 621 687 744 
170 522 599 677 749 812 
100000 8705 9999 11294 12499 13535 
1129 1000 870 750 
746 
761 
520 
559 
758 
656 
689 
745 
692 
702 
657 
551 
768 
694 
569 
559 
709 
544 
725 
662 
659 
726 
733 
621 
528 
722 
522 
763 
688 
636 
621 
700 
633 
677 
600 
760 
587 
551 
584 
640 
605 
714 
572 
762 
610 
551 
694 
574 
543 
592 
743 
570 
736 
734 
554 
724 
633 
544 
617 
559 
617 
599 
619 
522 
695 
582 
718 
585 
523 
599 
658 
661 
726 
668 
774 
541 
708 
682 
750 
606 
636 
736 
701 
753 
745 
746 
709 
585 
729 
542 
528 
659 
633 
666 
768 
576 
596 
648 
545 
697 
