5 11 20
2 50
170 77 75 77 85 96 
170 103 100 103 113 129 
170 129 125 129 141 161 
170 155 150 155 170 193 
170 180 175 180 198 226 
170 206 200 206 226 258 
170 232 225 232 255 290 
170 258 250 258 283 323 
170 284 275 284 311 355 
170 310 300 310 340 387 
100000 5170 5000 5170 5669 6464 
1482 1499 
1377 1689 1196 
1509 1182 1512 
1586 1439 1596 
1256 1531 1530 
1445 1324 1232 
1199 1223 1305 
1345 1481 1424 
1191 1309 1536 
1607 1714 1349 
1389 1167 1528 
1532 1292 1590 
1550 1410 1434 
1386 1532 1332 
1325 1411 1499 
1447 1409 1301 
1671 1482 1333 
1262 1270 1234 
1696 1170 1382 
1703 1595 1451 
1709 1546 1198 
1568 1327 1188 
1189 1345 1156 
1452 1511 1458 
1268 1154 1131 
1348 1403 1283 
1710 1232 1351 
1683 1548 1548 
1432 1317 1397 
1608 1444 1400 
1276 1694 1168 
1696 1640 1602 
1530 1619 1461 
1740 1206 1160 
1392 1350 1224 
1698 1284 1426 
1271 1282 1369 
1271 1545 1482 
1401 1262 1159 
1573 1440 1138 
1352 1186 1504 
1644 1638 1416 
1267 1250 1495 
1655 1223 1111 
1312 1279 1334 
1197 1554 1492 
1305 1587 1593 
1502 1529 1257 
1397 1270 1309 
1774 1510 1294 
1342 1226 1514 
