5 6 20
2 100
340 130 112 96 85 77 
340 174 150 129 113 103 
340 217 187 161 141 129 
340 261 225 193 170 155 
340 304 262 226 198 180 
100000 8705 7500 6464 5669 5170 
1129 1249 
1355 829 2134 
1902 1848 1504 
1268 1127 2165 
1296 2240 731 
992 1312 1008 
2138 2177 2280 
1246 1459 1921 
1912 615 626 
645 1338 1395 
1170 599 1357 
2112 1411 1684 
1214 1008 911 
662 2063 696 
974 1146 1368 
1480 974 984 
1020 1948 765 
973 1604 1504 
915 1626 1722 
908 1430 2348 
1788 1776 1556 
885 1922 1134 
1457 964 1855 
2064 1365 740 
1679 1799 1712 
1957 771 837 
1046 715 1198 
2158 1967 1174 
1320 1720 1347 
2030 1417 744 
1241 1030 2138 
645 2283 1611 
1297 931 1134 
1769 1518 817 
1862 793 1803 
806 2137 1922 
1369 1220 2140 
2066 744 2318 
1241 2204 2084 
2007 2008 934 
1459 2119 1798 
658 2273 1610 
1216 2018 2356 
1963 2074 1400 
2032 1639 1633 
2027 1331 1040 
1074 659 762 
1548 1754 956 
663 2230 2339 
1857 1246 2045 
1224 1114 2330 
636 1975 1338 
1902 2022 1822 
711 2030 1648 
789 1297 1065 
1862 1160 1468 
1495 2147 2057 
1705 1975 1990 
1775 1669 1908 
1051 924 1360 
1071 1602 1230 
1363 1972 676 
774 852 1651 
691 2168 2009 
1339 1854 1922 
1516 1456 1828 
1955 1004 1826 
842 660 1528 
676 1233 1134 
1098 1486 1391 
1454 879 1122 
598 646 1179 
760 1334 1799 
548 2131 822 
1273 1758 1209 
1851 2252 1979 
625 2024 906 
2049 1086 926 
1171 744 1981 
1388 1870 1957 
1939 2107 1011 
961 1311 1491 
683 1766 2310 
2031 836 1463 
1985 1182 2022 
2009 1960 1213 
1971 1582 1906 
1253 1401 1669 
2027 811 2244 
2011 1014 2188 
1780 1777 779 
965 784 1884 
1051 2256 1174 
1921 1089 1013 
580 582 818 
1783 1859 2198 
921 632 980 
1352 2118 1032 
913 1781 631 
1113 1406 1042 
1080 1951 952 
