50 2 20
16 50
1700 96 112 130 149 169 187 203 214 222 225 222 214 203 187 169 150 130 112 96 85 77 75 77 85 96 112 130 149 169 187 203 214 222 225 222 214 203 187 169 150 130 112 96 85 77 75 77 85 96 112 
100000 6464 7499 8705 9999 11294 12499 13535 14330 14829 15000 14829 14330 13535 12500 11294 10000 8705 7500 6464 5669 5170 5000 5170 5669 6464 7499 8705 9999 11294 12499 13535 14330 14829 15000 14829 14330 13535 12500 11294 10000 8705 7500 6464 5669 5170 5000 5170 5669 6464 7499 
1353 1250 1129 1000 870 750 646 566 517 500 517 566 646 749 870 999 
1109 1223 1340 1437 1524 1484 1454 1399 1388 1222 1074 1005 843 757 666 553 528 475 503 578 629 729 898 1024 1086 1226 1298 1392 1438 1486 1441 1409 1316 1270 
1084 1282 1356 1443 1455 1462 1410 1416 1371 1226 1078 1037 882 778 632 550 497 498 495 593 655 772 881 978 1095 1212 1327 1379 1437 1444 1466 1433 1374 1288 
1151 1290 1289 1407 1461 1451 1454 1423 1301 1261 1076 970 866 727 661 585 540 491 512 570 626 744 898 1004 1134 1300 1386 1498 1428 1515 1462 1436 1355 1219 
1171 1307 1298 1434 1451 1572 1552 1469 1381 1291 1104 1007 911 769 650 592 539 498 509 587 634 785 867 1028 1126 1286 1319 1416 1518 1437 1432 1372 1419 1249 
1184 1288 1286 1413 1432 1492 1426 1383 1325 1258 1183 1014 877 757 658 580 496 492 503 569 653 781 885 998 1181 1293 1357 1366 1523 1511 1444 1375 1323 1199 
1087 1226 1312 1489 1472 1491 1477 1499 1299 1210 1145 960 904 749 674 548 509 510 515 569 638 764 828 1008 1150 1217 1351 1382 1439 1541 1511 1361 1362 1303 
1137 1232 1356 1473 1445 1449 1543 1423 1332 1240 1128 1013 894 732 658 549 519 475 507 593 651 772 861 1043 1115 1221 1309 1417 1466 1536 1468 1451 1386 1217 
1073 1203 1362 1383 1435 1541 1447 1442 1306 1307 1078 965 864 721 629 580 541 507 507 554 617 763 872 1003 1093 1268 1289 1377 1552 1454 1429 1361 1310 1219 
1163 1251 1410 1497 1547 1526 1444 1374 1372 1304 1075 1042 912 730 646 592 508 493 504 559 673 757 909 958 1153 1253 1395 1468 1429 1458 1425 1477 1397 1239 
1113 1192 1404 1498 1535 1498 1541 1404 1302 1237 1090 965 899 782 629 543 535 488 521 552 673 719 830 1048 1151 1281 1302 1442 1489 1463 1549 1452 1413 1245 
1137 1278 1394 1429 1501 1507 1497 1460 1297 1210 1135 997 835 785 671 593 515 490 505 589 618 717 878 950 1118 1285 1414 1491 1554 1504 1455 1503 1347 1236 
1143 1211 1302 1442 1488 1464 1424 1378 1287 1230 1121 968 881 743 648 581 539 504 506 592 660 762 852 1023 1134 1304 1310 1370 1463 1534 1550 1425 1361 1268 
1090 1291 1319 1497 1482 1556 1449 1375 1318 1248 1137 1038 882 760 644 543 529 496 515 551 617 739 846 984 1104 1285 1312 1381 1476 1499 1495 1457 1411 1239 
1103 1300 1354 1424 1423 1452 1556 1392 1344 1312 1149 958 846 721 668 587 517 501 539 578 654 786 869 1033 1086 1189 1327 1392 1466 1568 1431 1504 1331 1268 
1113 1299 1419 1484 1502 1474 1426 1466 1351 1229 1099 984 873 728 656 580 497 519 497 569 643 783 885 1000 1167 1237 1337 1365 1554 1548 1471 1364 1318 1241 
1089 1217 1359 1411 1525 1486 1537 1465 1325 1209 1097 953 829 741 666 546 529 502 509 565 653 719 855 1040 1149 1220 1293 1470 1514 1460 1456 1404 1354 1224 
1143 1238 1393 1458 1497 1524 1536 1494 1389 1250 1174 985 837 771 634 561 530 490 537 572 617 766 838 1037 1125 1219 1367 1478 1514 1558 1516 1478 1312 1216 
1155 1254 1343 1457 1430 1535 1482 1411 1391 1293 1093 973 856 736 663 538 529 485 502 588 633 782 895 984 1153 1270 1357 1454 1433 1493 1421 1379 1339 1229 
1080 1231 1297 1443 1442 1561 1468 1420 1295 1188 1076 986 907 761 649 563 494 503 515 557 617 762 905 1049 1165 1204 1409 1461 1493 1426 1528 1471 1312 1239 
1107 1221 1315 1378 1515 1569 1532 1459 1332 1244 1099 1045 908 723 660 540 524 515 531 564 627 741 881 1049 1160 1298 1338 1416 1438 1554 1479 1456 1308 1250 
1098 1251 1407 1467 1482 1572 1548 1411 1310 1216 1159 1003 855 757 648 594 539 502 538 581 675 786 850 969 1159 1231 1292 1503 1484 1571 1521 1473 1346 1212 
1109 1228 1291 1457 1439 1520 1516 1414 1299 1206 1073 1020 877 732 675 557 518 493 530 590 655 760 861 1009 1074 1298 1407 1409 1537 1493 1492 1490 1368 1270 
1120 1267 1319 1470 1450 1553 1443 1490 1395 1300 1180 1044 892 775 662 584 491 511 535 543 641 742 913 1010 1095 1291 1288 1466 1515 1564 1493 1362 1362 1296 
1172 1189 1386 1471 1505 1425 1526 1475 1354 1205 1155 1017 872 714 651 564 522 487 515 575 620 753 908 1012 1122 1269 1358 1386 1447 1574 1462 1423 1372 1254 
1125 1285 1299 1367 1551 1442 1534 1479 1384 1190 1073 982 860 727 631 576 524 515 526 566 652 786 834 961 1084 1205 1412 1445 1509 1497 1526 1401 1323 1209 
1129 1306 1326 1457 1450 1546 1417 1460 1361 1230 1099 968 911 769 644 593 504 499 525 554 655 775 910 1042 1082 1197 1332 1401 1455 1437 1478 1476 1290 1311 
1157 1233 1401 1467 1485 1434 1524 1367 1417 1274 1134 1024 829 768 655 539 519 521 516 562 623 727 861 962 1090 1209 1407 1446 1529 1443 1417 1471 1317 1213 
1107 1202 1333 1378 1479 1538 1463 1383 1360 1277 1161 993 895 776 656 568 528 487 497 551 665 767 904 1012 1181 1228 1358 1389 1437 1461 1502 1400 1300 1223 
1106 1240 1377 1381 1435 1430 1447 1448 1382 1294 1176 961 858 764 626 573 537 520 512 551 631 723 882 1012 1111 1268 1318 1463 1527 1539 1475 1422 1358 1207 
1143 1214 1302 1494 1508 1451 1446 1427 1347 1221 1073 964 865 758 668 578 523 488 491 561 664 763 862 1023 1100 1290 1361 1498 1443 1511 1519 1372 1392 1228 
1173 1252 1353 1367 1454 1468 1415 1381 1407 1278 1156 968 905 761 677 591 531 479 540 569 637 732 866 1005 1152 1216 1298 1447 1416 1505 1534 1387 1305 1259 
1090 1271 1319 1499 1490 1556 1453 1413 1294 1205 1119 992 851 753 629 540 514 478 507 578 636 730 913 954 1114 1214 1292 1430 1514 1545 1485 1499 1395 1232 
1177 1276 1294 1503 1479 1434 1426 1378 1316 1218 1135 1034 912 725 632 539 535 476 522 569 624 785 837 1048 1164 1245 1354 1446 1496 1522 1456 1397 1372 1229 
1171 1227 1370 1495 1457 1514 1503 1501 1287 1296 1140 998 842 781 614 588 499 500 537 575 623 735 903 1011 1136 1221 1413 1459 1449 1476 1436 1399 1354 1194 
1178 1211 1399 1490 1471 1431 1425 1366 1370 1198 1138 971 853 745 621 565 536 517 538 563 630 762 865 1041 1084 1214 1418 1428 1526 1498 1512 1466 1360 1201 
1129 1211 1396 1428 1487 1435 1497 1385 1374 1205 1154 1003 900 723 661 562 526 498 512 591 673 782 876 998 1124 1224 1312 1448 1469 1458 1498 1375 1408 1250 
1134 1297 1305 1371 1556 1427 1450 1478 1382 1255 1174 1007 833 732 637 557 506 492 491 543 666 774 866 985 1137 1289 1396 1469 1434 1520 1459 1457 1389 1248 
1079 1245 1322 1364 1419 1450 1438 1427 1295 1207 1124 994 880 772 635 561 538 499 506 576 641 712 877 1040 1108 1298 1329 1404 1531 1486 1428 1375 1368 1191 
1169 1269 1331 1502 1493 1554 1462 1451 1345 1196 1166 1000 860 730 617 570 511 502 519 564 636 730 872 1002 1081 1282 1298 1399 1522 1442 1457 1489 1303 1248 
1086 1300 1378 1494 1556 1434 1486 1413 1297 1301 1164 1001 835 721 646 542 529 513 514 583 631 781 864 1028 1141 1264 1319 1438 1555 1500 1479 1387 1310 1236 
1170 1241 1342 1488 1437 1521 1438 1408 1343 1254 1177 979 911 782 653 585 540 481 521 577 636 729 872 1019 1144 1306 1361 1457 1439 1499 1557 1471 1408 1278 
1105 1296 1406 1405 1514 1561 1486 1390 1369 1257 1084 1046 869 741 640 563 531 511 529 541 662 756 866 1004 1101 1256 1371 1401 1522 1455 1421 1472 1350 1203 
1077 1294 1402 1455 1536 1571 1479 1467 1312 1194 1122 950 896 745 634 559 519 489 536 550 657 719 868 1013 1074 1248 1339 1460 1426 1444 1423 1376 1289 1298 
1143 1237 1374 1497 1415 1574 1481 1389 1316 1204 1140 998 906 727 653 543 504 490 531 593 671 769 878 964 1132 1199 1315 1494 1477 1516 1438 1373 1379 1292 
1141 1284 1293 1482 1440 1495 1460 1367 1384 1254 1127 971 895 764 674 568 526 481 507 544 651 741 871 959 1078 1301 1299 1472 1539 1459 1478 1432 1405 1277 
1127 1203 1361 1369 1411 1550 1499 1376 1311 1277 1170 991 883 734 665 545 535 484 498 564 641 729 892 991 1159 1198 1335 1389 1419 1536 1424 1452 1355 1194 
1150 1216 1308 1429 1425 1474 1465 1414 1371 1272 1176 1039 911 722 664 589 512 507 492 588 675 739 865 988 1176 1307 1334 1476 1465 1571 1489 1384 1381 1232 
1122 1283 1363 1495 1505 1450 1532 1363 1411 1247 1134 1038 881 745 647 560 536 489 527 553 634 775 893 1007 1172 1277 1322 1474 1437 1474 1518 1491 1314 1231 
1163 1216 1393 1428 1435 1426 1498 1365 1330 1277 1085 985 874 726 624 566 519 487 532 593 620 727 908 991 1166 1274 1328 1474 1532 1488 1491 1465 1298 1204 
1167 1305 1334 1416 1496 1480 1496 1443 1311 1257 1133 1014 899 744 647 539 518 505 495 543 646 760 874 1043 1180 1201 1289 1441 1452 1458 1435 1382 1287 1267 
