50 11 20
16 100
170 77 85 96 112 130 149 169 187 203 214 222 225 222 214 203 187 169 150 130 112 96 85 77 75 77 85 96 112 130 149 169 187 203 214 222 225 222 214 203 187 169 150 130 112 96 85 77 75 77 85 
170 103 113 129 149 174 199 225 249 270 286 296 300 296 286 270 250 225 200 174 150 129 113 103 100 103 113 129 149 174 199 225 249 270 286 296 300 296 286 270 250 225 200 174 150 129 113 103 100 103 113 
170 129 141 161 187 217 249 282 312 338 358 370 375 370 358 338 312 282 250 217 187 161 141 129 125 129 141 161 187 217 249 282 312 338 358 370 375 370 358 338 312 282 250 217 187 161 141 129 125 129 141 
170 155 170 193 224 261 299 338 374 406 429 444 450 444 429 406 375 338 300 261 225 193 170 155 150 155 170 193 224 261 299 338 374 406 429 444 450 444 429 406 375 338 300 261 225 193 170 155 150 155 170 
170 180 198 226 262 304 349 395 437 473 501 519 525 519 501 473 437 395 350 304 262 226 198 180 175 180 198 226 262 304 349 395 437 473 501 519 525 519 501 473 437 395 350 304 262 226 198 180 175 180 198 
170 206 226 258 299 348 399 451 499 541 573 593 600 593 573 541 500 451 400 348 300 258 226 206 200 206 226 258 299 348 399 451 499 541 573 593 600 593 573 541 500 451 400 348 300 258 226 206 200 206 226 
170 232 255 290 337 391 449 508 562 609 644 667 675 667 644 609 562 508 450 391 337 290 255 232 225 232 255 290 337 391 449 508 562 609 644 667 675 667 644 609 562 508 450 391 337 290 255 232 225 232 255 
170 258 283 323 374 435 499 564 624 676 716 741 750 741 716 676 625 564 500 435 375 323 283 258 250 258 283 323 374 435 499 564 624 676 716 741 750 741 716 676 625 564 500 435 375 323 283 258 250 258 283 
170 284 311 355 412 478 549 621 687 744 788 815 825 815 788 744 687 621 550 478 412 355 311 284 275 284 311 355 412 478 549 621 687 744 788 815 825 815 788 744 687 621 550 478 412 355 311 284 275 284 311 
170 310 340 387 449 522 599 677 749 812 859 889 900 889 859 812 750 677 600 522 450 387 340 310 300 310 340 387 449 522 599 677 749 812 859 889 900 889 859 812 750 677 600 522 450 387 340 310 300 310 340 
100000 5170 5669 6464 7499 8705 9999 11294 12499 13535 14330 14829 15000 14829 14330 13535 12500 11294 10000 8705 7500 6464 5669 5170 5000 5170 5669 6464 7499 8705 9999 11294 12499 13535 14330 14829 15000 14829 14330 13535 12500 11294 10000 8705 7500 6464 5669 5170 5000 5170 5669 
1482 1433 1353 1250 1129 1000 870 750 646 566 517 500 517 566 646 749 
1169 1360 479 1506 551 2272 650 1608 1657 1123 620 1216 1744 1495 707 492 534 534 679 217 292 283 973 677 631 446 720 1306 2092 968 2066 1063 1162 1458 
1374 791 1579 1792 788 1593 1473 829 1806 1896 1237 1509 1546 1237 1338 772 285 632 644 391 330 391 261 949 412 1091 1643 1354 1787 1732 662 1383 657 1571 
604 1401 994 1934 949 1957 1218 618 2147 687 1736 1539 848 977 601 847 404 254 406 575 692 286 563 879 778 404 1350 1249 1666 684 1342 1438 2184 1782 
492 782 1277 1819 910 1337 1139 2020 2004 2217 1959 1432 764 727 1102 832 264 334 569 777 499 672 690 547 389 1494 1127 1251 1505 1191 1306 1245 1383 906 
1161 966 1395 1489 1705 1655 1238 754 1730 2017 653 707 1008 892 1074 549 920 746 700 721 382 374 367 1139 497 923 765 1971 1114 1923 798 2289 1372 1083 
729 1104 530 1204 1430 1476 616 1724 669 737 1073 539 1186 713 872 751 318 832 536 657 781 516 864 438 587 874 868 589 1627 1870 1898 1791 695 1436 
614 743 679 1342 1977 671 1760 1286 1508 685 1228 849 1687 1338 613 899 423 860 255 260 229 589 802 309 1175 825 911 1529 999 1381 2049 642 952 830 
1146 790 1278 1720 1568 1563 2340 1041 2254 846 2056 1706 1099 983 561 1057 1031 573 208 227 814 620 491 1141 432 1146 679 824 2019 768 1946 1002 1650 1932 
366 595 1690 1403 1692 1224 1280 2129 2167 1193 736 1978 926 1246 1179 343 443 743 589 315 390 336 697 564 1336 1589 1553 618 1777 1888 1724 1996 1310 2237 
1039 1273 1323 1057 1863 2222 1581 2108 1966 817 1300 1737 879 1548 1159 599 555 427 337 490 321 415 751 730 586 1083 456 688 1491 2194 1537 1833 1048 1544 
1082 668 1760 1977 867 944 1023 1100 1197 1605 721 981 606 423 627 900 605 533 237 796 659 875 315 822 616 1301 1612 1695 1569 1203 1115 719 1966 623 
675 722 1192 602 1449 675 1873 1540 1402 686 898 1502 1097 922 739 932 1025 706 323 372 508 531 457 461 958 1225 1010 1482 1504 1488 1847 2353 668 2286 
1170 1076 1765 1243 1075 878 1200 2334 1534 1809 1251 607 901 1568 921 766 599 871 717 711 646 256 739 1027 389 1347 709 1406 1069 1157 703 953 1633 1370 
1329 1527 1613 866 1322 1654 2277 972 2009 1241 1557 636 1802 862 744 1189 770 786 386 241 538 360 378 840 701 721 1026 1252 2160 1848 720 820 864 726 
1354 996 865 1281 1917 1881 1332 1580 1541 2252 1056 649 960 477 1171 951 756 279 590 638 742 577 656 1069 1144 1512 711 1022 1917 1415 1505 2371 1084 1951 
1354 1530 550 1404 1157 645 1122 1762 974 1091 965 1132 753 725 741 1182 940 320 669 531 457 251 312 461 1090 1092 1782 662 770 589 1288 814 1167 638 
1324 1059 1791 1588 759 930 791 1448 1199 2117 854 1279 553 1345 395 1184 914 446 779 699 233 848 517 1048 360 536 964 1840 1959 1439 2318 2039 971 592 
1145 1342 755 1797 783 2182 1280 2270 858 2069 1007 1400 1214 1217 1055 333 414 635 424 728 556 472 992 513 1167 1250 799 656 883 676 871 2382 1381 1868 
1100 1498 706 1796 1579 1499 1947 717 1537 1626 1508 1228 755 992 959 344 744 855 590 353 366 772 363 1082 394 595 544 1245 1325 718 2347 1512 1910 1859 
1190 725 1546 1025 2027 907 1114 803 641 1428 2066 630 1322 670 845 1182 597 533 759 636 474 319 807 312 648 1157 964 1229 1462 1030 1258 2125 1129 594 
423 1093 1424 1531 589 1406 1413 1785 1912 1957 800 1281 1090 496 1054 953 460 582 755 567 632 286 513 1045 867 1574 1241 1392 1643 1934 1822 2020 733 624 
864 785 676 806 893 1874 630 1013 842 1730 792 1023 1415 1244 604 564 981 733 449 744 437 429 1006 1147 1024 882 1374 877 1692 825 2272 795 1994 939 
446 1409 906 1132 1574 1495 2031 1969 657 581 1577 1775 720 1289 583 591 411 288 403 254 437 463 718 1144 739 1592 1548 1209 949 1964 1235 2086 908 676 
948 554 1690 1242 1526 930 1652 1248 1070 1393 2062 733 1314 982 819 612 865 296 691 657 498 771 819 1089 520 400 526 1582 858 2235 1919 1711 1326 908 
1026 961 715 1672 996 1985 832 1926 1926 1302 957 1559 1089 977 456 368 818 461 548 755 616 807 776 1024 1265 435 1116 1678 701 1201 671 2008 784 1281 
821 1111 1139 1831 1334 1653 1291 649 1294 1963 1414 1086 908 1111 550 1065 510 634 260 782 781 775 809 758 1043 1331 1135 872 1166 2117 631 2180 1446 740 
1040 583 855 1988 690 641 1621 2325 2203 693 958 621 1349 1150 867 702 935 477 375 660 214 589 535 998 558 767 544 1084 1504 590 1646 767 770 1096 
611 1017 1184 691 1441 1718 2006 1683 1224 1968 648 1417 1801 926 1241 552 840 428 648 238 468 884 564 903 814 1540 1118 1319 1070 1814 846 820 1941 1818 
1291 1064 843 1675 1184 860 2094 2220 2032 1164 2110 1833 1593 443 481 1058 418 676 787 723 366 612 716 406 1245 1382 1042 1206 673 1403 2267 2389 2032 869 
1358 1010 1629 558 1602 1097 1953 2310 1965 1357 1533 583 1657 1242 726 728 406 474 786 390 387 412 492 977 1283 602 692 1030 1590 1502 1233 1378 2355 1229 
704 1101 1038 1742 989 837 2364 855 2203 2043 931 518 1147 705 1079 887 675 455 240 583 763 816 954 1191 1038 1355 1041 1135 744 1223 2339 1117 2208 1026 
923 540 660 905 1254 1073 1374 678 774 1874 1295 1006 716 754 501 414 344 421 325 365 734 534 824 1171 966 1057 643 1466 1809 1354 1723 1736 759 1709 
1058 651 617 1389 1994 1129 799 1969 1457 1703 1558 787 1554 754 770 410 411 692 446 449 546 307 348 894 1305 954 1058 1181 1446 1150 2135 2028 1661 1391 
646 497 1703 1237 1585 1765 1162 1934 879 1581 1441 1301 1264 1489 765 655 532 284 364 554 658 467 588 889 619 643 1368 677 1180 1763 832 898 1278 800 
500 927 1483 602 828 1794 927 719 1227 1661 674 858 1467 760 1201 308 996 785 743 238 275 662 812 1163 1355 1379 1696 1068 2113 2243 766 1438 857 829 
628 692 1445 918 1048 1541 907 1453 2286 1535 1625 1833 539 497 1092 608 789 272 757 458 534 450 537 621 767 1261 798 765 1059 826 1466 1860 1804 1294 
492 1306 938 1028 2066 631 648 881 671 991 1517 1304 1237 1334 412 739 364 656 599 353 687 747 665 676 998 1193 672 1375 1674 1026 1009 1752 604 644 
738 462 1179 1073 1937 849 1013 669 857 2215 1455 1771 1252 752 1088 696 400 248 258 294 632 248 382 1106 1353 1032 810 656 1973 1939 1346 1740 1689 1649 
1217 1219 1394 1319 656 1507 1749 1067 1735 1197 1494 939 1700 1180 923 562 362 732 208 773 472 872 466 365 1032 1099 852 1422 2071 1641 1605 1283 1758 906 
887 557 1596 1432 973 1809 1953 1013 736 815 1457 1473 894 416 1123 1046 501 519 492 487 735 676 492 435 1255 1213 1244 1531 2055 2230 2027 1079 625 1566 
683 1275 961 1915 1917 1342 2056 1203 2181 1287 1059 1280 1388 1375 528 783 842 730 641 243 582 468 809 661 1228 531 1297 1057 628 1166 1689 1303 1898 2152 
953 1465 1503 665 1000 946 1718 1542 1584 1392 1733 776 1610 648 633 822 277 523 787 701 609 260 782 982 1165 1529 633 1954 1260 2156 1988 2097 1824 2035 
771 886 1331 1957 2129 816 1103 2206 1645 1487 1113 812 1073 927 607 499 747 449 350 638 524 294 850 618 1135 1325 927 1039 1585 1790 1928 1454 1584 1629 
1213 1154 1253 546 2124 781 2291 1559 1264 843 888 1029 476 691 1392 892 822 495 360 313 294 658 713 729 1301 1294 1739 1067 556 1854 635 798 1388 677 
980 1056 863 1788 1322 2226 1233 1521 2216 2205 861 1487 881 1299 471 1052 453 689 647 291 378 844 581 1162 1198 722 1728 1989 1460 1197 2103 2371 1693 1671 
534 577 1535 1527 1270 1563 1299 1412 2139 2240 1887 1425 599 1233 719 1038 632 649 477 786 747 718 886 659 599 1469 1688 1901 699 2223 1841 2127 1874 1212 
877 1195 1147 1241 2131 1734 1188 638 1923 1207 740 1175 1622 936 1069 385 758 697 209 563 818 486 891 711 1143 976 1773 1085 1177 1111 1071 1066 890 2209 
493 709 1046 545 726 579 1048 976 1129 1313 1434 1991 1512 1571 820 437 461 240 736 453 701 261 863 975 1373 1030 1394 1643 1165 2089 1153 1854 1717 1777 
373 1025 1735 1174 1363 1318 1489 2048 1755 1414 1236 510 964 1066 1191 499 567 447 538 428 581 627 520 709 440 1024 1596 1482 1276 818 620 1497 1400 1853 
1175 682 1287 1149 1043 1581 2166 1594 1509 1046 2016 784 1165 771 422 731 718 560 725 759 814 305 657 754 1023 807 521 1435 594 873 2217 2204 2057 1573 
1055 1229 473 1449 1225 1259 857 984 1481 1325 574 840 1526 1452 1140 998 297 779 558 370 446 382 262 333 925 1083 649 638 633 1858 1371 694 1916 1925 
1016 1173 1687 1755 1603 1597 1616 1994 1679 1881 2089 647 502 1566 1172 618 625 626 570 676 427 360 541 752 907 954 465 1535 945 1528 2094 1301 2221 858 
840 722 1231 1312 1401 1900 1191 1574 1322 1122 1599 737 1212 1329 1177 739 619 841 424 564 743 255 335 601 728 1232 573 1015 2118 1033 1121 1655 1811 1759 
1053 1016 1433 638 2094 647 1464 1155 671 1878 1918 1079 916 757 1225 1061 928 501 454 737 490 640 398 590 360 413 574 917 2096 809 1670 1841 2255 1119 
860 993 1736 1376 2146 1311 2151 1573 763 1598 1598 757 1806 1013 1374 358 478 819 792 212 821 728 479 748 487 849 1519 1842 1769 1351 1576 787 818 1998 
878 792 682 1458 582 1631 1877 2226 2317 755 1679 1067 475 895 1186 1077 737 333 697 614 453 285 259 843 764 1335 623 1631 2082 1204 2199 673 1571 1047 
1151 985 1254 1155 722 2123 1067 2297 893 1468 1348 1419 732 1440 608 699 297 589 243 442 556 298 350 797 534 1560 1483 1916 630 864 1852 1106 2348 778 
1281 1366 1291 917 919 1205 767 1691 891 874 1710 1950 904 583 1085 481 410 512 616 268 824 787 908 348 1230 420 1520 1020 1083 635 1470 1090 1418 2053 
942 1376 822 1864 1598 2116 2364 2313 1538 1160 675 1099 669 681 1343 704 334 878 699 225 519 617 471 398 639 1359 1128 615 1235 1053 698 764 1038 1233 
886 1529 1073 872 808 815 2015 1076 1349 818 1012 1638 1390 580 1029 352 259 569 232 608 421 289 777 1062 1387 1342 992 596 1600 1133 2240 2321 2019 1741 
998 529 556 924 1601 751 613 931 1368 1427 2164 1287 543 1517 1205 611 868 306 559 306 251 842 512 645 853 576 1042 1607 1878 1593 1833 931 1858 1466 
720 714 704 977 881 865 1320 1978 1793 2150 637 776 688 1061 913 502 783 853 558 487 656 867 435 876 1204 1415 643 1176 1324 1190 1949 815 2091 1101 
836 957 595 1386 1337 1388 1906 631 1141 1470 1685 1918 1235 1525 993 500 417 343 289 423 607 398 595 758 397 1335 667 1929 1000 810 1649 2381 1533 898 
876 1336 1031 690 1238 2049 1423 1931 1963 915 1578 1671 1213 792 350 908 427 518 343 369 286 862 782 1130 814 1067 787 1098 1986 961 1256 1021 2253 2148 
807 1384 730 1724 790 1826 1395 2084 2250 2080 1996 1733 1736 1339 725 939 960 652 807 601 287 441 865 845 454 784 758 912 2118 1323 1716 633 971 997 
1124 1135 1750 1208 1425 881 835 2289 995 1671 2160 1062 1355 1194 470 992 445 638 508 495 407 484 845 1122 681 1288 810 1586 1453 2212 2195 1842 2262 1107 
804 459 1218 1196 1190 1047 1265 693 724 1308 2092 1354 1466 1353 818 1181 865 278 794 799 575 759 338 811 516 545 1000 1143 748 624 2202 1173 802 1658 
1133 1269 909 1685 1182 1744 721 619 1955 1543 796 1067 883 845 382 1005 449 521 496 277 660 261 676 969 933 1598 1788 1606 2123 1240 1471 1468 692 2031 
385 1573 1181 1232 1928 1069 1229 1715 894 1931 1824 1557 741 916 907 742 794 732 562 693 358 774 371 351 388 1456 1399 1422 588 2229 859 1621 674 2169 
652 1336 790 1278 1690 1527 736 2203 635 997 986 1881 1597 1394 406 311 431 812 264 563 825 802 501 405 1235 925 663 1288 1232 1360 1289 1183 1220 929 
410 463 1145 545 1607 813 1306 1696 825 1011 2047 1911 1558 1500 858 738 932 598 622 468 399 704 580 876 636 1260 1797 1909 1455 1336 1733 1972 685 1151 
542 1063 626 1378 1384 1856 1784 1547 1038 866 1679 546 989 841 686 406 600 764 824 489 580 464 847 459 1060 731 1156 735 1019 1922 2306 2231 2127 1384 
557 1448 716 1934 1749 2158 598 1865 2196 1470 860 1270 695 1488 660 881 885 839 727 220 792 662 288 817 1070 1514 1357 1931 1351 1254 1294 2363 666 988 
834 1458 692 1583 692 1548 736 872 1218 1048 748 1389 1751 1154 1027 1190 855 573 291 761 411 761 1014 1035 701 756 904 1299 1112 768 1111 1537 1633 1449 
1144 763 648 1454 1143 1045 1566 1237 2060 2203 1921 794 1668 853 617 1140 735 895 542 622 662 549 334 463 465 563 485 1631 636 810 639 903 1051 801 
874 1151 955 1760 1656 1925 2193 2111 807 1696 1177 935 977 1370 999 1017 550 885 707 288 802 445 604 407 790 1150 1697 667 1323 1489 1293 1991 1007 740 
508 870 1658 1938 2082 967 1731 859 1382 1503 1288 1968 959 987 617 354 642 685 302 662 774 560 470 566 1309 465 1620 1428 1951 2087 796 1418 1044 684 
871 1118 1179 755 2155 1707 2077 1572 2362 1664 625 892 893 767 944 739 361 860 249 410 219 347 704 456 659 1347 923 806 1594 2197 1799 1661 728 1913 
556 1373 1113 550 1860 1076 1893 1153 2026 1279 1260 1814 824 1140 935 792 589 836 721 515 744 410 364 972 838 1106 525 1489 2007 1074 1295 2247 1370 1250 
502 1532 579 1091 1559 2079 1939 1188 923 1919 1057 1523 900 1247 844 671 713 526 361 642 794 596 906 1172 631 1042 1632 629 1278 1891 1878 1057 1862 2139 
1254 444 1615 1338 2153 1422 2111 2191 2155 2117 1428 1758 1359 743 1278 1077 754 611 524 540 218 485 999 614 1389 984 1086 1154 1345 1986 1747 1139 1992 583 
1206 1506 1226 1235 1290 2086 1664 729 1538 1811 1248 1987 539 1100 797 599 909 606 555 765 506 720 383 837 1259 846 674 1429 758 1122 2328 1822 823 2072 
891 1584 1460 974 1526 1616 2070 1446 887 743 781 843 1099 660 504 833 1015 823 795 278 649 306 506 627 461 717 543 534 583 623 1688 1789 2073 1862 
512 1096 1096 1247 876 1519 988 1089 2192 1048 720 1980 1653 516 1120 746 386 822 501 404 629 598 780 720 418 766 452 1434 1079 2093 1430 1748 2146 2129 
622 803 1319 1651 2061 1034 2007 675 810 584 1695 1756 857 645 1042 400 826 329 237 439 314 249 623 1116 795 1143 1193 1222 1141 1612 1983 1258 1466 1094 
694 726 1273 1908 593 1758 1978 1016 1486 2163 662 1254 1396 1407 600 328 826 731 760 715 413 507 498 995 1133 1282 1033 1543 1342 2091 860 918 1838 1532 
872 676 1163 833 1860 938 1231 2065 1392 2265 920 1849 761 465 617 967 324 864 472 349 274 519 764 545 891 461 910 829 1680 1138 1272 1432 2121 881 
1296 990 1027 640 1512 1096 1977 1204 2303 2253 1170 1832 957 1490 1363 617 451 694 681 519 316 269 631 1116 727 1579 548 1583 921 860 2167 2256 1539 900 
649 1136 1475 1305 1164 1156 1103 1682 2160 1938 611 642 1458 744 355 1058 788 645 497 453 279 627 517 861 1036 1499 900 795 1763 1739 1427 2137 1555 752 
960 1599 1207 1803 1088 822 1199 1728 1399 1429 1444 517 1309 1208 1116 1026 951 231 335 512 663 523 513 356 1358 904 1273 1660 1367 2060 2001 1483 705 1467 
934 1471 1747 1736 1950 2010 603 1785 1555 2110 1801 1974 810 1396 382 1038 641 373 687 536 465 844 766 346 930 1144 667 1170 729 1075 1267 1092 1703 1388 
1086 1240 491 1196 1065 1366 2002 1311 2023 1289 676 501 1386 647 1072 555 546 891 656 674 283 666 792 954 1025 1200 534 1432 2074 1908 2270 1982 2142 1736 
1252 577 783 701 1151 691 2022 1436 1430 967 1975 1781 1109 914 521 760 667 665 409 261 235 698 974 694 1017 623 977 1836 1652 616 1392 1501 2161 774 
1217 699 893 1345 1483 1365 905 632 2109 1944 1391 1169 1157 1403 937 1198 591 681 610 328 607 578 520 557 932 1384 1786 1382 805 1888 687 953 1235 1817 
1022 1145 1343 1374 1216 1373 691 1343 1350 963 1376 1192 511 1564 1205 1134 638 281 331 500 271 782 665 402 1339 1473 1058 1855 1879 1953 1178 2066 1135 707 
640 1421 1640 893 814 1297 1983 1958 2271 1856 1591 914 597 1376 889 455 795 793 431 358 561 679 761 728 830 636 597 1922 1276 791 1028 2152 1318 800 
1094 1232 569 1829 780 758 1169 2203 1516 959 725 1401 1346 961 1329 1021 1032 710 332 625 284 877 321 990 645 685 1352 1410 1149 2290 1877 840 1576 1671 
1314 658 520 1186 1991 2190 1085 1891 2164 2136 1855 554 1105 1043 737 1050 369 787 449 232 765 621 419 1083 473 1054 1225 1404 1549 1275 1452 1623 619 850 
1378 483 1268 1674 549 1003 1800 1859 2066 644 1483 518 874 1481 697 1142 587 623 350 468 326 661 404 819 1060 1463 754 1028 651 1520 2210 2074 1333 1093 
480 580 800 1869 2134 1054 1565 1934 965 653 723 1663 1720 774 528 701 342 241 224 757 493 690 662 437 730 646 907 866 1153 1652 1971 1698 2115 1638 
