5 6 20
4 100
340 85 96 112 130 149 
340 113 129 149 174 199 
340 141 161 187 217 249 
340 170 193 224 261 299 
340 198 226 262 304 349 
100000 5669 6464 7499 8705 9999 
1433 1353 1250 1129 
991 
993 
976 
990 
1003 
1019 
1003 
1006 
1030 
1023 
1005 
952 
1040 
1018 
1037 
1040 
1039 
1016 
1020 
977 
1027 
998 
1023 
973 
967 
1040 
966 
973 
978 
975 
1026 
961 
1012 
1005 
995 
1029 
1017 
1031 
964 
974 
963 
1036 
965 
995 
1015 
985 
965 
956 
1036 
965 
1035 
1008 
1016 
1028 
995 
1011 
990 
980 
1043 
957 
954 
970 
985 
1041 
1038 
1000 
972 
978 
1049 
1045 
1042 
1010 
1038 
987 
1006 
997 
1002 
1042 
1045 
952 
981 
1004 
972 
998 
965 
975 
1030 
1013 
955 
1001 
966 
1040 
1007 
993 
966 
1033 
1005 
1046 
976 
1006 
