20 2 20
15 100
1700 112 130 149 169 187 203 214 222 225 222 214 203 187 169 150 130 112 96 85 77 
100000 7499 8705 9999 11294 12499 13535 14330 14829 15000 14829 14330 13535 12500 11294 10000 8705 7500 6464 5669 5170 
1250 1129 1000 870 750 646 566 517 500 517 566 646 749 870 999 
1457 1105 2150 2042 2115 
686 1198 1740 1123 1169 
1420 1827 866 1781 1616 
656 1005 647 1319 2224 
1064 728 1956 1511 1768 
1139 614 1342 584 1047 
988 583 711 1534 2091 
738 1215 2110 2139 1548 
1391 1070 1452 1696 2183 
1616 1528 844 1942 2317 
1706 1543 1809 2136 897 
1189 710 745 1590 934 
588 1459 1415 2045 1830 
1527 743 595 720 1758 
583 1742 1252 1905 666 
1239 1892 1417 1590 1912 
1789 1726 811 1388 1239 
634 1048 2088 772 742 
1278 1723 722 909 1314 
1482 706 2145 686 1887 
733 1116 963 1703 894 
1006 798 1006 911 2039 
1580 1918 975 1066 2157 
1581 816 1433 655 1904 
1044 1370 1004 1701 2223 
505 1095 1061 1474 1682 
1653 568 1090 1431 1221 
1687 1959 1806 1083 1897 
1212 1764 1624 1902 1417 
1326 510 1673 1093 2308 
1173 1561 1229 1275 2352 
922 1040 1164 1658 2252 
1016 1599 824 716 2266 
830 574 1069 1264 2325 
1557 839 1925 2101 721 
509 1807 1771 1794 1183 
1246 927 1923 1465 2128 
1744 965 1951 1021 1537 
1731 1755 1912 593 1839 
831 1170 872 1845 1433 
1099 1515 1281 1291 2140 
858 1616 1215 1013 732 
951 1023 2130 1453 1933 
1358 517 860 676 1554 
993 1820 1989 774 1138 
1401 1180 1220 1018 2050 
1176 1659 1667 857 833 
858 1072 1390 742 1300 
1603 1489 1485 1781 1243 
1453 1564 1351 1596 1859 
812 544 1404 2160 1924 
1401 1655 1593 1676 1705 
1463 1649 967 1416 604 
873 1987 884 788 762 
814 1006 1119 823 885 
1390 1400 788 2135 938 
1546 1498 826 1167 1262 
785 1258 1124 1729 1116 
1388 1056 944 1912 1432 
1444 1769 1478 1230 2074 
1544 1475 711 1313 2271 
1500 730 2102 1445 653 
799 1674 1047 1985 1043 
1592 1436 1398 2080 1851 
1695 1512 943 1382 718 
1380 1141 1272 762 633 
1645 783 702 2145 913 
1415 878 1152 1957 1470 
1640 1636 1157 813 1018 
1173 775 889 2181 1557 
846 805 1971 1291 902 
561 1235 1201 772 1370 
673 949 998 1691 1745 
1410 1675 640 1245 1266 
1252 1429 1306 1936 1699 
1779 785 1758 2069 1491 
1720 732 2001 832 1308 
1463 1331 1684 1867 2298 
777 998 1909 1698 1654 
1710 594 2073 2162 957 
1720 1699 870 596 625 
1402 569 1944 975 617 
1040 645 905 1136 1601 
1393 1692 1314 1758 923 
548 1174 904 1637 1391 
1706 586 672 2167 1713 
897 1564 2057 1007 1577 
1389 823 767 1323 941 
1683 1194 893 1812 1241 
607 1823 1884 2014 623 
586 1571 1560 717 961 
1293 1632 1430 769 1493 
1520 1801 1262 2273 2190 
1732 1655 569 1830 2116 
845 835 899 1994 1976 
1056 1834 1620 832 1267 
1510 1059 1391 1989 1614 
664 575 1369 578 1565 
1041 1922 811 2038 1365 
853 1717 1640 923 1826 
