20 11 20
11 50
170 96 112 130 149 169 187 203 214 222 225 222 214 203 187 169 150 130 112 96 85 
170 129 149 174 199 225 249 270 286 296 300 296 286 270 250 225 200 174 150 129 113 
170 161 187 217 249 282 312 338 358 370 375 370 358 338 312 282 250 217 187 161 141 
170 193 224 261 299 338 374 406 429 444 450 444 429 406 375 338 300 261 225 193 170 
170 226 262 304 349 395 437 473 501 519 525 519 501 473 437 395 350 304 262 226 198 
170 258 299 348 399 451 499 541 573 593 600 593 573 541 500 451 400 348 300 258 226 
170 290 337 391 449 508 562 609 644 667 675 667 644 609 562 508 450 391 337 290 255 
170 323 374 435 499 564 624 676 716 741 750 741 716 676 625 564 500 435 375 323 283 
170 355 412 478 549 621 687 744 788 815 825 815 788 744 687 621 550 478 412 355 311 
170 387 449 522 599 677 749 812 859 889 900 889 859 812 750 677 600 522 450 387 340 
100000 6464 7499 8705 9999 11294 12499 13535 14330 14829 15000 14829 14330 13535 12500 11294 10000 8705 7500 6464 5669 
1353 1250 1129 1000 870 750 646 566 517 500 517 
544 645 740 869 1001 1144 1225 1406 1465 
588 662 770 854 998 1104 1274 1356 1471 
560 630 753 872 963 1160 1247 1360 1378 
573 642 772 858 1038 1182 1233 1394 1414 
557 616 774 859 1034 1155 1258 1295 1460 
558 645 730 869 998 1175 1191 1296 1427 
592 644 763 842 1019 1118 1310 1314 1484 
582 635 766 911 1007 1130 1240 1311 1463 
550 645 768 912 1047 1100 1239 1318 1412 
585 651 736 854 1022 1138 1249 1355 1487 
539 620 746 906 969 1087 1234 1386 1504 
568 645 728 827 1033 1157 1204 1299 1489 
579 626 766 866 1004 1108 1262 1313 1461 
579 645 729 883 993 1124 1217 1412 1427 
559 656 767 849 969 1074 1273 1402 1447 
569 668 731 881 1006 1128 1229 1389 1433 
590 616 744 838 1012 1182 1293 1404 1392 
551 656 769 864 1005 1087 1301 1357 1457 
545 623 750 908 951 1123 1230 1288 1437 
541 665 778 884 1037 1168 1274 1379 1490 
566 620 754 869 1030 1098 1243 1406 1498 
591 674 733 857 1047 1131 1236 1328 1378 
595 617 756 845 977 1162 1198 1303 1392 
587 622 756 852 1014 1144 1291 1319 1497 
565 614 777 848 995 1126 1303 1419 1395 
581 639 754 864 965 1077 1267 1335 1386 
567 649 775 871 1045 1142 1195 1368 1403 
585 637 783 848 952 1156 1276 1313 1468 
588 622 715 836 1022 1093 1302 1393 1384 
589 634 742 909 1037 1085 1242 1349 1434 
546 623 743 846 951 1106 1309 1333 1448 
554 654 720 907 1019 1086 1304 1400 1443 
584 618 752 878 1027 1104 1283 1328 1370 
587 626 780 857 1022 1155 1224 1339 1434 
594 627 765 831 961 1089 1260 1358 1469 
578 616 715 888 963 1177 1280 1403 1474 
567 637 713 849 1041 1105 1195 1389 1481 
585 641 767 888 964 1181 1193 1394 1377 
552 671 753 909 1010 1157 1249 1377 1453 
561 615 727 895 1006 1136 1220 1339 1491 
548 671 731 839 976 1144 1264 1286 1433 
560 672 765 864 1022 1098 1267 1413 1485 
574 623 733 841 993 1167 1249 1420 1410 
564 621 728 827 1030 1182 1309 1357 1436 
590 677 745 868 992 1081 1309 1333 1469 
547 677 738 881 992 1096 1255 1308 1495 
570 660 728 850 1035 1108 1226 1357 1451 
557 673 749 901 1025 1078 1296 1385 1414 
571 657 757 873 1041 1160 1206 1395 1495 
558 672 783 906 1000 1099 1211 1352 1471 
