50 2 20
16 100
1700 112 96 85 77 75 77 85 96 112 130 149 169 187 203 214 222 225 222 214 203 187 169 150 130 112 96 85 77 75 77 85 96 112 130 149 169 187 203 214 222 225 222 214 203 187 169 150 130 112 96 
100000 7500 6464 5669 5170 5000 5170 5669 6464 7499 8705 9999 11294 12499 13535 14330 14829 15000 14829 14330 13535 12500 11294 10000 8705 7500 6464 5669 5170 5000 5170 5669 6464 7499 8705 9999 11294 12499 13535 14330 14829 15000 14829 14330 13535 12500 11294 10000 8705 7500 6464 
1249 1353 1433 1482 1499 1482 1433 1353 1250 1129 1000 870 750 646 566 517 
591 486 551 643 818 809 954 1244 1091 1200 1666 1610 1421 1526 1588 1247 1081 999 1078 806 849 744 515 617 432 468 635 736 817 901 945 1308 1173 1360 
402 496 555 659 709 860 908 1239 1251 1496 1509 1645 1491 1378 1312 1223 1159 908 992 856 826 651 636 428 545 498 669 618 839 758 968 1130 1222 1491 
568 565 571 642 878 745 1103 912 1363 1168 1513 1216 1324 1302 1425 1322 1400 1078 841 924 898 567 644 611 512 433 542 617 753 726 869 1344 1194 1184 
534 437 673 698 763 909 1198 1100 1426 1288 1707 1533 1350 1310 1577 1368 1250 1186 1112 775 640 590 653 509 524 586 546 680 856 986 1015 1046 1173 1358 
538 477 670 523 826 839 985 927 1066 1401 1651 1332 1360 1680 1622 1357 1343 1060 1121 886 663 604 609 556 476 433 537 629 812 912 1119 1205 1421 1326 
459 429 519 771 756 923 1068 1337 1434 1537 1288 1392 1625 1316 1550 1264 1132 1011 1129 928 749 763 490 418 563 462 517 696 898 847 1061 990 1050 1587 
569 443 636 673 617 712 1168 1180 1282 1199 1410 1495 1375 1520 1237 1190 1476 1125 1076 862 885 663 570 421 522 459 595 643 844 768 844 950 1329 1612 
562 451 505 721 888 884 822 1204 1066 1096 1363 1775 1402 1546 1607 1593 1309 1333 968 855 899 770 459 618 419 489 564 712 687 850 1162 1204 1371 1354 
518 563 484 758 758 707 998 984 1181 1182 1651 1773 1531 1333 1348 1579 1354 916 809 888 843 742 575 503 462 556 642 555 826 864 1014 1138 1009 1612 
562 506 625 705 609 793 843 1034 1039 1198 1341 1617 1608 1632 1389 1195 1280 1165 893 985 835 753 539 509 425 570 527 721 851 710 1141 1027 1286 1134 
497 471 668 637 886 715 978 1126 1140 1512 1209 1590 1586 1490 1606 1211 1258 1325 962 996 678 547 637 446 543 424 457 700 872 1019 886 998 1218 1238 
431 561 611 728 813 831 982 1334 1436 1501 1669 1220 1297 1212 1640 1264 1342 986 1199 796 813 667 680 584 432 416 557 737 828 865 913 1110 1157 1546 
523 519 641 721 873 979 1164 1327 1123 1378 1300 1697 1461 1356 1501 1422 1047 995 1158 902 659 712 469 474 451 526 556 764 803 900 1108 1157 1223 1444 
592 610 605 532 866 1022 851 1031 1484 1565 1359 1263 1758 1650 1448 1456 1319 952 929 899 683 702 571 436 548 619 509 663 782 815 960 1085 1250 1327 
543 514 497 610 752 752 932 1212 1388 1246 1178 1238 1642 1284 1398 1294 1172 968 807 806 880 577 523 481 513 491 595 660 647 847 821 1007 1004 1613 
585 549 636 689 792 742 1088 1054 1076 1527 1513 1565 1207 1212 1261 1283 1129 1331 1062 767 615 520 500 434 467 496 649 534 732 890 987 1134 1453 1144 
583 596 545 639 674 993 839 950 1308 1472 1313 1194 1679 1355 1534 1258 1153 1309 831 857 806 751 674 604 427 456 614 531 897 748 1070 1292 1097 1345 
468 471 537 665 745 1010 1006 1176 1214 1402 1158 1187 1603 1777 1708 1509 1362 1096 1002 716 749 520 467 484 424 554 552 533 747 999 986 1239 1198 1346 
412 478 595 524 798 725 1119 1087 1355 1481 1355 1401 1341 1745 1456 1083 1061 1318 1030 836 655 665 489 568 527 517 528 766 608 877 1092 1063 1136 1608 
510 442 643 658 896 851 1073 1259 1293 1440 1207 1196 1380 1557 1703 1591 1301 1204 1014 898 756 750 542 584 577 579 599 587 817 868 1169 1152 1008 1475 
459 615 637 523 817 890 1159 1344 1044 1229 1713 1235 1472 1581 1540 1204 1301 1190 849 743 740 641 585 597 509 423 674 739 868 748 995 963 1386 1591 
458 581 586 656 771 778 860 1150 1408 1352 1685 1626 1594 1388 1345 1415 1053 1260 1042 1043 763 665 553 515 459 569 463 762 647 886 982 1178 1340 1526 
597 478 589 571 819 796 882 1058 1384 1568 1182 1258 1317 1766 1621 1378 1254 908 1050 715 748 737 619 582 438 461 663 774 602 956 976 1081 1311 1386 
538 520 619 653 842 847 899 1338 1083 1363 1173 1653 1715 1440 1634 1218 1200 1067 939 1025 758 525 483 490 485 486 580 699 676 779 859 929 1141 1412 
505 598 563 755 795 995 1182 1050 1132 1458 1717 1664 1366 1502 1237 1288 1054 996 865 952 786 733 679 482 543 503 460 617 657 929 1007 1261 1480 1416 
462 479 504 672 640 759 1074 1330 1125 1294 1375 1646 1742 1679 1349 1435 1163 1172 957 764 810 645 576 512 577 461 532 609 680 771 936 1130 1302 1332 
436 475 482 664 784 827 1142 1011 1398 1615 1357 1355 1278 1716 1681 1425 1072 946 930 783 773 767 490 516 437 449 480 741 735 1032 1148 1148 1353 1165 
414 581 639 626 677 958 808 1020 1497 1165 1691 1270 1266 1307 1457 1240 1184 1282 1131 919 725 583 507 469 475 533 576 519 857 729 1179 1112 1414 1128 
509 437 482 690 776 974 1179 1215 1399 1188 1264 1197 1333 1557 1174 1276 1384 1273 974 1018 602 745 468 419 465 461 570 774 608 911 1191 1082 1250 1120 
470 431 677 746 635 1044 851 1105 1393 1149 1597 1207 1383 1624 1343 1308 1104 1021 1185 820 877 708 678 583 405 509 461 543 845 906 1145 1130 1019 1316 
535 601 475 521 856 1004 1056 1314 1405 1381 1602 1638 1780 1749 1692 1281 1274 953 967 723 657 664 632 426 404 515 536 623 684 774 1004 1119 1037 1268 
442 524 538 541 831 736 1133 1038 1446 1110 1444 1494 1260 1598 1245 1448 1364 1015 822 991 721 699 458 509 470 488 650 680 693 816 1030 1244 1252 1182 
508 464 544 728 710 869 1078 935 1176 1531 1323 1204 1325 1581 1577 1247 1085 1187 1087 919 607 718 506 587 442 563 500 645 764 979 1091 1100 1341 1144 
594 505 656 635 604 742 913 979 1223 1358 1150 1655 1265 1271 1489 1344 1388 1111 1198 800 655 539 536 433 434 565 525 587 709 908 1037 929 1073 1493 
571 534 540 618 779 843 1042 1179 1441 1547 1223 1486 1723 1524 1634 1141 1433 1343 837 755 854 755 547 458 436 616 590 741 762 709 1121 1297 1336 1288 
409 588 467 536 628 751 847 1248 1441 1610 1713 1565 1457 1700 1455 1543 1286 909 1061 1038 704 629 546 597 473 458 511 671 612 780 1092 1100 1491 1262 
577 454 554 598 889 869 852 1344 1207 1105 1272 1400 1730 1228 1690 1288 1120 1195 1044 773 673 526 518 517 588 597 494 689 715 850 1150 1147 1389 1333 
479 535 600 555 711 969 835 1228 1074 1387 1569 1701 1362 1705 1455 1561 1029 1247 1155 888 813 626 514 547 549 472 669 562 639 1044 1158 959 1461 1537 
471 599 637 649 724 767 944 1258 1454 1392 1321 1751 1766 1333 1586 1396 1256 1202 1086 874 711 569 568 535 546 520 652 537 860 711 881 1020 1124 1090 
477 438 513 678 666 935 869 1175 1268 1572 1331 1716 1219 1510 1298 1455 1044 970 1146 864 728 621 676 502 591 620 634 689 792 831 980 1294 1373 1302 
596 559 524 586 683 861 867 1296 1004 1389 1354 1704 1353 1212 1340 1386 1413 906 1081 1010 879 769 665 582 451 420 648 546 618 1015 902 913 1191 1495 
487 595 665 723 637 985 1123 1176 1245 1145 1470 1327 1614 1669 1602 1562 1371 1176 1110 805 627 631 516 576 539 550 486 702 600 854 1096 1221 1306 1191 
564 470 464 676 897 1024 947 982 1121 1553 1200 1674 1674 1677 1248 1283 1343 1216 971 910 710 557 502 538 547 602 633 527 841 708 832 1027 1299 1463 
458 597 521 544 648 798 923 1189 1106 1266 1315 1266 1713 1427 1602 1329 1333 1324 1002 1030 808 739 643 466 429 610 634 737 689 860 1151 1343 1471 1174 
588 459 512 533 824 808 971 1340 1129 1461 1630 1339 1324 1210 1284 1530 1067 1183 1050 935 724 664 524 458 480 588 667 650 676 720 1117 1270 1297 1620 
453 498 571 727 853 746 841 907 1214 1527 1717 1766 1386 1530 1241 1162 1363 1212 967 973 674 696 628 476 581 510 517 534 708 702 964 1236 1004 1413 
508 431 518 559 815 747 845 1052 1101 1566 1577 1371 1789 1273 1682 1519 1375 1331 1055 729 759 544 522 566 496 442 654 731 600 819 1012 1032 1357 1196 
457 444 558 720 786 823 1136 1131 1078 1619 1394 1671 1439 1387 1313 1162 1439 1343 1111 946 741 537 535 528 462 442 556 605 628 834 1158 1061 1053 1126 
432 455 657 736 865 913 1136 1096 1419 1598 1429 1730 1731 1543 1196 1474 1033 998 1183 900 711 690 526 553 464 575 494 582 876 961 1090 1252 1054 1218 
420 423 518 557 850 791 1193 1326 1404 1364 1346 1554 1260 1534 1393 1214 1267 1217 1181 1021 690 522 595 489 497 516 586 723 851 1006 830 1081 1304 1393 
591 435 655 524 639 958 861 1116 1233 1406 1419 1569 1420 1227 1254 1186 1251 1309 945 900 856 612 666 440 531 600 648 759 686 932 809 1077 1394 1385 
495 420 680 768 767 847 1196 915 1243 1531 1631 1504 1278 1306 1371 1192 1166 1192 1189 927 800 643 651 540 583 467 556 710 648 966 1053 1223 1389 1339 
557 571 513 625 792 868 850 1313 1150 1128 1595 1303 1775 1530 1582 1238 1204 1223 813 783 882 663 652 425 547 588 466 618 694 986 1083 1075 1077 1565 
548 574 478 692 631 869 1055 1242 1398 1618 1440 1695 1747 1471 1178 1389 1303 1104 1015 865 688 611 631 579 592 457 594 596 867 913 894 1222 1336 1196 
411 486 647 530 669 753 812 1237 1163 1602 1589 1195 1369 1713 1251 1319 1151 990 988 717 809 526 534 533 463 538 605 754 788 752 1184 1244 1052 1289 
504 595 663 657 770 1026 1058 1309 1022 1368 1674 1732 1666 1745 1633 1407 1205 1296 823 897 879 556 482 470 421 585 545 722 819 974 1142 1232 1488 1150 
405 559 615 635 806 970 861 1129 1139 1355 1500 1196 1654 1610 1628 1278 1455 917 1036 1030 826 773 676 570 419 567 525 534 861 852 1122 1255 1159 1117 
597 509 596 730 671 787 850 934 1078 1115 1477 1565 1325 1747 1586 1410 1236 1065 1145 866 840 764 616 567 457 544 609 695 694 930 820 1183 1063 1350 
525 477 490 769 810 920 824 1272 1414 1390 1534 1708 1568 1247 1674 1111 1044 1183 1113 873 822 546 546 602 561 556 572 642 881 1034 835 1096 1398 1424 
499 550 616 737 665 826 1198 1261 1065 1225 1662 1730 1501 1240 1167 1254 1432 1064 843 965 806 689 612 577 436 566 491 596 615 864 891 1027 1274 1178 
470 600 620 558 760 936 869 921 1274 1102 1149 1700 1367 1550 1548 1231 1117 1008 935 1043 842 625 624 577 478 499 545 575 893 981 931 1002 1127 1412 
587 611 651 708 636 1042 1179 921 1216 1145 1351 1561 1602 1712 1147 1406 1395 1060 1014 730 722 740 621 552 554 530 470 758 772 812 1014 1071 1183 1557 
480 519 458 712 886 733 803 1318 1392 1404 1643 1578 1655 1523 1548 1361 1133 1104 820 697 840 530 676 568 502 492 620 751 835 760 1114 1077 1242 1447 
525 579 657 518 652 939 814 1269 1052 1574 1333 1445 1763 1560 1344 1174 1149 949 1055 739 625 614 510 419 598 450 466 682 653 797 980 1344 1207 1328 
514 433 588 574 768 935 1165 1255 1495 1130 1489 1289 1251 1231 1427 1572 1390 921 940 830 669 729 505 457 573 604 622 708 779 791 1033 1294 1122 1267 
428 537 629 704 763 792 1003 905 1492 1605 1589 1224 1607 1774 1276 1385 1134 929 937 979 617 760 501 579 579 460 498 649 614 713 1058 1032 1460 1237 
414 519 672 578 631 786 1051 981 1329 1150 1513 1656 1466 1202 1460 1094 1233 965 1124 737 764 687 517 536 497 564 553 736 892 723 897 940 1396 1485 
574 485 561 651 683 801 1186 1058 1432 1396 1358 1415 1268 1332 1395 1099 1265 1064 1122 853 824 520 606 425 423 612 659 633 795 741 908 992 1331 1157 
556 423 656 571 864 1009 1026 1113 1203 1175 1211 1215 1233 1673 1712 1139 1191 1238 949 703 877 704 485 604 516 566 656 752 837 955 986 1346 1329 1460 
533 433 582 534 802 839 972 1134 1454 1128 1207 1739 1598 1577 1228 1449 1226 1119 956 712 692 546 590 593 590 467 594 609 638 728 880 1318 1496 1349 
430 457 644 572 835 740 833 1063 1165 1558 1585 1278 1453 1190 1431 1408 1090 1103 850 960 616 611 455 486 596 434 501 654 894 959 999 1034 1365 1515 
486 522 516 603 731 768 977 1023 1106 1396 1161 1228 1342 1746 1361 1308 1410 1321 989 811 743 698 471 439 599 456 462 734 607 946 947 1073 1265 1536 
438 423 679 602 638 975 1060 1243 1111 1516 1504 1428 1214 1525 1340 1366 1440 1117 1197 754 622 693 564 591 575 498 596 605 629 903 1178 1119 1137 1496 
598 569 460 589 730 817 1102 1231 1413 1211 1230 1544 1407 1372 1580 1137 1199 1336 842 736 720 539 560 471 517 431 662 568 660 915 1097 1167 1442 1548 
555 535 600 744 850 1032 892 912 1365 1244 1274 1714 1232 1246 1583 1418 1138 1293 869 808 679 744 544 455 562 417 576 596 685 766 941 1068 1477 1472 
417 558 485 577 733 935 1091 1148 1038 1462 1257 1759 1422 1214 1525 1329 1483 1285 870 768 835 594 615 618 585 492 466 749 687 813 847 1240 1131 1091 
562 586 520 649 620 803 1090 916 1031 1503 1563 1468 1378 1493 1520 1503 1290 1299 1068 808 758 551 461 529 535 527 637 562 838 987 967 1295 1237 1452 
563 437 599 689 812 698 809 996 1279 1344 1261 1642 1696 1236 1336 1128 1106 1157 855 892 680 618 509 545 449 546 562 584 751 747 882 1022 1141 1333 
462 575 518 674 869 879 1121 1352 1173 1093 1607 1529 1648 1555 1595 1435 1193 1125 1098 793 695 573 488 585 527 491 497 667 769 929 867 1289 1453 1577 
486 548 677 671 787 793 1073 983 1307 1577 1499 1707 1783 1524 1199 1204 1150 1109 1169 1030 689 562 611 545 575 569 583 667 652 1025 891 1089 1423 1513 
410 595 544 761 639 779 803 1168 1097 1533 1484 1566 1221 1281 1427 1088 1283 952 1067 857 619 669 603 429 543 472 504 704 613 947 1177 1152 1162 1311 
545 609 583 595 737 1023 883 929 1331 1369 1703 1654 1553 1700 1266 1362 1236 1272 842 1000 714 728 671 545 489 524 474 615 856 788 1004 1296 1214 1399 
572 527 487 558 855 948 975 1013 1310 1460 1483 1660 1375 1556 1226 1468 1081 1003 1033 725 818 547 499 424 415 417 551 551 833 856 1014 1129 1412 1228 
597 469 631 669 715 744 1069 1158 1100 1310 1557 1462 1388 1755 1456 1333 1265 1276 1169 965 620 597 607 490 450 452 627 522 691 933 899 1277 1302 1164 
428 416 494 752 836 753 1143 989 1429 1445 1637 1612 1509 1494 1268 1535 1453 1021 1135 929 758 581 588 477 516 617 500 635 869 940 935 1136 1261 1591 
547 537 588 611 812 839 1024 1110 1427 1348 1336 1428 1397 1633 1441 1529 1260 1285 899 895 743 575 637 489 587 516 566 631 676 1017 1198 1317 1083 1401 
537 439 593 576 639 922 1042 957 1102 1210 1320 1224 1230 1369 1346 1567 1209 1058 1050 872 745 719 545 584 550 562 484 718 630 722 1126 1179 1316 1351 
435 544 534 685 790 974 926 996 1139 1131 1310 1269 1663 1316 1481 1443 1241 1155 852 847 821 723 526 469 496 481 644 555 673 952 1185 1188 1343 1331 
495 510 606 531 845 910 846 904 1232 1272 1410 1518 1360 1623 1270 1428 1361 960 915 739 853 761 570 551 539 509 505 614 654 965 869 1076 1109 1460 
537 572 641 737 717 979 917 1155 1150 1086 1692 1686 1624 1689 1558 1220 1311 1286 1170 933 651 705 591 606 552 474 626 582 714 1019 1104 1143 1425 1171 
486 497 544 615 885 1037 959 1350 1048 1281 1466 1262 1221 1661 1447 1279 1069 1132 842 798 895 535 468 537 427 517 628 634 828 958 1022 1263 1348 1543 
433 497 473 626 623 795 850 1258 1046 1228 1183 1395 1799 1427 1159 1380 1348 1346 1086 1037 771 705 618 422 504 450 532 708 726 899 1057 1290 1209 1318 
562 473 654 519 729 929 939 1309 1332 1128 1302 1220 1253 1201 1168 1222 1074 1067 1173 862 870 645 574 443 421 510 515 715 679 763 1045 1289 1358 1392 
516 543 538 693 625 867 864 1248 1391 1482 1614 1333 1765 1446 1205 1358 1012 1345 804 894 727 582 476 517 433 610 572 702 877 1008 1141 1294 1075 1593 
457 533 629 611 704 958 877 1002 1327 1420 1686 1585 1718 1368 1680 1467 1183 933 1012 781 858 517 539 428 471 492 507 682 822 818 1115 953 1234 1197 
524 554 565 520 715 909 808 1197 1143 1603 1255 1326 1779 1481 1292 1562 1455 1220 954 946 716 622 604 461 434 619 538 725 874 912 875 1142 1269 1325 
465 431 556 611 689 1018 1179 969 1153 1283 1522 1485 1756 1199 1337 1110 1071 904 1162 902 694 623 464 566 442 537 491 598 805 893 862 1134 1027 1152 
543 472 644 550 784 1013 1162 1074 1374 1212 1495 1517 1377 1522 1186 1513 1430 1171 857 749 874 638 494 558 480 489 489 635 848 894 937 1296 1354 1357 
595 423 610 719 646 878 883 1155 1242 1447 1150 1400 1541 1560 1373 1474 1482 1256 1017 919 803 687 611 477 557 502 595 556 700 920 875 1139 1495 1384 
460 441 608 686 666 924 1086 1193 1199 1295 1442 1564 1725 1568 1462 1474 1207 1149 1028 918 701 519 616 579 467 547 598 614 638 752 858 1185 1149 1185 
