20 6 20
7 10
340 112 130 149 169 187 203 214 222 225 222 214 203 187 169 150 130 112 96 85 77 
340 149 174 199 225 249 270 286 296 300 296 286 270 250 225 200 174 150 129 113 103 
340 187 217 249 282 312 338 358 370 375 370 358 338 312 282 250 217 187 161 141 129 
340 224 261 299 338 374 406 429 444 450 444 429 406 375 338 300 261 225 193 170 155 
340 262 304 349 395 437 473 501 519 525 519 501 473 437 395 350 304 262 226 198 180 
100000 7499 8705 9999 11294 12499 13535 14330 14829 15000 14829 14330 13535 12500 11294 10000 8705 7500 6464 5669 5170 
1250 1129 1000 870 750 646 566 
513 483 525 567 628 723 854 1039 1146 1307 1376 1380 1550 
509 506 519 563 672 752 888 973 1093 1216 1343 1386 1465 
518 524 539 563 633 785 866 1049 1152 1223 1382 1434 1510 
524 481 512 555 632 745 910 962 1183 1222 1367 1499 1446 
521 495 517 591 673 749 906 1015 1129 1298 1414 1470 1515 
538 521 496 560 644 766 834 1006 1078 1221 1376 1424 1463 
493 497 539 543 641 761 876 988 1172 1214 1311 1416 1517 
524 485 525 561 671 772 827 1040 1183 1299 1407 1433 1506 
507 501 512 572 663 783 837 1006 1108 1226 1385 1395 1538 
524 495 531 551 622 753 831 996 1102 1292 1351 1499 1431 
