20 6 20
7 100
340 96 85 77 75 77 85 96 112 130 149 169 187 203 214 222 225 222 214 203 187 
340 129 113 103 100 103 113 129 149 174 199 225 249 270 286 296 300 296 286 270 250 
340 161 141 129 125 129 141 161 187 217 249 282 312 338 358 370 375 370 358 338 312 
340 193 170 155 150 155 170 193 224 261 299 338 374 406 429 444 450 444 429 406 375 
340 226 198 180 175 180 198 226 262 304 349 395 437 473 501 519 525 519 501 473 437 
100000 6464 5669 5170 5000 5170 5669 6464 7499 8705 9999 11294 12499 13535 14330 14829 15000 14829 14330 13535 12500 
1353 1433 1482 1499 1482 1433 1353 
1851 590 853 1066 771 807 657 375 242 295 345 937 541 
1204 1262 1459 1324 1038 469 494 626 291 488 722 831 849 
1391 1010 925 432 323 1003 342 236 668 407 534 520 954 
996 1775 1417 1157 1175 359 800 416 721 805 862 876 990 
616 865 593 781 632 502 684 610 294 229 597 294 842 
1772 1213 1557 1312 895 868 473 435 727 228 347 584 916 
1116 1346 603 1130 791 634 485 793 694 810 340 401 541 
946 1499 1524 698 1189 593 608 401 556 666 233 697 1059 
1351 495 781 502 1117 600 377 696 622 548 504 753 357 
1083 786 1286 1255 975 677 652 345 628 426 689 826 934 
828 1008 468 1060 1127 1011 725 561 548 681 705 668 543 
1261 1217 517 1248 781 995 852 411 660 244 233 446 408 
1686 818 1173 1109 683 470 263 724 419 793 765 769 1082 
847 955 554 622 598 376 759 575 569 816 706 416 1010 
594 1583 601 799 950 640 297 500 409 495 413 821 470 
1250 1135 447 578 785 901 371 726 532 444 367 686 574 
1214 1531 924 1283 600 429 589 475 478 797 853 775 417 
746 1402 1524 1273 1189 716 408 612 300 417 885 493 467 
1571 1233 648 846 525 630 731 705 492 249 359 570 1127 
1657 537 1570 737 1010 402 327 225 745 647 540 891 487 
1008 1137 848 362 1046 483 455 797 332 474 311 594 986 
906 1791 895 1377 745 642 759 780 425 335 379 978 482 
1632 1627 452 357 315 737 519 329 586 496 762 363 863 
1480 797 800 496 308 844 428 448 397 357 652 744 405 
1773 1125 575 926 623 314 493 216 213 806 866 264 424 
1030 1215 1402 768 1016 340 821 506 446 433 752 863 704 
1597 1047 1424 1278 996 367 556 298 503 566 788 622 796 
915 1307 565 1314 399 274 264 604 408 667 784 946 320 
1131 1620 1538 353 966 854 671 569 227 427 562 987 587 
1415 718 786 362 370 984 425 637 676 767 822 1017 618 
1216 1737 1263 578 907 825 860 736 286 645 489 847 646 
1735 981 463 800 589 793 657 654 211 801 600 522 679 
1823 1368 886 840 527 464 749 395 253 505 753 914 495 
1282 850 1115 668 658 839 522 706 792 413 776 856 688 
768 629 444 872 891 835 708 824 529 383 522 861 570 
1693 1061 1063 426 691 901 886 725 267 788 314 385 1123 
1322 626 437 1021 826 797 403 412 780 532 818 302 774 
1143 520 1507 820 1061 1001 586 359 714 248 760 769 542 
951 1012 1071 1251 877 1018 378 466 473 697 904 705 522 
1277 1559 611 406 1089 680 311 341 326 568 496 814 589 
1645 837 1399 764 1147 619 440 438 376 818 761 695 999 
1646 1304 1514 1095 929 275 773 822 789 446 525 879 927 
1928 710 933 682 882 813 317 325 228 207 402 698 833 
1383 597 813 1181 1037 646 257 622 473 388 334 301 769 
865 1042 554 1076 467 438 737 285 200 505 848 1009 597 
1106 1779 1040 904 797 995 478 710 354 497 307 280 395 
1682 1117 551 883 672 430 681 208 583 407 521 478 932 
1250 1206 1250 1155 352 392 376 512 294 225 479 484 976 
587 1150 621 403 603 850 423 747 472 699 742 783 934 
671 958 1251 471 1086 639 233 680 682 564 689 507 663 
565 793 836 1329 855 633 462 438 755 473 738 879 811 
727 941 999 704 1086 364 344 751 779 615 561 563 817 
1422 1176 1321 608 553 403 691 465 492 294 240 285 316 
1333 815 735 1326 1173 352 639 688 558 213 241 328 791 
1685 1700 784 452 551 516 531 602 733 765 501 469 348 
1200 1400 1400 1067 833 459 402 441 708 766 903 669 505 
1200 1163 647 918 331 704 803 283 325 284 645 754 1150 
1726 1224 979 1268 1046 565 525 606 702 767 272 333 428 
525 1264 1598 936 729 823 261 322 778 264 761 696 1088 
1756 825 957 827 363 359 737 540 542 672 566 678 830 
958 1733 446 432 663 523 594 343 755 414 726 675 1188 
1932 1690 1031 873 1013 877 260 402 491 493 511 547 372 
1420 1064 1469 755 1121 560 236 776 537 814 838 610 1107 
1418 1434 1524 524 1025 706 685 378 756 631 569 745 717 
1951 479 1443 1076 646 582 709 291 217 254 589 670 698 
1225 504 1392 494 795 746 837 689 780 666 499 1009 888 
1803 1266 613 1300 728 648 711 439 513 292 379 524 1051 
1025 1443 1129 361 1134 731 459 282 442 537 340 936 675 
1723 1792 1007 1297 433 782 295 246 302 329 597 496 1089 
979 1610 626 651 667 327 594 461 497 553 706 938 441 
1344 740 789 675 625 824 845 540 567 600 874 1024 1177 
586 721 1018 484 963 748 292 760 512 409 314 777 1084 
983 1431 1568 573 1152 698 366 499 564 493 510 735 725 
673 857 1123 409 575 328 593 291 789 594 479 1024 673 
883 477 906 1386 1075 433 611 667 589 221 818 394 1185 
679 878 1068 1346 359 466 358 768 534 819 784 752 915 
808 1382 1011 879 1023 610 335 697 203 491 261 419 374 
1214 1232 1500 387 798 982 780 347 207 510 432 567 491 
1789 1750 523 538 660 947 886 633 419 308 758 925 672 
743 1610 1536 1093 422 772 438 413 739 322 394 394 1135 
1951 1414 551 1139 577 710 692 819 569 528 743 852 602 
516 1619 489 833 973 583 686 261 711 465 262 983 396 
647 713 875 1144 1136 691 228 827 537 258 765 784 1197 
1314 1234 902 1064 434 690 669 681 614 356 707 391 384 
749 1181 1393 1094 634 406 662 356 254 566 573 660 877 
1550 574 581 1372 1063 652 392 755 767 669 288 435 814 
1901 707 812 1167 534 567 837 414 621 579 427 535 588 
1558 501 578 681 604 288 294 578 231 426 503 275 682 
913 1305 518 1246 560 805 445 491 708 521 818 869 689 
1309 1662 1485 1251 1084 334 543 420 730 739 411 408 1159 
1349 584 1282 1015 693 370 455 497 499 794 241 997 1177 
663 1365 1436 1160 913 463 514 420 526 259 543 663 856 
1207 686 1267 645 1150 639 272 711 373 701 734 393 744 
1897 852 468 404 465 284 546 570 388 425 715 436 500 
640 654 1370 706 963 631 372 436 558 249 893 570 992 
1921 1162 521 382 306 272 875 471 271 427 388 826 830 
784 1520 1071 1135 759 369 414 253 635 313 554 717 943 
1693 810 433 1212 1065 983 543 390 645 503 809 278 1145 
1144 829 688 1311 659 440 863 630 775 741 657 536 403 
1089 960 514 439 931 616 732 577 374 740 546 582 794 
