50 3 20
26 5
850 75 77 85 96 112 130 149 169 187 203 214 222 225 222 214 203 187 169 150 130 112 96 85 77 75 77 85 96 112 130 149 169 187 203 214 222 225 222 214 203 187 169 150 130 112 96 85 77 75 77 
850 100 103 113 129 149 174 199 225 249 270 286 296 300 296 286 270 250 225 200 174 150 129 113 103 100 103 113 129 149 174 199 225 249 270 286 296 300 296 286 270 250 225 200 174 150 129 113 103 100 103 
100000 5000 5170 5669 6464 7499 8705 9999 11294 12499 13535 14330 14829 15000 14829 14330 13535 12500 11294 10000 8705 7500 6464 5669 5170 5000 5170 5669 6464 7499 8705 9999 11294 12499 13535 14330 14829 15000 14829 14330 13535 12500 11294 10000 8705 7500 6464 5669 5170 5000 5170 
1499 1482 1433 1353 1250 1129 1000 870 750 646 566 517 500 517 566 646 749 870 999 1129 1249 1353 1433 1482 1499 1482 
1619 1157 1388 985 940 757 825 566 668 464 548 474 549 632 723 736 1032 1242 1054 1235 1148 1553 1443 1620 
1387 1453 1210 1172 995 809 732 569 485 519 561 480 504 702 751 776 1073 1035 1232 1460 1698 1238 1220 1483 
1657 1479 1270 1134 1085 817 750 522 578 434 473 484 668 615 698 803 1114 910 1047 1474 1262 1351 1317 1455 
1627 1150 1337 958 811 847 820 543 504 545 448 590 530 656 774 780 898 1238 1426 1535 1220 1438 1688 1736 
1674 1575 1308 999 1022 975 825 735 505 425 435 596 546 738 643 962 1115 1164 1300 1558 1688 1628 1645 1692 
