10 6 20
8 100
340 112 130 149 169 187 203 214 222 225 222 
340 149 174 199 225 249 270 286 296 300 296 
340 187 217 249 282 312 338 358 370 375 370 
340 224 261 299 338 374 406 429 444 450 444 
340 262 304 349 395 437 473 501 519 525 519 
100000 7499 8705 9999 11294 12499 13535 14330 14829 15000 14829 
1250 1129 1000 870 750 646 566 517 
342 821 
293 615 
697 676 
624 825 
297 633 
321 470 
706 641 
298 225 
246 367 
479 767 
798 366 
236 687 
275 515 
751 277 
464 442 
401 234 
205 750 
425 776 
591 458 
583 750 
574 628 
249 369 
651 290 
269 336 
225 220 
610 375 
306 688 
534 466 
739 658 
535 358 
649 687 
754 667 
271 266 
524 510 
259 521 
352 557 
234 541 
799 252 
489 738 
760 575 
789 262 
390 466 
778 621 
413 763 
769 696 
631 689 
781 245 
767 717 
230 800 
493 582 
333 605 
537 698 
220 400 
539 686 
232 558 
363 807 
379 825 
501 628 
252 515 
506 701 
359 494 
683 353 
375 469 
561 472 
276 347 
593 651 
454 431 
598 209 
778 523 
793 509 
695 784 
729 722 
344 674 
781 590 
569 702 
302 469 
610 825 
695 428 
350 213 
314 464 
512 300 
239 510 
468 320 
652 431 
260 282 
240 557 
501 569 
564 456 
740 724 
225 213 
781 253 
546 702 
727 275 
424 267 
632 792 
259 434 
345 477 
405 710 
428 575 
273 674 
