20 6 20
7 5
340 96 85 77 75 77 85 96 112 130 149 169 187 203 214 222 225 222 214 203 187 
340 129 113 103 100 103 113 129 149 174 199 225 249 270 286 296 300 296 286 270 250 
340 161 141 129 125 129 141 161 187 217 249 282 312 338 358 370 375 370 358 338 312 
340 193 170 155 150 155 170 193 224 261 299 338 374 406 429 444 450 444 429 406 375 
340 226 198 180 175 180 198 226 262 304 349 395 437 473 501 519 525 519 501 473 437 
100000 6464 5669 5170 5000 5170 5669 6464 7499 8705 9999 11294 12499 13535 14330 14829 15000 14829 14330 13535 12500 
1353 1433 1482 1499 1482 1433 1353 
1224 1096 955 877 717 631 570 526 501 494 590 663 786 
1264 1138 968 845 730 650 582 530 506 531 592 636 750 
1233 1110 1026 906 732 617 593 515 505 508 540 672 784 
1293 1114 1020 832 716 614 579 500 493 509 550 649 748 
1207 1106 966 910 729 634 556 507 496 541 553 628 767 
