20 11 20
11 100
170 150 130 112 96 85 77 75 77 85 96 112 130 149 169 187 203 214 222 225 222 
170 200 174 150 129 113 103 100 103 113 129 149 174 199 225 249 270 286 296 300 296 
170 250 217 187 161 141 129 125 129 141 161 187 217 249 282 312 338 358 370 375 370 
170 300 261 225 193 170 155 150 155 170 193 224 261 299 338 374 406 429 444 450 444 
170 350 304 262 226 198 180 175 180 198 226 262 304 349 395 437 473 501 519 525 519 
170 400 348 300 258 226 206 200 206 226 258 299 348 399 451 499 541 573 593 600 593 
170 450 391 337 290 255 232 225 232 255 290 337 391 449 508 562 609 644 667 675 667 
170 500 435 375 323 283 258 250 258 283 323 374 435 499 564 624 676 716 741 750 741 
170 550 478 412 355 311 284 275 284 311 355 412 478 549 621 687 744 788 815 825 815 
170 600 522 450 387 340 310 300 310 340 387 449 522 599 677 749 812 859 889 900 889 
100000 10000 8705 7500 6464 5669 5170 5000 5170 5669 6464 7499 8705 9999 11294 12499 13535 14330 14829 15000 14829 
1000 1129 1249 1353 1433 1482 1499 1482 1433 1353 1250 
1110 966 870 736 674 572 515 518 512 
1141 1032 847 785 671 554 527 488 520 
1116 1044 863 737 668 561 515 501 510 
1183 997 837 728 618 592 495 500 525 
1157 1013 888 747 639 545 517 508 527 
1081 1049 876 772 670 592 513 496 541 
1154 1035 874 772 653 555 492 499 512 
1128 1030 863 782 667 538 528 516 512 
1106 1043 840 762 637 578 520 489 513 
1166 1012 871 779 647 551 508 519 503 
1134 1032 906 713 659 538 513 489 496 
1130 982 883 722 651 556 502 523 511 
1087 952 829 756 663 562 499 507 502 
1119 1030 844 727 640 555 542 504 494 
1155 982 867 756 628 588 541 498 505 
1159 1020 903 785 648 582 517 510 499 
1128 985 843 767 642 555 506 511 508 
1135 1033 886 720 626 569 496 506 534 
1110 1009 892 746 627 582 536 502 493 
1095 1015 897 736 655 559 494 482 498 
1096 953 899 729 627 576 539 489 498 
1097 1001 827 767 637 555 529 480 493 
1106 988 850 756 671 595 527 518 537 
1148 975 888 740 661 579 528 521 538 
1167 994 847 758 673 546 509 506 528 
1090 1036 905 717 675 549 506 498 493 
1082 1049 869 770 666 586 497 482 542 
1162 1031 881 745 616 556 507 486 541 
1104 969 836 755 650 592 521 481 502 
1080 1042 845 720 658 539 529 480 537 
1164 1023 830 784 677 545 537 490 519 
1157 1037 863 729 624 576 533 483 509 
1116 968 903 781 664 569 534 515 540 
1076 1044 846 737 663 593 536 481 515 
1095 1044 910 748 664 550 531 506 512 
1115 960 888 736 648 560 492 524 505 
1135 1022 884 766 668 555 540 521 514 
1094 1017 892 761 658 556 491 505 497 
1074 1002 866 750 666 559 502 511 522 
1135 1032 858 715 655 591 499 496 519 
1153 991 913 772 640 546 527 517 539 
1113 1033 868 714 638 565 533 492 509 
1100 979 844 786 645 589 497 514 540 
1179 1041 884 752 670 572 494 516 504 
1152 1035 842 759 641 592 498 475 492 
1148 1022 836 716 625 563 532 519 532 
1153 1049 889 760 647 570 494 485 528 
1097 1011 877 717 624 563 529 500 514 
1141 1013 865 768 674 573 525 497 504 
1156 1042 828 762 662 562 502 485 540 
1115 986 876 716 617 544 542 479 502 
1173 982 868 751 661 545 507 514 504 
1160 951 875 774 659 565 496 501 519 
1135 956 909 731 644 594 526 484 522 
1181 951 830 743 649 552 524 521 508 
1162 1019 879 717 654 543 540 524 501 
1102 1005 844 739 620 551 515 500 522 
1150 1018 851 734 650 551 511 482 493 
1100 1001 852 725 640 593 496 517 492 
1113 953 886 781 646 588 536 489 494 
1130 1044 892 726 621 583 522 497 534 
1159 1043 885 776 631 554 515 511 518 
1140 1004 849 719 629 565 510 510 522 
1145 1011 831 735 654 570 498 496 504 
1154 1018 895 782 637 557 520 485 528 
1077 1001 853 716 648 541 530 482 497 
1089 992 866 766 657 566 521 495 542 
1128 1013 865 738 677 565 492 478 538 
1077 1008 905 740 641 541 523 512 539 
1176 977 899 777 641 539 498 485 524 
1086 1037 831 786 676 572 526 510 525 
1133 1001 840 722 617 571 493 479 516 
1161 1020 839 783 653 575 498 523 521 
1096 1047 832 726 655 552 522 491 519 
1149 985 849 714 673 544 493 482 517 
1130 982 868 758 668 575 497 496 518 
1178 1043 898 736 651 562 540 476 517 
1081 1019 866 774 653 562 522 501 526 
1183 1032 861 771 653 589 501 517 507 
1151 1048 841 766 652 560 498 518 491 
1096 1017 894 742 671 567 516 484 495 
1111 983 888 729 625 541 533 524 520 
1144 976 891 740 636 554 536 494 494 
1155 1048 907 725 623 592 510 479 541 
1145 1026 910 749 659 576 511 496 527 
1101 1020 841 736 663 575 500 476 513 
1100 1029 866 717 638 592 510 480 540 
1160 983 878 739 617 578 535 515 494 
1115 976 865 719 670 587 533 520 491 
1103 1008 884 771 656 587 512 523 501 
1116 1027 895 768 664 592 493 481 540 
1113 1005 827 716 650 589 514 481 511 
1105 966 884 718 660 582 500 483 507 
1177 989 848 772 648 578 500 476 497 
1138 1016 895 750 615 545 506 509 495 
1139 968 855 786 651 541 519 515 524 
1103 1016 830 762 646 554 512 496 508 
1125 1024 880 754 661 573 537 495 542 
1140 953 881 757 654 580 501 509 509 
1106 1038 882 725 651 568 492 505 521 
