20 11 20
15 10
170 96 112 130 149 169 187 203 214 222 225 222 214 203 187 169 150 130 112 96 85 
170 129 149 174 199 225 249 270 286 296 300 296 286 270 250 225 200 174 150 129 113 
170 161 187 217 249 282 312 338 358 370 375 370 358 338 312 282 250 217 187 161 141 
170 193 224 261 299 338 374 406 429 444 450 444 429 406 375 338 300 261 225 193 170 
170 226 262 304 349 395 437 473 501 519 525 519 501 473 437 395 350 304 262 226 198 
170 258 299 348 399 451 499 541 573 593 600 593 573 541 500 451 400 348 300 258 226 
170 290 337 391 449 508 562 609 644 667 675 667 644 609 562 508 450 391 337 290 255 
170 323 374 435 499 564 624 676 716 741 750 741 716 676 625 564 500 435 375 323 283 
170 355 412 478 549 621 687 744 788 815 825 815 788 744 687 621 550 478 412 355 311 
170 387 449 522 599 677 749 812 859 889 900 889 859 812 750 677 600 522 450 387 340 
100000 6464 7499 8705 9999 11294 12499 13535 14330 14829 15000 14829 14330 13535 12500 11294 10000 8705 7500 6464 5669 
1353 1250 1129 1000 870 750 646 566 517 500 517 566 646 749 870 
971 1073 1299 1398 1423 
966 1126 1215 1394 1436 
1025 1182 1278 1337 1474 
1014 1172 1217 1419 1448 
1012 1172 1293 1339 1371 
1011 1080 1247 1328 1488 
1008 1164 1311 1292 1383 
971 1150 1239 1420 1499 
987 1120 1222 1374 1417 
951 1158 1271 1300 1371 
