50 11 20
36 100
170 75 77 85 96 112 130 149 169 187 203 214 222 225 222 214 203 187 169 150 130 112 96 85 77 75 77 85 96 112 130 149 169 187 203 214 222 225 222 214 203 187 169 150 130 112 96 85 77 75 77 
170 100 103 113 129 149 174 199 225 249 270 286 296 300 296 286 270 250 225 200 174 150 129 113 103 100 103 113 129 149 174 199 225 249 270 286 296 300 296 286 270 250 225 200 174 150 129 113 103 100 103 
170 125 129 141 161 187 217 249 282 312 338 358 370 375 370 358 338 312 282 250 217 187 161 141 129 125 129 141 161 187 217 249 282 312 338 358 370 375 370 358 338 312 282 250 217 187 161 141 129 125 129 
170 150 155 170 193 224 261 299 338 374 406 429 444 450 444 429 406 375 338 300 261 225 193 170 155 150 155 170 193 224 261 299 338 374 406 429 444 450 444 429 406 375 338 300 261 225 193 170 155 150 155 
170 175 180 198 226 262 304 349 395 437 473 501 519 525 519 501 473 437 395 350 304 262 226 198 180 175 180 198 226 262 304 349 395 437 473 501 519 525 519 501 473 437 395 350 304 262 226 198 180 175 180 
170 200 206 226 258 299 348 399 451 499 541 573 593 600 593 573 541 500 451 400 348 300 258 226 206 200 206 226 258 299 348 399 451 499 541 573 593 600 593 573 541 500 451 400 348 300 258 226 206 200 206 
170 225 232 255 290 337 391 449 508 562 609 644 667 675 667 644 609 562 508 450 391 337 290 255 232 225 232 255 290 337 391 449 508 562 609 644 667 675 667 644 609 562 508 450 391 337 290 255 232 225 232 
170 250 258 283 323 374 435 499 564 624 676 716 741 750 741 716 676 625 564 500 435 375 323 283 258 250 258 283 323 374 435 499 564 624 676 716 741 750 741 716 676 625 564 500 435 375 323 283 258 250 258 
170 275 284 311 355 412 478 549 621 687 744 788 815 825 815 788 744 687 621 550 478 412 355 311 284 275 284 311 355 412 478 549 621 687 744 788 815 825 815 788 744 687 621 550 478 412 355 311 284 275 284 
170 300 310 340 387 449 522 599 677 749 812 859 889 900 889 859 812 750 677 600 522 450 387 340 310 300 310 340 387 449 522 599 677 749 812 859 889 900 889 859 812 750 677 600 522 450 387 340 310 300 310 
100000 5000 5170 5669 6464 7499 8705 9999 11294 12499 13535 14330 14829 15000 14829 14330 13535 12500 11294 10000 8705 7500 6464 5669 5170 5000 5170 5669 6464 7499 8705 9999 11294 12499 13535 14330 14829 15000 14829 14330 13535 12500 11294 10000 8705 7500 6464 5669 5170 5000 5170 
1499 1482 1433 1353 1250 1129 1000 870 750 646 566 517 500 517 566 646 749 870 999 1129 1249 1353 1433 1482 1499 1482 1433 1353 1250 1129 1000 870 750 646 566 517 
257 331 374 830 581 490 1153 1696 942 1018 1923 1889 1517 1036 
520 453 540 562 749 545 948 462 1534 2081 2006 2327 1164 673 
799 214 826 597 412 1373 636 535 1756 827 1153 1101 1953 787 
321 592 358 816 963 806 1528 1137 1126 1967 1180 1554 772 1840 
623 717 765 476 380 1356 1036 1070 1566 1598 1997 1446 2306 2129 
736 674 901 512 451 976 904 653 926 1794 1545 807 656 2197 
790 609 524 771 1122 1173 1053 1526 536 1107 2267 1949 1202 1512 
764 360 649 270 831 540 607 742 1446 1471 957 936 2334 1985 
755 338 332 696 468 946 1293 1116 840 1050 586 657 952 1909 
360 229 700 435 600 1098 1065 850 791 600 1736 1274 1512 1548 
412 423 248 609 1048 457 1087 812 1274 1184 1459 1377 1741 908 
548 552 712 691 1079 931 1259 1507 1665 1086 849 959 2286 1232 
260 694 690 713 551 1348 659 934 966 1291 637 1478 1042 674 
630 430 460 652 870 1387 889 541 1616 861 1483 1496 611 1730 
544 268 581 877 537 1105 411 1682 784 874 1790 1766 1698 1116 
362 730 478 486 1009 1068 1337 1504 1258 677 1990 1256 1191 1337 
496 265 721 461 883 524 539 1250 801 1904 1113 1988 2384 808 
302 284 359 999 1165 1377 1118 1475 1447 1294 1592 2011 1505 1754 
338 472 578 475 465 939 1138 1709 1929 1271 1197 1600 898 800 
431 571 438 706 963 459 1300 642 1654 1670 1198 2173 1718 1148 
585 657 841 741 849 376 1208 1038 1088 1012 1111 1411 2000 2057 
421 302 657 946 1188 1173 989 844 510 1443 881 2182 1180 2087 
688 824 635 612 310 418 1539 463 1503 1851 1666 814 839 2335 
459 684 316 268 940 735 752 1566 1768 2085 1598 2053 688 616 
561 576 374 553 1034 581 1455 1417 506 1621 2046 2231 2092 1039 
623 327 659 794 800 1254 1291 1249 1153 1892 675 2268 1788 1886 
444 561 500 736 625 1370 421 954 1938 1453 985 1467 849 1853 
684 554 383 790 889 426 823 1567 847 1924 669 2303 701 1913 
235 582 292 932 684 1177 485 579 522 721 1019 2302 1582 2095 
757 700 331 825 1156 584 1282 829 1587 1831 2208 811 2359 2227 
341 446 605 959 878 889 1349 747 1811 1475 1488 1966 1214 1323 
466 448 636 839 898 582 411 1277 1114 1040 2157 673 1727 2323 
390 625 418 535 450 1353 864 1411 1064 1725 1172 1863 1834 2111 
638 558 456 752 339 1388 1445 1531 1451 2111 2086 1595 1087 1105 
251 729 591 898 804 1301 1118 1196 1177 1572 1382 853 682 1714 
404 446 580 573 369 1383 663 1660 1247 876 1972 1219 1484 2031 
297 304 629 837 520 734 523 666 503 1531 1183 2323 1337 928 
317 702 672 1001 578 724 1302 1614 1182 782 1297 1702 989 1564 
566 593 472 357 721 662 878 930 703 823 1333 1264 939 2170 
765 328 282 456 677 1227 915 1524 1648 1929 1391 1791 984 1907 
557 593 618 748 444 1043 1400 1668 1448 936 1754 2150 977 1734 
282 501 826 417 950 1270 671 868 1205 611 1964 1579 939 915 
503 308 344 301 852 373 1507 686 622 1146 2246 1811 1870 1627 
451 312 662 262 519 393 473 953 541 1828 1125 1778 857 1959 
473 215 244 837 636 853 1143 1784 1351 1036 1559 2329 1879 1455 
384 608 879 455 776 548 784 915 925 971 2170 1544 882 1972 
536 511 704 1011 524 644 1234 518 994 1563 1108 600 1979 1105 
686 788 297 713 1053 914 1455 1189 1875 2144 2048 1608 1043 2223 
741 325 484 860 1075 1171 1457 727 932 1864 1573 1809 1218 1382 
483 325 728 366 1098 399 439 593 543 1698 878 734 1414 1831 
549 488 630 544 858 532 1514 1581 1785 1203 2089 1679 2200 1318 
223 415 297 732 1018 569 672 950 538 1188 2282 1146 2073 775 
666 720 889 686 787 975 700 1245 1905 1635 597 737 2217 668 
424 783 626 417 651 1174 419 1348 1176 1074 921 2064 1347 883 
317 405 643 449 1043 460 748 1649 1254 1289 1636 820 2272 961 
685 668 265 435 748 862 567 1388 1891 2033 931 2314 711 1297 
708 649 372 737 814 443 738 819 1529 1471 877 793 2309 1178 
536 296 831 759 712 498 548 921 1794 905 1461 1835 2241 1820 
514 668 724 927 807 942 1062 624 1652 1233 868 2198 2295 995 
426 674 285 524 671 750 796 724 607 1666 1615 1700 1578 1740 
747 453 615 387 772 405 435 1498 1962 992 1474 868 879 2321 
255 488 494 580 847 784 1403 1111 1966 842 2265 1361 1915 2192 
638 282 286 930 963 671 525 1135 1243 1842 2280 1946 2257 713 
317 363 783 426 592 1221 473 1570 1323 1849 2016 1634 1551 1449 
679 353 556 540 700 1141 1008 1261 1431 1015 1739 2290 1382 1894 
277 242 540 654 840 422 1075 1125 1424 1438 891 1471 2132 1864 
474 397 774 878 1151 1245 824 1512 1120 1011 1066 836 1341 1573 
456 738 269 597 671 858 1447 1159 1612 1110 2143 2351 932 1839 
333 699 319 285 990 523 422 803 1715 1983 1128 2273 635 1145 
427 442 347 751 711 1030 1381 931 931 1304 1697 1239 1662 2243 
267 648 714 1012 1064 816 1590 1469 1353 1391 2029 1620 2399 1044 
409 660 475 465 482 1198 642 1044 1760 1957 2047 1946 1801 617 
511 601 285 825 409 906 841 1334 1941 1385 2249 2267 1278 1616 
462 244 456 438 619 472 726 1054 1473 1387 2279 937 1712 839 
233 690 862 820 663 647 567 1513 1434 807 1882 1692 1810 1334 
567 688 517 543 663 987 1443 1050 855 831 1052 2327 734 907 
362 506 771 391 307 744 1523 1539 1190 1528 1652 954 624 862 
793 419 441 950 658 893 1208 1519 1751 1721 2045 2097 2138 724 
587 722 436 297 1180 587 842 1511 543 1138 2283 663 709 1008 
437 330 507 952 852 1281 930 504 1696 1413 1928 1607 1104 1473 
667 671 253 306 613 1219 1172 457 917 1677 1036 2154 867 1305 
737 716 767 367 534 430 1186 1309 1496 2049 1987 1123 1034 1082 
297 386 747 723 606 1187 1110 1120 625 1584 2028 1477 1588 1492 
451 490 307 1014 1108 484 968 1336 507 928 1087 1394 1751 1843 
467 487 315 477 1116 730 1333 882 1184 544 1053 2043 1078 1950 
289 564 491 725 933 990 888 1035 1588 1417 786 1367 1287 894 
570 377 572 307 766 1004 1404 721 1776 642 1055 1520 1076 1808 
703 556 246 681 528 1278 1137 841 1966 1413 924 2294 1630 976 
795 515 303 613 841 1263 1245 1062 1203 1022 1772 1945 1573 1458 
619 624 309 667 1178 739 671 699 996 1635 1026 956 714 1492 
449 565 295 972 790 549 1465 1513 1948 1956 804 2195 2295 1074 
211 698 392 714 1140 1218 1124 1210 1050 2119 1307 1860 636 1944 
553 416 739 952 901 527 933 465 1199 895 1204 2229 849 1869 
303 232 771 808 371 575 1533 673 1022 1600 1438 860 1775 906 
753 214 519 703 357 368 1369 686 959 1274 920 1363 1787 1685 
305 661 410 814 894 447 554 605 684 626 1169 2106 2001 1263 
699 213 531 957 947 1195 564 633 1073 2037 2217 2200 1304 2333 
465 660 394 852 1121 540 673 475 1866 1969 964 1179 1252 1312 
724 287 585 915 1041 554 796 661 1320 1635 894 692 1417 701 
737 666 708 379 934 393 1079 994 713 1074 1602 1675 1863 2020 
