5 3 20
4 100
850 96 85 77 75 77 
850 129 113 103 100 103 
100000 6464 5669 5170 5000 5170 
1353 1433 1482 1499 
1236 
1486 
1471 
1729 
1667 
1313 
1283 
1212 
1239 
1648 
1234 
1202 
1317 
1338 
1597 
1246 
1287 
1320 
1377 
1546 
1455 
1200 
1674 
1715 
1668 
1529 
1458 
1502 
1730 
1287 
1767 
1766 
1671 
1771 
1404 
1307 
1384 
1646 
1301 
1474 
1274 
1480 
1247 
1696 
1643 
1339 
1387 
1414 
1269 
1432 
1677 
1654 
1210 
1289 
1635 
1546 
1239 
1499 
1262 
1417 
1470 
1710 
1339 
1230 
1319 
1314 
1594 
1265 
1247 
1241 
1471 
1525 
1209 
1440 
1397 
1410 
1260 
1349 
1573 
1492 
1192 
1508 
1527 
1227 
1702 
1753 
1600 
1539 
1594 
1242 
1299 
1378 
1212 
1714 
1627 
1347 
1281 
1411 
1565 
1699 
