10 3 20
8 50
850 85 96 112 130 149 169 187 203 214 222 
850 113 129 149 174 199 225 249 270 286 296 
100000 5669 6464 7499 8705 9999 11294 12499 13535 14330 14829 
1433 1353 1250 1129 1000 870 750 646 
574 566 
665 414 
465 604 
526 499 
640 486 
557 568 
578 442 
645 505 
578 586 
627 488 
612 416 
546 560 
551 547 
583 497 
591 582 
561 612 
610 543 
636 561 
673 600 
593 524 
503 520 
478 587 
606 603 
671 617 
589 578 
505 600 
523 481 
566 435 
464 614 
514 579 
562 487 
521 488 
498 443 
646 580 
469 482 
586 543 
626 426 
474 520 
527 478 
607 490 
474 507 
573 456 
647 452 
637 450 
583 575 
643 526 
560 434 
645 545 
664 492 
570 553 
