50 3 20
16 50
850 96 112 130 149 169 187 203 214 222 225 222 214 203 187 169 150 130 112 96 85 77 75 77 85 96 112 130 149 169 187 203 214 222 225 222 214 203 187 169 150 130 112 96 85 77 75 77 85 96 112 
850 129 149 174 199 225 249 270 286 296 300 296 286 270 250 225 200 174 150 129 113 103 100 103 113 129 149 174 199 225 249 270 286 296 300 296 286 270 250 225 200 174 150 129 113 103 100 103 113 129 149 
100000 6464 7499 8705 9999 11294 12499 13535 14330 14829 15000 14829 14330 13535 12500 11294 10000 8705 7500 6464 5669 5170 5000 5170 5669 6464 7499 8705 9999 11294 12499 13535 14330 14829 15000 14829 14330 13535 12500 11294 10000 8705 7500 6464 5669 5170 5000 5170 5669 6464 7499 
1353 1250 1129 1000 870 750 646 566 517 500 517 566 646 749 870 999 
1729 614 2039 2107 980 1956 1401 1255 564 1380 1562 513 742 866 881 426 756 280 314 630 656 613 546 1298 1710 1981 577 1882 719 2205 1829 1338 1106 1693 
1305 736 1035 1782 1297 2287 765 2011 1760 1620 1301 1136 944 353 777 660 683 493 730 334 857 931 1153 1567 1401 955 959 1008 1969 2324 2119 972 698 1111 
1328 890 1183 1709 1586 900 1995 630 743 1124 727 733 1355 312 669 578 744 585 260 357 879 1189 887 1314 1423 1594 1676 1178 1418 883 1945 716 1630 1843 
1524 952 2077 1752 1232 1350 994 1807 1201 1370 1295 946 1009 1121 735 529 798 501 780 268 360 1108 1304 1210 669 959 1968 894 1526 995 630 1300 1989 1530 
1163 1016 1130 2217 1491 1579 2113 1764 889 1998 1420 1010 709 794 389 231 683 239 626 272 675 1008 1202 1114 1172 1667 1781 1339 1594 600 2323 1845 1000 1904 
673 955 1770 1026 931 1385 645 1478 1977 1597 1172 744 859 455 784 715 674 330 507 298 489 375 947 682 884 1974 1155 796 1087 1453 2233 747 1511 1557 
1798 1383 583 1818 730 1970 1870 1605 1946 998 1326 1078 1095 820 594 833 753 208 328 726 934 932 875 1177 1493 1485 577 573 2132 1176 2313 2292 1267 1366 
1729 1345 678 1040 1057 1909 1048 1778 1086 1757 1348 460 608 504 309 392 257 560 214 343 334 1066 614 1324 976 1279 952 2155 672 1718 1599 1653 1337 584 
1125 1205 588 1123 2078 1959 996 1848 572 1074 736 1545 973 1078 634 792 393 485 423 632 705 303 896 796 1735 604 656 1600 627 1473 925 1256 1321 1417 
458 768 2083 915 2290 815 605 1718 1827 1094 800 751 1297 900 849 425 811 487 634 385 689 1040 897 1340 1476 1321 1670 980 1516 2175 2225 1941 1580 1546 
678 621 737 2135 1594 2105 2262 1383 605 931 1570 934 492 427 383 698 684 607 557 552 480 1126 639 1224 1399 970 2073 2074 1323 2336 2114 2060 986 1691 
860 710 1100 1729 702 1843 876 2211 1637 1392 1659 868 938 319 426 843 587 727 358 345 480 1042 720 989 1649 1800 997 2133 663 1072 1081 701 601 1908 
1436 1695 612 847 686 1923 2135 1670 868 868 869 1413 1016 1039 822 699 291 257 761 473 421 1099 1114 912 1222 878 626 685 1290 602 2085 1474 1848 1515 
771 1365 1144 1304 1977 947 2316 1883 2139 699 1636 1213 1287 920 581 276 632 377 221 885 922 494 381 970 748 564 653 2291 921 971 1289 1643 1281 853 
1790 737 1768 2240 2034 2100 1756 1352 2119 605 578 1268 615 603 815 372 690 521 566 902 373 1104 699 1070 1761 1750 1391 1249 626 2016 2357 610 2153 1117 
606 1659 642 919 2100 2339 950 2186 936 1624 1192 1557 881 570 781 731 334 565 276 682 776 812 1354 1141 819 1375 2065 863 1661 1349 1829 586 764 1250 
1510 1173 1455 1303 685 1615 1036 1974 2001 1811 525 800 482 373 260 233 728 684 794 652 380 1024 1199 845 611 1414 1364 1419 1701 801 733 821 1743 506 
816 764 919 1562 2339 706 1734 2000 1856 1524 1507 869 563 508 1009 335 440 722 745 359 652 698 606 1353 1001 1877 1391 977 876 2023 1364 809 2006 743 
1358 1912 993 1806 2055 1390 1848 1111 1326 1779 483 891 1229 674 744 256 597 757 624 621 826 527 828 1546 942 843 1466 1637 720 2336 2134 2151 1364 1965 
1735 673 876 834 838 2009 1153 2278 1562 1653 1182 539 1222 728 411 562 580 595 641 469 491 712 685 749 1085 1852 1492 1337 656 1628 787 1158 1782 1516 
831 895 2123 993 1604 1815 886 1655 1915 1457 1283 511 915 946 689 665 823 394 224 823 886 1166 1374 407 1298 1067 1763 2025 699 659 1436 2150 942 1869 
1194 1165 1769 776 1917 1330 1076 931 600 1122 1618 1332 1145 842 396 371 338 352 481 313 420 654 929 896 1574 582 801 1262 2000 1399 646 713 1618 1579 
1276 1812 1268 1613 670 2209 1747 1525 1452 781 1024 1225 904 1136 948 380 247 208 339 647 621 335 916 533 1034 697 1185 2226 1073 1671 1646 584 666 1771 
891 1742 715 1616 1423 989 1078 1967 1678 723 532 664 940 319 828 359 225 396 307 628 760 766 461 712 1729 898 1072 787 727 2095 1177 1052 1179 1657 
625 654 2120 1783 2096 2131 1896 1142 1319 1517 750 959 1109 827 770 406 311 346 427 480 765 445 399 696 831 772 1066 1111 1931 1960 1733 956 1337 1971 
611 1865 1100 2046 1700 1806 999 1841 1019 1966 1189 935 428 536 820 240 427 419 666 606 494 1100 1317 549 469 752 2088 936 633 716 1118 1751 1067 984 
529 1581 1262 1774 1420 1818 1840 1548 2001 1067 748 704 1179 1007 881 758 372 507 371 411 867 438 655 1246 1476 1879 1295 1043 1240 1502 1446 616 1333 1519 
774 559 645 1639 2055 2111 1882 1140 2158 890 532 698 682 750 527 520 490 538 260 441 863 1043 562 1000 1615 1879 925 1536 2273 1844 1233 1109 567 1119 
1292 1299 1364 2282 905 1666 1100 1260 2031 1940 452 1592 671 363 551 249 695 497 552 243 695 1123 418 600 683 1755 1424 1588 1688 1576 1940 1656 1268 839 
554 1735 1554 1947 2254 2186 1458 1120 1199 991 1413 1026 859 333 694 517 317 436 400 547 973 545 500 578 1228 1380 1215 1669 1320 1674 1619 1181 1056 1571 
1345 1893 1769 592 1665 1612 1597 852 1055 839 754 436 1181 918 774 644 299 690 343 626 922 442 1182 563 640 813 1983 1113 1944 1344 1457 1684 690 956 
1179 779 1877 1907 2330 1953 805 2234 2135 1336 1274 1234 880 1167 1031 873 661 535 651 478 609 560 750 653 559 1811 1296 1858 1141 949 2281 1587 586 1848 
1020 1830 1530 2194 1173 2162 830 1020 1869 1570 1361 776 1380 484 411 718 740 281 352 697 1011 1148 1225 958 1646 1309 2130 1476 1443 2033 2286 1837 1170 1499 
1669 765 1130 1266 625 2170 2334 2034 1480 693 1105 716 678 941 368 665 405 547 784 258 1025 631 1304 1384 667 1101 775 1048 2368 1273 1370 1826 1760 1232 
1636 1076 2073 954 1225 699 820 1376 629 726 1489 707 483 1143 525 760 531 505 405 878 408 715 1374 612 1308 1590 1881 1586 2369 1559 1549 1444 1719 1956 
701 844 2056 786 1814 2364 1477 981 849 757 607 1471 784 960 427 674 575 620 243 349 295 1021 1230 626 534 870 901 1231 776 1417 2370 1715 2143 1868 
1015 1542 684 2145 2056 1021 949 1216 713 852 608 934 1087 452 678 336 564 522 469 783 959 342 664 769 1772 1134 1772 825 2365 1157 1595 1223 908 875 
1314 664 967 913 1264 2167 2069 1489 1329 1300 1677 470 1243 1196 667 862 609 417 299 246 348 1044 1229 1172 834 1991 926 738 765 2094 1491 772 710 1997 
813 1293 981 1884 1897 956 664 923 2063 1531 734 1543 779 860 826 339 295 324 226 875 362 1091 1315 400 1076 1335 1741 1545 793 1430 1895 1619 1361 1957 
993 867 2132 1409 1950 1063 867 1883 919 1814 1062 1230 499 795 770 906 552 756 746 776 572 986 1001 1082 1277 1960 1562 1089 1000 1608 2129 1626 947 1409 
1066 1244 714 725 811 1192 1542 1782 1484 615 1581 922 1077 444 382 284 700 768 768 547 962 616 1179 1047 925 1234 1799 692 1390 2191 1087 968 1771 758 
1794 1527 1562 1917 1809 1436 1411 1532 883 997 1093 1357 642 1069 546 681 258 748 642 547 535 1056 654 1275 472 1914 1491 1537 2209 1665 970 1088 1850 1443 
1369 1784 905 1065 1417 1962 872 1167 1223 1034 900 1315 1159 456 306 543 592 699 403 600 408 809 419 1099 1559 1642 1408 1023 2117 1519 1322 737 1339 1447 
1354 1077 1655 814 635 914 932 1652 1655 1135 1688 1024 802 391 648 696 624 457 519 490 659 1188 1295 1539 1152 1855 1273 1051 822 2138 1505 1488 1336 611 
1726 529 1564 766 1763 1943 1826 1516 1185 1402 806 864 758 875 559 459 453 455 463 732 907 1138 545 730 1090 1882 1774 1035 1310 1186 844 1879 1774 1321 
808 566 2022 900 1780 2296 1598 847 661 1222 1217 1140 759 513 853 741 383 220 705 809 917 504 466 1122 1217 941 608 783 661 2293 1292 1816 1645 1178 
806 1672 1990 1437 1434 1997 2140 811 1364 1862 1253 597 578 568 349 661 349 330 681 707 486 592 640 979 1164 1065 1461 936 2037 1295 780 1276 923 1529 
1293 832 1995 2087 800 1871 2242 812 1924 894 570 1380 736 1134 841 808 315 649 606 866 340 1180 530 1466 560 888 1682 958 1010 1649 1625 1284 663 777 
891 1614 1760 789 1928 1104 614 1892 1217 1877 1777 1437 582 1153 478 560 527 284 648 579 664 1019 1290 1436 1092 1646 913 976 1058 2070 1384 1557 2121 1217 
691 1897 743 1682 2159 608 2324 665 1080 511 1431 428 626 439 1022 542 355 460 408 632 509 1111 608 856 1429 830 1294 734 2174 1782 1963 651 979 879 
