20 11 20
15 50
170 77 85 96 112 130 149 169 187 203 214 222 225 222 214 203 187 169 150 130 112 
170 103 113 129 149 174 199 225 249 270 286 296 300 296 286 270 250 225 200 174 150 
170 129 141 161 187 217 249 282 312 338 358 370 375 370 358 338 312 282 250 217 187 
170 155 170 193 224 261 299 338 374 406 429 444 450 444 429 406 375 338 300 261 225 
170 180 198 226 262 304 349 395 437 473 501 519 525 519 501 473 437 395 350 304 262 
170 206 226 258 299 348 399 451 499 541 573 593 600 593 573 541 500 451 400 348 300 
170 232 255 290 337 391 449 508 562 609 644 667 675 667 644 609 562 508 450 391 337 
170 258 283 323 374 435 499 564 624 676 716 741 750 741 716 676 625 564 500 435 375 
170 284 311 355 412 478 549 621 687 744 788 815 825 815 788 744 687 621 550 478 412 
170 310 340 387 449 522 599 677 749 812 859 889 900 889 859 812 750 677 600 522 450 
100000 5170 5669 6464 7499 8705 9999 11294 12499 13535 14330 14829 15000 14829 14330 13535 12500 11294 10000 8705 7500 
1482 1433 1353 1250 1129 1000 870 750 646 566 517 500 517 566 646 
757 872 1017 1111 1295 
747 866 1027 1129 1195 
725 910 956 1125 1235 
774 880 987 1075 1191 
735 865 1046 1151 1307 
729 850 958 1179 1269 
749 830 1020 1176 1300 
767 861 1047 1173 1273 
769 851 1006 1128 1283 
723 891 970 1108 1213 
725 911 977 1125 1243 
765 849 995 1113 1239 
753 895 956 1084 1232 
777 904 1016 1173 1301 
723 896 998 1185 1290 
744 851 991 1116 1257 
754 828 1018 1073 1234 
767 841 952 1128 1199 
741 854 982 1159 1310 
737 905 960 1088 1230 
745 887 1023 1107 1281 
766 838 1044 1164 1228 
778 910 1041 1167 1209 
714 889 1022 1128 1226 
749 868 965 1087 1310 
728 843 1018 1087 1309 
742 855 964 1167 1297 
735 836 1005 1176 1256 
755 831 1000 1106 1237 
735 869 976 1113 1309 
750 832 1002 1131 1271 
754 844 1033 1106 1188 
736 863 1010 1131 1193 
781 873 1020 1137 1215 
771 836 1022 1167 1220 
737 874 1015 1151 1223 
737 839 952 1141 1230 
765 842 1011 1143 1240 
764 911 971 1179 1303 
724 841 1016 1112 1218 
758 829 1011 1166 1237 
713 903 1015 1107 1275 
716 828 1014 1182 1256 
721 841 965 1089 1274 
779 902 994 1080 1189 
763 893 1034 1127 1292 
766 874 970 1168 1244 
731 888 953 1161 1273 
722 903 957 1152 1221 
733 857 1011 1150 1254 
