10 2 20
8 50
1700 130 112 96 85 77 75 77 85 96 112 
100000 8705 7500 6464 5669 5170 5000 5170 5669 6464 7499 
1129 1249 1353 1433 1482 1499 1482 1433 
1389 1300 
1413 1218 
1316 1251 
1382 1228 
1309 1306 
1305 1199 
1403 1254 
1339 1209 
1342 1253 
1355 1251 
1334 1272 
1374 1304 
1403 1310 
1377 1277 
1410 1266 
1313 1302 
1310 1268 
1370 1266 
1296 1198 
1317 1306 
1393 1241 
1297 1294 
1365 1305 
1369 1265 
1323 1274 
1380 1206 
1313 1306 
1298 1292 
1360 1265 
1298 1208 
1332 1272 
1317 1291 
1286 1296 
1399 1260 
1378 1304 
1337 1245 
1350 1264 
1325 1274 
1355 1246 
1334 1307 
1300 1189 
1318 1218 
1292 1200 
1307 1311 
1294 1189 
1357 1282 
1371 1219 
1340 1204 
1307 1251 
1353 1205 
