20 3 20
15 50
850 85 96 112 130 149 169 187 203 214 222 225 222 214 203 187 169 150 130 112 96 
850 113 129 149 174 199 225 249 270 286 296 300 296 286 270 250 225 200 174 150 129 
100000 5669 6464 7499 8705 9999 11294 12499 13535 14330 14829 15000 14829 14330 13535 12500 11294 10000 8705 7500 6464 
1433 1353 1250 1129 1000 870 750 646 566 517 500 517 566 646 749 
720 1156 1326 1164 1580 
803 1110 1181 1202 1344 
793 874 1328 1334 1498 
815 927 1298 1253 1580 
912 1030 1101 1238 1382 
708 844 1286 1310 1178 
1017 1137 1331 1256 1202 
785 834 931 1209 1594 
931 1099 1206 1086 1244 
784 883 1326 1170 1490 
1031 1007 1012 1286 1367 
1027 1184 977 1038 1428 
697 959 1055 1415 1532 
934 872 994 1033 1504 
1032 882 1010 1444 1190 
863 997 1320 1305 1605 
724 965 1021 1499 1598 
726 1092 943 1170 1356 
707 1026 1193 1402 1245 
1000 979 1335 1449 1446 
727 1009 1337 1255 1354 
842 824 1024 1401 1399 
702 826 1073 1043 1338 
1016 1134 1176 1165 1515 
943 1100 1199 1168 1183 
773 834 1310 1376 1209 
843 906 948 1105 1309 
893 839 994 1212 1506 
777 1193 1323 1233 1240 
815 1050 1322 1350 1333 
723 1035 1043 1466 1410 
955 1196 1046 1217 1323 
1013 1103 1251 1341 1495 
903 1128 1207 1437 1320 
844 947 1128 1357 1260 
1042 840 947 1363 1495 
720 1134 988 1274 1404 
844 998 1211 1069 1409 
889 1049 1043 1059 1586 
943 984 1028 1061 1475 
1009 1072 979 1233 1104 
769 1061 932 1152 1413 
956 905 987 1373 1271 
827 896 1334 1459 1154 
844 976 960 1074 1384 
782 1143 1006 1148 1459 
955 884 1110 1411 1475 
906 805 1243 1409 1455 
911 993 1186 1178 1088 
717 1085 1063 1074 1395 
