50 11 20
26 50
170 75 77 85 96 112 130 149 169 187 203 214 222 225 222 214 203 187 169 150 130 112 96 85 77 75 77 85 96 112 130 149 169 187 203 214 222 225 222 214 203 187 169 150 130 112 96 85 77 75 77 
170 100 103 113 129 149 174 199 225 249 270 286 296 300 296 286 270 250 225 200 174 150 129 113 103 100 103 113 129 149 174 199 225 249 270 286 296 300 296 286 270 250 225 200 174 150 129 113 103 100 103 
170 125 129 141 161 187 217 249 282 312 338 358 370 375 370 358 338 312 282 250 217 187 161 141 129 125 129 141 161 187 217 249 282 312 338 358 370 375 370 358 338 312 282 250 217 187 161 141 129 125 129 
170 150 155 170 193 224 261 299 338 374 406 429 444 450 444 429 406 375 338 300 261 225 193 170 155 150 155 170 193 224 261 299 338 374 406 429 444 450 444 429 406 375 338 300 261 225 193 170 155 150 155 
170 175 180 198 226 262 304 349 395 437 473 501 519 525 519 501 473 437 395 350 304 262 226 198 180 175 180 198 226 262 304 349 395 437 473 501 519 525 519 501 473 437 395 350 304 262 226 198 180 175 180 
170 200 206 226 258 299 348 399 451 499 541 573 593 600 593 573 541 500 451 400 348 300 258 226 206 200 206 226 258 299 348 399 451 499 541 573 593 600 593 573 541 500 451 400 348 300 258 226 206 200 206 
170 225 232 255 290 337 391 449 508 562 609 644 667 675 667 644 609 562 508 450 391 337 290 255 232 225 232 255 290 337 391 449 508 562 609 644 667 675 667 644 609 562 508 450 391 337 290 255 232 225 232 
170 250 258 283 323 374 435 499 564 624 676 716 741 750 741 716 676 625 564 500 435 375 323 283 258 250 258 283 323 374 435 499 564 624 676 716 741 750 741 716 676 625 564 500 435 375 323 283 258 250 258 
170 275 284 311 355 412 478 549 621 687 744 788 815 825 815 788 744 687 621 550 478 412 355 311 284 275 284 311 355 412 478 549 621 687 744 788 815 825 815 788 744 687 621 550 478 412 355 311 284 275 284 
170 300 310 340 387 449 522 599 677 749 812 859 889 900 889 859 812 750 677 600 522 450 387 340 310 300 310 340 387 449 522 599 677 749 812 859 889 900 889 859 812 750 677 600 522 450 387 340 310 300 310 
100000 5000 5170 5669 6464 7499 8705 9999 11294 12499 13535 14330 14829 15000 14829 14330 13535 12500 11294 10000 8705 7500 6464 5669 5170 5000 5170 5669 6464 7499 8705 9999 11294 12499 13535 14330 14829 15000 14829 14330 13535 12500 11294 10000 8705 7500 6464 5669 5170 5000 5170 
1499 1482 1433 1353 1250 1129 1000 870 750 646 566 517 500 517 566 646 749 870 999 1129 1249 1353 1433 1482 1499 1482 
1496 1322 1191 1095 1023 854 755 653 539 534 490 523 546 649 718 841 992 1171 1193 1408 1463 1411 1550 1527 
1404 1308 1230 1118 982 832 734 619 564 537 523 531 594 670 716 859 967 1086 1190 1316 1488 1482 1454 1418 
1427 1296 1282 1151 1031 875 774 662 575 517 523 542 591 674 723 848 984 1151 1265 1379 1493 1464 1536 1470 
1464 1345 1309 1184 999 898 743 614 557 541 522 510 557 662 730 846 960 1146 1306 1317 1406 1455 1440 1452 
1488 1355 1201 1104 975 865 752 667 551 536 513 536 584 658 785 830 1009 1136 1239 1320 1503 1419 1484 1409 
1363 1318 1197 1137 1037 888 737 647 594 515 520 535 582 639 724 835 1034 1147 1227 1398 1474 1556 1564 1513 
1426 1287 1228 1147 1016 890 747 636 557 499 497 513 544 639 773 885 961 1167 1295 1380 1418 1454 1456 1448 
1407 1327 1303 1158 998 856 729 677 577 530 483 534 555 655 744 828 1013 1132 1253 1312 1447 1453 1487 1555 
1410 1309 1201 1081 961 908 721 664 540 517 486 517 539 618 758 854 1014 1122 1283 1289 1493 1473 1449 1435 
1366 1371 1199 1097 955 840 772 624 558 502 484 501 595 665 724 877 1038 1097 1208 1413 1454 1440 1528 1506 
1406 1408 1227 1123 1017 866 738 648 555 492 490 533 552 636 750 855 988 1178 1301 1322 1395 1418 1490 1420 
1422 1361 1197 1169 1019 874 782 639 552 503 492 504 582 665 751 844 1022 1124 1268 1326 1369 1410 1561 1432 
1405 1355 1251 1121 960 888 780 622 583 537 506 492 570 650 758 861 1008 1153 1277 1369 1441 1440 1433 1525 
1400 1408 1305 1176 994 912 729 661 570 509 501 533 593 637 741 835 1020 1164 1285 1313 1474 1474 1556 1556 
1374 1402 1267 1143 992 848 727 639 563 520 493 537 565 667 750 880 971 1079 1289 1357 1400 1465 1501 1524 
1429 1301 1302 1083 1047 838 765 678 543 512 508 509 589 620 786 873 984 1166 1243 1343 1404 1531 1523 1535 
1485 1353 1266 1143 1009 903 770 643 539 533 510 510 585 630 782 884 1002 1108 1278 1405 1439 1518 1479 1445 
1461 1332 1191 1151 967 912 744 675 582 528 501 498 571 655 750 904 1031 1092 1212 1383 1379 1436 1458 1519 
1493 1385 1191 1096 959 897 717 614 583 540 491 533 563 615 744 904 1024 1185 1243 1297 1498 1436 1558 1450 
1503 1370 1282 1154 1027 913 718 643 560 494 483 507 557 660 765 893 1003 1155 1299 1409 1438 1463 1433 1424 
1391 1398 1265 1120 1006 894 783 634 551 535 480 542 582 645 778 867 1016 1174 1199 1310 1378 1489 1530 1549 
1419 1414 1264 1078 1049 843 759 647 548 539 508 496 558 637 752 842 1031 1157 1227 1295 1385 1433 1545 1546 
1366 1295 1196 1152 994 837 740 642 566 497 511 505 563 637 730 870 974 1101 1254 1287 1405 1502 1480 1475 
1450 1345 1286 1128 964 851 780 643 561 523 510 532 560 678 774 878 995 1182 1288 1364 1446 1477 1555 1542 
1449 1411 1251 1078 1007 911 787 630 545 503 488 530 593 664 718 838 978 1166 1310 1327 1375 1468 1431 1444 
1443 1344 1284 1181 975 899 737 617 543 508 486 493 559 647 774 839 989 1154 1295 1327 1363 1457 1433 1484 
1469 1305 1211 1081 1034 856 775 658 579 526 520 510 557 644 732 890 953 1079 1269 1400 1499 1421 1436 1429 
1373 1372 1188 1140 1020 855 742 653 566 506 524 537 593 646 778 886 982 1082 1290 1381 1482 1433 1453 1437 
1426 1409 1203 1095 1028 848 776 662 563 542 499 492 573 671 753 908 1029 1093 1234 1358 1493 1451 1526 1476 
1428 1318 1245 1171 1036 858 744 625 589 539 490 536 556 631 717 908 983 1183 1240 1414 1413 1531 1535 1473 
1434 1414 1271 1156 973 900 755 661 582 541 481 528 572 630 725 901 1006 1112 1213 1366 1381 1429 1499 1430 
1388 1289 1223 1154 1019 888 720 648 545 540 503 502 570 615 769 884 999 1108 1244 1292 1404 1519 1492 1544 
1388 1373 1209 1078 1044 877 769 632 541 532 519 524 563 664 756 839 1016 1160 1199 1370 1446 1468 1465 1541 
1426 1357 1242 1150 986 867 723 644 546 516 520 537 566 615 735 888 1002 1087 1238 1419 1433 1415 1570 1499 
1476 1312 1265 1142 967 849 787 648 543 494 495 510 553 663 784 838 985 1164 1245 1387 1454 1498 1492 1448 
1484 1301 1227 1073 1042 844 780 665 583 503 517 532 551 652 761 841 988 1146 1193 1398 1439 1510 1492 1551 
1416 1380 1212 1098 989 844 737 631 587 494 499 537 583 656 778 911 996 1086 1292 1389 1466 1432 1547 1529 
1503 1307 1231 1160 1037 829 715 646 559 517 518 536 581 639 782 871 1043 1128 1197 1403 1408 1494 1455 1546 
1397 1327 1312 1079 1030 860 779 615 544 529 509 535 594 633 784 892 952 1163 1251 1319 1490 1483 1441 1443 
1374 1304 1269 1078 1031 897 716 673 548 515 478 501 575 642 722 891 1002 1158 1284 1385 1469 1512 1471 1438 
1460 1333 1259 1166 957 873 751 623 591 540 478 520 575 674 746 880 1037 1126 1203 1375 1438 1438 1522 1475 
1452 1387 1268 1184 958 842 714 664 554 499 515 496 572 629 763 865 1013 1087 1257 1356 1405 1444 1461 1443 
1439 1346 1264 1175 1035 851 740 617 563 517 510 501 540 639 778 905 979 1122 1226 1354 1490 1421 1571 1523 
1503 1292 1272 1180 987 893 722 640 538 527 490 510 543 678 720 910 1001 1078 1272 1410 1462 1514 1499 1477 
1484 1370 1253 1123 1001 848 757 631 560 508 492 537 568 628 762 848 1015 1162 1226 1346 1476 1465 1493 1557 
1365 1365 1269 1145 982 847 738 665 575 510 488 506 541 653 758 871 1027 1163 1287 1331 1434 1420 1458 1460 
1430 1349 1201 1127 1016 844 781 647 581 520 477 535 550 664 768 890 1048 1134 1266 1341 1394 1530 1562 1492 
1468 1356 1267 1100 970 870 716 662 543 528 499 533 562 674 772 854 956 1147 1266 1287 1471 1537 1550 1490 
1465 1317 1203 1084 1034 843 730 676 563 530 515 520 570 638 728 913 1015 1157 1265 1387 1495 1523 1464 1503 
1491 1383 1252 1131 998 893 758 615 559 530 503 525 584 665 724 888 1012 1185 1260 1309 1448 1458 1521 1416 
