50 2 20
36 5
1700 75 77 85 96 112 130 149 169 187 203 214 222 225 222 214 203 187 169 150 130 112 96 85 77 75 77 85 96 112 130 149 169 187 203 214 222 225 222 214 203 187 169 150 130 112 96 85 77 75 77 
100000 5000 5170 5669 6464 7499 8705 9999 11294 12499 13535 14330 14829 15000 14829 14330 13535 12500 11294 10000 8705 7500 6464 5669 5170 5000 5170 5669 6464 7499 8705 9999 11294 12499 13535 14330 14829 15000 14829 14330 13535 12500 11294 10000 8705 7500 6464 5669 5170 5000 5170 
1499 1482 1433 1353 1250 1129 1000 870 750 646 566 517 500 517 566 646 749 870 999 1129 1249 1353 1433 1482 1499 1482 1433 1353 1250 1129 1000 870 750 646 566 517 
514 535 564 652 766 857 1044 1160 1265 1289 1461 1476 1432 1481 
504 509 550 651 729 827 962 1164 1289 1389 1372 1531 1482 1452 
498 535 578 646 736 894 986 1100 1281 1288 1455 1491 1486 1508 
497 536 557 620 774 830 985 1127 1273 1330 1379 1498 1571 1501 
490 500 589 661 771 836 1015 1179 1243 1287 1373 1418 1486 1458 
