50 6 20
26 50
340 112 130 149 169 187 203 214 222 225 222 214 203 187 169 150 130 112 96 85 77 75 77 85 96 112 130 149 169 187 203 214 222 225 222 214 203 187 169 150 130 112 96 85 77 75 77 85 96 112 130 
340 149 174 199 225 249 270 286 296 300 296 286 270 250 225 200 174 150 129 113 103 100 103 113 129 149 174 199 225 249 270 286 296 300 296 286 270 250 225 200 174 150 129 113 103 100 103 113 129 149 174 
340 187 217 249 282 312 338 358 370 375 370 358 338 312 282 250 217 187 161 141 129 125 129 141 161 187 217 249 282 312 338 358 370 375 370 358 338 312 282 250 217 187 161 141 129 125 129 141 161 187 217 
340 224 261 299 338 374 406 429 444 450 444 429 406 375 338 300 261 225 193 170 155 150 155 170 193 224 261 299 338 374 406 429 444 450 444 429 406 375 338 300 261 225 193 170 155 150 155 170 193 224 261 
340 262 304 349 395 437 473 501 519 525 519 501 473 437 395 350 304 262 226 198 180 175 180 198 226 262 304 349 395 437 473 501 519 525 519 501 473 437 395 350 304 262 226 198 180 175 180 198 226 262 304 
100000 7499 8705 9999 11294 12499 13535 14330 14829 15000 14829 14330 13535 12500 11294 10000 8705 7500 6464 5669 5170 5000 5170 5669 6464 7499 8705 9999 11294 12499 13535 14330 14829 15000 14829 14330 13535 12500 11294 10000 8705 7500 6464 5669 5170 5000 5170 5669 6464 7499 8705 
1250 1129 1000 870 750 646 566 517 500 517 566 646 749 870 999 1129 1249 1353 1433 1482 1499 1482 1433 1353 1250 1129 
920 825 859 727 577 501 520 421 490 766 622 891 830 1301 1044 1114 1412 1480 1558 1423 1201 1580 1267 1114 
1080 799 884 571 618 609 488 538 518 733 786 970 1077 1088 1270 1090 1372 1274 1684 1632 1507 1591 1210 1142 
1085 917 881 732 506 584 409 566 460 583 648 872 923 1309 1069 1532 1556 1239 1595 1203 1549 1501 1222 1265 
835 785 850 737 471 511 572 423 599 578 720 827 1034 1091 1236 1265 1227 1512 1397 1257 1386 1517 1198 965 
1044 980 797 581 502 484 516 482 498 565 662 856 945 1081 1217 1260 1650 1279 1294 1352 1238 1322 1160 1128 
838 955 743 699 648 618 592 419 502 529 679 778 1037 1258 1349 1157 1652 1297 1767 1346 1235 1329 1307 1205 
909 907 701 746 606 515 513 421 493 713 783 697 863 1192 1028 1407 1707 1282 1264 1712 1670 1417 1499 1054 
1015 990 610 536 642 467 471 611 655 550 615 919 1025 906 1327 1289 1646 1690 1623 1688 1465 1501 1182 1149 
1033 1003 830 564 674 453 433 545 627 539 728 958 1000 1016 1040 1457 1158 1555 1418 1223 1712 1223 1249 1145 
1161 914 808 560 456 465 408 444 663 586 842 767 917 1226 1171 1276 1374 1299 1233 1354 1708 1467 1339 1331 
865 806 697 719 639 491 495 436 499 524 748 1040 884 1260 1354 1238 1212 1618 1652 1256 1205 1206 1074 1082 
988 967 841 707 637 573 500 496 463 722 881 878 1063 1047 1221 1244 1677 1394 1785 1438 1461 1589 1231 1100 
994 702 628 567 535 541 533 464 509 726 762 791 899 1090 1194 1258 1494 1768 1313 1238 1612 1572 1357 1308 
976 776 896 695 486 431 572 550 587 576 690 971 1093 1184 1225 1083 1268 1535 1258 1277 1302 1326 1312 1164 
804 745 606 617 525 575 415 473 531 682 703 726 1134 1122 1469 1418 1261 1663 1681 1398 1501 1523 1261 1058 
825 964 680 705 585 525 595 541 597 746 705 843 1168 1107 1396 1332 1397 1721 1700 1194 1247 1196 1094 1160 
920 878 899 632 481 539 474 526 617 606 847 850 1034 991 1340 1352 1191 1289 1241 1356 1201 1220 1291 1346 
1101 935 661 765 553 453 516 486 477 649 678 937 830 1028 1481 1346 1330 1574 1502 1681 1387 1494 1217 1292 
863 800 607 559 459 491 528 417 575 517 654 876 1049 994 1277 1306 1165 1331 1756 1680 1161 1581 1360 1185 
887 827 603 656 666 502 482 608 660 750 612 813 1049 1284 1317 1263 1293 1303 1470 1400 1395 1545 1005 1259 
1093 882 692 696 507 515 508 417 678 655 606 793 1085 1013 1126 1395 1484 1766 1748 1293 1439 1370 1345 1032 
1037 1035 802 585 522 539 464 434 469 655 802 766 1079 1260 1397 1259 1394 1484 1305 1704 1163 1125 1031 989 
1067 991 719 559 461 446 482 583 556 613 743 730 953 1250 1169 1396 1219 1634 1364 1402 1210 1325 1156 1259 
1021 1041 626 579 657 549 484 579 644 566 668 992 901 1029 1432 1342 1694 1646 1474 1669 1455 1340 1181 920 
882 709 696 594 657 609 480 464 586 530 702 831 819 1154 1185 1093 1154 1197 1260 1715 1693 1247 1295 1085 
976 1014 654 640 534 563 435 596 640 663 898 766 879 1183 1413 1152 1707 1242 1489 1432 1676 1179 1214 929 
929 939 804 527 598 512 518 479 560 738 654 776 857 1060 1018 1150 1559 1709 1470 1405 1649 1423 1418 1115 
960 994 608 650 610 575 515 560 478 757 781 746 1007 1305 1174 1380 1617 1198 1776 1372 1675 1094 1325 1063 
1142 994 841 568 569 618 427 596 621 626 741 1037 892 1115 1133 1287 1690 1640 1485 1263 1455 1341 1401 911 
996 753 896 534 552 469 441 572 545 701 645 754 958 1158 1454 1403 1207 1324 1356 1299 1231 1180 1209 923 
1048 903 860 527 534 418 473 461 611 618 813 1015 859 1108 1183 1161 1584 1194 1523 1694 1461 1108 1398 1083 
1127 716 847 678 626 558 484 474 483 557 697 1041 937 967 1460 1241 1642 1277 1518 1416 1283 1507 1123 1296 
1018 928 600 759 614 617 583 559 549 520 767 992 846 1205 1070 1243 1551 1499 1411 1306 1488 1249 1408 1313 
1063 778 848 542 590 478 488 601 585 756 759 757 929 1250 1429 1359 1538 1523 1691 1501 1698 1380 1446 1277 
1113 743 730 773 664 584 575 488 667 717 884 959 1146 1327 1007 1535 1679 1414 1253 1439 1472 1422 1334 1085 
1031 878 882 627 631 551 495 465 459 708 605 961 1149 1290 1191 1379 1612 1334 1325 1283 1351 1299 1246 1266 
1141 1038 783 685 529 545 574 530 524 525 666 832 1109 983 1081 1362 1327 1460 1509 1191 1535 1294 1047 1330 
1029 863 867 575 484 471 575 531 644 517 899 1005 893 1228 1231 1502 1317 1535 1759 1401 1632 1133 1338 985 
1099 958 695 603 525 470 447 542 625 680 675 1020 1191 905 1317 1343 1495 1228 1270 1351 1486 1427 1448 1085 
870 706 692 616 598 467 444 493 599 622 833 841 988 989 1253 1219 1207 1315 1503 1402 1359 1541 1350 1119 
830 751 843 533 558 619 420 499 635 655 766 900 1000 1070 1237 1554 1450 1523 1331 1211 1464 1444 1031 946 
1036 727 854 699 574 604 496 433 541 667 864 892 1041 1015 1239 1280 1291 1561 1707 1303 1435 1604 1283 1340 
868 949 879 539 610 430 507 414 542 631 731 776 954 989 1425 1333 1669 1776 1266 1306 1436 1456 1446 1088 
1127 762 698 656 552 500 422 537 575 700 652 875 1088 1195 1017 1317 1671 1671 1440 1364 1483 1326 1075 1040 
891 836 672 645 537 507 535 474 457 625 632 702 1124 1336 1090 1238 1614 1595 1307 1416 1269 1312 1059 1093 
1112 731 850 615 567 486 438 605 485 555 895 715 848 1143 1316 1275 1474 1705 1363 1275 1633 1437 1162 968 
970 761 643 741 555 479 565 538 641 651 840 705 885 1076 1127 1220 1528 1733 1215 1530 1376 1484 1018 1142 
975 857 860 654 567 499 511 594 678 532 671 766 969 936 1336 1198 1215 1571 1404 1709 1452 1558 1044 1256 
818 959 604 741 582 569 525 484 631 626 873 995 972 904 1180 1507 1355 1490 1554 1619 1641 1236 1313 937 
1172 835 735 695 676 416 582 539 621 524 771 978 1080 942 1307 1579 1719 1389 1436 1733 1158 1086 1343 1248 
