50 11 20
26 10
170 77 85 96 112 130 149 169 187 203 214 222 225 222 214 203 187 169 150 130 112 96 85 77 75 77 85 96 112 130 149 169 187 203 214 222 225 222 214 203 187 169 150 130 112 96 85 77 75 77 85 
170 103 113 129 149 174 199 225 249 270 286 296 300 296 286 270 250 225 200 174 150 129 113 103 100 103 113 129 149 174 199 225 249 270 286 296 300 296 286 270 250 225 200 174 150 129 113 103 100 103 113 
170 129 141 161 187 217 249 282 312 338 358 370 375 370 358 338 312 282 250 217 187 161 141 129 125 129 141 161 187 217 249 282 312 338 358 370 375 370 358 338 312 282 250 217 187 161 141 129 125 129 141 
170 155 170 193 224 261 299 338 374 406 429 444 450 444 429 406 375 338 300 261 225 193 170 155 150 155 170 193 224 261 299 338 374 406 429 444 450 444 429 406 375 338 300 261 225 193 170 155 150 155 170 
170 180 198 226 262 304 349 395 437 473 501 519 525 519 501 473 437 395 350 304 262 226 198 180 175 180 198 226 262 304 349 395 437 473 501 519 525 519 501 473 437 395 350 304 262 226 198 180 175 180 198 
170 206 226 258 299 348 399 451 499 541 573 593 600 593 573 541 500 451 400 348 300 258 226 206 200 206 226 258 299 348 399 451 499 541 573 593 600 593 573 541 500 451 400 348 300 258 226 206 200 206 226 
170 232 255 290 337 391 449 508 562 609 644 667 675 667 644 609 562 508 450 391 337 290 255 232 225 232 255 290 337 391 449 508 562 609 644 667 675 667 644 609 562 508 450 391 337 290 255 232 225 232 255 
170 258 283 323 374 435 499 564 624 676 716 741 750 741 716 676 625 564 500 435 375 323 283 258 250 258 283 323 374 435 499 564 624 676 716 741 750 741 716 676 625 564 500 435 375 323 283 258 250 258 283 
170 284 311 355 412 478 549 621 687 744 788 815 825 815 788 744 687 621 550 478 412 355 311 284 275 284 311 355 412 478 549 621 687 744 788 815 825 815 788 744 687 621 550 478 412 355 311 284 275 284 311 
170 310 340 387 449 522 599 677 749 812 859 889 900 889 859 812 750 677 600 522 450 387 340 310 300 310 340 387 449 522 599 677 749 812 859 889 900 889 859 812 750 677 600 522 450 387 340 310 300 310 340 
100000 5170 5669 6464 7499 8705 9999 11294 12499 13535 14330 14829 15000 14829 14330 13535 12500 11294 10000 8705 7500 6464 5669 5170 5000 5170 5669 6464 7499 8705 9999 11294 12499 13535 14330 14829 15000 14829 14330 13535 12500 11294 10000 8705 7500 6464 5669 5170 5000 5170 5669 
1482 1433 1353 1250 1129 1000 870 750 646 566 517 500 517 566 646 749 870 999 1129 1249 1353 1433 1482 1499 1482 1433 
1415 1241 1301 834 885 796 594 611 458 575 549 510 639 881 771 1075 1283 1364 1264 1297 1209 1286 1620 1245 
1621 1178 1120 1146 960 746 752 637 438 424 602 653 591 793 983 850 1116 1427 1311 1210 1609 1715 1294 1479 
1527 1331 1054 1047 947 738 738 467 432 423 613 538 683 815 782 1079 1274 1402 1593 1312 1405 1255 1524 1197 
1360 1139 1087 1044 748 855 768 656 596 469 430 614 582 623 890 1114 1336 1380 1206 1272 1488 1217 1341 1612 
1107 1142 1113 1030 954 866 678 473 538 423 511 661 527 866 841 1156 1342 1353 1384 1344 1746 1680 1281 1226 
1602 1465 955 1043 863 843 650 503 485 531 608 476 536 829 882 881 1006 1337 1325 1307 1399 1674 1662 1396 
1215 1005 1224 974 985 686 633 568 556 520 505 646 616 692 710 1033 1128 1178 1522 1329 1637 1379 1382 1219 
1126 1300 964 823 976 664 750 678 430 573 507 675 687 610 935 1147 1336 1046 1620 1341 1652 1562 1385 1234 
1344 1086 1115 1110 1013 871 645 484 430 578 475 611 722 802 1025 1040 940 1117 1450 1186 1719 1429 1535 1605 
1511 1037 1138 1028 1029 787 611 629 519 445 472 478 608 856 1043 837 1071 1440 1451 1564 1455 1507 1562 1669 
