50 2 20
36 100
1700 130 112 96 85 77 75 77 85 96 112 130 149 169 187 203 214 222 225 222 214 203 187 169 150 130 112 96 85 77 75 77 85 96 112 130 149 169 187 203 214 222 225 222 214 203 187 169 150 130 112 
100000 8705 7500 6464 5669 5170 5000 5170 5669 6464 7499 8705 9999 11294 12499 13535 14330 14829 15000 14829 14330 13535 12500 11294 10000 8705 7500 6464 5669 5170 5000 5170 5669 6464 7499 8705 9999 11294 12499 13535 14330 14829 15000 14829 14330 13535 12500 11294 10000 8705 7500 
1129 1249 1353 1433 1482 1499 1482 1433 1353 1250 1129 1000 870 750 646 566 517 500 517 566 646 749 870 999 1129 1249 1353 1433 1482 1499 1482 1433 1353 1250 1129 1000 
820 615 664 570 554 435 463 530 746 637 711 818 1033 1375 
854 771 648 553 430 465 440 566 608 747 940 1007 1037 1041 
841 807 638 565 485 507 553 628 649 899 875 919 1223 1200 
836 637 609 505 441 534 473 492 665 609 962 983 1163 1262 
894 863 711 643 533 505 445 533 669 810 848 1190 1237 1454 
931 631 635 571 488 403 448 668 695 711 935 1148 1232 1022 
901 747 674 454 504 445 464 558 564 865 958 817 1179 1353 
733 636 552 530 454 420 587 479 721 857 713 1069 1160 1017 
813 713 719 545 464 489 550 468 679 710 742 1058 1318 1223 
1030 670 558 469 601 458 454 580 519 669 969 858 1141 1445 
713 604 699 595 432 574 608 508 536 606 836 983 1207 1217 
950 650 565 621 607 436 455 598 525 799 742 1072 1139 1013 
847 880 614 552 606 484 516 614 524 862 829 1114 975 1373 
1033 751 602 662 483 580 437 486 600 823 1018 1044 1190 1259 
1000 800 674 594 444 427 437 661 564 655 978 971 1104 1131 
781 705 590 455 614 427 531 601 571 846 889 1148 997 1185 
948 758 736 502 427 464 539 620 652 825 867 1140 907 1225 
1036 760 736 509 546 471 611 459 642 861 900 1121 1164 1492 
717 894 560 477 460 455 571 503 539 685 813 1072 1061 1065 
770 853 601 497 579 473 614 539 687 693 836 1148 928 1411 
971 867 682 577 603 475 463 585 587 624 853 834 909 1025 
719 712 685 670 613 520 575 509 661 857 963 1024 1056 1406 
895 736 697 611 580 555 529 626 549 843 1020 811 1318 1258 
1024 737 686 669 528 462 550 514 622 875 953 908 1349 1266 
834 612 698 579 440 506 599 633 644 800 864 1187 1087 1435 
770 682 632 566 463 416 524 491 521 780 991 975 969 1343 
790 836 594 570 466 480 566 528 634 810 906 801 1314 1055 
871 782 568 679 523 547 485 517 598 837 1008 1087 964 1462 
1003 656 717 655 449 429 448 571 761 772 835 808 1199 1204 
778 846 606 679 557 441 548 557 724 727 816 991 952 1259 
940 739 534 583 549 516 590 591 766 767 955 1142 1035 1419 
910 780 658 666 555 465 476 581 543 718 924 955 1085 1472 
824 608 653 517 543 424 504 548 591 608 1012 802 1302 1030 
920 726 605 637 469 428 553 549 598 658 872 955 1236 1443 
971 824 564 565 531 444 507 499 538 672 814 1174 953 1138 
846 706 744 576 610 543 486 556 578 842 798 1135 1328 1348 
1008 719 666 566 491 469 510 650 600 810 950 996 982 1108 
811 658 691 550 596 402 543 621 574 848 978 828 1057 1427 
829 898 741 610 545 572 531 482 632 853 710 980 1002 1218 
756 734 709 518 505 570 568 661 699 730 876 889 1117 1220 
839 695 615 597 544 512 590 598 544 715 915 1114 1241 1367 
751 667 534 624 530 494 485 576 563 649 809 1009 1036 1081 
926 724 569 641 428 436 439 588 638 613 745 1035 1311 1461 
921 767 711 534 526 552 598 525 687 618 785 1160 1129 1487 
908 714 521 644 596 515 488 650 759 602 806 907 910 1394 
843 655 735 630 511 527 547 658 620 668 1026 854 984 1398 
858 641 735 618 419 591 457 499 708 846 830 808 1066 1237 
923 688 550 678 593 532 612 587 758 689 815 957 1076 1195 
937 770 727 534 555 574 438 557 575 620 764 828 1124 1048 
755 703 753 590 581 479 491 608 550 858 877 939 1272 1460 
855 812 678 590 582 460 459 570 607 768 939 1116 933 1433 
777 712 548 497 430 498 494 628 630 718 715 1101 1039 1099 
1038 714 745 673 484 512 563 637 572 716 707 857 1177 1251 
843 885 681 648 532 425 483 624 762 812 978 1072 967 1101 
754 875 766 612 423 471 592 456 531 754 958 1022 911 1101 
988 659 599 645 538 551 462 655 629 729 890 904 941 1416 
833 718 647 641 504 550 448 674 677 690 856 1079 1076 1484 
782 894 662 561 456 546 430 585 522 784 829 858 1351 1250 
1020 611 582 521 537 462 429 537 601 798 843 891 1280 1284 
811 834 730 492 458 562 497 518 691 869 762 1018 1320 1264 
980 649 620 595 477 451 558 484 540 653 827 811 1347 1453 
945 679 527 650 438 421 537 503 551 712 812 816 1238 1466 
932 722 524 476 515 564 574 497 588 878 744 1186 1246 1038 
1006 627 593 586 515 495 579 509 626 782 921 817 1328 1292 
812 751 744 493 471 539 521 570 671 699 771 1078 961 1455 
952 899 700 554 428 587 593 598 693 856 1011 838 1273 1158 
912 727 531 670 542 555 522 466 637 833 717 1024 1135 1132 
964 811 745 659 444 409 468 464 607 613 704 1142 1203 1489 
819 645 736 534 599 596 487 587 683 693 728 838 1089 1426 
964 784 740 573 509 579 469 557 643 752 1034 806 955 1491 
974 859 596 458 491 499 418 669 666 657 765 876 921 1445 
1030 874 521 675 462 530 512 538 594 609 958 1183 1059 1190 
901 842 705 548 610 429 605 625 622 765 981 963 1114 1175 
833 613 695 602 510 443 599 465 653 671 838 957 1008 1487 
869 790 715 511 434 445 522 477 765 603 811 1017 954 1043 
935 640 543 594 461 409 553 471 759 844 834 1125 979 1265 
1017 759 568 606 495 512 470 524 700 727 975 1159 912 1311 
966 702 613 501 422 525 564 454 639 800 806 1195 1196 1301 
892 853 558 518 519 413 434 493 532 799 998 933 1277 1448 
983 822 529 678 619 540 471 539 586 746 808 932 1057 1495 
743 763 738 583 449 514 614 645 745 788 977 1049 1271 1352 
1043 805 541 562 586 534 553 671 566 829 751 955 1231 1198 
893 688 653 607 595 452 575 636 703 681 883 864 1339 1092 
750 675 701 519 536 466 490 533 526 846 785 891 921 1136 
885 714 706 484 593 484 454 678 650 896 910 996 1090 1025 
787 827 749 465 611 477 520 650 531 851 949 818 1176 1209 
996 698 691 579 451 569 533 585 609 626 1038 1114 1006 1463 
875 869 565 652 417 553 424 655 770 734 944 1093 1017 1173 
855 727 692 631 471 528 559 575 531 785 881 1081 1299 1252 
1038 753 625 592 539 477 556 577 557 875 699 1077 1344 1476 
872 608 649 592 428 540 491 528 522 717 768 1096 1064 1429 
979 767 772 620 572 442 559 665 774 728 796 1083 1118 1258 
893 844 687 569 582 546 546 673 596 731 967 1026 1043 1324 
950 683 643 474 543 461 615 609 613 756 1023 847 1234 1285 
720 855 585 562 567 588 559 641 592 802 1014 940 954 1263 
1019 627 541 527 472 570 431 494 552 660 987 839 1042 1335 
755 820 740 559 586 462 469 522 720 631 965 1077 1031 1261 
720 686 686 502 589 520 421 492 609 830 696 930 1118 1289 
798 770 658 563 554 540 493 646 547 678 942 838 970 1340 
862 601 743 632 478 579 479 474 653 865 880 1118 1307 1459 
