50 6 20
26 50
340 130 112 96 85 77 75 77 85 96 112 130 149 169 187 203 214 222 225 222 214 203 187 169 150 130 112 96 85 77 75 77 85 96 112 130 149 169 187 203 214 222 225 222 214 203 187 169 150 130 112 
340 174 150 129 113 103 100 103 113 129 149 174 199 225 249 270 286 296 300 296 286 270 250 225 200 174 150 129 113 103 100 103 113 129 149 174 199 225 249 270 286 296 300 296 286 270 250 225 200 174 150 
340 217 187 161 141 129 125 129 141 161 187 217 249 282 312 338 358 370 375 370 358 338 312 282 250 217 187 161 141 129 125 129 141 161 187 217 249 282 312 338 358 370 375 370 358 338 312 282 250 217 187 
340 261 225 193 170 155 150 155 170 193 224 261 299 338 374 406 429 444 450 444 429 406 375 338 300 261 225 193 170 155 150 155 170 193 224 261 299 338 374 406 429 444 450 444 429 406 375 338 300 261 225 
340 304 262 226 198 180 175 180 198 226 262 304 349 395 437 473 501 519 525 519 501 473 437 395 350 304 262 226 198 180 175 180 198 226 262 304 349 395 437 473 501 519 525 519 501 473 437 395 350 304 262 
100000 8705 7500 6464 5669 5170 5000 5170 5669 6464 7499 8705 9999 11294 12499 13535 14330 14829 15000 14829 14330 13535 12500 11294 10000 8705 7500 6464 5669 5170 5000 5170 5669 6464 7499 8705 9999 11294 12499 13535 14330 14829 15000 14829 14330 13535 12500 11294 10000 8705 7500 
1129 1249 1353 1433 1482 1499 1482 1433 1353 1250 1129 1000 870 750 646 566 517 500 517 566 646 749 870 999 1129 1249 
697 1106 2183 963 1282 800 1519 1639 499 526 650 1021 889 504 469 451 492 420 562 837 444 1215 1758 1527 
793 1032 1663 1273 2155 2215 1028 517 1402 962 580 838 770 296 709 393 303 392 729 1160 493 1281 1149 1976 
724 1796 1816 1994 2326 2233 1832 1503 634 949 1262 580 956 265 503 246 558 300 523 1135 582 1505 860 1326 
1696 1902 1779 824 1841 1456 1775 1318 988 853 1257 720 860 288 399 796 765 811 888 636 560 819 1767 1296 
977 983 2315 2012 678 1325 992 1400 1793 1088 959 936 299 797 598 462 244 757 418 866 752 567 462 1885 
1214 1146 1619 2072 1952 1708 621 968 1445 1408 1304 734 988 886 535 705 596 560 703 1038 963 725 715 817 
872 1227 690 2280 1550 1717 2124 1906 1784 1252 794 860 567 420 564 550 347 812 328 348 930 767 1055 1800 
1521 1158 2257 1143 1572 2018 721 1457 807 1134 1254 994 884 696 762 642 366 764 811 734 1152 1583 461 1586 
1125 944 1466 1045 1296 1784 547 1225 774 1486 420 936 274 258 599 623 220 822 407 526 986 1245 515 861 
917 1159 2160 2064 1274 2291 1181 998 571 1350 569 781 875 831 690 632 329 865 621 579 1316 1425 1275 1432 
1527 1502 1782 969 977 1724 1029 1378 779 520 838 974 714 244 442 335 647 528 599 393 1334 463 1724 1736 
1339 852 1867 786 665 1782 1317 1719 1114 1535 380 460 823 235 281 276 808 753 343 427 950 682 729 1159 
1951 2280 1403 2148 2140 2053 940 891 1092 719 864 1019 1016 564 378 755 505 498 341 693 450 1156 1217 1163 
1258 634 1536 1609 1281 1033 1675 843 1194 678 1010 687 603 528 240 628 727 845 703 1045 550 1130 1311 1733 
1749 877 2048 2342 808 2104 1006 984 485 1034 922 567 956 384 385 239 256 853 603 443 752 882 874 632 
1565 1810 2058 1208 2364 2088 1795 1379 1504 1028 536 726 595 652 535 669 475 816 322 624 1223 1244 1794 1468 
764 1932 1390 799 1048 1956 1457 1255 766 751 560 478 666 653 521 512 470 670 493 639 893 570 636 576 
1715 1655 833 1458 1965 1828 1225 1813 1451 1044 663 358 611 355 793 380 437 358 854 1195 1159 1148 787 713 
1969 1856 1282 2077 1853 933 1415 1370 850 839 1194 383 344 787 694 732 356 790 844 771 592 1074 704 561 
740 2220 1776 659 1628 784 2164 790 1362 1547 1112 896 385 274 679 222 759 631 493 635 465 1562 1652 544 
1116 1087 1751 1872 1806 1259 1535 1250 1670 504 490 603 737 798 428 578 628 499 822 734 1289 919 1035 965 
1514 1956 2195 959 2150 1635 727 1802 619 1064 1317 796 829 665 292 605 492 262 661 885 771 1554 1150 1444 
739 867 2114 1642 1978 1392 1770 1258 1607 938 1379 459 524 696 492 313 792 339 735 943 530 1253 829 1676 
2023 1080 1022 1383 1146 821 959 1380 1217 787 1074 1170 643 804 547 768 470 875 287 863 662 1090 1135 1998 
1432 1737 2085 1633 1696 1399 763 888 1399 667 1211 1083 679 574 803 269 774 827 971 644 973 1198 736 771 
1250 1796 1703 1652 1271 801 1229 1277 477 1116 1201 500 676 432 462 651 587 372 950 1070 507 1183 1264 574 
1230 2027 1112 1102 1438 1450 1736 1950 924 501 774 1032 303 694 818 314 689 502 926 725 602 1596 990 708 
1820 1630 855 616 660 1661 1742 1158 1385 610 1050 1046 535 524 650 372 807 502 374 1009 1025 444 1204 1516 
1507 1520 1266 2144 2168 2036 2133 1260 1402 1288 764 900 985 893 541 533 608 773 269 1132 683 1564 902 1013 
1264 2241 1834 1871 1155 1338 684 1786 1235 939 1255 865 617 649 603 299 317 822 679 1097 803 1233 1475 1829 
1487 1658 1239 915 1102 741 1132 1325 822 459 1391 733 308 665 290 698 321 558 975 978 1203 1040 1058 1467 
1159 1040 1611 1390 2302 989 1730 711 615 1034 1246 1118 271 418 318 529 387 825 329 973 1126 1404 1590 1866 
884 602 1008 2258 1726 1058 664 1534 1563 580 946 1037 865 607 462 347 352 454 831 457 471 937 1464 791 
1644 1721 783 2144 681 1767 2070 1455 1538 836 950 785 605 246 692 359 424 705 820 514 365 463 899 1016 
924 2047 1176 1930 669 2285 1552 1341 1756 1104 634 1093 658 468 685 657 480 783 901 959 998 888 1029 1338 
813 723 1124 1729 1699 1597 1541 1703 1513 1445 398 377 324 764 801 765 213 758 964 849 894 912 796 891 
2100 1674 2300 1224 1268 1459 1277 1956 1552 918 1041 871 569 586 820 321 752 309 581 678 748 600 1128 1779 
600 1196 1361 1592 1121 2271 2020 987 1172 472 378 1149 861 854 769 274 311 793 476 865 1391 1198 1493 1016 
1951 1129 663 1795 2229 2169 1494 532 1258 893 708 1138 960 622 735 418 624 414 409 1026 1101 1202 1026 1788 
1300 1182 1843 1852 2206 1063 1943 876 1048 589 998 712 662 462 302 439 571 891 452 929 619 670 1519 514 
941 1354 1848 2284 2298 1017 922 851 828 437 952 877 614 319 688 295 596 414 1003 447 1241 597 1436 732 
959 708 2096 1530 798 1262 567 663 1068 1276 1294 344 321 681 307 517 527 816 763 1190 1216 923 1273 1292 
1853 1085 2273 2146 1369 1586 1233 1513 713 1243 1304 992 314 267 474 637 733 368 438 829 894 808 1299 859 
1262 2003 1934 2371 675 2071 611 551 1400 1374 931 607 741 431 807 540 408 775 527 802 947 1148 1161 734 
1059 2225 977 1872 1598 900 1573 623 1348 1439 1202 826 1009 633 437 543 436 482 941 415 988 935 1346 1484 
2049 1109 793 1868 2206 2259 1146 1843 590 436 851 554 514 633 701 793 280 824 930 727 668 685 1091 883 
906 1461 738 1417 1401 1675 1197 1976 1295 536 645 973 414 559 613 601 689 517 838 1118 1165 896 871 674 
710 1859 621 691 1684 2094 1866 1127 473 1273 795 545 284 887 638 688 436 277 279 1154 798 1572 1317 1131 
982 797 2065 2219 1899 2219 2111 1750 794 784 846 688 479 294 497 566 727 548 475 530 436 1585 1299 1443 
1317 614 1653 1108 1333 1844 847 965 1600 506 1001 558 909 237 301 639 544 505 688 708 933 1495 576 1406 
