50 6 20
16 50
340 77 85 96 112 130 149 169 187 203 214 222 225 222 214 203 187 169 150 130 112 96 85 77 75 77 85 96 112 130 149 169 187 203 214 222 225 222 214 203 187 169 150 130 112 96 85 77 75 77 85 
340 103 113 129 149 174 199 225 249 270 286 296 300 296 286 270 250 225 200 174 150 129 113 103 100 103 113 129 149 174 199 225 249 270 286 296 300 296 286 270 250 225 200 174 150 129 113 103 100 103 113 
340 129 141 161 187 217 249 282 312 338 358 370 375 370 358 338 312 282 250 217 187 161 141 129 125 129 141 161 187 217 249 282 312 338 358 370 375 370 358 338 312 282 250 217 187 161 141 129 125 129 141 
340 155 170 193 224 261 299 338 374 406 429 444 450 444 429 406 375 338 300 261 225 193 170 155 150 155 170 193 224 261 299 338 374 406 429 444 450 444 429 406 375 338 300 261 225 193 170 155 150 155 170 
340 180 198 226 262 304 349 395 437 473 501 519 525 519 501 473 437 395 350 304 262 226 198 180 175 180 198 226 262 304 349 395 437 473 501 519 525 519 501 473 437 395 350 304 262 226 198 180 175 180 198 
100000 5170 5669 6464 7499 8705 9999 11294 12499 13535 14330 14829 15000 14829 14330 13535 12500 11294 10000 8705 7500 6464 5669 5170 5000 5170 5669 6464 7499 8705 9999 11294 12499 13535 14330 14829 15000 14829 14330 13535 12500 11294 10000 8705 7500 6464 5669 5170 5000 5170 5669 
1482 1433 1353 1250 1129 1000 870 750 646 566 517 500 517 566 646 749 
423 1483 1805 1082 1133 2253 744 1889 730 1210 1252 1500 962 977 1051 707 984 818 757 782 217 479 396 838 1361 405 1553 608 1292 1649 821 904 1156 1974 
1131 891 820 1927 931 1431 1539 2322 1932 1837 1240 1488 1536 497 421 539 816 327 371 741 784 758 756 918 966 990 773 963 1717 1312 1376 1655 1352 807 
989 1558 794 1675 951 1312 1216 825 606 1940 1291 1803 1040 1416 741 935 875 433 780 616 684 269 344 510 777 1240 1105 1010 863 1784 1164 1399 1511 1244 
1137 910 1025 1980 1174 763 661 2128 1539 2200 1177 907 1312 481 445 1082 277 559 608 799 525 646 858 462 360 1391 1215 1997 1666 1092 2057 1398 2103 2075 
816 602 1804 588 820 1646 1220 660 1527 1504 931 1623 941 1286 938 1121 868 709 773 234 723 889 560 666 1108 1170 1497 1656 699 891 772 905 2280 2051 
632 916 1504 1648 1736 1344 1724 601 2203 1188 1393 1837 926 764 1309 976 561 268 713 289 306 360 338 437 1137 408 1293 1279 1434 2208 1953 1119 1085 1912 
1328 1315 1753 650 1751 1158 1147 1675 989 842 1601 1394 1802 427 1387 506 779 645 417 739 403 493 887 535 761 632 1403 1172 2094 619 674 1955 1418 2209 
1159 991 574 1388 722 1027 2045 962 970 1117 841 1653 1458 709 411 418 576 783 343 537 251 823 367 1020 906 981 1537 1985 1487 737 2152 1514 1307 1818 
484 559 1705 874 1164 1503 1018 1654 2146 1565 1553 1903 951 755 685 1061 941 373 608 373 388 753 637 729 1179 926 1615 1461 1220 1352 1520 1471 1557 1749 
703 1043 1432 1296 1210 776 1779 1281 1646 820 1675 1326 1128 966 954 518 727 248 213 436 504 525 768 1177 1197 783 522 1478 1012 673 984 1155 2220 921 
715 848 1641 834 1176 1345 1611 2148 2140 890 1889 1665 1571 1455 1381 955 390 759 757 785 404 598 534 438 827 1377 903 988 992 1287 902 1357 1486 768 
612 1362 573 1110 1286 839 1345 1187 1787 1324 1096 1559 1550 516 728 1117 695 419 785 466 432 404 286 742 1123 1309 518 1632 1538 1357 825 1748 1699 1176 
374 658 605 785 1542 2208 2106 1897 716 1684 618 1926 1681 1094 1210 441 934 432 631 711 766 282 319 679 437 909 1397 1500 2017 1743 1550 2326 1800 882 
730 670 1031 1815 1619 1419 893 2340 1747 908 1890 1173 1079 1580 1107 388 361 384 762 693 437 891 379 1075 1243 1008 760 1724 579 1106 1927 2312 623 1623 
926 1318 1638 810 575 1053 1536 2093 2169 602 1730 1612 867 586 861 1017 700 769 282 606 362 805 642 769 555 957 1222 1521 797 1473 2078 2025 1317 785 
1098 1500 754 1306 1479 2204 1556 1724 1228 583 1580 709 1148 448 556 1142 488 478 565 509 814 467 761 1100 489 1531 505 850 1443 1101 812 1137 2185 1029 
967 450 1327 1607 2143 1358 1542 2299 2323 674 2038 1322 1504 411 693 746 694 452 609 640 285 362 374 804 1134 1316 1652 1684 1440 1407 1616 1482 889 1318 
930 976 623 1313 2040 1119 1964 1082 1314 2292 565 1446 627 508 1237 397 888 562 764 405 523 629 933 424 870 1558 816 1578 1188 1302 946 1857 778 1517 
964 1305 1343 1222 1708 1370 1702 900 1204 1021 650 1673 867 407 1126 797 996 304 568 612 322 721 290 888 933 1458 1093 1238 803 860 675 1345 1871 1966 
701 862 1426 1529 872 2152 2215 960 2348 1938 562 1289 1389 1511 1377 439 414 292 650 345 282 750 596 928 742 1256 1466 1268 725 1667 1619 1083 653 1555 
1283 784 1458 820 1495 1599 945 2293 1074 1456 1948 1585 1028 1534 1047 890 789 730 406 392 592 726 378 931 1257 1302 456 1808 2078 1492 1093 915 1635 734 
1189 529 1749 1159 1325 1662 1661 884 1395 827 1211 1717 1481 1361 920 858 408 504 556 442 405 677 767 522 748 1446 896 1783 684 2170 1217 743 2239 1860 
690 1075 571 1813 1746 2280 1655 1492 2028 2161 1701 1335 1769 1153 610 503 591 881 739 438 488 704 947 730 1332 788 1711 733 2114 1765 1671 1280 1876 1679 
1114 717 1334 1840 1230 844 925 1129 1021 1511 1914 1774 1786 476 452 757 429 431 722 300 282 654 821 1086 1130 1327 1042 1540 1058 1144 2161 965 1667 2277 
877 498 480 1426 1923 1915 1516 2367 1079 1807 1919 955 692 1582 687 623 705 248 615 413 415 420 1002 563 1359 621 1133 560 980 1615 1223 2113 1843 781 
813 944 1555 626 859 1731 1627 611 1070 1300 2141 770 1216 587 1068 331 289 758 299 307 481 784 1034 852 941 430 544 593 717 902 2110 2255 1879 1153 
1197 1299 975 533 1049 2009 1725 2383 1591 1817 1832 1800 989 705 1157 413 460 243 548 231 320 750 950 1114 529 1148 1074 524 1825 1826 2103 661 1128 857 
1055 430 763 1499 1053 1727 1774 761 1205 1020 769 672 918 1242 850 418 336 420 450 673 716 491 418 468 837 1457 1220 716 1818 1265 1393 1613 807 1039 
676 767 1313 833 1793 1599 607 1858 1626 1232 858 1871 916 1182 745 661 813 329 622 369 517 560 774 1151 821 527 1085 1093 788 605 1017 2297 1956 2130 
1285 993 558 1109 623 815 1655 907 1919 1025 702 1378 650 1462 831 906 819 555 276 272 237 882 985 1106 1178 473 474 1179 577 1981 599 2323 1248 1319 
872 1029 728 703 1009 2176 1267 1215 1870 1903 1556 1713 672 1032 592 1184 892 568 260 370 657 322 752 784 738 1153 1714 903 1620 1089 1101 741 1792 1950 
1050 1392 1767 1199 1274 2014 2172 2221 1500 2016 1452 826 1024 1440 460 1117 813 802 671 686 723 268 467 436 1283 710 1271 672 1930 1538 2278 2270 815 2214 
537 1497 837 1299 564 1426 2308 1030 1704 1605 1320 975 714 943 702 465 374 378 324 775 499 550 498 610 1288 1512 793 662 1178 1334 1840 2128 1793 1887 
527 760 756 1899 1545 2057 1548 2168 1597 1611 553 643 1579 914 652 327 633 669 495 735 232 689 912 844 994 447 1535 1588 556 1324 1346 2120 1254 761 
727 913 1229 739 1680 1556 2023 772 945 1670 1414 951 1478 686 828 889 609 595 470 207 793 472 311 992 1055 401 623 854 1548 1139 797 640 2360 644 
765 607 1453 1379 1020 1007 828 1907 1065 776 1110 787 1578 1094 721 666 464 688 791 652 628 774 454 604 973 832 1367 1603 1514 909 1298 1817 830 1498 
862 571 590 1444 1999 2037 1121 2020 751 1569 998 688 1564 774 1217 851 862 689 519 648 499 667 598 765 577 1509 1794 1817 1472 713 1094 1474 625 1973 
621 1448 858 1020 1158 1980 971 1380 1413 731 871 1892 1628 810 1002 648 692 425 207 611 288 230 336 391 792 896 781 1772 1872 2017 1654 1527 1968 1826 
1249 867 1444 953 833 800 2354 1263 1631 1893 1486 1982 1633 952 1219 505 429 261 596 632 445 780 264 515 1231 894 711 528 1716 1442 1678 651 2067 574 
391 1520 1354 1092 1282 2188 1943 938 1754 1028 739 1746 832 924 594 468 529 329 430 773 709 830 674 346 672 439 607 1083 1696 1783 877 683 1412 2285 
941 743 1017 1823 940 1243 998 1464 950 1907 1883 1845 1625 857 541 639 668 745 749 788 325 832 691 739 1084 534 1789 1666 1413 975 1685 1262 2368 942 
766 842 831 1128 2039 1497 863 2242 1240 1735 1599 1644 1119 491 991 1030 422 389 457 736 693 623 759 1169 676 839 937 675 1507 1471 1108 2275 2193 1715 
1198 594 1565 1897 929 924 1936 2290 2107 1103 702 1273 1214 436 1184 726 639 820 397 266 399 624 676 912 1123 508 1757 1288 2156 1485 1265 829 1522 1180 
849 1303 1728 1936 1890 2195 1378 2100 1128 1536 1403 1526 1250 1110 850 733 970 538 386 767 503 243 666 656 1132 445 1647 1180 977 938 2006 1621 2225 1748 
1352 1386 980 560 735 576 2125 1798 2193 1234 1345 1388 621 662 1256 844 562 481 773 678 370 305 612 580 1333 978 1769 1197 1745 958 1708 602 977 1934 
559 1210 857 978 564 2091 1067 754 1309 1551 1993 1135 1655 549 1022 779 722 561 350 307 234 359 556 969 1246 1030 711 1380 1462 1566 2093 967 599 1238 
468 559 1077 1783 1271 722 889 1876 2328 1060 816 778 855 918 614 922 585 468 799 278 598 708 466 414 1072 1315 678 1813 864 1847 1483 2052 1337 1670 
738 1387 1109 545 1531 1078 1084 2087 1260 1517 1863 1138 1228 492 916 534 329 329 412 313 521 295 656 933 686 1546 1615 1141 1137 1713 1982 2166 1287 1632 
1003 1482 1161 1546 1227 2165 1726 1626 2155 934 884 1131 493 824 1212 1096 527 462 733 418 600 364 571 721 991 1159 785 1661 1339 1796 1694 1787 1214 627 
1047 866 1479 946 1443 913 1292 2087 2012 1589 590 1903 459 1067 1142 911 679 863 679 739 355 675 632 361 1133 466 1210 1826 1576 2249 1203 767 1974 2172 
