50 6 20
26 5
340 96 85 77 75 77 85 96 112 130 149 169 187 203 214 222 225 222 214 203 187 169 150 130 112 96 85 77 75 77 85 96 112 130 149 169 187 203 214 222 225 222 214 203 187 169 150 130 112 96 85 
340 129 113 103 100 103 113 129 149 174 199 225 249 270 286 296 300 296 286 270 250 225 200 174 150 129 113 103 100 103 113 129 149 174 199 225 249 270 286 296 300 296 286 270 250 225 200 174 150 129 113 
340 161 141 129 125 129 141 161 187 217 249 282 312 338 358 370 375 370 358 338 312 282 250 217 187 161 141 129 125 129 141 161 187 217 249 282 312 338 358 370 375 370 358 338 312 282 250 217 187 161 141 
340 193 170 155 150 155 170 193 224 261 299 338 374 406 429 444 450 444 429 406 375 338 300 261 225 193 170 155 150 155 170 193 224 261 299 338 374 406 429 444 450 444 429 406 375 338 300 261 225 193 170 
340 226 198 180 175 180 198 226 262 304 349 395 437 473 501 519 525 519 501 473 437 395 350 304 262 226 198 180 175 180 198 226 262 304 349 395 437 473 501 519 525 519 501 473 437 395 350 304 262 226 198 
100000 6464 5669 5170 5000 5170 5669 6464 7499 8705 9999 11294 12499 13535 14330 14829 15000 14829 14330 13535 12500 11294 10000 8705 7500 6464 5669 5170 5000 5170 5669 6464 7499 8705 9999 11294 12499 13535 14330 14829 15000 14829 14330 13535 12500 11294 10000 8705 7500 6464 5669 
1353 1433 1482 1499 1482 1433 1353 1250 1129 1000 870 750 646 566 517 500 517 566 646 749 870 999 1129 1249 1353 1433 
1475 1500 1424 1491 1351 1298 1132 1035 845 747 630 543 541 515 508 576 645 764 836 952 1107 1204 1412 1419 
1513 1448 1534 1490 1297 1289 1102 1044 877 779 669 538 535 517 519 593 658 732 910 978 1141 1270 1288 1391 
1539 1513 1469 1390 1315 1193 1104 1046 883 727 670 592 525 489 530 541 634 773 840 962 1093 1287 1407 1379 
1419 1476 1540 1454 1319 1199 1100 983 913 714 621 551 517 479 514 561 666 785 882 953 1133 1292 1306 1372 
1499 1430 1463 1485 1342 1269 1144 1036 866 722 645 572 508 500 517 555 664 774 865 961 1171 1305 1304 1428 
