5 6 20
2 50
340 112 130 149 169 187 
340 149 174 199 225 249 
340 187 217 249 282 312 
340 224 261 299 338 374 
340 262 304 349 395 437 
100000 7499 8705 9999 11294 12499 
1250 1129 
1568 1289 617 
879 596 955 
1523 1073 748 
1205 813 857 
1599 847 934 
1574 1358 325 
1465 680 389 
1307 1004 694 
838 462 304 
800 974 888 
1131 1245 1063 
1492 779 303 
1524 886 889 
513 598 1021 
977 1156 391 
871 896 400 
1480 1299 461 
1207 557 634 
1312 1295 1180 
868 645 908 
865 1147 377 
760 374 793 
1571 1318 457 
630 545 842 
1593 1249 1020 
1424 466 771 
1443 515 851 
1443 353 422 
1423 1093 812 
1323 478 1129 
714 945 820 
984 634 1174 
900 1213 977 
1362 1197 1131 
1344 580 760 
835 1007 1127 
1127 1293 648 
1518 803 888 
1441 1335 381 
919 1240 647 
968 814 718 
625 781 1054 
1442 909 1001 
680 389 725 
466 1234 1012 
1204 747 548 
1357 605 746 
1043 1203 1155 
1059 851 1079 
1069 649 434 
