20 3 20
11 50
850 85 96 112 130 149 169 187 203 214 222 225 222 214 203 187 169 150 130 112 96 
850 113 129 149 174 199 225 249 270 286 296 300 296 286 270 250 225 200 174 150 129 
100000 5669 6464 7499 8705 9999 11294 12499 13535 14330 14829 15000 14829 14330 13535 12500 11294 10000 8705 7500 6464 
1433 1353 1250 1129 1000 870 750 646 566 517 500 
596 576 562 615 995 942 1320 1035 1362 
566 499 649 806 948 1122 1258 1145 1388 
519 562 596 791 938 965 1323 1449 1293 
483 645 753 753 739 841 956 1251 1467 
530 533 536 826 830 917 1036 1129 1345 
595 614 526 761 792 1105 1068 1177 1387 
452 609 572 791 910 1061 927 1249 1132 
498 456 644 836 845 926 1159 1255 1484 
600 500 610 884 997 827 967 1389 1106 
612 640 676 868 780 1098 1259 1477 1198 
567 679 766 794 1043 1073 944 1003 1495 
568 502 629 807 831 1104 985 1016 1316 
417 559 605 616 854 977 1346 1069 1599 
483 482 564 749 807 981 936 1093 1227 
467 586 554 889 785 1178 1000 1426 1450 
468 675 748 612 793 1195 1223 1069 1146 
569 570 673 769 837 1192 1216 1277 1377 
539 572 600 655 949 1005 1350 1166 1434 
452 680 545 655 738 868 1321 1492 1192 
574 601 751 888 849 908 1325 1082 1209 
613 628 617 842 742 1087 1272 1443 1222 
593 674 767 647 800 1030 1180 1268 1226 
468 480 598 620 846 1175 1235 1318 1532 
560 607 628 666 769 877 1256 1376 1118 
547 507 593 791 889 803 1113 1412 1337 
440 573 571 894 836 1180 1053 1100 1476 
565 564 724 883 820 1139 903 1351 1318 
470 566 658 879 928 1127 1234 1007 1170 
426 663 617 625 854 929 1016 1466 1497 
488 592 586 896 873 886 1298 1134 1268 
567 675 670 725 888 1173 957 1037 1432 
448 616 708 635 961 1045 1294 1377 1344 
546 461 526 792 717 954 1028 1297 1307 
605 469 584 717 980 1118 1105 1079 1198 
499 544 556 851 775 940 1246 1380 1545 
509 655 658 646 1036 1165 1073 1138 1576 
596 496 663 659 896 991 1166 1264 1226 
582 659 730 825 936 1185 1180 1268 1508 
535 501 699 680 889 805 1089 1078 1508 
567 563 631 736 712 833 1330 1344 1181 
598 592 552 685 988 905 933 1447 1494 
500 505 577 613 810 896 1340 1327 1460 
547 650 657 705 846 873 1322 1144 1163 
425 537 595 738 1001 859 1244 1107 1540 
598 577 737 799 1017 1180 1054 1316 1247 
484 519 529 617 857 1064 998 1245 1219 
510 658 553 882 707 1072 1030 1190 1234 
583 558 594 713 785 824 1141 1221 1274 
478 632 646 872 967 875 1102 1055 1464 
607 500 759 693 854 1147 1237 1191 1296 
