20 3 20
7 5
850 150 130 112 96 85 77 75 77 85 96 112 130 149 169 187 203 214 222 225 222 
850 200 174 150 129 113 103 100 103 113 129 149 174 199 225 249 270 286 296 300 296 
100000 10000 8705 7500 6464 5669 5170 5000 5170 5669 6464 7499 8705 9999 11294 12499 13535 14330 14829 15000 14829 
1000 1129 1249 1353 1433 1482 1499 
1830 867 2019 675 1749 823 362 480 644 521 479 561 328 
2013 1363 1730 1475 1356 1428 757 743 673 569 472 383 686 
1299 2265 1762 1469 1151 777 1373 686 512 666 796 721 383 
662 1769 1656 775 1428 655 732 914 933 893 782 724 398 
1951 2109 882 605 1492 653 1036 596 838 432 462 582 302 
