50 3 20
16 5
850 130 149 169 187 203 214 222 225 222 214 203 187 169 150 130 112 96 85 77 75 77 85 96 112 130 149 169 187 203 214 222 225 222 214 203 187 169 150 130 112 96 85 77 75 77 85 96 112 130 149 
850 174 199 225 249 270 286 296 300 296 286 270 250 225 200 174 150 129 113 103 100 103 113 129 149 174 199 225 249 270 286 296 300 296 286 270 250 225 200 174 150 129 113 103 100 103 113 129 149 174 199 
100000 8705 9999 11294 12499 13535 14330 14829 15000 14829 14330 13535 12500 11294 10000 8705 7500 6464 5669 5170 5000 5170 5669 6464 7499 8705 9999 11294 12499 13535 14330 14829 15000 14829 14330 13535 12500 11294 10000 8705 7500 6464 5669 5170 5000 5170 5669 6464 7499 8705 9999 
1129 1000 870 750 646 566 517 500 517 566 646 749 870 999 1129 1249 
1321 1477 1444 1519 1429 1483 1379 1267 1154 975 839 717 616 589 519 505 531 575 666 754 867 995 1112 1266 1382 1457 1525 1441 1509 1398 1358 1254 1176 1001 
1322 1448 1488 1429 1553 1441 1411 1291 1129 1020 829 787 639 559 508 524 491 539 654 776 869 1000 1140 1265 1388 1461 1480 1430 1419 1371 1378 1279 1096 996 
1364 1425 1554 1572 1501 1499 1299 1295 1150 999 907 745 675 560 507 476 502 567 623 775 909 1010 1124 1282 1413 1445 1413 1434 1537 1404 1334 1310 1145 1024 
1361 1377 1547 1431 1485 1447 1360 1248 1141 965 851 756 634 578 528 512 499 589 661 743 841 965 1097 1210 1335 1422 1483 1552 1485 1440 1329 1298 1132 976 
1378 1407 1523 1512 1468 1419 1405 1309 1154 966 828 767 667 549 508 477 525 580 656 738 887 993 1184 1206 1331 1488 1548 1449 1470 1391 1374 1290 1122 1036 
