20 6 20
7 5
340 96 112 130 149 169 187 203 214 222 225 222 214 203 187 169 150 130 112 96 85 
340 129 149 174 199 225 249 270 286 296 300 296 286 270 250 225 200 174 150 129 113 
340 161 187 217 249 282 312 338 358 370 375 370 358 338 312 282 250 217 187 161 141 
340 193 224 261 299 338 374 406 429 444 450 444 429 406 375 338 300 261 225 193 170 
340 226 262 304 349 395 437 473 501 519 525 519 501 473 437 395 350 304 262 226 198 
100000 6464 7499 8705 9999 11294 12499 13535 14330 14829 15000 14829 14330 13535 12500 11294 10000 8705 7500 6464 5669 
1353 1250 1129 1000 870 750 646 
616 545 449 591 590 601 798 905 859 1058 1457 1196 1350 
481 585 465 527 572 742 886 703 890 1260 1449 1431 1317 
648 514 504 538 558 549 683 804 988 1155 1040 1188 1262 
540 618 595 476 626 706 715 841 1111 1113 1087 1621 1395 
611 588 406 565 647 577 648 1000 1068 1237 1428 1572 1705 
