5 2 20
4 100
1700 77 85 96 112 130 
100000 5170 5669 6464 7499 8705 
1482 1433 1353 1250 
460 
1668 
1249 
1769 
875 
1456 
1577 
1497 
1550 
638 
772 
1742 
1152 
1730 
504 
1691 
1040 
502 
1029 
616 
1253 
1260 
1246 
914 
691 
526 
1423 
1804 
971 
1740 
917 
1235 
513 
988 
1534 
1245 
1345 
962 
711 
1800 
1664 
1272 
1431 
1377 
689 
650 
1384 
1539 
1041 
1171 
458 
1219 
1307 
1239 
1285 
1020 
617 
1349 
1273 
518 
1117 
1239 
982 
754 
1693 
1602 
1525 
1688 
1377 
1167 
954 
1356 
1699 
974 
1613 
1426 
688 
1211 
459 
1507 
1661 
1103 
1448 
1797 
1026 
762 
1661 
493 
1306 
581 
1099 
1505 
1396 
1158 
1386 
1245 
770 
666 
1279 
1227 
