50 2 20
36 100
1700 112 130 149 169 187 203 214 222 225 222 214 203 187 169 150 130 112 96 85 77 75 77 85 96 112 130 149 169 187 203 214 222 225 222 214 203 187 169 150 130 112 96 85 77 75 77 85 96 112 130 
100000 7499 8705 9999 11294 12499 13535 14330 14829 15000 14829 14330 13535 12500 11294 10000 8705 7500 6464 5669 5170 5000 5170 5669 6464 7499 8705 9999 11294 12499 13535 14330 14829 15000 14829 14330 13535 12500 11294 10000 8705 7500 6464 5669 5170 5000 5170 5669 6464 7499 8705 
1250 1129 1000 870 750 646 566 517 500 517 566 646 749 870 999 1129 1249 1353 1433 1482 1499 1482 1433 1353 1250 1129 1000 870 750 646 566 517 500 517 566 646 
704 773 880 1346 1198 1440 1453 1676 1779 1623 1550 1551 1464 1078 
814 761 904 1145 1385 1466 1163 1761 1226 1677 1650 1490 1406 1263 
674 868 807 1347 1487 1271 1520 1519 1554 1225 1699 1497 1470 1335 
888 790 968 946 1080 1519 1427 1554 1239 1546 1565 1336 1167 1249 
637 833 848 955 1402 1403 1449 1610 1784 1674 1539 1369 1116 1041 
707 839 802 1041 1322 1608 1331 1591 1574 1436 1506 1253 1261 911 
863 936 921 966 1317 1361 1241 1579 1406 1621 1683 1445 1282 1231 
840 741 934 941 1178 1405 1380 1657 1478 1528 1462 1168 1412 1177 
807 806 1127 1206 1015 1458 1440 1198 1769 1329 1338 1101 1412 1259 
715 752 1026 1066 1421 1392 1154 1674 1464 1555 1709 1437 1238 1205 
633 783 933 1088 1146 1369 1702 1342 1707 1342 1355 1595 1103 1315 
706 974 921 1057 1433 1605 1367 1333 1203 1212 1414 1441 1468 1021 
649 814 833 1264 1054 1300 1467 1388 1585 1237 1340 1333 1036 1310 
632 1018 854 943 1148 1346 1678 1600 1329 1383 1162 1150 1409 1216 
897 858 805 1245 1492 1360 1162 1473 1640 1650 1582 1292 1270 1055 
788 1011 1022 1275 1417 1314 1181 1510 1546 1543 1685 1561 1053 1347 
627 1027 863 1193 1489 1519 1539 1671 1235 1225 1374 1197 1139 1026 
610 1044 951 1285 1442 1187 1279 1762 1487 1425 1662 1236 1478 1182 
802 919 825 948 1382 1571 1287 1765 1747 1771 1610 1419 1302 950 
787 848 849 1118 1163 1135 1230 1423 1503 1721 1221 1083 1410 1021 
649 875 1014 1342 1280 1316 1404 1387 1700 1408 1516 1491 1185 913 
625 981 971 1333 1241 1398 1573 1608 1453 1228 1390 1084 1112 1161 
713 796 992 1302 1481 1448 1585 1229 1274 1444 1418 1529 1339 1345 
679 698 809 1195 1030 1363 1682 1276 1255 1214 1555 1093 1476 1255 
717 1003 848 1225 1096 1584 1678 1555 1793 1434 1395 1245 1489 1153 
657 748 908 1152 1179 1472 1513 1373 1272 1371 1213 1335 1457 988 
808 752 956 1151 1407 1339 1502 1663 1731 1619 1417 1242 1268 1181 
802 696 1134 1084 1247 1285 1248 1271 1510 1699 1190 1191 1249 1016 
769 1002 1102 1056 1221 1414 1179 1289 1233 1449 1426 1243 1432 1008 
680 763 997 1064 1484 1347 1434 1372 1275 1203 1465 1095 1341 1070 
685 763 908 1289 1232 1402 1587 1659 1687 1522 1210 1580 1037 1205 
850 906 1051 1210 1155 1118 1342 1750 1282 1214 1646 1273 1333 953 
649 933 855 965 1157 1571 1352 1256 1554 1195 1402 1533 1373 1329 
768 877 967 1016 1059 1143 1588 1213 1466 1272 1233 1585 1172 1323 
882 796 1019 944 1172 1529 1438 1209 1382 1576 1446 1352 1157 1261 
787 933 914 1071 1126 1178 1280 1483 1280 1290 1707 1092 1176 958 
777 708 840 1065 1397 1413 1168 1722 1224 1412 1586 1575 1244 1133 
711 1018 1039 1256 1242 1380 1467 1308 1729 1518 1293 1602 1012 957 
610 696 1026 976 1462 1210 1295 1496 1566 1504 1291 1599 1393 1126 
668 891 878 1002 1177 1513 1150 1217 1532 1549 1603 1363 1492 1268 
846 829 911 1008 1405 1149 1408 1715 1203 1609 1157 1398 1331 1352 
645 736 1085 1142 1272 1495 1631 1350 1661 1765 1539 1571 1350 908 
695 730 1177 1143 1426 1481 1561 1646 1365 1321 1284 1308 1141 1298 
875 927 926 1189 1268 1479 1456 1226 1633 1344 1694 1560 1375 1264 
715 989 854 1292 1267 1326 1707 1663 1720 1317 1452 1613 1247 1300 
893 802 1120 1056 1421 1550 1166 1672 1232 1550 1482 1576 1053 1257 
640 1030 913 935 1220 1409 1386 1328 1773 1664 1239 1177 1491 1013 
668 710 1048 1064 1288 1402 1256 1748 1212 1332 1359 1431 1096 921 
827 725 954 1352 1042 1164 1257 1223 1673 1266 1402 1190 1091 953 
720 925 1161 1099 1331 1152 1666 1579 1667 1651 1542 1493 1011 1286 
892 1012 915 1247 1281 1525 1486 1514 1561 1670 1232 1362 1478 1178 
739 959 1163 916 1229 1480 1678 1566 1229 1408 1544 1363 1089 1292 
635 714 1106 1206 1293 1157 1442 1775 1257 1528 1207 1124 1289 918 
799 918 825 1088 1030 1569 1677 1746 1757 1397 1693 1587 1465 1304 
725 821 884 1022 1448 1257 1438 1592 1225 1527 1662 1311 1024 918 
793 750 1199 1175 1049 1142 1619 1271 1299 1531 1212 1601 1127 1330 
740 902 881 1235 1307 1269 1236 1722 1218 1357 1637 1532 1135 986 
691 768 1083 942 1135 1271 1684 1206 1589 1232 1460 1427 1027 1233 
735 1007 1089 1080 1276 1151 1203 1758 1742 1392 1224 1172 1065 1302 
826 702 918 1193 1217 1605 1690 1688 1437 1291 1473 1391 1180 975 
640 1020 939 1011 1003 1237 1414 1216 1728 1340 1262 1397 1003 1339 
635 1009 957 1020 1247 1150 1281 1393 1708 1657 1287 1433 1384 967 
648 752 849 1100 1042 1240 1150 1760 1767 1422 1410 1489 1362 1324 
730 894 1093 1133 1454 1310 1498 1652 1626 1776 1317 1312 1468 1018 
799 711 995 1220 1032 1341 1531 1461 1490 1303 1339 1487 1261 997 
756 971 1179 1040 1030 1555 1716 1193 1300 1495 1246 1114 1190 1105 
837 941 1177 1072 1433 1515 1714 1359 1644 1729 1477 1225 1008 1061 
896 828 836 1087 1154 1585 1148 1634 1618 1430 1596 1204 1194 1109 
618 1004 1131 1022 1054 1484 1692 1574 1262 1725 1180 1251 1366 1166 
678 810 1183 1205 1479 1424 1201 1432 1398 1425 1688 1563 1147 934 
659 910 1165 1332 1420 1239 1557 1302 1648 1668 1655 1115 1111 1165 
846 742 1072 1042 1494 1415 1251 1356 1549 1327 1190 1279 1467 1316 
725 875 860 1219 1213 1285 1679 1304 1612 1497 1179 1606 1145 1315 
757 706 1067 1009 1374 1132 1329 1565 1718 1513 1234 1388 1270 1313 
799 732 927 1188 1327 1446 1669 1261 1648 1427 1413 1550 1179 927 
660 789 966 1241 1237 1336 1416 1496 1592 1481 1419 1538 1420 921 
878 723 1143 1046 1292 1194 1441 1301 1495 1552 1469 1159 1267 1056 
718 723 884 1155 1424 1492 1662 1633 1319 1629 1296 1248 1347 1185 
622 1010 1084 1103 1080 1415 1666 1247 1596 1757 1378 1469 1177 1274 
729 872 903 1136 1215 1320 1258 1746 1223 1221 1495 1124 1499 1224 
679 928 949 1228 1063 1366 1212 1538 1256 1300 1374 1561 1401 1076 
813 962 904 1345 1097 1596 1421 1186 1281 1198 1634 1263 1078 1252 
750 900 808 1206 1145 1574 1453 1777 1646 1262 1453 1515 1284 922 
715 778 808 989 1003 1294 1619 1777 1720 1285 1637 1393 1457 1064 
695 719 1171 1113 1316 1552 1292 1427 1653 1512 1358 1427 1064 1291 
689 985 807 1179 1136 1468 1385 1681 1620 1251 1291 1087 1405 1277 
640 953 805 1108 1161 1462 1392 1582 1291 1320 1452 1173 1329 1052 
723 971 1031 1163 1284 1584 1417 1524 1681 1678 1251 1341 1024 1311 
703 822 1091 1159 1082 1468 1447 1654 1314 1197 1187 1561 1150 1214 
761 929 1040 997 1266 1395 1423 1693 1419 1660 1461 1518 1031 937 
783 698 860 1004 1248 1418 1531 1773 1726 1444 1366 1248 1420 908 
785 899 965 1352 1392 1137 1587 1399 1774 1239 1332 1622 1272 1186 
739 843 993 1311 1040 1092 1690 1774 1616 1527 1165 1443 1153 1157 
710 841 1113 1309 1085 1196 1675 1546 1585 1254 1692 1179 1124 1075 
805 701 1122 928 1011 1488 1628 1625 1242 1683 1278 1405 1259 1005 
763 745 1030 1115 1052 1085 1218 1253 1305 1287 1346 1465 1158 1281 
758 794 926 1119 1115 1433 1544 1305 1579 1380 1292 1613 1075 1131 
787 1008 859 1265 1145 1582 1665 1336 1233 1434 1469 1249 1212 1283 
693 763 1145 1291 1233 1353 1381 1410 1639 1392 1489 1434 1142 1319 
655 1039 1193 1254 1304 1199 1348 1624 1616 1478 1493 1475 1267 1119 
