5 11 20
2 100
170 150 130 112 96 85 
170 200 174 150 129 113 
170 250 217 187 161 141 
170 300 261 225 193 170 
170 350 304 262 226 198 
170 400 348 300 258 226 
170 450 391 337 290 255 
170 500 435 375 323 283 
170 550 478 412 355 311 
170 600 522 450 387 340 
100000 10000 8705 7500 6464 5669 
1000 1129 
1939 2119 1919 
1258 981 1386 
1970 1828 1995 
1092 2035 1323 
1666 675 1742 
1031 1224 2280 
1020 1236 891 
672 1535 732 
1606 595 1388 
1406 631 714 
1462 874 1961 
1355 1733 2120 
1840 1426 2060 
609 1321 677 
1573 1598 1220 
1131 1646 641 
647 1135 882 
1335 1288 1722 
1614 1454 638 
675 2072 616 
1035 1098 1922 
1605 749 1376 
1458 1975 1256 
552 1050 927 
1912 878 1187 
1200 1764 1733 
785 1240 2231 
899 792 725 
570 1708 704 
1016 1579 1567 
1160 1961 2006 
1555 1772 1233 
922 1080 984 
1972 2085 894 
1016 1980 2078 
1385 1073 892 
1633 621 1166 
1803 1739 1065 
868 1916 961 
771 1540 886 
596 1507 888 
874 2070 1503 
773 600 1169 
1517 1749 1118 
1911 1496 2198 
1854 1622 1963 
1366 1681 1348 
638 944 1937 
1785 1939 2115 
874 1340 1117 
994 2021 1531 
782 1936 2019 
1037 1476 1683 
1517 738 2058 
1748 1521 2248 
756 657 811 
1121 1037 1484 
1253 744 1771 
1960 1734 1396 
904 576 1104 
1341 1723 849 
1190 670 956 
1433 2058 2256 
1807 1687 1239 
682 685 1693 
723 1964 933 
1471 1466 2193 
1051 658 1726 
924 702 1540 
975 1318 1664 
501 1563 1206 
1041 569 2039 
967 1204 738 
1111 2031 2012 
1833 1086 1575 
1097 1868 2045 
1533 1066 1547 
897 1824 790 
1345 1971 1687 
1817 583 1019 
1177 2040 1753 
1114 648 1446 
1665 875 1694 
943 1148 1835 
1259 904 1758 
1681 1286 1742 
1120 899 1737 
1211 1663 1244 
823 1443 2001 
1103 804 2220 
1013 1149 1795 
1916 1184 1335 
539 1845 1065 
1594 898 1059 
524 2132 1085 
689 1469 751 
1133 1625 2284 
998 1061 2241 
1777 869 911 
1209 815 742 
