10 2 20
6 100
1700 96 112 130 149 169 187 203 214 222 225 
100000 6464 7499 8705 9999 11294 12499 13535 14330 14829 15000 
1353 1250 1129 1000 870 750 
882 514 549 568 
532 238 769 525 
554 319 220 513 
429 233 223 329 
438 245 731 253 
897 259 287 781 
757 371 658 218 
670 528 222 280 
517 494 207 225 
387 243 422 462 
426 610 511 336 
801 251 738 270 
283 296 355 739 
905 513 576 457 
928 391 280 666 
604 546 791 503 
665 839 394 522 
963 803 528 565 
890 839 594 648 
490 905 822 651 
775 610 711 303 
618 851 666 616 
369 681 574 480 
1015 441 450 383 
522 763 618 335 
996 313 360 394 
364 240 554 452 
843 522 560 483 
907 264 443 323 
698 721 674 768 
783 674 450 265 
914 610 436 382 
429 569 523 547 
749 634 257 613 
732 488 612 757 
857 893 478 480 
812 779 815 586 
1009 314 541 333 
357 890 819 232 
834 837 570 270 
311 278 510 445 
461 286 386 591 
362 263 505 379 
279 470 312 666 
986 682 745 481 
612 566 657 432 
744 888 243 201 
513 287 498 323 
458 319 494 725 
345 578 736 207 
313 689 726 738 
384 492 242 368 
737 262 525 208 
873 433 614 297 
858 635 524 795 
436 229 313 721 
749 844 527 488 
592 840 504 442 
458 572 660 463 
871 900 271 621 
512 892 586 771 
807 300 452 263 
754 499 497 446 
290 637 554 352 
648 365 795 241 
591 466 571 387 
1032 483 452 787 
639 339 232 566 
347 268 251 380 
955 612 655 573 
847 574 372 790 
514 867 343 410 
761 524 381 697 
484 273 407 237 
307 718 381 749 
890 238 401 450 
641 572 221 451 
283 518 294 776 
369 676 497 671 
747 341 491 796 
505 642 364 376 
389 465 543 693 
798 615 242 798 
474 731 260 427 
605 308 714 208 
836 593 746 326 
462 345 735 337 
603 583 392 716 
438 445 717 405 
397 625 719 565 
726 595 584 384 
546 652 357 555 
590 424 218 279 
754 794 731 384 
309 885 462 245 
446 461 506 482 
702 744 309 316 
578 403 499 365 
1007 805 233 367 
683 262 445 202 
