20 2 20
11 10
1700 96 85 77 75 77 85 96 112 130 149 169 187 203 214 222 225 222 214 203 187 
100000 6464 5669 5170 5000 5170 5669 6464 7499 8705 9999 11294 12499 13535 14330 14829 15000 14829 14330 13535 12500 
1353 1433 1482 1499 1482 1433 1353 1250 1129 1000 870 
761 627 554 520 494 518 587 655 750 
727 664 591 525 517 542 586 660 731 
721 657 565 512 477 491 542 656 752 
765 632 549 503 496 511 590 646 750 
772 660 589 493 491 512 585 618 787 
724 639 565 519 519 537 586 640 736 
785 661 552 491 504 514 589 645 739 
713 676 563 500 492 524 547 643 730 
715 629 541 508 513 527 570 647 717 
766 641 593 491 512 540 562 619 750 
