5 11 20
3 50
170 130 112 96 85 77 
170 174 150 129 113 103 
170 217 187 161 141 129 
170 261 225 193 170 155 
170 304 262 226 198 180 
170 348 300 258 226 206 
170 391 337 290 255 232 
170 435 375 323 283 258 
170 478 412 355 311 284 
170 522 450 387 340 310 
100000 8705 7500 6464 5669 5170 
1129 1249 1353 
1535 1756 
1192 1306 
1583 1617 
1200 1249 
1466 1623 
1203 1385 
1195 1581 
1336 1717 
1537 1721 
1691 1691 
1162 1379 
1179 1273 
1148 1541 
1272 1744 
1214 1658 
1690 1772 
1538 1606 
1233 1314 
1435 1599 
1702 1215 
1290 1421 
1154 1539 
1311 1278 
1396 1357 
1217 1499 
1626 1224 
1285 1581 
1401 1595 
1439 1760 
1461 1372 
1660 1669 
1537 1686 
1545 1625 
1410 1335 
1153 1713 
1498 1414 
1538 1232 
1224 1416 
1379 1396 
1166 1380 
1278 1384 
1519 1246 
1252 1314 
1152 1338 
1285 1650 
1259 1642 
1328 1331 
1249 1429 
1466 1351 
1200 1649 
