50 11 20
16 50
170 96 85 77 75 77 85 96 112 130 149 169 187 203 214 222 225 222 214 203 187 169 150 130 112 96 85 77 75 77 85 96 112 130 149 169 187 203 214 222 225 222 214 203 187 169 150 130 112 96 85 
170 129 113 103 100 103 113 129 149 174 199 225 249 270 286 296 300 296 286 270 250 225 200 174 150 129 113 103 100 103 113 129 149 174 199 225 249 270 286 296 300 296 286 270 250 225 200 174 150 129 113 
170 161 141 129 125 129 141 161 187 217 249 282 312 338 358 370 375 370 358 338 312 282 250 217 187 161 141 129 125 129 141 161 187 217 249 282 312 338 358 370 375 370 358 338 312 282 250 217 187 161 141 
170 193 170 155 150 155 170 193 224 261 299 338 374 406 429 444 450 444 429 406 375 338 300 261 225 193 170 155 150 155 170 193 224 261 299 338 374 406 429 444 450 444 429 406 375 338 300 261 225 193 170 
170 226 198 180 175 180 198 226 262 304 349 395 437 473 501 519 525 519 501 473 437 395 350 304 262 226 198 180 175 180 198 226 262 304 349 395 437 473 501 519 525 519 501 473 437 395 350 304 262 226 198 
170 258 226 206 200 206 226 258 299 348 399 451 499 541 573 593 600 593 573 541 500 451 400 348 300 258 226 206 200 206 226 258 299 348 399 451 499 541 573 593 600 593 573 541 500 451 400 348 300 258 226 
170 290 255 232 225 232 255 290 337 391 449 508 562 609 644 667 675 667 644 609 562 508 450 391 337 290 255 232 225 232 255 290 337 391 449 508 562 609 644 667 675 667 644 609 562 508 450 391 337 290 255 
170 323 283 258 250 258 283 323 374 435 499 564 624 676 716 741 750 741 716 676 625 564 500 435 375 323 283 258 250 258 283 323 374 435 499 564 624 676 716 741 750 741 716 676 625 564 500 435 375 323 283 
170 355 311 284 275 284 311 355 412 478 549 621 687 744 788 815 825 815 788 744 687 621 550 478 412 355 311 284 275 284 311 355 412 478 549 621 687 744 788 815 825 815 788 744 687 621 550 478 412 355 311 
170 387 340 310 300 310 340 387 449 522 599 677 749 812 859 889 900 889 859 812 750 677 600 522 450 387 340 310 300 310 340 387 449 522 599 677 749 812 859 889 900 889 859 812 750 677 600 522 450 387 340 
100000 6464 5669 5170 5000 5170 5669 6464 7499 8705 9999 11294 12499 13535 14330 14829 15000 14829 14330 13535 12500 11294 10000 8705 7500 6464 5669 5170 5000 5170 5669 6464 7499 8705 9999 11294 12499 13535 14330 14829 15000 14829 14330 13535 12500 11294 10000 8705 7500 6464 5669 
1353 1433 1482 1499 1482 1433 1353 1250 1129 1000 870 750 646 566 517 500 
503 543 678 758 905 998 1104 1204 1376 1481 1455 1518 1413 1461 1400 1310 1098 1035 860 755 616 589 536 477 524 571 667 771 878 1001 1178 1307 1292 1455 
520 592 676 744 841 952 1112 1294 1415 1363 1501 1481 1409 1368 1402 1188 1084 1036 836 731 633 592 515 508 530 588 633 731 896 974 1076 1281 1354 1418 
495 592 619 749 852 953 1102 1193 1340 1388 1518 1499 1414 1425 1318 1304 1141 1039 827 749 658 559 506 510 504 580 665 721 854 1021 1132 1255 1327 1453 
492 556 673 778 863 1041 1136 1222 1335 1377 1435 1520 1441 1410 1373 1222 1121 972 872 776 664 592 504 497 499 572 655 720 888 1040 1161 1289 1394 1469 
502 546 676 768 862 999 1080 1203 1328 1394 1521 1514 1473 1441 1395 1201 1159 994 906 729 621 574 491 481 507 578 643 786 893 998 1085 1252 1396 1471 
530 576 634 744 900 975 1080 1204 1416 1389 1445 1518 1445 1449 1395 1277 1157 964 893 728 629 578 504 499 518 553 650 742 868 1030 1171 1305 1292 1474 
532 559 649 762 883 993 1102 1260 1349 1370 1509 1522 1503 1427 1378 1222 1102 1033 884 764 677 578 493 484 524 539 630 731 843 956 1116 1205 1339 1410 
537 540 669 748 864 969 1137 1214 1408 1448 1533 1525 1476 1386 1381 1299 1173 950 879 769 643 547 516 501 524 595 622 767 885 1026 1164 1197 1344 1423 
497 583 651 743 839 961 1135 1230 1365 1444 1428 1475 1458 1429 1337 1308 1164 983 872 752 662 584 528 506 526 584 624 761 895 952 1132 1247 1342 1381 
499 573 667 750 834 969 1146 1265 1306 1396 1474 1483 1476 1421 1408 1221 1118 1019 836 750 637 550 512 490 514 581 627 739 864 971 1111 1250 1288 1378 
511 589 668 783 861 996 1103 1231 1347 1387 1449 1521 1522 1459 1363 1304 1117 1043 854 731 644 568 516 476 542 593 628 725 833 959 1103 1216 1378 1426 
540 587 664 786 880 957 1169 1198 1396 1416 1538 1554 1534 1438 1353 1208 1092 1028 880 782 650 559 502 498 532 557 639 736 864 971 1146 1200 1348 1458 
508 554 653 771 848 958 1178 1297 1327 1412 1468 1540 1468 1498 1332 1219 1094 975 850 758 614 549 539 482 525 585 634 735 856 997 1094 1262 1317 1458 
495 587 634 776 854 1032 1155 1299 1385 1481 1439 1547 1425 1448 1306 1239 1140 1014 879 726 630 570 535 497 497 579 669 782 900 979 1094 1274 1308 1448 
534 584 645 740 862 994 1152 1305 1296 1496 1496 1461 1410 1439 1402 1218 1110 970 842 785 648 554 510 505 514 568 675 780 875 960 1112 1227 1379 1372 
533 548 625 727 871 973 1106 1222 1385 1366 1544 1429 1516 1389 1369 1280 1075 973 900 759 674 547 514 478 537 540 629 777 866 975 1167 1250 1356 1403 
517 570 658 776 846 996 1113 1228 1364 1423 1435 1461 1552 1361 1410 1273 1133 1047 828 744 630 541 538 513 531 548 656 761 857 1014 1148 1229 1347 1382 
497 588 635 777 834 1043 1109 1258 1363 1376 1556 1560 1535 1380 1412 1195 1092 1003 858 766 617 574 504 497 515 578 639 770 840 982 1143 1286 1293 1417 
499 571 641 722 831 994 1140 1244 1340 1374 1504 1552 1556 1483 1329 1252 1116 950 847 762 641 556 531 504 500 590 661 769 849 1007 1077 1239 1335 1420 
527 577 631 735 852 1044 1185 1303 1417 1442 1442 1499 1511 1418 1288 1258 1097 983 873 758 663 561 496 513 542 574 626 768 827 1046 1151 1297 1300 1473 
495 573 615 727 883 998 1111 1251 1388 1417 1538 1449 1417 1476 1366 1261 1131 991 911 735 649 583 510 493 533 585 627 786 911 972 1145 1202 1307 1369 
517 584 637 754 836 984 1107 1205 1393 1470 1463 1546 1530 1486 1400 1188 1107 983 835 722 623 589 499 501 503 564 622 743 843 1036 1164 1250 1395 1408 
501 577 645 729 842 1008 1156 1202 1413 1420 1433 1432 1497 1490 1286 1254 1110 1015 865 757 668 582 494 487 501 545 642 760 905 958 1112 1222 1330 1372 
517 581 631 767 854 963 1168 1205 1391 1431 1477 1547 1504 1493 1420 1308 1097 980 830 766 675 553 506 512 540 568 673 722 903 966 1076 1274 1293 1367 
495 588 646 763 847 976 1142 1190 1380 1460 1430 1496 1541 1414 1325 1232 1135 1024 875 738 653 562 498 478 537 549 645 745 884 971 1172 1264 1380 1432 
521 570 638 768 871 1043 1091 1273 1390 1382 1547 1561 1455 1437 1389 1241 1169 979 868 784 628 558 518 476 522 569 657 714 874 1001 1165 1221 1317 1445 
523 555 621 787 856 968 1089 1293 1301 1408 1525 1437 1506 1446 1307 1301 1103 1044 852 774 618 575 492 518 522 551 644 729 888 964 1121 1254 1341 1409 
539 563 630 771 845 996 1132 1200 1292 1468 1529 1463 1429 1495 1353 1265 1103 997 855 730 671 584 496 508 539 578 628 730 871 964 1105 1310 1330 1499 
519 555 632 776 858 991 1105 1276 1338 1458 1528 1440 1518 1362 1412 1278 1161 974 882 762 673 589 491 493 535 589 624 720 903 958 1127 1280 1349 1471 
542 585 672 725 873 1013 1090 1226 1355 1374 1508 1544 1541 1433 1347 1226 1083 1027 900 724 658 547 524 511 512 544 672 729 865 991 1169 1243 1327 1389 
517 595 655 762 866 1034 1180 1258 1295 1422 1500 1449 1552 1402 1343 1237 1165 994 891 741 631 567 523 513 501 578 618 719 838 1030 1139 1275 1376 1395 
509 560 630 725 842 965 1163 1193 1340 1441 1491 1464 1428 1474 1402 1246 1164 1041 908 730 647 580 526 500 496 558 633 753 870 959 1179 1307 1315 1484 
494 563 650 746 899 1002 1116 1311 1290 1439 1417 1448 1420 1454 1336 1193 1130 967 838 754 635 559 496 486 542 570 616 716 911 1044 1144 1268 1294 1498 
534 539 627 746 876 975 1163 1268 1338 1459 1508 1444 1523 1440 1342 1280 1173 1031 851 767 645 552 511 524 522 552 647 764 902 1023 1181 1226 1294 1417 
495 545 665 756 902 980 1147 1253 1413 1470 1433 1524 1510 1451 1356 1187 1152 1028 871 740 635 549 535 491 512 562 677 758 833 976 1149 1197 1379 1442 
527 578 668 749 891 1029 1103 1204 1362 1376 1548 1531 1425 1449 1408 1234 1104 958 843 765 671 588 522 478 539 551 635 773 864 1004 1115 1253 1402 1475 
537 559 670 756 840 1003 1166 1193 1338 1375 1424 1441 1445 1380 1383 1223 1180 985 832 748 622 555 517 523 503 548 640 730 876 997 1141 1253 1395 1408 
521 592 624 786 884 963 1168 1201 1321 1491 1442 1480 1502 1415 1312 1201 1087 1017 836 748 633 580 537 514 495 570 665 755 840 950 1184 1187 1397 1494 
541 551 653 748 888 980 1153 1238 1340 1379 1504 1456 1425 1392 1307 1310 1156 1020 897 779 615 556 503 519 524 580 650 774 861 971 1165 1249 1330 1462 
493 577 677 744 907 1047 1122 1206 1316 1376 1476 1440 1494 1485 1335 1286 1108 972 905 757 614 571 536 503 528 542 651 713 842 1012 1086 1262 1316 1475 
503 565 658 781 835 1043 1151 1296 1366 1424 1432 1543 1463 1399 1419 1192 1118 1026 902 782 629 562 509 486 528 576 667 731 851 1028 1097 1228 1376 1452 
499 570 628 763 846 1026 1127 1200 1286 1383 1448 1483 1531 1374 1289 1199 1145 973 885 737 619 558 520 508 493 553 670 779 907 977 1079 1228 1398 1385 
531 554 666 751 886 969 1138 1232 1372 1378 1508 1516 1532 1379 1352 1281 1090 958 853 776 644 580 515 502 491 552 622 719 894 970 1134 1308 1391 1415 
506 557 635 714 885 1024 1093 1207 1312 1401 1483 1516 1547 1461 1390 1209 1106 1020 857 770 619 592 540 518 513 579 664 720 869 966 1114 1228 1339 1488 
499 545 642 761 885 1039 1180 1221 1325 1433 1529 1464 1513 1478 1311 1225 1159 1045 842 730 615 570 506 502 523 544 625 783 894 969 1144 1226 1353 1399 
508 558 677 748 852 971 1079 1187 1330 1447 1442 1565 1545 1436 1399 1264 1120 973 882 772 677 563 515 500 515 563 634 771 860 972 1105 1239 1317 1379 
495 579 642 728 848 1000 1076 1293 1380 1386 1454 1530 1451 1411 1396 1269 1108 1028 884 767 618 585 522 513 511 572 670 764 830 1025 1104 1210 1291 1393 
514 585 671 759 896 959 1139 1301 1419 1455 1472 1569 1513 1392 1374 1240 1107 973 892 770 621 539 519 517 500 553 670 765 913 1023 1074 1217 1319 1374 
524 550 668 743 866 973 1124 1270 1309 1429 1524 1516 1463 1415 1386 1214 1123 982 906 728 636 566 501 522 515 589 630 783 847 1028 1135 1253 1385 1407 
530 585 674 782 830 997 1076 1202 1294 1430 1447 1425 1503 1420 1379 1265 1100 990 869 727 659 552 499 483 503 592 618 755 912 960 1183 1216 1349 1410 
