20 11 20
15 100
170 130 112 96 85 77 75 77 85 96 112 130 149 169 187 203 214 222 225 222 214 
170 174 150 129 113 103 100 103 113 129 149 174 199 225 249 270 286 296 300 296 286 
170 217 187 161 141 129 125 129 141 161 187 217 249 282 312 338 358 370 375 370 358 
170 261 225 193 170 155 150 155 170 193 224 261 299 338 374 406 429 444 450 444 429 
170 304 262 226 198 180 175 180 198 226 262 304 349 395 437 473 501 519 525 519 501 
170 348 300 258 226 206 200 206 226 258 299 348 399 451 499 541 573 593 600 593 573 
170 391 337 290 255 232 225 232 255 290 337 391 449 508 562 609 644 667 675 667 644 
170 435 375 323 283 258 250 258 283 323 374 435 499 564 624 676 716 741 750 741 716 
170 478 412 355 311 284 275 284 311 355 412 478 549 621 687 744 788 815 825 815 788 
170 522 450 387 340 310 300 310 340 387 449 522 599 677 749 812 859 889 900 889 859 
100000 8705 7500 6464 5669 5170 5000 5170 5669 6464 7499 8705 9999 11294 12499 13535 14330 14829 15000 14829 14330 
1129 1249 1353 1433 1482 1499 1482 1433 1353 1250 1129 1000 870 750 646 
587 505 516 520 543 
539 513 524 502 553 
544 533 488 517 548 
590 518 509 496 593 
555 504 511 494 540 
553 507 520 517 545 
580 528 478 508 573 
550 522 515 529 570 
556 497 507 493 585 
554 533 482 537 557 
539 518 476 517 564 
543 513 477 513 558 
574 524 520 505 591 
549 526 518 514 568 
580 527 500 497 564 
570 510 507 493 570 
540 530 481 531 593 
558 526 511 527 544 
556 541 521 517 550 
578 508 475 511 551 
559 520 522 528 576 
561 533 486 493 591 
575 517 503 539 561 
569 511 513 503 551 
590 535 493 506 570 
545 506 515 521 565 
557 504 482 514 570 
581 498 510 504 552 
591 519 481 504 571 
557 492 524 517 585 
577 523 508 510 548 
550 521 521 518 552 
568 538 490 506 564 
582 516 514 529 560 
566 500 483 491 578 
585 521 479 513 574 
567 526 491 533 594 
552 523 522 495 566 
539 516 495 503 558 
542 491 488 511 575 
578 509 498 539 581 
589 508 482 522 590 
550 508 504 520 546 
570 509 512 529 543 
543 513 501 537 539 
592 525 504 514 578 
573 542 515 498 559 
581 529 520 526 594 
547 496 486 507 587 
585 535 497 531 577 
585 519 504 519 573 
574 519 482 529 552 
561 541 486 508 552 
589 520 485 495 587 
545 539 482 520 571 
545 513 521 537 590 
578 516 492 520 572 
573 516 511 527 568 
551 528 496 495 542 
541 526 489 525 553 
582 522 513 513 541 
581 517 506 511 559 
564 503 476 498 541 
581 491 504 499 539 
573 510 477 497 545 
543 522 491 505 576 
567 499 510 498 563 
582 527 513 519 543 
581 532 493 518 545 
554 535 478 530 567 
554 503 520 519 555 
586 542 483 496 550 
576 538 481 518 583 
568 525 479 515 555 
561 494 502 538 552 
583 536 478 539 584 
578 515 487 539 577 
569 507 506 518 572 
568 521 520 519 584 
557 537 520 527 557 
550 521 476 516 582 
569 512 514 520 558 
574 521 510 526 548 
567 518 495 524 571 
550 528 500 501 570 
573 542 519 534 571 
570 509 485 518 572 
574 508 503 536 550 
595 515 502 510 572 
564 538 484 512 585 
542 497 497 542 564 
573 525 516 511 585 
561 536 519 531 550 
569 514 480 499 540 
561 518 496 512 566 
568 497 484 492 542 
589 493 504 494 576 
592 516 487 526 565 
592 499 494 503 546 
547 515 510 502 587 
