5 3 20
2 100
850 75 77 85 96 112 
850 100 103 113 129 149 
100000 5000 5170 5669 6464 7499 
1499 1482 
1436 1290 1220 
1458 1356 1198 
1449 1323 1220 
1483 1360 1209 
1398 1329 1190 
1392 1337 1220 
1382 1328 1272 
1446 1351 1236 
1504 1344 1210 
1491 1392 1254 
1380 1323 1202 
1380 1393 1203 
1416 1387 1200 
1457 1361 1208 
1497 1419 1269 
1375 1365 1272 
1383 1366 1272 
1458 1295 1304 
1386 1350 1238 
1489 1378 1290 
1463 1309 1274 
1500 1349 1306 
1397 1363 1307 
1393 1330 1232 
1433 1417 1269 
1446 1356 1290 
1383 1359 1243 
1392 1395 1300 
1491 1385 1191 
1421 1306 1270 
1419 1370 1214 
1409 1408 1191 
1478 1352 1233 
1443 1328 1192 
1423 1374 1302 
1434 1375 1280 
1418 1373 1191 
1457 1345 1232 
1440 1377 1306 
1435 1320 1235 
1429 1382 1208 
1456 1286 1270 
1448 1377 1219 
1394 1348 1299 
1485 1382 1270 
1443 1351 1249 
1444 1337 1208 
1460 1367 1266 
1379 1386 1255 
1485 1322 1281 
1380 1320 1247 
1432 1333 1251 
1378 1388 1279 
1482 1383 1201 
1426 1359 1235 
1461 1332 1294 
1466 1303 1261 
1461 1291 1192 
1412 1384 1234 
1438 1418 1261 
1406 1410 1192 
1451 1301 1305 
1497 1415 1306 
1389 1329 1210 
1503 1360 1294 
1467 1415 1244 
1492 1418 1189 
1368 1351 1197 
1445 1389 1295 
1501 1406 1237 
1459 1309 1292 
1422 1348 1292 
1384 1345 1255 
1503 1319 1252 
1431 1297 1274 
1422 1391 1300 
1366 1336 1299 
1376 1359 1236 
1452 1305 1276 
1486 1395 1201 
1391 1345 1194 
1383 1419 1270 
1500 1410 1219 
1481 1327 1294 
1372 1317 1244 
1451 1325 1198 
1491 1381 1239 
1482 1407 1204 
1415 1386 1189 
1464 1376 1234 
1497 1365 1278 
1395 1297 1224 
1389 1287 1214 
1452 1402 1246 
1362 1417 1296 
1479 1359 1267 
1375 1333 1256 
1361 1316 1213 
1453 1381 1238 
1385 1312 1295 
