20 3 20
7 50
850 130 112 96 85 77 75 77 85 96 112 130 149 169 187 203 214 222 225 222 214 
850 174 150 129 113 103 100 103 113 129 149 174 199 225 249 270 286 296 300 296 286 
100000 8705 7500 6464 5669 5170 5000 5170 5669 6464 7499 8705 9999 11294 12499 13535 14330 14829 15000 14829 14330 
1129 1249 1353 1433 1482 1499 1482 
815 930 1985 473 812 1320 847 498 462 386 413 692 362 
1711 926 1723 568 1596 726 907 963 232 746 581 379 249 
1756 1447 763 1773 549 353 1157 355 726 521 762 363 532 
656 1081 1664 1034 866 1013 639 733 429 397 730 463 436 
2085 1815 1365 552 720 566 840 981 538 651 650 673 444 
1842 711 1531 1472 425 974 1106 941 846 551 704 527 784 
1687 979 1449 1437 1336 809 316 296 805 657 726 657 811 
823 1476 1813 909 1559 598 1057 695 854 489 798 537 348 
1877 762 738 1292 580 1186 890 686 469 454 557 468 251 
1292 1495 1478 1370 1164 411 447 560 653 279 619 393 511 
2149 1418 1701 1343 1082 1073 597 345 230 314 767 738 764 
1312 1132 1987 909 1077 1116 507 666 488 718 326 295 851 
2037 1938 750 1096 1224 1043 583 911 663 329 721 644 604 
1811 878 1875 993 681 397 896 363 779 720 292 216 594 
1003 2035 612 1723 869 672 308 403 502 383 304 209 398 
735 2040 1300 1044 1533 1371 350 428 388 273 742 373 550 
1854 1175 850 1050 1443 476 469 822 753 533 457 336 227 
2179 1508 1379 635 484 939 782 788 429 284 569 672 526 
2017 1333 1633 1202 570 934 1074 624 270 610 428 497 642 
1848 1945 1852 762 945 414 435 526 437 538 632 478 479 
665 1909 1436 977 1126 772 489 1028 312 573 316 258 732 
611 819 1955 1442 1350 1010 632 940 369 272 712 531 636 
754 1923 1892 493 871 1160 536 443 548 456 725 646 783 
644 692 713 1533 1207 608 504 843 607 325 213 340 555 
2205 1862 1572 697 1362 1158 453 318 546 388 380 761 655 
1049 622 896 1113 786 863 1107 743 261 313 458 719 558 
1176 1427 696 1547 588 793 1015 488 267 320 449 748 688 
1126 2012 531 955 1403 941 719 709 262 802 462 459 762 
1920 1970 1060 1707 1021 795 1063 278 232 528 264 212 726 
1364 1331 1361 1768 1380 989 650 704 869 308 610 570 248 
803 1050 1108 1084 496 1299 953 965 437 328 776 756 549 
684 1157 858 1202 1015 1054 592 788 250 315 349 702 602 
1278 567 1367 1109 741 1310 858 304 588 231 422 475 704 
826 1720 1623 971 1508 1183 926 950 754 722 611 283 315 
1746 893 1731 1170 1488 922 1145 570 810 368 415 702 768 
1907 1578 505 1110 990 404 575 425 606 586 690 666 855 
1066 1602 676 1461 610 695 1075 832 771 665 469 575 419 
1416 1497 1993 1260 458 620 671 739 516 810 314 342 788 
936 653 594 539 1070 1098 661 346 521 440 513 584 867 
906 700 1508 1512 834 512 1099 805 666 754 663 490 493 
2233 1504 1586 1265 1275 1251 1195 408 735 443 712 219 338 
778 1588 1606 1059 1426 1378 420 871 803 274 200 745 511 
1398 765 787 1525 1206 976 979 265 890 681 326 391 695 
1111 984 1551 1232 1284 974 614 614 532 723 310 456 286 
659 1350 1210 623 782 481 779 540 630 607 221 455 679 
1258 1041 1542 964 1261 617 551 906 346 215 649 717 366 
1310 1525 723 1713 1531 923 428 708 746 718 202 378 789 
891 952 1390 1161 1140 1357 931 757 477 235 464 525 505 
968 834 1704 1672 454 1186 1155 853 541 606 622 818 516 
1887 1697 1472 472 814 1046 689 590 643 798 526 528 281 
