20 3 20
15 10
850 77 75 77 85 96 112 130 149 169 187 203 214 222 225 222 214 203 187 169 150 
850 103 100 103 113 129 149 174 199 225 249 270 286 296 300 296 286 270 250 225 200 
100000 5170 5000 5170 5669 6464 7499 8705 9999 11294 12499 13535 14330 14829 15000 14829 14330 13535 12500 11294 10000 
1482 1499 1482 1433 1353 1250 1129 1000 870 750 646 566 517 500 517 
399 520 918 923 1082 
335 672 506 781 834 
594 929 339 714 991 
630 318 908 365 648 
654 272 750 1143 831 
502 491 610 393 1489 
607 1019 960 859 1008 
314 365 542 923 1305 
421 953 335 797 502 
397 271 710 1244 655 
