20 6 20
11 50
340 150 130 112 96 85 77 75 77 85 96 112 130 149 169 187 203 214 222 225 222 
340 200 174 150 129 113 103 100 103 113 129 149 174 199 225 249 270 286 296 300 296 
340 250 217 187 161 141 129 125 129 141 161 187 217 249 282 312 338 358 370 375 370 
340 300 261 225 193 170 155 150 155 170 193 224 261 299 338 374 406 429 444 450 444 
340 350 304 262 226 198 180 175 180 198 226 262 304 349 395 437 473 501 519 525 519 
100000 10000 8705 7500 6464 5669 5170 5000 5170 5669 6464 7499 8705 9999 11294 12499 13535 14330 14829 15000 14829 
1000 1129 1249 1353 1433 1482 1499 1482 1433 1353 1250 
1105 1041 867 776 624 580 506 510 530 
1156 974 837 751 624 556 508 486 540 
1130 984 880 714 676 569 515 509 522 
1104 1037 904 715 653 572 536 517 522 
1111 986 871 728 664 546 534 477 505 
1098 970 854 776 622 572 537 510 537 
1123 977 887 715 656 585 533 487 517 
1126 1010 897 783 626 545 535 524 501 
1126 986 879 757 661 572 492 523 538 
1129 1011 911 731 647 561 503 480 491 
1116 1035 894 735 651 562 529 484 498 
1093 1004 906 745 633 574 529 487 513 
1144 1021 840 783 634 543 508 477 516 
1172 1015 896 750 677 559 512 487 507 
1099 972 864 753 650 595 495 515 532 
1131 951 890 726 616 552 524 484 500 
1179 1045 845 748 623 570 502 503 523 
1121 1035 866 729 622 577 492 476 519 
1075 1040 888 742 627 549 509 517 519 
1159 973 828 785 677 575 507 497 514 
1118 1024 857 758 626 593 535 512 496 
1095 985 850 778 672 542 491 516 499 
1184 1049 860 770 626 585 532 479 517 
1181 976 865 782 678 592 499 500 503 
1174 975 835 779 667 569 537 515 505 
1124 1047 849 741 623 581 540 512 500 
1149 973 877 763 618 546 521 510 507 
1181 1039 843 740 625 561 494 523 510 
1156 1029 840 770 646 545 528 497 527 
1073 976 864 720 674 555 537 508 502 
1087 1033 858 756 673 543 535 513 535 
1124 982 851 762 643 578 500 486 525 
1164 1040 827 728 654 594 520 482 494 
1176 957 872 760 660 559 527 490 523 
1164 1043 903 744 619 564 505 517 491 
1109 951 872 744 636 562 539 488 493 
1125 1043 901 725 627 547 528 509 519 
1163 1020 896 724 646 583 538 501 508 
1115 1040 897 774 654 591 515 485 504 
1185 998 861 760 631 594 506 505 536 
1081 1022 886 771 673 576 505 497 520 
1179 982 847 772 626 556 536 497 510 
1163 965 853 732 643 547 500 504 541 
1079 993 832 748 616 550 535 481 495 
1153 962 863 741 623 584 525 476 499 
1112 1016 895 767 660 570 524 486 505 
1185 1017 881 781 669 561 517 518 510 
1153 956 897 784 659 561 520 509 523 
1131 952 891 728 651 578 513 495 496 
1094 1014 906 747 642 540 533 519 535 
