50 3 20
16 100
850 150 130 112 96 85 77 75 77 85 96 112 130 149 169 187 203 214 222 225 222 214 203 187 169 150 130 112 96 85 77 75 77 85 96 112 130 149 169 187 203 214 222 225 222 214 203 187 169 150 130 
850 200 174 150 129 113 103 100 103 113 129 149 174 199 225 249 270 286 296 300 296 286 270 250 225 200 174 150 129 113 103 100 103 113 129 149 174 199 225 249 270 286 296 300 296 286 270 250 225 200 174 
100000 10000 8705 7500 6464 5669 5170 5000 5170 5669 6464 7499 8705 9999 11294 12499 13535 14330 14829 15000 14829 14330 13535 12500 11294 10000 8705 7500 6464 5669 5170 5000 5170 5669 6464 7499 8705 9999 11294 12499 13535 14330 14829 15000 14829 14330 13535 12500 11294 10000 8705 
1000 1129 1249 1353 1433 1482 1499 1482 1433 1353 1250 1129 1000 870 750 646 
493 559 361 744 425 956 582 553 587 457 713 1496 1341 1413 1704 904 781 1884 899 728 817 726 773 481 319 215 273 218 804 848 692 1199 469 1678 
899 403 636 463 773 402 459 1283 1411 1349 1708 1049 1012 1842 664 620 1674 640 1178 721 461 502 845 550 882 211 467 795 851 466 1064 865 467 994 
380 724 364 286 669 642 493 701 1015 1342 1710 1087 792 908 1637 1986 1094 1793 1175 666 772 1366 539 341 390 798 629 511 367 855 1131 881 838 699 
504 654 337 579 641 500 506 620 1269 1071 512 913 702 807 1317 1185 1782 749 1359 1255 911 1259 586 471 279 499 747 288 321 844 808 1342 983 1654 
842 816 482 826 541 532 351 1040 1158 528 845 1423 710 1680 1291 745 673 2142 1904 1234 1126 1266 1070 583 289 796 405 805 286 336 637 1143 418 964 
456 537 535 603 534 856 568 884 673 775 1299 1839 1710 1086 1998 2146 1230 890 1810 725 986 1141 495 696 408 633 224 241 595 801 518 862 1413 1489 
712 386 286 713 667 587 614 468 1344 1211 942 815 713 2274 1398 1478 1841 785 517 636 521 642 968 403 482 652 226 378 642 1033 944 628 1556 1727 
885 240 601 565 887 877 942 375 1170 1053 1504 1938 2109 2114 1780 764 666 1217 1855 961 1226 819 1097 608 590 385 494 543 753 514 470 1083 816 1750 
696 664 535 598 247 876 884 355 1097 787 1397 1249 2174 2164 2108 1803 787 695 682 698 654 441 533 836 630 662 757 802 304 378 571 578 862 1307 
686 627 378 791 813 1017 481 1082 1023 599 1565 1875 881 1003 1698 1751 832 1846 1751 1721 467 1267 1178 380 357 756 384 417 529 841 994 1348 1575 1429 
852 826 448 640 402 872 940 829 1579 1389 1232 1495 1518 995 2360 1404 709 1786 1039 642 445 721 896 687 349 685 789 629 369 554 496 621 571 1770 
252 659 694 235 445 876 823 1125 1321 1114 1213 2120 2123 2372 809 2049 911 861 1285 1611 1043 479 1189 595 714 428 443 542 387 659 353 705 467 1599 
440 809 555 294 353 796 855 1282 718 463 965 564 2223 2021 938 2259 1469 766 651 1114 1396 1163 336 528 503 231 781 471 638 296 648 398 986 502 
812 353 389 658 379 1018 424 791 1226 1531 1198 1998 1517 1421 1429 1769 1847 939 1476 1440 1531 806 845 607 533 608 535 520 595 684 705 1064 1064 1190 
455 518 426 293 675 473 854 727 802 1468 630 717 777 2102 2275 1862 979 1632 506 1311 1286 675 1022 690 596 576 576 692 666 509 476 605 948 641 
536 820 642 573 745 607 402 846 645 1006 1419 693 989 2257 991 1421 1262 797 1829 642 695 605 323 776 457 457 720 411 501 444 956 592 912 938 
650 432 735 522 355 772 1107 485 888 1480 1006 1626 689 1371 2224 1395 1383 1210 638 1170 778 914 1175 478 395 237 733 296 260 914 1074 665 1494 1207 
817 649 676 429 740 455 576 531 1570 980 658 1162 2072 905 1069 1614 1857 2071 1350 1137 896 883 540 878 536 390 294 519 850 329 788 457 1167 1747 
229 263 777 813 541 757 305 658 992 1218 897 884 1203 671 1877 1892 1910 1054 712 993 1295 1250 300 839 661 335 408 337 770 961 529 1231 1286 1600 
426 655 420 472 482 493 513 1100 1160 1340 864 878 1561 2133 2021 943 972 1310 1775 1119 1020 640 1127 588 568 437 384 723 807 810 985 441 545 622 
812 684 273 233 352 295 409 1211 1226 1019 543 600 1067 2095 1232 1449 727 2020 635 965 724 445 588 645 253 655 602 579 689 836 669 392 547 1635 
485 745 218 343 544 459 1061 348 1423 1331 1701 1222 1883 1282 1172 1137 2120 964 1710 1286 805 1119 576 555 249 381 766 337 715 683 911 1302 848 1603 
437 439 200 646 364 448 1130 1215 1243 1203 977 1154 1831 2084 994 2110 1413 1949 1524 1066 1323 963 627 441 804 426 318 786 497 283 680 1161 886 615 
668 298 550 462 366 586 488 714 963 1608 1807 1572 1286 2027 810 930 706 911 1143 569 612 1048 781 652 631 652 495 419 868 383 786 906 1518 1495 
341 661 658 822 485 550 532 805 1146 1525 1921 1334 1154 1295 2109 2128 1656 1500 623 1138 1577 845 522 744 579 781 463 347 759 385 1165 1377 965 996 
739 714 272 621 445 1012 490 740 846 1787 1464 1779 2079 1265 711 1983 1918 1167 522 1172 509 987 639 903 577 777 227 218 529 586 618 963 910 1674 
348 662 733 524 371 583 602 456 837 507 1539 562 1877 1146 732 1781 1100 1216 1477 1592 774 428 1079 961 283 571 609 784 240 591 410 1356 573 1198 
761 417 524 781 623 543 912 817 864 757 643 1838 2030 1362 1263 1192 659 1684 1865 1331 735 942 746 893 613 566 212 222 418 602 709 933 913 1740 
536 744 767 217 643 779 884 1070 1352 1581 630 1314 1532 2327 603 2024 751 1362 1457 466 1270 488 832 763 394 486 459 513 490 782 1045 411 1070 697 
469 218 214 743 747 497 1125 1365 1444 880 614 1313 1973 2316 901 1605 2152 627 590 1025 1398 1028 1139 838 365 823 239 379 628 726 1019 1162 1404 517 
652 611 567 322 821 835 632 543 1562 1069 1084 930 1811 1898 943 1010 1656 612 1951 863 1192 1316 579 675 536 343 749 660 544 676 753 879 1563 620 
679 616 450 603 804 292 410 348 668 1644 1586 1940 1637 2042 1336 2057 1029 1436 1030 1763 1078 804 631 893 631 713 318 395 614 658 706 1231 1585 835 
661 283 601 552 410 772 666 736 984 1512 1190 1791 944 692 1661 1578 1052 1869 1813 1434 948 1248 313 608 885 761 402 768 438 913 516 1208 1578 1306 
418 281 792 494 650 579 892 659 478 1531 1568 1365 1256 1822 684 1293 986 789 831 1274 587 812 390 328 366 352 579 591 688 467 504 932 681 1592 
699 762 287 781 384 394 1093 671 884 1008 1607 1453 1628 1626 1955 928 573 1806 1389 1565 712 1021 898 862 460 293 287 722 568 476 449 924 1186 1697 
804 234 526 300 529 602 875 837 708 1783 914 920 1606 630 2365 1611 1420 1894 1188 831 763 899 494 909 286 785 366 289 779 876 1178 1351 637 623 
416 784 433 236 643 917 472 1382 1214 688 598 1447 903 1748 1709 2269 655 1655 1697 715 1435 1000 782 430 475 470 200 730 640 971 524 1128 950 709 
527 639 416 327 481 908 1025 554 1024 1026 1258 771 1123 2076 1904 1522 2163 882 1616 1628 545 934 1134 592 671 627 407 305 672 800 709 946 905 1372 
746 585 338 207 899 305 692 1355 1167 1332 1328 1208 1485 1332 1587 1879 853 1214 597 496 953 761 1005 260 789 526 597 823 892 792 517 350 1056 1368 
756 312 739 512 480 446 437 602 1427 1530 1773 2105 1657 1662 1075 1613 888 2067 1723 1175 1004 599 782 485 300 743 252 281 846 564 549 803 1158 799 
605 327 792 230 533 615 630 691 890 1440 837 1241 639 815 2195 2019 879 585 520 1175 1355 621 686 849 348 465 518 394 476 572 1198 756 784 1578 
246 737 667 396 782 699 554 608 977 1155 979 1058 879 1227 747 642 1623 1746 1669 1352 1181 716 300 334 428 758 242 557 687 972 1106 387 810 1687 
384 365 517 389 829 277 875 1276 1342 1632 1482 1456 1267 1758 1835 1382 1428 883 1091 1162 1164 1025 745 289 560 436 237 461 452 583 1077 500 1290 796 
512 518 786 533 251 477 1160 1361 1011 1263 1046 2160 1818 2259 2055 732 2076 1165 1282 1163 1011 719 810 831 324 610 212 547 651 425 381 1095 402 1004 
676 328 260 308 361 467 772 1243 1033 602 952 927 1283 2221 2216 1050 1310 788 1726 665 506 412 751 758 701 806 649 513 839 661 642 813 859 1050 
470 647 631 760 282 998 1021 373 509 561 1783 1900 2067 1813 1458 2236 2273 1332 1526 717 774 989 699 402 537 255 581 217 400 466 1141 1018 906 1567 
615 475 290 653 525 825 1071 1311 1030 1031 1673 1245 795 950 1836 772 2000 1304 1017 454 1218 1062 353 864 641 223 750 671 534 368 304 473 1182 1741 
431 335 219 327 539 981 888 1122 673 1104 788 1053 1723 1441 2117 1800 2227 1304 770 1683 1555 487 1176 908 400 812 446 366 847 985 930 1370 1225 1383 
583 422 711 208 442 491 650 378 1379 1218 1680 1859 2095 745 817 2189 657 992 1500 975 1273 563 971 461 659 375 223 411 431 655 361 1025 635 574 
280 667 460 266 255 642 744 579 1582 477 1943 1232 1212 1271 1937 905 1888 1370 1569 934 960 485 560 599 485 252 727 219 763 877 907 656 738 1107 
750 571 535 528 270 660 572 1114 1509 1670 1789 931 678 2297 2299 936 1628 2138 626 902 1460 1372 319 769 709 479 673 245 859 877 925 632 1516 1404 
842 797 625 618 821 496 716 533 785 464 718 2078 2268 2089 2326 1036 2051 1892 907 567 568 661 1114 394 640 571 366 459 666 936 630 1226 1163 1637 
874 721 753 709 306 568 380 812 979 1039 1647 1483 784 1992 1766 2039 1689 2024 516 1706 908 452 633 831 481 765 534 687 481 929 1115 952 1194 671 
749 227 359 315 287 660 1111 1058 699 797 981 1670 2118 1800 1603 1644 573 842 604 1205 1360 448 500 273 869 316 254 276 540 704 347 1155 1393 1107 
317 565 704 468 619 967 751 796 1136 1189 1481 624 2089 976 1624 1389 1413 1120 819 1077 599 849 672 262 565 445 583 576 689 833 846 756 1345 665 
536 559 215 414 688 556 1114 736 1061 1496 1774 1925 1040 2013 906 1981 1466 1933 1845 1758 1206 1288 680 1000 481 573 466 279 708 801 428 1315 1170 1244 
300 273 217 281 868 788 1038 1285 440 1177 1634 611 1345 1618 1001 1518 1339 741 1269 751 1041 939 475 825 627 777 694 253 874 542 929 683 436 952 
836 429 391 489 420 807 613 626 1317 1409 1252 2103 1296 2211 942 1618 1997 619 1020 1026 664 766 931 363 734 764 689 474 582 913 605 581 1260 1178 
546 288 417 641 264 272 419 381 819 1296 1706 1679 2035 2217 1682 909 945 881 748 731 1257 1100 619 473 346 542 560 480 859 835 321 1194 1205 1300 
270 572 653 659 764 1018 1071 1096 1189 1522 1236 1661 2139 819 1220 716 1156 2125 1853 1262 1154 377 589 712 235 587 221 809 527 302 344 680 1595 873 
497 399 655 349 726 928 1074 651 1023 1038 1892 754 1907 1695 1757 1926 2093 1619 1454 1389 857 1311 692 326 387 775 612 745 613 304 622 365 726 1317 
334 321 520 305 829 674 919 1014 1502 645 1097 2075 1557 2001 1719 1978 1503 1397 995 964 568 1188 712 692 617 555 223 311 867 319 311 933 635 1750 
669 307 678 254 289 853 516 1222 1533 1262 827 1487 1300 1967 1683 1503 2270 946 1982 1705 1559 1232 307 387 306 476 279 260 634 948 461 755 789 1678 
401 631 301 364 464 725 1191 977 715 1567 1904 1266 864 1200 623 1126 1322 1887 1059 1395 1586 800 569 346 847 735 411 462 570 284 876 1272 1021 921 
706 517 672 548 877 606 1185 799 588 1221 1532 1240 2144 1951 1561 796 1659 2154 1414 1579 1512 1318 1069 569 864 752 598 308 584 312 684 632 1390 1637 
362 523 262 265 398 681 680 1261 1237 1689 557 1095 2169 1659 676 1646 673 1436 777 556 552 1372 628 268 393 687 650 762 517 946 1199 1096 780 490 
595 810 518 529 508 313 1047 1018 1096 728 1781 1058 997 1153 1707 1479 750 898 1236 529 1586 874 1132 705 860 373 530 726 255 515 1172 737 665 1775 
826 785 293 723 780 403 819 1384 575 1165 845 2092 1699 1123 1596 1464 1091 1053 1256 465 972 348 773 693 518 818 267 825 279 667 1142 843 1543 1230 
239 704 479 727 844 888 505 1077 789 819 1470 1020 1009 1457 1514 1762 2213 801 1654 715 1405 991 554 580 710 802 593 327 447 490 1192 827 1256 1256 
703 582 378 357 308 665 481 1386 583 1201 1645 992 1696 957 1897 1571 1884 586 517 1461 1513 795 914 592 781 703 721 675 797 892 567 1169 1032 742 
441 410 460 775 824 895 1045 1240 984 998 1810 1026 1491 1917 1518 747 638 1723 1662 1189 662 967 981 634 835 588 756 268 342 979 341 465 846 1242 
483 209 630 466 515 799 904 1256 1478 1127 1198 992 850 1797 1952 2040 1997 1358 1775 1260 1335 459 815 350 419 811 245 542 534 617 951 1383 1301 636 
514 469 669 396 505 376 347 957 1516 1336 1935 1875 1997 1873 1831 1059 1355 1457 907 784 1500 1368 775 514 296 274 220 299 545 261 1154 1266 453 1044 
799 587 581 326 400 683 920 704 680 810 1685 1567 1491 2368 1054 1629 1808 865 1673 949 1452 630 913 328 346 688 531 543 880 272 1175 385 1159 830 
314 459 208 584 801 865 678 836 403 730 744 711 1961 1854 1855 2345 2071 2064 705 617 1105 1295 616 772 742 824 418 553 869 847 551 1058 1014 1367 
524 330 706 446 254 731 906 938 1539 719 542 2116 2086 1191 1911 2023 1795 1238 1910 1745 558 1235 948 430 457 656 223 280 227 963 526 711 668 1773 
551 535 626 573 809 492 1079 462 598 940 547 1691 1849 1572 1670 2289 919 1505 773 578 1492 920 887 1001 690 575 266 690 675 448 898 1189 1456 1210 
324 226 468 503 553 949 1034 1229 414 821 715 916 1223 1795 920 869 1018 1961 1472 1493 1201 1307 873 748 235 717 732 611 668 865 777 1174 567 809 
352 593 769 711 851 532 995 1310 412 950 865 1835 606 2265 983 1280 736 785 1013 1111 422 1027 486 484 862 410 592 339 396 652 840 710 1185 1450 
246 433 653 695 473 463 534 1342 1563 1447 830 889 2276 1563 1062 1349 961 1777 920 496 746 507 877 644 740 597 322 804 578 299 554 646 477 795 
875 219 751 597 675 601 1133 480 1141 746 1444 2139 2262 2007 1433 697 952 761 1915 583 1234 1240 858 860 841 440 784 749 459 418 1199 772 980 1654 
689 247 687 683 279 902 654 508 715 526 1947 2051 1934 2221 2367 1093 2211 1402 1434 1212 1012 993 479 988 330 222 767 767 477 1009 894 553 1563 911 
342 409 789 777 276 411 405 1215 1289 1766 1315 679 659 1946 944 1621 1946 948 921 912 749 1198 591 595 262 362 378 394 322 820 490 1325 435 1785 
766 633 515 512 574 334 923 895 1174 1186 884 1898 1652 743 1389 632 1227 1102 1577 618 1428 1132 719 718 575 822 756 340 852 302 774 426 706 1330 
881 301 716 434 256 776 853 848 1326 1446 986 1538 1609 1384 2135 1048 1202 2109 817 915 1399 1119 595 910 475 444 623 595 666 570 937 903 1527 798 
683 744 716 794 611 494 404 1032 924 1058 792 1445 1146 2216 1431 1314 2193 1023 1462 1763 1184 1251 429 965 410 384 327 354 285 481 623 1239 1055 1183 
265 440 322 610 328 851 493 961 1556 1622 579 1148 1568 1442 1854 1338 963 591 1990 867 754 817 669 566 835 407 749 260 542 1005 461 403 865 1047 
792 433 245 329 228 840 750 706 1402 1695 1447 839 948 1006 1978 849 1337 1552 795 1289 421 386 485 932 443 401 705 561 471 871 707 440 811 1148 
530 244 342 440 390 597 388 392 1456 1124 1010 2134 1054 2363 1857 1463 1552 549 612 454 1007 924 306 705 515 601 781 736 699 834 501 749 579 1028 
532 593 477 243 807 616 1134 718 1593 1300 1451 1739 643 2019 1458 894 1709 1858 1990 1156 750 1078 737 319 897 245 440 387 606 631 682 696 716 947 
423 573 622 275 717 777 482 1233 1044 1801 1023 1636 1135 1724 2303 1834 1800 1175 610 1435 1176 1178 729 1002 703 265 212 532 805 874 659 555 1224 1647 
807 296 531 402 283 293 786 1249 514 1048 1807 2002 911 1689 1600 1030 2032 2034 1803 1327 1132 1184 813 1017 826 493 410 696 681 594 720 612 508 1713 
263 294 706 416 255 955 612 1027 647 1026 1658 929 1004 1734 1872 1946 1360 1293 1460 1216 1392 596 301 608 357 370 785 271 419 639 1022 414 646 1755 
766 554 369 290 746 316 992 1019 549 1750 1062 1512 1143 2281 716 674 2153 2078 698 1315 1407 1258 1187 365 445 803 580 735 887 530 595 933 791 815 
459 249 559 642 461 999 1020 1270 817 1274 1999 1197 1747 880 2205 1237 2279 1208 1168 887 1225 656 1020 625 811 245 301 715 287 794 1142 1117 581 1359 
702 667 236 660 527 911 690 1005 1097 807 1476 1431 741 2273 1960 1054 1370 1547 1392 1250 1119 1214 430 502 610 653 497 251 368 1001 732 736 1008 1292 
488 400 668 445 729 329 788 1269 1178 1687 753 1428 1633 1223 838 2017 1177 1912 1998 1720 1023 634 1125 657 841 453 693 606 869 322 350 1373 557 454 
666 687 329 760 866 906 932 1315 1398 1451 1416 1085 1059 806 2295 2108 1215 1223 1786 546 1102 1276 308 510 602 347 201 313 891 793 714 430 1551 1805 
673 452 456 776 350 440 1115 1193 1143 870 1011 622 1771 1254 945 1703 2076 1034 1274 1461 1422 850 536 919 877 508 494 719 820 869 963 1143 1241 1047 
397 294 678 485 435 855 630 1240 791 835 934 758 602 1682 834 672 1008 875 1726 1078 1499 756 1157 519 507 638 327 418 285 634 1048 687 697 1450 
