10 11 20
4 50
170 130 112 96 85 77 75 77 85 96 112 
170 174 150 129 113 103 100 103 113 129 149 
170 217 187 161 141 129 125 129 141 161 187 
170 261 225 193 170 155 150 155 170 193 224 
170 304 262 226 198 180 175 180 198 226 262 
170 348 300 258 226 206 200 206 226 258 299 
170 391 337 290 255 232 225 232 255 290 337 
170 435 375 323 283 258 250 258 283 323 374 
170 478 412 355 311 284 275 284 311 355 412 
170 522 450 387 340 310 300 310 340 387 449 
100000 8705 7500 6464 5669 5170 5000 5170 5669 6464 7499 
1129 1249 1353 1433 
1525 1439 1514 1410 1324 1281 
1499 1458 1456 1396 1321 1301 
1447 1526 1474 1408 1419 1297 
1500 1528 1503 1461 1419 1266 
1556 1449 1540 1426 1378 1216 
1458 1559 1523 1425 1290 1234 
1532 1435 1522 1399 1296 1193 
1479 1431 1511 1417 1398 1301 
1542 1481 1512 1475 1410 1195 
1458 1443 1456 1435 1369 1251 
1555 1483 1438 1460 1311 1196 
1541 1529 1533 1385 1311 1284 
1513 1495 1426 1504 1336 1210 
1485 1431 1538 1449 1396 1196 
1532 1429 1459 1398 1399 1301 
1469 1549 1423 1408 1298 1211 
1414 1524 1552 1367 1392 1229 
1514 1567 1457 1485 1407 1234 
1450 1555 1524 1451 1409 1228 
1482 1530 1499 1460 1349 1240 
1433 1459 1460 1494 1316 1210 
1469 1574 1456 1363 1370 1190 
1501 1496 1470 1409 1294 1270 
1447 1514 1535 1486 1301 1304 
1555 1477 1553 1463 1410 1279 
1466 1473 1540 1427 1317 1207 
1415 1523 1520 1364 1419 1188 
1554 1437 1522 1371 1365 1292 
1554 1485 1461 1497 1287 1213 
1443 1510 1414 1449 1316 1306 
1547 1494 1556 1367 1363 1272 
1494 1534 1512 1370 1413 1256 
1551 1517 1534 1433 1301 1212 
1515 1527 1427 1463 1295 1257 
1428 1496 1420 1428 1417 1206 
1543 1446 1448 1466 1340 1308 
1517 1434 1500 1459 1395 1225 
1414 1455 1429 1492 1389 1239 
1411 1507 1490 1425 1353 1224 
1554 1483 1419 1486 1393 1303 
1508 1434 1474 1481 1287 1192 
1548 1555 1538 1485 1326 1300 
1478 1555 1451 1496 1337 1195 
1409 1544 1454 1415 1287 1195 
1421 1571 1471 1397 1305 1212 
1522 1512 1554 1443 1412 1240 
1517 1489 1434 1480 1347 1244 
1455 1444 1440 1484 1310 1196 
1485 1472 1486 1427 1323 1257 
1447 1544 1532 1455 1341 1286 
