50 3 20
26 100
850 75 77 85 96 112 130 149 169 187 203 214 222 225 222 214 203 187 169 150 130 112 96 85 77 75 77 85 96 112 130 149 169 187 203 214 222 225 222 214 203 187 169 150 130 112 96 85 77 75 77 
850 100 103 113 129 149 174 199 225 249 270 286 296 300 296 286 270 250 225 200 174 150 129 113 103 100 103 113 129 149 174 199 225 249 270 286 296 300 296 286 270 250 225 200 174 150 129 113 103 100 103 
100000 5000 5170 5669 6464 7499 8705 9999 11294 12499 13535 14330 14829 15000 14829 14330 13535 12500 11294 10000 8705 7500 6464 5669 5170 5000 5170 5669 6464 7499 8705 9999 11294 12499 13535 14330 14829 15000 14829 14330 13535 12500 11294 10000 8705 7500 6464 5669 5170 5000 5170 
1499 1482 1433 1353 1250 1129 1000 870 750 646 566 517 500 517 566 646 749 870 999 1129 1249 1353 1433 1482 1499 1482 
1371 1354 1282 1164 965 854 765 628 556 524 510 540 566 618 739 830 1033 1178 1263 1413 1432 1545 1529 1523 
1384 1310 1300 1163 962 836 774 654 541 536 521 502 546 662 717 871 951 1133 1271 1333 1484 1516 1485 1523 
1397 1300 1297 1118 973 857 734 659 590 493 503 500 556 617 774 830 1020 1117 1296 1351 1373 1523 1473 1445 
1364 1378 1226 1111 1019 861 729 663 551 530 495 498 540 674 744 828 1002 1116 1272 1380 1461 1507 1572 1476 
1369 1403 1188 1080 983 833 720 632 565 513 494 509 559 660 761 846 1028 1128 1192 1334 1367 1556 1561 1417 
1459 1402 1303 1076 1045 889 772 619 548 531 505 537 586 651 741 867 1010 1165 1250 1334 1480 1488 1556 1465 
1370 1378 1245 1155 1048 831 778 623 548 538 517 508 557 623 721 838 973 1111 1288 1339 1380 1473 1496 1497 
1467 1368 1202 1153 1014 909 743 640 555 512 486 510 550 670 774 877 1037 1144 1286 1322 1460 1432 1448 1517 
1435 1350 1255 1121 983 828 714 643 555 506 500 506 593 628 723 865 1028 1122 1274 1411 1452 1471 1509 1499 
1468 1406 1311 1176 998 840 745 616 560 534 506 508 548 672 717 895 1031 1081 1293 1347 1441 1541 1465 1497 
1498 1325 1201 1124 1028 904 733 644 587 503 500 534 581 662 776 838 980 1163 1274 1410 1499 1539 1560 1452 
1487 1404 1198 1183 1022 886 738 675 556 501 501 516 581 659 748 859 986 1181 1218 1299 1379 1523 1520 1419 
1480 1346 1218 1127 1011 912 731 657 549 508 478 498 562 648 733 875 997 1083 1295 1295 1400 1479 1431 1476 
1434 1294 1305 1092 1034 853 739 673 572 521 505 530 574 643 722 877 1006 1165 1243 1380 1387 1502 1473 1473 
1378 1373 1296 1147 1013 832 724 671 575 504 485 494 579 654 781 882 986 1154 1310 1415 1378 1518 1565 1499 
1487 1340 1281 1167 960 857 715 651 540 504 482 502 579 648 741 891 969 1184 1243 1311 1388 1439 1514 1443 
1499 1302 1232 1161 1025 872 740 638 545 536 491 504 590 632 741 907 959 1185 1206 1308 1366 1433 1516 1425 
1462 1340 1308 1127 974 895 786 654 556 529 505 511 585 659 750 863 986 1159 1235 1296 1495 1452 1518 1469 
1404 1382 1206 1117 1015 868 717 616 583 511 519 507 566 632 715 891 994 1100 1244 1338 1393 1464 1536 1450 
1474 1327 1307 1179 954 861 740 673 578 539 489 504 553 625 737 871 967 1133 1206 1359 1383 1536 1430 1474 
1429 1293 1242 1172 990 905 775 642 575 514 522 539 581 669 756 856 997 1177 1254 1364 1376 1440 1477 1488 
1457 1306 1262 1127 1049 904 759 651 573 505 522 513 563 666 779 859 982 1170 1196 1364 1381 1433 1514 1477 
1486 1374 1275 1147 956 892 740 617 549 505 518 539 562 676 770 911 966 1158 1219 1293 1361 1538 1476 1484 
1395 1413 1302 1178 1040 828 715 622 552 533 497 505 572 624 712 911 1021 1147 1245 1302 1418 1540 1545 1467 
1437 1290 1238 1102 982 834 784 630 592 532 520 515 555 635 779 833 953 1168 1226 1371 1467 1415 1455 1435 
1410 1389 1277 1163 1000 886 741 653 549 511 492 492 553 657 779 910 961 1103 1224 1305 1393 1444 1503 1415 
1473 1401 1262 1124 965 846 733 648 554 531 516 498 590 653 752 856 1025 1166 1294 1388 1400 1411 1513 1553 
1426 1405 1211 1118 962 836 756 662 545 527 501 538 542 661 777 901 1028 1143 1288 1399 1415 1426 1514 1447 
1486 1292 1254 1117 986 897 778 653 583 538 502 497 542 646 722 903 1028 1182 1204 1370 1406 1530 1568 1547 
1396 1409 1256 1073 976 906 732 617 557 516 517 506 549 671 780 839 955 1113 1206 1379 1460 1441 1501 1415 
1445 1411 1223 1154 981 911 777 649 545 542 512 503 567 670 757 854 951 1105 1198 1325 1497 1458 1452 1529 
1398 1408 1269 1176 975 851 745 671 563 521 511 531 544 670 733 861 1049 1177 1310 1368 1457 1429 1568 1509 
1484 1328 1239 1153 997 867 754 668 567 541 501 497 572 672 785 910 984 1152 1188 1396 1401 1471 1458 1437 
1432 1352 1268 1147 1036 831 718 658 591 499 515 508 548 665 728 861 951 1155 1201 1297 1382 1489 1503 1532 
1421 1378 1255 1115 955 894 715 653 560 501 524 511 586 624 716 902 986 1089 1202 1339 1366 1417 1526 1503 
1370 1287 1257 1076 1043 902 774 615 586 528 504 513 551 630 745 851 1000 1102 1201 1324 1492 1444 1464 1518 
1421 1322 1188 1143 1017 845 775 658 541 512 519 525 571 663 784 828 1042 1150 1219 1346 1389 1474 1496 1526 
1476 1370 1304 1104 1049 852 749 663 562 505 524 501 554 642 780 882 997 1096 1308 1310 1404 1460 1479 1446 
1364 1310 1247 1109 1044 837 752 662 555 539 487 532 573 649 775 861 1029 1147 1244 1391 1451 1428 1493 1487 
1488 1344 1247 1098 1040 908 773 625 574 518 477 514 541 632 739 884 961 1137 1271 1381 1484 1470 1536 1413 
1373 1361 1261 1128 960 905 741 640 593 533 524 538 582 618 745 842 980 1160 1259 1381 1461 1436 1429 1417 
1429 1371 1270 1113 993 876 712 617 588 537 497 539 577 652 784 849 999 1165 1295 1395 1496 1485 1527 1499 
1464 1377 1257 1118 1015 847 784 640 577 539 502 521 574 670 768 896 1041 1105 1306 1305 1493 1444 1538 1415 
1407 1368 1230 1185 1047 849 739 666 574 527 490 508 554 621 781 842 966 1184 1245 1376 1411 1468 1494 1495 
1502 1294 1289 1149 1048 837 767 659 560 494 500 541 541 645 759 834 1039 1078 1311 1390 1438 1510 1429 1521 
1420 1295 1240 1113 955 870 784 659 594 505 506 517 574 661 723 837 1026 1166 1223 1387 1498 1501 1570 1509 
1424 1373 1262 1123 1047 832 768 650 538 498 487 537 585 656 743 862 1040 1153 1288 1304 1390 1522 1523 1437 
1442 1312 1240 1160 956 854 729 669 556 496 524 520 579 650 775 906 1014 1173 1270 1415 1407 1505 1475 1544 
1481 1402 1268 1126 1013 841 728 661 541 502 501 541 557 640 756 896 1016 1163 1295 1392 1439 1512 1498 1432 
1376 1382 1207 1153 1031 864 755 640 593 539 487 539 565 617 722 876 1002 1151 1196 1388 1408 1554 1509 1513 
1461 1393 1281 1101 1025 849 724 651 553 529 480 532 547 625 736 832 1004 1169 1258 1337 1482 1530 1435 1476 
1421 1295 1227 1183 969 855 714 659 580 536 476 521 554 626 764 865 958 1167 1282 1326 1476 1454 1443 1556 
1498 1322 1239 1092 997 830 715 624 552 520 496 541 577 676 727 905 970 1133 1302 1400 1453 1511 1461 1553 
1453 1359 1206 1163 1028 865 777 633 576 520 496 496 576 646 740 860 1013 1086 1235 1360 1380 1499 1519 1467 
1447 1290 1249 1139 1045 842 738 637 543 498 484 508 580 640 770 831 971 1164 1202 1349 1409 1443 1540 1527 
1398 1332 1187 1184 997 846 729 628 568 506 508 533 591 632 776 896 1015 1146 1264 1341 1492 1449 1488 1450 
1397 1396 1286 1074 1049 868 732 619 591 522 522 491 552 677 729 862 1018 1185 1213 1291 1483 1535 1572 1466 
1463 1389 1191 1073 961 854 767 677 568 497 507 540 579 659 728 899 1003 1073 1282 1399 1438 1445 1456 1548 
1483 1354 1273 1093 1013 909 732 630 577 540 518 519 581 616 783 839 1038 1178 1273 1416 1394 1490 1479 1504 
1369 1329 1283 1089 960 883 721 663 590 539 503 526 581 669 757 868 959 1110 1238 1417 1485 1430 1527 1510 
1394 1319 1285 1097 1029 909 769 619 571 494 483 495 551 614 729 898 1036 1086 1204 1340 1402 1421 1459 1419 
1443 1396 1283 1145 954 877 778 648 572 529 507 508 555 614 774 884 976 1128 1193 1322 1477 1462 1448 1554 
1469 1363 1251 1155 1042 858 766 618 586 541 521 513 566 645 775 874 961 1161 1292 1338 1390 1415 1470 1540 
1417 1358 1218 1161 986 912 777 622 581 520 508 516 591 653 713 866 1022 1088 1272 1370 1502 1444 1452 1496 
1500 1357 1280 1182 1008 881 733 628 556 536 501 500 593 635 761 834 962 1081 1242 1415 1384 1410 1479 1430 
1377 1330 1273 1076 1042 864 779 644 566 532 505 495 543 646 728 833 997 1176 1244 1351 1405 1428 1452 1505 
1390 1393 1247 1176 958 909 741 619 538 506 497 538 555 670 735 911 956 1088 1251 1320 1503 1510 1556 1539 
1423 1387 1243 1093 1015 852 745 652 564 498 489 521 580 678 715 840 999 1131 1225 1419 1455 1497 1434 1535 
1387 1398 1234 1120 962 859 742 678 585 502 513 503 589 675 770 883 989 1101 1214 1377 1472 1555 1516 1439 
1473 1309 1241 1122 968 900 726 667 562 536 524 493 591 678 731 892 987 1169 1254 1296 1428 1476 1552 1486 
1458 1418 1245 1113 992 910 768 618 546 500 518 540 575 618 715 878 998 1184 1305 1287 1427 1437 1460 1477 
1494 1412 1273 1140 995 861 765 672 539 536 478 505 568 624 745 871 1042 1089 1250 1372 1416 1553 1470 1526 
1379 1364 1277 1152 982 899 752 640 561 514 476 499 567 650 764 862 973 1102 1300 1356 1435 1418 1427 1456 
1452 1344 1190 1085 985 866 713 618 551 533 505 541 580 678 759 898 1029 1082 1210 1369 1483 1549 1507 1507 
1397 1302 1274 1150 989 859 723 627 584 496 475 513 544 655 755 828 1022 1134 1282 1300 1439 1553 1479 1546 
1395 1324 1268 1101 984 897 735 630 542 501 475 533 583 677 776 904 963 1177 1292 1304 1470 1535 1531 1438 
1460 1336 1207 1175 963 853 782 672 591 500 512 535 561 652 741 890 1029 1177 1220 1341 1488 1413 1499 1411 
1408 1341 1286 1100 956 885 748 624 554 522 507 522 567 661 778 905 965 1142 1266 1372 1373 1549 1502 1497 
1449 1349 1276 1125 1000 902 770 628 552 531 522 502 557 669 735 859 1021 1101 1298 1413 1401 1436 1436 1415 
1405 1312 1230 1112 1048 895 772 637 585 528 497 513 540 617 768 838 1032 1180 1216 1286 1429 1472 1568 1459 
1411 1295 1240 1082 1012 902 767 640 588 502 511 498 556 626 761 866 1029 1104 1241 1316 1427 1465 1545 1453 
1375 1369 1242 1075 951 877 751 645 572 517 505 527 557 623 744 833 995 1148 1246 1375 1490 1484 1552 1455 
1364 1349 1241 1099 986 901 762 631 549 497 484 498 541 662 746 847 1049 1159 1267 1406 1475 1508 1432 1416 
1459 1328 1204 1077 963 850 751 636 541 507 479 508 591 658 744 875 981 1138 1304 1384 1403 1498 1506 1548 
1383 1383 1260 1103 1047 849 777 635 558 522 480 534 539 630 722 904 1007 1140 1295 1398 1492 1459 1502 1504 
1474 1393 1312 1139 952 827 781 676 583 542 492 537 562 675 748 904 979 1150 1264 1305 1380 1469 1495 1451 
1408 1390 1198 1132 1019 866 764 676 539 506 501 492 546 617 718 881 1019 1179 1267 1325 1407 1411 1546 1505 
1430 1351 1279 1124 1016 910 765 668 548 494 520 526 550 673 717 909 999 1111 1254 1390 1375 1413 1548 1438 
1472 1367 1196 1125 991 911 723 647 593 521 494 530 561 635 736 897 955 1112 1232 1292 1365 1533 1438 1554 
1479 1407 1292 1081 1049 869 737 674 539 529 477 536 541 646 721 858 1037 1110 1230 1358 1460 1428 1448 1473 
1362 1325 1221 1164 978 872 754 640 577 525 482 522 566 625 720 832 1002 1172 1296 1348 1386 1486 1529 1411 
1425 1389 1211 1152 1002 848 741 673 547 503 491 524 579 646 760 876 1036 1074 1309 1361 1484 1415 1574 1523 
1426 1314 1266 1144 981 845 727 633 539 524 495 524 563 661 754 866 1024 1100 1198 1377 1455 1488 1543 1516 
1395 1301 1274 1134 1043 852 728 628 543 525 489 504 572 672 733 912 1049 1126 1219 1320 1447 1542 1502 1432 
1373 1300 1302 1133 953 879 776 624 581 531 501 525 548 634 733 873 1029 1173 1269 1378 1470 1438 1564 1527 
1490 1345 1300 1168 1024 848 748 624 572 509 477 506 559 672 787 836 1001 1139 1255 1352 1450 1516 1439 1529 
1366 1321 1234 1153 960 905 750 644 558 515 490 503 551 646 713 874 1027 1094 1254 1350 1471 1529 1537 1521 
1452 1397 1265 1079 1041 860 778 621 559 535 521 523 569 615 765 887 952 1097 1227 1377 1497 1502 1426 1459 
1393 1362 1226 1087 1043 914 784 631 560 516 501 536 554 635 728 868 992 1129 1270 1311 1445 1525 1506 1423 
1468 1289 1261 1177 997 895 766 652 575 499 480 528 549 633 775 895 961 1104 1295 1411 1440 1536 1426 1543 
