10 3 20
8 50
850 150 130 112 96 85 77 75 77 85 96 
850 200 174 150 129 113 103 100 103 113 129 
100000 10000 8705 7500 6464 5669 5170 5000 5170 5669 6464 
1000 1129 1249 1353 1433 1482 1499 1482 
888 1809 
1493 1925 
2281 1034 
1681 1976 
1705 1399 
1972 1068 
640 1538 
2035 1212 
2208 594 
704 1281 
828 2155 
2196 1134 
1589 580 
846 1610 
1136 1653 
1288 1558 
2040 1970 
1146 2016 
1038 1749 
1747 825 
762 1443 
1447 780 
828 1623 
962 1631 
682 1996 
1096 636 
1058 1156 
1612 1227 
2034 1054 
2292 899 
1744 1537 
1153 1717 
606 1942 
1192 1573 
1370 1598 
1725 1468 
1251 1590 
1144 1559 
831 1264 
932 1759 
1942 1592 
1641 742 
1998 729 
1316 1036 
1698 2013 
812 1041 
917 1876 
709 1150 
1405 663 
1140 1583 
