20 3 20
15 100
850 130 149 169 187 203 214 222 225 222 214 203 187 169 150 130 112 96 85 77 75 
850 174 199 225 249 270 286 296 300 296 286 270 250 225 200 174 150 129 113 103 100 
100000 8705 9999 11294 12499 13535 14330 14829 15000 14829 14330 13535 12500 11294 10000 8705 7500 6464 5669 5170 5000 
1129 1000 870 750 646 566 517 500 517 566 646 749 870 999 1129 
1205 1382 1415 1522 1476 
1207 1320 1394 1452 1480 
1209 1364 1451 1411 1560 
1266 1304 1438 1424 1561 
1194 1320 1413 1494 1538 
1190 1364 1364 1444 1538 
1282 1340 1503 1511 1527 
1259 1355 1456 1454 1511 
1212 1331 1445 1454 1547 
1271 1342 1409 1449 1489 
1235 1371 1497 1440 1454 
1209 1309 1458 1444 1435 
1220 1350 1407 1450 1531 
1256 1415 1444 1510 1476 
1223 1389 1476 1497 1566 
1283 1297 1386 1413 1542 
1194 1383 1429 1546 1438 
1247 1409 1445 1514 1459 
1238 1290 1390 1477 1440 
1236 1286 1486 1440 1506 
1234 1341 1407 1425 1553 
1269 1347 1372 1536 1431 
1307 1294 1362 1497 1507 
1192 1358 1452 1493 1483 
1240 1325 1499 1411 1500 
1197 1388 1437 1437 1495 
1286 1307 1387 1525 1485 
1242 1380 1397 1509 1472 
1268 1353 1401 1513 1459 
1246 1301 1382 1474 1568 
1198 1369 1496 1515 1446 
1198 1385 1421 1525 1574 
1211 1332 1416 1426 1547 
1201 1333 1361 1448 1474 
1252 1357 1367 1481 1560 
1279 1345 1501 1416 1490 
1195 1345 1389 1523 1499 
1256 1355 1399 1487 1468 
1250 1357 1433 1520 1428 
1197 1295 1468 1532 1507 
1197 1293 1392 1518 1535 
1272 1364 1452 1548 1568 
1256 1290 1467 1528 1500 
1291 1409 1372 1556 1510 
1267 1314 1375 1459 1458 
1204 1297 1454 1534 1540 
1233 1326 1398 1530 1478 
1304 1357 1426 1544 1477 
1264 1351 1384 1414 1562 
1249 1343 1395 1497 1544 
1292 1416 1490 1471 1514 
1204 1291 1388 1450 1489 
1201 1417 1407 1544 1503 
1215 1404 1371 1453 1561 
1230 1328 1499 1533 1542 
1254 1300 1456 1446 1561 
1260 1342 1455 1465 1460 
1299 1400 1368 1445 1543 
1274 1416 1498 1540 1556 
1256 1310 1376 1414 1435 
1190 1404 1384 1468 1433 
1254 1372 1441 1550 1453 
1201 1316 1426 1538 1484 
1280 1377 1404 1494 1531 
1276 1294 1463 1525 1507 
1279 1297 1479 1428 1499 
1247 1398 1471 1540 1499 
1309 1363 1401 1457 1442 
1208 1375 1499 1414 1487 
1228 1331 1494 1458 1430 
1228 1315 1492 1459 1440 
1236 1306 1429 1533 1546 
1296 1376 1383 1439 1530 
1212 1329 1485 1525 1430 
1282 1312 1442 1467 1517 
1270 1322 1382 1427 1540 
1239 1317 1432 1427 1562 
1208 1415 1396 1426 1541 
1296 1296 1432 1422 1479 
1191 1296 1475 1476 1479 
1257 1414 1390 1518 1431 
1241 1384 1488 1467 1562 
1279 1298 1395 1515 1473 
1246 1337 1407 1513 1540 
1302 1290 1469 1503 1527 
1247 1389 1376 1446 1480 
1257 1318 1410 1468 1465 
1270 1368 1433 1527 1570 
1284 1347 1431 1509 1453 
1193 1406 1468 1492 1543 
1205 1336 1374 1461 1560 
1311 1381 1466 1460 1455 
1271 1331 1381 1516 1454 
1311 1410 1484 1461 1439 
1207 1372 1501 1524 1432 
1221 1389 1432 1428 1564 
1225 1391 1417 1472 1465 
1259 1365 1373 1474 1425 
1244 1292 1485 1531 1507 
1252 1387 1439 1474 1450 
