10 11 20
6 100
170 77 85 96 112 130 149 169 187 203 214 
170 103 113 129 149 174 199 225 249 270 286 
170 129 141 161 187 217 249 282 312 338 358 
170 155 170 193 224 261 299 338 374 406 429 
170 180 198 226 262 304 349 395 437 473 501 
170 206 226 258 299 348 399 451 499 541 573 
170 232 255 290 337 391 449 508 562 609 644 
170 258 283 323 374 435 499 564 624 676 716 
170 284 311 355 412 478 549 621 687 744 788 
170 310 340 387 449 522 599 677 749 812 859 
100000 5170 5669 6464 7499 8705 9999 11294 12499 13535 14330 
1482 1433 1353 1250 1129 1000 
865 764 667 559 
888 717 659 585 
853 783 633 559 
873 719 623 569 
909 773 669 564 
892 732 617 569 
871 772 629 542 
868 725 615 541 
871 730 675 541 
904 785 631 552 
892 739 623 549 
888 723 638 541 
847 770 635 548 
866 763 678 553 
902 729 675 582 
881 745 629 589 
831 770 662 571 
891 723 625 546 
844 744 627 593 
847 757 616 568 
832 785 658 570 
854 732 639 565 
912 739 646 591 
872 735 620 559 
911 739 670 586 
862 780 631 581 
889 759 662 578 
899 719 675 549 
864 720 648 566 
855 771 667 552 
874 779 655 543 
847 738 658 539 
861 740 672 583 
893 741 669 589 
881 772 676 566 
906 719 640 590 
875 730 643 539 
847 771 635 548 
868 775 616 588 
873 783 648 593 
884 753 640 565 
861 755 660 593 
863 724 617 570 
880 782 626 544 
906 770 678 550 
868 764 641 565 
905 753 639 543 
906 741 654 592 
856 782 673 540 
879 736 621 594 
902 729 623 548 
896 771 649 583 
840 745 658 554 
845 768 620 590 
841 767 635 569 
880 766 644 556 
843 785 675 580 
862 733 661 569 
905 777 638 581 
831 762 624 572 
842 738 678 567 
856 716 665 591 
899 746 642 548 
875 781 677 592 
845 743 677 589 
876 785 665 585 
889 735 667 582 
885 744 630 581 
834 781 639 554 
866 754 642 566 
887 718 634 540 
862 767 653 560 
882 739 641 593 
872 771 675 574 
887 721 650 584 
884 770 641 541 
843 781 633 542 
902 716 641 549 
892 739 644 551 
874 772 626 578 
904 732 658 563 
868 781 633 556 
866 727 652 569 
893 730 667 589 
831 748 620 564 
882 723 653 548 
848 740 643 594 
831 756 621 574 
880 780 625 592 
853 744 642 587 
899 773 674 579 
865 729 616 555 
864 716 625 543 
870 738 633 552 
878 753 660 573 
891 742 625 564 
887 744 628 550 
883 727 643 586 
903 753 649 550 
901 784 620 584 
