5 2 20
4 100
1700 130 112 96 85 77 
100000 8705 7500 6464 5669 5170 
1129 1249 1353 1433 
1752 
1322 
1328 
1256 
1778 
1513 
1526 
1304 
1505 
1486 
1335 
1638 
1447 
1724 
1232 
1249 
1271 
1744 
1488 
1404 
1336 
1331 
1627 
1239 
1309 
1661 
1451 
1749 
1469 
1310 
1361 
1765 
1345 
1451 
1237 
1260 
1306 
1598 
1545 
1493 
1748 
1392 
1779 
1323 
1330 
1649 
1687 
1745 
1381 
1760 
1574 
1365 
1306 
1520 
1197 
1402 
1604 
1496 
1260 
1732 
1719 
1694 
1694 
1235 
1596 
1557 
1296 
1751 
1296 
1637 
1246 
1627 
1619 
1656 
1643 
1277 
1260 
1252 
1278 
1418 
1755 
1676 
1670 
1568 
1513 
1669 
1248 
1409 
1455 
1238 
1469 
1346 
1186 
1204 
1265 
1281 
1692 
1557 
1610 
1678 
