5 6 20
3 50
340 130 149 169 187 203 
340 174 199 225 249 270 
340 217 249 282 312 338 
340 261 299 338 374 406 
340 304 349 395 437 473 
100000 8705 9999 11294 12499 13535 
1129 1000 870 
775 665 
726 677 
717 645 
741 634 
775 621 
769 620 
773 623 
717 670 
740 662 
753 650 
749 647 
726 675 
776 646 
783 647 
750 663 
767 667 
741 676 
749 654 
717 657 
735 675 
722 645 
769 637 
741 667 
747 663 
746 652 
721 652 
774 629 
778 620 
714 665 
745 650 
782 630 
754 667 
773 659 
759 635 
735 673 
769 672 
772 650 
716 643 
739 661 
773 667 
771 625 
774 621 
784 659 
782 642 
781 625 
783 656 
783 664 
771 620 
722 655 
742 641 
