10 11 20
4 50
170 96 85 77 75 77 85 96 112 130 149 
170 129 113 103 100 103 113 129 149 174 199 
170 161 141 129 125 129 141 161 187 217 249 
170 193 170 155 150 155 170 193 224 261 299 
170 226 198 180 175 180 198 226 262 304 349 
170 258 226 206 200 206 226 258 299 348 399 
170 290 255 232 225 232 255 290 337 391 449 
170 323 283 258 250 258 283 323 374 435 499 
170 355 311 284 275 284 311 355 412 478 549 
170 387 340 310 300 310 340 387 449 522 599 
100000 6464 5669 5170 5000 5170 5669 6464 7499 8705 9999 
1353 1433 1482 1499 
2105 716 1001 1940 1358 538 
905 2182 2021 1229 1734 929 
1549 1224 1114 1672 1002 875 
1556 827 1440 660 841 725 
779 1729 2143 1747 1707 733 
1006 730 1510 1381 904 1268 
2018 2183 1533 948 1455 978 
2035 1272 1588 553 1122 1450 
2354 1930 1735 590 1140 1184 
2303 1719 1500 1159 874 498 
884 1572 1064 1526 1339 1165 
1126 718 728 929 763 1353 
794 598 1439 896 1109 706 
1765 1907 1409 730 1050 580 
1977 1790 1774 1625 1574 992 
845 1819 1375 1529 1249 1592 
2048 1621 1850 1873 1459 1024 
1870 780 1661 1786 1271 968 
1364 1717 1693 1460 882 893 
1742 941 1723 1882 1095 1469 
1415 1700 1784 1458 565 423 
1493 1176 1913 1954 719 1520 
1102 1583 2128 976 582 1454 
798 1153 1080 1233 1439 1564 
1631 1566 626 1833 712 1049 
808 1952 710 1756 711 1060 
1395 1605 1784 1142 1082 737 
1548 1774 1860 546 627 1323 
2250 636 2088 501 1118 1050 
625 1625 1427 1642 564 1189 
1440 1270 2048 1309 905 457 
856 618 1614 561 828 692 
1265 918 1526 1422 1616 1584 
1512 926 1772 1081 1403 945 
1826 977 702 1631 976 599 
2158 2028 1111 1922 921 1005 
1845 1241 671 1218 760 1058 
902 846 944 1216 1681 1516 
1365 892 1672 1545 602 494 
1785 1488 840 1355 1413 1516 
1053 724 1031 1435 529 635 
673 1328 1726 580 659 596 
834 2162 1842 1816 1417 1546 
1764 1838 561 1926 1058 1191 
1471 1179 1972 1867 1378 576 
2030 602 995 1876 1710 404 
1137 1898 2021 1148 1670 799 
1038 883 1898 1342 1436 938 
1261 1554 1837 1950 1180 640 
1958 2040 1153 1317 556 536 
