50 3 20
26 10
850 130 149 169 187 203 214 222 225 222 214 203 187 169 150 130 112 96 85 77 75 77 85 96 112 130 149 169 187 203 214 222 225 222 214 203 187 169 150 130 112 96 85 77 75 77 85 96 112 130 149 
850 174 199 225 249 270 286 296 300 296 286 270 250 225 200 174 150 129 113 103 100 103 113 129 149 174 199 225 249 270 286 296 300 296 286 270 250 225 200 174 150 129 113 103 100 103 113 129 149 174 199 
100000 8705 9999 11294 12499 13535 14330 14829 15000 14829 14330 13535 12500 11294 10000 8705 7500 6464 5669 5170 5000 5170 5669 6464 7499 8705 9999 11294 12499 13535 14330 14829 15000 14829 14330 13535 12500 11294 10000 8705 7500 6464 5669 5170 5000 5170 5669 6464 7499 8705 9999 
1129 1000 870 750 646 566 517 500 517 566 646 749 870 999 1129 1249 1353 1433 1482 1499 1482 1433 1353 1250 1129 1000 
746 705 760 550 415 442 422 650 770 833 981 966 1287 1102 1441 1585 1417 1278 1387 1199 1169 1040 962 994 
910 619 626 461 450 438 460 500 655 802 885 1016 1297 1023 1145 1342 1312 1751 1467 1362 1446 1089 1254 894 
964 870 623 549 526 574 580 622 696 612 857 871 1111 1381 1414 1535 1463 1280 1503 1237 1212 1165 1338 851 
909 672 661 487 571 448 605 604 537 751 741 934 1156 1296 1181 1384 1202 1682 1476 1337 1504 1498 1215 804 
1040 692 750 467 521 517 573 546 615 864 835 1000 1154 1425 1362 1489 1431 1433 1728 1346 1309 1188 1182 864 
824 855 710 568 592 491 524 620 581 751 862 997 1227 1274 1122 1341 1669 1622 1285 1535 1124 1333 1033 1022 
1034 815 520 554 603 514 582 593 661 721 813 871 921 1456 1389 1352 1477 1650 1744 1247 1314 1090 1240 814 
803 685 742 542 609 515 481 458 528 713 882 829 1106 1373 1533 1369 1502 1441 1296 1312 1203 1185 1146 940 
713 836 727 520 588 531 416 587 604 877 825 1126 1076 1347 1118 1408 1191 1780 1431 1237 1086 1342 927 819 
809 749 536 510 605 408 527 487 608 622 856 1002 1241 1185 1317 1177 1474 1581 1405 1489 1187 1170 1030 913 
