20 3 20
15 10
850 112 96 85 77 75 77 85 96 112 130 149 169 187 203 214 222 225 222 214 203 
850 150 129 113 103 100 103 113 129 149 174 199 225 249 270 286 296 300 296 286 270 
100000 7500 6464 5669 5170 5000 5170 5669 6464 7499 8705 9999 11294 12499 13535 14330 14829 15000 14829 14330 13535 
1249 1353 1433 1482 1499 1482 1433 1353 1250 1129 1000 870 750 646 566 
432 483 447 677 544 
447 548 462 471 528 
564 464 607 535 640 
593 455 473 462 635 
547 589 486 677 697 
569 490 598 674 775 
463 548 523 645 710 
471 414 568 538 672 
606 494 432 553 634 
562 404 471 492 665 
