5 2 20
3 50
1700 77 75 77 85 96 
100000 5170 5000 5170 5669 6464 
1482 1499 1482 
1472 1226 
1258 1301 
1216 1319 
1199 1512 
1588 1527 
1467 1450 
1595 1172 
1270 1160 
1491 1384 
1175 1598 
1267 1461 
1421 1504 
1336 1467 
1620 1152 
1448 1167 
1196 1307 
1628 1382 
1328 1181 
1156 1101 
1424 1576 
1690 1311 
1225 1303 
1373 1309 
1557 1197 
1497 1146 
1651 1100 
1686 1397 
1522 1430 
1718 1452 
1598 1200 
1438 1591 
1210 1408 
1393 1383 
1314 1316 
1384 1296 
1607 1421 
1274 1133 
1396 1184 
1261 1110 
1278 1517 
1358 1346 
1236 1177 
1301 1250 
1364 1409 
1216 1092 
1414 1487 
1375 1255 
1352 1109 
1397 1477 
1427 1514 
