10 11 20
8 100
170 130 149 169 187 203 214 222 225 222 214 
170 174 199 225 249 270 286 296 300 296 286 
170 217 249 282 312 338 358 370 375 370 358 
170 261 299 338 374 406 429 444 450 444 429 
170 304 349 395 437 473 501 519 525 519 501 
170 348 399 451 499 541 573 593 600 593 573 
170 391 449 508 562 609 644 667 675 667 644 
170 435 499 564 624 676 716 741 750 741 716 
170 478 549 621 687 744 788 815 825 815 788 
170 522 599 677 749 812 859 889 900 889 859 
100000 8705 9999 11294 12499 13535 14330 14829 15000 14829 14330 
1129 1000 870 750 646 566 517 500 
498 627 
442 608 
539 677 
502 641 
535 573 
446 676 
558 571 
426 502 
521 540 
569 551 
546 678 
470 469 
498 620 
550 656 
519 483 
420 679 
576 647 
494 641 
414 606 
551 553 
427 514 
436 593 
498 548 
552 499 
612 562 
492 514 
516 606 
498 533 
573 477 
584 574 
457 463 
558 566 
527 535 
543 533 
471 599 
465 550 
446 668 
602 612 
564 596 
617 490 
446 516 
416 633 
453 486 
464 530 
546 479 
541 610 
451 596 
592 679 
593 580 
570 514 
447 566 
439 616 
584 549 
563 571 
526 500 
531 493 
543 673 
579 523 
528 608 
558 455 
587 464 
604 556 
607 480 
530 481 
540 583 
448 493 
532 495 
454 530 
568 546 
448 669 
616 582 
609 546 
538 591 
487 617 
542 658 
552 549 
600 462 
433 565 
453 475 
581 588 
491 537 
559 517 
553 679 
485 545 
481 557 
484 560 
488 556 
541 483 
422 471 
571 573 
551 628 
417 624 
431 466 
613 470 
599 562 
533 504 
510 625 
555 538 
587 580 
499 482 
