50 6 20
26 10
340 130 112 96 85 77 75 77 85 96 112 130 149 169 187 203 214 222 225 222 214 203 187 169 150 130 112 96 85 77 75 77 85 96 112 130 149 169 187 203 214 222 225 222 214 203 187 169 150 130 112 
340 174 150 129 113 103 100 103 113 129 149 174 199 225 249 270 286 296 300 296 286 270 250 225 200 174 150 129 113 103 100 103 113 129 149 174 199 225 249 270 286 296 300 296 286 270 250 225 200 174 150 
340 217 187 161 141 129 125 129 141 161 187 217 249 282 312 338 358 370 375 370 358 338 312 282 250 217 187 161 141 129 125 129 141 161 187 217 249 282 312 338 358 370 375 370 358 338 312 282 250 217 187 
340 261 225 193 170 155 150 155 170 193 224 261 299 338 374 406 429 444 450 444 429 406 375 338 300 261 225 193 170 155 150 155 170 193 224 261 299 338 374 406 429 444 450 444 429 406 375 338 300 261 225 
340 304 262 226 198 180 175 180 198 226 262 304 349 395 437 473 501 519 525 519 501 473 437 395 350 304 262 226 198 180 175 180 198 226 262 304 349 395 437 473 501 519 525 519 501 473 437 395 350 304 262 
100000 8705 7500 6464 5669 5170 5000 5170 5669 6464 7499 8705 9999 11294 12499 13535 14330 14829 15000 14829 14330 13535 12500 11294 10000 8705 7500 6464 5669 5170 5000 5170 5669 6464 7499 8705 9999 11294 12499 13535 14330 14829 15000 14829 14330 13535 12500 11294 10000 8705 7500 
1129 1249 1353 1433 1482 1499 1482 1433 1353 1250 1129 1000 870 750 646 566 517 500 517 566 646 749 870 999 1129 1249 
1416 1436 1410 1472 1544 1452 1325 1215 1079 975 871 776 671 577 532 482 500 574 660 768 856 968 1099 1260 
1371 1489 1463 1461 1550 1448 1345 1254 1185 990 853 731 668 548 507 504 518 553 643 729 899 1018 1114 1245 
1360 1411 1525 1488 1528 1471 1290 1298 1138 1023 834 748 665 563 539 523 514 564 654 745 912 960 1178 1295 
1322 1454 1518 1442 1503 1481 1316 1287 1095 960 842 777 667 547 493 503 500 547 643 762 833 960 1132 1223 
1356 1495 1554 1517 1537 1455 1315 1261 1107 957 841 776 618 574 522 485 531 578 629 768 838 1039 1125 1298 
1348 1480 1428 1507 1448 1487 1299 1274 1109 967 835 741 644 575 513 510 524 554 630 758 856 968 1180 1196 
1406 1363 1417 1511 1547 1372 1375 1241 1118 1006 871 768 636 576 528 512 541 574 639 725 845 1001 1080 1245 
1319 1372 1448 1486 1428 1384 1415 1198 1089 954 864 766 673 562 503 480 541 552 659 763 889 1047 1146 1227 
1357 1477 1413 1465 1412 1397 1402 1245 1080 992 839 721 653 587 517 492 495 587 670 739 846 976 1077 1215 
1296 1480 1483 1524 1448 1484 1341 1270 1078 985 905 771 633 565 528 507 542 557 651 746 861 965 1154 1216 
