10 11 20
8 100
170 150 130 112 96 85 77 75 77 85 96 
170 200 174 150 129 113 103 100 103 113 129 
170 250 217 187 161 141 129 125 129 141 161 
170 300 261 225 193 170 155 150 155 170 193 
170 350 304 262 226 198 180 175 180 198 226 
170 400 348 300 258 226 206 200 206 226 258 
170 450 391 337 290 255 232 225 232 255 290 
170 500 435 375 323 283 258 250 258 283 323 
170 550 478 412 355 311 284 275 284 311 355 
170 600 522 450 387 340 310 300 310 340 387 
100000 10000 8705 7500 6464 5669 5170 5000 5170 5669 6464 
1000 1129 1249 1353 1433 1482 1499 1482 
1424 1314 
1475 1401 
1388 1317 
1467 1352 
1417 1391 
1392 1295 
1451 1319 
1369 1354 
1416 1414 
1430 1301 
1402 1394 
1503 1330 
1482 1339 
1483 1356 
1477 1333 
1377 1346 
1467 1416 
1413 1320 
1485 1294 
1392 1357 
1478 1300 
1460 1332 
1411 1342 
1441 1391 
1455 1371 
1471 1405 
1408 1308 
1498 1363 
1449 1404 
1409 1336 
1500 1376 
1470 1361 
1456 1315 
1416 1356 
1403 1367 
1463 1294 
1372 1418 
1420 1328 
1474 1297 
1459 1411 
1365 1384 
1450 1356 
1499 1297 
1402 1375 
1362 1406 
1499 1366 
1461 1330 
1409 1287 
1385 1396 
1364 1406 
1435 1345 
1391 1407 
1433 1306 
1481 1324 
1467 1366 
1374 1385 
1499 1372 
1444 1312 
1429 1346 
1371 1297 
1411 1319 
1370 1411 
1433 1352 
1376 1387 
1388 1383 
1386 1344 
1370 1388 
1492 1310 
1418 1350 
1387 1343 
1428 1409 
1456 1326 
1485 1402 
1489 1407 
1450 1384 
1448 1376 
1493 1399 
1460 1414 
1418 1410 
1441 1295 
1452 1418 
1425 1295 
1494 1331 
1395 1342 
1364 1407 
1411 1387 
1463 1366 
1432 1297 
1379 1285 
1437 1349 
1451 1286 
1424 1363 
1500 1375 
1450 1297 
1482 1414 
1420 1364 
1413 1384 
1387 1362 
1442 1358 
1478 1343 
