10 11 20
4 100
170 112 96 85 77 75 77 85 96 112 130 
170 150 129 113 103 100 103 113 129 149 174 
170 187 161 141 129 125 129 141 161 187 217 
170 225 193 170 155 150 155 170 193 224 261 
170 262 226 198 180 175 180 198 226 262 304 
170 300 258 226 206 200 206 226 258 299 348 
170 337 290 255 232 225 232 255 290 337 391 
170 375 323 283 258 250 258 283 323 374 435 
170 412 355 311 284 275 284 311 355 412 478 
170 450 387 340 310 300 310 340 387 449 522 
100000 7500 6464 5669 5170 5000 5170 5669 6464 7499 8705 
1249 1353 1433 1482 
1448 1493 1394 1358 1204 1079 
1551 1449 1488 1292 1301 1148 
1516 1553 1428 1319 1243 1156 
1464 1528 1412 1419 1237 1120 
1491 1537 1416 1313 1198 1154 
1500 1545 1415 1338 1205 1083 
1474 1513 1482 1368 1231 1162 
1524 1477 1412 1373 1290 1159 
1450 1532 1370 1361 1241 1139 
1525 1490 1475 1311 1273 1115 
1499 1555 1402 1344 1212 1173 
1524 1553 1384 1368 1256 1121 
1510 1508 1475 1376 1205 1107 
1555 1444 1489 1319 1302 1087 
1428 1514 1393 1322 1305 1116 
1510 1449 1417 1392 1253 1131 
1512 1540 1365 1308 1237 1097 
1477 1455 1437 1347 1283 1147 
1521 1513 1372 1286 1236 1119 
1464 1556 1424 1308 1235 1118 
1451 1456 1384 1319 1248 1155 
1440 1441 1376 1346 1293 1145 
1561 1513 1429 1329 1291 1087 
1485 1521 1447 1331 1284 1168 
1430 1556 1484 1370 1198 1126 
1471 1442 1418 1298 1303 1142 
1513 1432 1471 1297 1302 1166 
1433 1457 1451 1416 1188 1183 
1522 1539 1480 1322 1297 1116 
1442 1414 1472 1403 1289 1119 
1494 1542 1502 1355 1197 1073 
1531 1505 1446 1301 1200 1084 
1542 1488 1496 1303 1264 1142 
1553 1447 1471 1305 1257 1125 
1487 1521 1377 1328 1207 1088 
1513 1521 1384 1341 1220 1127 
1468 1495 1456 1368 1248 1116 
1505 1519 1366 1321 1202 1176 
1427 1551 1474 1372 1256 1134 
1489 1492 1397 1300 1263 1171 
1475 1426 1501 1286 1296 1150 
1547 1530 1462 1365 1224 1154 
1478 1477 1409 1414 1266 1179 
1510 1487 1368 1296 1239 1078 
1570 1549 1448 1392 1252 1161 
1470 1465 1367 1333 1203 1128 
1481 1429 1388 1380 1259 1182 
1494 1433 1417 1361 1264 1085 
1439 1515 1447 1389 1193 1153 
1452 1537 1444 1343 1266 1108 
1491 1533 1465 1419 1263 1138 
1503 1481 1439 1406 1280 1157 
1540 1545 1414 1300 1294 1139 
1475 1426 1441 1415 1297 1119 
1491 1462 1417 1418 1254 1103 
1478 1448 1411 1296 1219 1105 
1569 1524 1503 1323 1231 1162 
1530 1418 1466 1400 1255 1149 
1442 1442 1404 1326 1280 1099 
1484 1439 1467 1315 1209 1153 
1511 1555 1363 1391 1268 1073 
1444 1463 1450 1306 1276 1081 
1552 1468 1379 1315 1250 1113 
1556 1551 1452 1397 1207 1126 
1569 1462 1433 1403 1256 1097 
1503 1537 1368 1329 1205 1177 
1551 1535 1419 1390 1274 1083 
1453 1420 1391 1286 1301 1101 
1533 1454 1446 1290 1308 1125 
1484 1546 1380 1333 1298 1081 
1511 1555 1397 1382 1297 1097 
1523 1519 1438 1362 1312 1130 
1559 1445 1404 1348 1270 1140 
1546 1508 1449 1387 1221 1177 
1539 1552 1410 1339 1282 1122 
1512 1479 1449 1407 1191 1073 
1515 1532 1474 1322 1241 1163 
1524 1420 1437 1348 1217 1113 
1511 1543 1420 1346 1188 1181 
1548 1503 1470 1400 1210 1084 
1564 1423 1500 1380 1257 1075 
1481 1548 1409 1363 1204 1127 
1470 1548 1504 1341 1247 1162 
1509 1537 1413 1335 1207 1075 
1472 1474 1433 1306 1287 1112 
1565 1517 1410 1420 1282 1110 
1484 1433 1454 1313 1286 1076 
1517 1457 1368 1300 1243 1179 
1460 1487 1383 1294 1258 1087 
1473 1455 1441 1408 1303 1116 
1546 1473 1428 1345 1222 1074 
1428 1545 1388 1399 1194 1178 
1466 1415 1436 1387 1267 1084 
1470 1490 1488 1311 1219 1185 
1547 1420 1365 1381 1229 1104 
1429 1449 1476 1392 1248 1169 
1518 1452 1385 1286 1203 1103 
1518 1521 1462 1373 1245 1144 
1446 1478 1459 1367 1199 1126 
1491 1507 1478 1395 1218 1078 
