10 6 20
4 10
340 96 112 130 149 169 187 203 214 222 225 
340 129 149 174 199 225 249 270 286 296 300 
340 161 187 217 249 282 312 338 358 370 375 
340 193 224 261 299 338 374 406 429 444 450 
340 226 262 304 349 395 437 473 501 519 525 
100000 6464 7499 8705 9999 11294 12499 13535 14330 14829 15000 
1353 1250 1129 1000 
830 790 713 532 495 445 
705 761 647 680 443 569 
923 603 673 518 612 598 
894 854 631 554 489 499 
1006 718 562 550 414 481 
987 611 602 482 430 521 
736 622 530 480 555 577 
846 669 633 623 423 567 
715 659 594 500 595 414 
768 640 622 631 515 426 
