5 2 20
3 50
1700 96 85 77 75 77 
100000 6464 5669 5170 5000 5170 
1353 1433 1482 
1798 1335 
739 1063 
2353 968 
1255 2229 
2213 1438 
1320 1597 
2362 1185 
638 1624 
2263 1762 
922 2180 
773 1329 
1121 2040 
1293 2296 
1901 1374 
1292 1246 
890 1398 
1238 1356 
673 1793 
2307 1201 
2030 961 
878 1940 
814 1503 
1386 1009 
2362 1068 
1568 1856 
1631 1216 
2238 729 
2354 1989 
1046 1413 
1813 2366 
759 1121 
1911 1000 
2310 1997 
1956 1399 
2353 2116 
1432 1691 
1578 865 
2361 1642 
2120 1056 
1750 1696 
2112 1731 
1508 1812 
1725 1387 
1142 1556 
1731 2000 
607 2096 
1745 1564 
2019 901 
784 1122 
1620 1117 
