50 3 20
16 5
850 112 130 149 169 187 203 214 222 225 222 214 203 187 169 150 130 112 96 85 77 75 77 85 96 112 130 149 169 187 203 214 222 225 222 214 203 187 169 150 130 112 96 85 77 75 77 85 96 112 130 
850 149 174 199 225 249 270 286 296 300 296 286 270 250 225 200 174 150 129 113 103 100 103 113 129 149 174 199 225 249 270 286 296 300 296 286 270 250 225 200 174 150 129 113 103 100 103 113 129 149 174 
100000 7499 8705 9999 11294 12499 13535 14330 14829 15000 14829 14330 13535 12500 11294 10000 8705 7500 6464 5669 5170 5000 5170 5669 6464 7499 8705 9999 11294 12499 13535 14330 14829 15000 14829 14330 13535 12500 11294 10000 8705 7500 6464 5669 5170 5000 5170 5669 6464 7499 8705 
1250 1129 1000 870 750 646 566 517 500 517 566 646 749 870 999 1129 
1229 1623 1451 1516 1713 1551 1443 1225 1085 917 876 879 737 572 614 444 591 612 603 756 613 833 967 921 1441 1298 1565 1505 1721 1560 1455 1271 1241 1080 
1127 1512 1485 1212 1428 1241 1636 1189 1417 1257 916 828 834 668 589 503 471 540 533 602 626 863 1056 1181 1200 1172 1281 1340 1205 1317 1682 1108 1277 996 
1048 1244 1349 1685 1222 1247 1467 1562 1157 1262 1050 747 766 745 536 542 573 447 569 588 740 777 819 1052 1299 1138 1281 1564 1399 1281 1489 1106 1179 983 
1391 1198 1348 1537 1552 1735 1149 1506 1008 1016 931 886 817 679 521 516 530 475 563 683 676 710 1066 1256 1052 1451 1239 1197 1359 1428 1619 1123 1119 1021 
1201 1408 1637 1681 1384 1343 1693 1436 1195 1246 866 749 852 651 608 574 555 480 524 557 785 872 1090 1257 1440 1086 1239 1330 1451 1767 1435 1283 1382 977 
