50 11 20
36 50
170 77 75 77 85 96 112 130 149 169 187 203 214 222 225 222 214 203 187 169 150 130 112 96 85 77 75 77 85 96 112 130 149 169 187 203 214 222 225 222 214 203 187 169 150 130 112 96 85 77 75 
170 103 100 103 113 129 149 174 199 225 249 270 286 296 300 296 286 270 250 225 200 174 150 129 113 103 100 103 113 129 149 174 199 225 249 270 286 296 300 296 286 270 250 225 200 174 150 129 113 103 100 
170 129 125 129 141 161 187 217 249 282 312 338 358 370 375 370 358 338 312 282 250 217 187 161 141 129 125 129 141 161 187 217 249 282 312 338 358 370 375 370 358 338 312 282 250 217 187 161 141 129 125 
170 155 150 155 170 193 224 261 299 338 374 406 429 444 450 444 429 406 375 338 300 261 225 193 170 155 150 155 170 193 224 261 299 338 374 406 429 444 450 444 429 406 375 338 300 261 225 193 170 155 150 
170 180 175 180 198 226 262 304 349 395 437 473 501 519 525 519 501 473 437 395 350 304 262 226 198 180 175 180 198 226 262 304 349 395 437 473 501 519 525 519 501 473 437 395 350 304 262 226 198 180 175 
170 206 200 206 226 258 299 348 399 451 499 541 573 593 600 593 573 541 500 451 400 348 300 258 226 206 200 206 226 258 299 348 399 451 499 541 573 593 600 593 573 541 500 451 400 348 300 258 226 206 200 
170 232 225 232 255 290 337 391 449 508 562 609 644 667 675 667 644 609 562 508 450 391 337 290 255 232 225 232 255 290 337 391 449 508 562 609 644 667 675 667 644 609 562 508 450 391 337 290 255 232 225 
170 258 250 258 283 323 374 435 499 564 624 676 716 741 750 741 716 676 625 564 500 435 375 323 283 258 250 258 283 323 374 435 499 564 624 676 716 741 750 741 716 676 625 564 500 435 375 323 283 258 250 
170 284 275 284 311 355 412 478 549 621 687 744 788 815 825 815 788 744 687 621 550 478 412 355 311 284 275 284 311 355 412 478 549 621 687 744 788 815 825 815 788 744 687 621 550 478 412 355 311 284 275 
170 310 300 310 340 387 449 522 599 677 749 812 859 889 900 889 859 812 750 677 600 522 450 387 340 310 300 310 340 387 449 522 599 677 749 812 859 889 900 889 859 812 750 677 600 522 450 387 340 310 300 
100000 5170 5000 5170 5669 6464 7499 8705 9999 11294 12499 13535 14330 14829 15000 14829 14330 13535 12500 11294 10000 8705 7500 6464 5669 5170 5000 5170 5669 6464 7499 8705 9999 11294 12499 13535 14330 14829 15000 14829 14330 13535 12500 11294 10000 8705 7500 6464 5669 5170 5000 
1482 1499 1482 1433 1353 1250 1129 1000 870 750 646 566 517 500 517 566 646 749 870 999 1129 1249 1353 1433 1482 1499 1482 1433 1353 1250 1129 1000 870 750 646 566 
479 553 469 559 655 750 727 945 1102 1001 1612 1400 1325 1639 
582 544 492 518 622 761 734 1083 1302 1104 1538 1217 1292 1485 
459 506 423 530 767 627 895 953 1037 1369 1445 1244 1251 1506 
520 562 551 540 621 683 1036 1192 1339 1306 1417 1161 1337 1531 
450 561 546 615 546 780 697 1167 955 1146 1167 1571 1701 1280 
419 579 465 657 648 762 986 938 1119 1036 1507 1313 1751 1538 
416 429 587 541 685 680 782 847 1219 1485 1548 1355 1752 1520 
471 505 423 460 742 654 945 953 924 1056 1113 1379 1454 1563 
421 448 423 478 747 608 875 1132 1197 1039 1089 1377 1544 1519 
559 433 573 611 526 656 777 801 1013 1311 1316 1667 1223 1480 
467 511 431 533 538 774 963 973 1102 1422 1352 1705 1575 1524 
577 548 422 542 767 833 1029 953 1072 1325 1305 1622 1508 1678 
503 425 484 457 762 605 866 1099 1056 1380 1342 1256 1454 1798 
487 575 465 605 590 835 982 1148 1096 1313 1613 1671 1231 1381 
446 504 517 508 736 724 870 1057 1008 1108 1135 1265 1383 1781 
495 502 475 475 775 767 731 880 921 1324 1269 1443 1304 1261 
498 467 574 680 688 689 767 990 1306 1432 1087 1547 1664 1687 
560 420 554 476 662 893 1029 1189 1208 1010 1611 1484 1448 1748 
539 418 568 582 754 719 1026 827 1210 1301 1119 1702 1706 1376 
450 400 613 606 635 835 730 1111 1300 1330 1618 1537 1768 1334 
565 401 563 598 568 772 1002 942 1019 1292 1575 1322 1530 1257 
592 435 456 506 557 852 905 1156 1273 1283 1289 1337 1237 1251 
529 498 590 476 602 702 1032 936 1041 1084 1483 1584 1350 1252 
583 596 479 602 698 753 832 1173 1332 1484 1181 1591 1553 1638 
503 564 572 510 624 868 900 1021 1268 1104 1127 1155 1600 1373 
585 412 604 640 695 845 851 954 919 1180 1088 1353 1419 1568 
577 571 417 574 581 607 818 1050 1315 1296 1510 1404 1368 1760 
586 423 569 584 771 745 779 969 1069 1013 1141 1490 1582 1247 
570 441 449 560 541 862 882 876 1314 1214 1139 1230 1771 1509 
505 526 426 582 734 774 846 1153 1075 1120 1272 1285 1507 1364 
421 566 566 677 625 863 983 1080 1062 1401 1088 1662 1539 1346 
443 443 449 637 740 870 837 1148 1148 1400 1241 1312 1513 1501 
514 470 569 611 666 852 951 950 1292 1251 1469 1684 1435 1693 
548 562 533 545 629 813 905 1134 1221 1019 1491 1338 1326 1584 
515 416 488 547 768 762 828 1164 1192 1297 1342 1439 1220 1751 
425 455 567 529 774 619 775 1024 1251 1486 1621 1249 1759 1673 
542 432 426 553 716 834 703 835 1000 1158 1434 1711 1632 1374 
445 523 427 611 755 688 826 1185 1321 1372 1084 1190 1661 1686 
551 528 619 649 679 681 1044 1198 1115 1057 1131 1492 1616 1744 
543 493 418 530 588 868 713 844 995 1012 1592 1460 1584 1753 
508 408 417 568 654 672 865 1179 1112 1153 1556 1482 1497 1218 
510 402 434 512 575 713 754 945 1221 1254 1218 1243 1574 1783 
553 430 580 596 580 677 958 1124 942 1110 1335 1542 1736 1576 
488 589 508 612 620 699 711 814 995 1096 1340 1272 1567 1558 
416 517 592 479 621 613 780 1148 949 1127 1181 1684 1444 1220 
478 542 602 524 767 688 834 1003 1116 1274 1264 1504 1278 1719 
589 594 546 512 719 841 791 1158 1148 1365 1214 1499 1698 1363 
481 515 468 535 710 779 838 865 929 1151 1110 1182 1550 1572 
592 424 522 639 716 872 902 1030 940 1488 1165 1278 1247 1754 
498 561 509 515 532 863 997 836 1280 1456 1343 1542 1675 1270 
