5 2 20
2 50
1700 112 130 149 169 187 
100000 7499 8705 9999 11294 12499 
1250 1129 
899 796 640 
832 737 851 
933 1016 693 
843 702 664 
1135 994 620 
953 983 628 
1092 792 724 
1118 844 652 
1066 883 793 
967 898 846 
1144 733 841 
928 944 871 
860 943 704 
940 869 699 
913 942 649 
980 901 824 
950 776 827 
1007 1006 667 
849 868 715 
1037 740 634 
1086 945 695 
876 909 738 
961 731 874 
1137 771 687 
1190 775 871 
814 789 857 
904 1010 846 
1167 844 878 
1037 972 875 
1184 817 852 
908 734 637 
922 744 842 
1178 915 658 
986 965 869 
1090 734 717 
1044 756 624 
902 871 768 
868 1016 788 
831 773 638 
981 943 786 
871 749 668 
1080 922 845 
961 857 615 
1134 971 791 
1023 735 867 
1007 818 719 
837 895 811 
960 759 670 
959 1017 834 
1182 890 824 
