10 2 20
6 100
1700 96 85 77 75 77 85 96 112 130 149 
100000 6464 5669 5170 5000 5170 5669 6464 7499 8705 9999 
1353 1433 1482 1499 1482 1433 
1233 1080 1285 1088 
1092 1356 1044 1058 
1185 1298 1238 911 
1116 1073 1006 1020 
1433 1174 991 1005 
1281 1380 930 874 
1541 1477 1007 981 
1403 1197 1300 1048 
1485 1021 1119 1068 
1421 1284 1156 1149 
1263 1246 1207 1119 
1108 1051 1346 940 
1248 1246 1140 1166 
1607 1292 1157 874 
1117 1220 1342 1125 
1220 1369 1000 969 
1158 1375 1258 850 
1139 1323 1194 840 
1600 1254 1167 938 
1095 1427 917 879 
1621 1016 991 1083 
1168 1177 947 985 
1250 1134 1084 1182 
1089 1222 1143 841 
1321 1052 929 1190 
1373 1224 1263 948 
1451 1260 1176 921 
1407 1167 1052 800 
1482 1324 1316 1007 
1523 1092 938 1017 
1491 1337 1157 1001 
1497 1276 1104 1023 
1471 1322 1095 1031 
1406 1351 1175 1078 
1205 1061 1216 1008 
1607 1350 977 1054 
1436 1370 1009 974 
1303 1203 1016 1167 
1443 1306 1059 1013 
1090 1164 1319 1059 
1156 1315 1292 1105 
1383 1172 1346 821 
1302 1314 1204 926 
1586 1159 980 1179 
1597 1213 1153 808 
1086 1287 1225 823 
1300 1378 1120 1042 
1540 1126 1022 881 
1597 1019 986 1129 
1230 1270 994 956 
1149 1034 981 992 
1551 1392 1050 1103 
1588 1272 952 923 
1229 1228 1312 955 
1307 1247 1150 1095 
1593 1011 959 809 
1361 1282 928 1009 
1196 1334 1298 1051 
1288 1097 1226 906 
1491 1451 1333 1138 
1083 1323 1348 1117 
1328 1020 1179 926 
1218 1469 1337 969 
1398 1280 1127 1151 
1230 1313 1346 839 
1306 1163 1334 1059 
1228 1238 1188 961 
1178 1352 1227 1185 
1433 1005 953 978 
1300 1269 1334 882 
1381 1458 1350 1048 
1427 1000 1227 1001 
1496 1176 1044 899 
1369 1165 1238 922 
1611 1051 952 832 
1241 1218 1187 1133 
1328 1313 1019 1079 
1385 1186 1087 959 
1110 1489 1235 1103 
1392 1350 1115 1041 
1418 1299 1011 857 
1513 1359 1299 970 
1508 1489 982 1186 
1554 1281 921 859 
1139 1103 920 983 
1600 1095 1257 880 
1395 1194 972 1094 
1322 1118 1254 1142 
1390 1467 1264 970 
1106 1372 1059 1118 
1121 1365 1221 875 
1224 1384 1196 1025 
1282 1091 1315 840 
1203 1427 1012 1157 
1110 1066 919 1166 
1571 1200 908 1161 
1314 1325 1298 880 
1461 1441 1120 871 
1245 1352 1089 939 
1307 1478 1127 1082 
