10 11 20
4 5
170 96 112 130 149 169 187 203 214 222 225 
170 129 149 174 199 225 249 270 286 296 300 
170 161 187 217 249 282 312 338 358 370 375 
170 193 224 261 299 338 374 406 429 444 450 
170 226 262 304 349 395 437 473 501 519 525 
170 258 299 348 399 451 499 541 573 593 600 
170 290 337 391 449 508 562 609 644 667 675 
170 323 374 435 499 564 624 676 716 741 750 
170 355 412 478 549 621 687 744 788 815 825 
170 387 449 522 599 677 749 812 859 889 900 
100000 6464 7499 8705 9999 11294 12499 13535 14330 14829 15000 
1353 1250 1129 1000 
930 688 557 609 484 468 
960 853 619 535 615 408 
792 676 724 597 492 400 
817 824 642 499 518 416 
990 806 650 492 541 415 
