5 2 20
2 50
1700 112 130 149 169 187 
100000 7499 8705 9999 11294 12499 
1250 1129 
1157 763 765 
1148 936 754 
1154 925 866 
996 876 676 
856 716 742 
1019 825 668 
1145 798 785 
973 769 874 
814 843 648 
940 957 767 
1173 877 836 
1148 883 760 
1135 944 669 
898 697 695 
860 762 693 
868 913 769 
873 866 624 
921 895 798 
846 994 898 
807 892 827 
881 951 643 
1039 926 671 
1045 857 772 
1191 999 736 
1093 990 607 
952 969 643 
1148 772 678 
978 954 721 
807 738 660 
1051 804 892 
1038 736 676 
1108 983 624 
1143 1040 731 
969 820 806 
965 767 624 
1129 917 626 
1016 972 763 
915 697 796 
1169 729 663 
1119 785 790 
1010 837 804 
1165 757 777 
1188 954 848 
1014 878 794 
894 852 845 
950 744 816 
929 708 647 
854 804 759 
1159 832 767 
936 1044 870 
