50 2 20
36 50
1700 77 85 96 112 130 149 169 187 203 214 222 225 222 214 203 187 169 150 130 112 96 85 77 75 77 85 96 112 130 149 169 187 203 214 222 225 222 214 203 187 169 150 130 112 96 85 77 75 77 85 
100000 5170 5669 6464 7499 8705 9999 11294 12499 13535 14330 14829 15000 14829 14330 13535 12500 11294 10000 8705 7500 6464 5669 5170 5000 5170 5669 6464 7499 8705 9999 11294 12499 13535 14330 14829 15000 14829 14330 13535 12500 11294 10000 8705 7500 6464 5669 5170 5000 5170 5669 
1482 1433 1353 1250 1129 1000 870 750 646 566 517 500 517 566 646 749 870 999 1129 1249 1353 1433 1482 1499 1482 1433 1353 1250 1129 1000 870 750 646 566 517 500 
549 531 684 725 762 1093 1201 1159 1192 1705 1698 1578 1398 1495 
520 551 617 618 1034 916 1004 1069 1378 1434 1585 1692 1509 1698 
449 666 664 615 874 1137 1317 1174 1107 1516 1317 1531 1398 1211 
438 544 727 860 727 1195 916 1443 1212 1314 1569 1207 1330 1295 
508 557 549 687 810 1193 970 1242 1524 1599 1473 1479 1239 1577 
605 489 773 612 812 925 1253 1405 1093 1260 1472 1761 1692 1274 
497 566 572 863 917 812 1174 1421 1147 1253 1210 1553 1340 1636 
431 523 636 713 890 1015 1189 1461 1497 1339 1240 1578 1478 1305 
592 592 606 667 983 959 1258 1059 1433 1683 1495 1617 1228 1562 
511 552 615 652 718 1049 1196 1407 1616 1619 1574 1431 1349 1520 
612 563 718 646 742 1116 1284 1332 1381 1431 1410 1484 1657 1172 
422 485 530 822 964 1126 1155 1180 1261 1372 1471 1393 1295 1639 
469 574 597 800 1017 1001 1015 1238 1130 1613 1229 1274 1538 1453 
518 486 572 806 1014 1077 1029 1174 1266 1282 1197 1493 1430 1608 
440 483 572 662 887 1173 1315 1001 1549 1594 1398 1568 1412 1430 
485 545 593 668 970 819 1303 1333 1336 1193 1365 1575 1596 1676 
584 476 625 681 737 975 1006 1073 1291 1504 1611 1497 1190 1366 
551 601 646 633 898 1010 1058 1127 1577 1625 1563 1354 1568 1294 
419 594 627 848 1009 887 931 1211 1245 1382 1470 1608 1501 1211 
611 500 758 703 980 959 1254 1205 1228 1564 1645 1361 1593 1639 
441 499 767 716 937 943 1012 1305 1618 1330 1564 1263 1710 1252 
477 573 666 712 854 967 1152 1333 1382 1361 1417 1568 1492 1416 
612 655 774 660 1010 1081 1154 1432 1564 1617 1733 1592 1598 1351 
422 541 625 859 750 851 1337 1425 1423 1503 1258 1392 1609 1619 
488 545 520 728 915 1083 1277 1330 1236 1402 1263 1373 1512 1700 
487 468 636 826 961 1021 1263 1261 1381 1512 1754 1475 1476 1453 
465 509 575 813 889 1175 921 1246 1536 1306 1338 1651 1476 1476 
618 564 762 814 875 1063 1162 1198 1559 1209 1335 1319 1257 1680 
556 584 683 627 1004 942 953 1356 1451 1628 1470 1670 1778 1219 
507 614 661 812 713 1001 1220 1482 1336 1707 1282 1586 1228 1593 
489 659 666 781 742 823 1033 1223 1251 1447 1475 1338 1359 1262 
579 596 739 825 936 995 1076 1464 1512 1491 1645 1546 1414 1309 
455 526 673 751 718 1049 1238 1484 1130 1271 1315 1782 1286 1489 
531 539 719 775 723 1034 1138 1306 1256 1582 1598 1674 1374 1295 
511 539 650 765 876 1091 1060 1223 1412 1317 1491 1234 1311 1632 
582 510 628 718 924 1199 1080 1010 1603 1387 1433 1285 1659 1671 
427 524 595 654 851 870 1002 1237 1493 1506 1631 1790 1551 1632 
598 594 517 660 720 841 1095 1347 1162 1515 1308 1202 1606 1216 
482 622 690 620 1017 1197 914 1141 1455 1565 1742 1482 1446 1291 
592 615 526 647 1037 852 1263 1003 1377 1462 1669 1351 1504 1483 
445 568 560 870 834 1114 1163 1022 1365 1596 1398 1620 1505 1595 
456 606 751 691 815 983 981 1040 1599 1589 1654 1474 1431 1629 
539 632 622 846 696 1184 1255 1090 1125 1495 1334 1434 1763 1215 
571 633 691 611 927 1173 1063 1476 1305 1288 1580 1464 1245 1407 
414 502 629 733 752 1197 1102 1031 1282 1304 1528 1564 1299 1443 
521 538 576 868 802 854 961 1086 1099 1617 1670 1703 1724 1341 
516 460 721 840 804 963 1340 1019 1172 1449 1429 1642 1608 1618 
453 463 747 837 804 1193 940 1236 1422 1444 1341 1696 1263 1507 
450 469 583 662 698 1043 1127 1079 1316 1515 1754 1517 1583 1157 
451 679 603 733 990 1030 1212 1335 1426 1673 1288 1616 1769 1697 
