20 2 20
7 100
1700 77 85 96 112 130 149 169 187 203 214 222 225 222 214 203 187 169 150 130 112 
100000 5170 5669 6464 7499 8705 9999 11294 12499 13535 14330 14829 15000 14829 14330 13535 12500 11294 10000 8705 7500 
1482 1433 1353 1250 1129 1000 870 
878 597 612 483 249 596 410 297 742 1013 1401 1434 1913 
396 421 551 424 783 244 505 746 622 1334 1068 488 1877 
444 822 575 265 716 541 575 454 764 761 1454 670 1003 
838 577 773 660 398 693 882 586 956 583 1085 817 1615 
1005 475 524 227 518 345 888 722 788 815 881 944 515 
1168 595 535 398 749 434 467 553 1007 638 1223 824 771 
856 899 349 258 367 248 774 336 967 931 927 1336 1079 
960 680 613 565 467 344 271 725 778 757 1095 516 534 
337 577 736 655 419 617 803 544 445 785 523 568 985 
912 276 486 675 772 771 476 706 327 793 922 1741 1832 
989 359 477 323 216 455 740 528 1094 1362 668 1328 690 
347 906 454 346 260 322 379 583 1063 554 1261 1155 980 
1128 839 871 252 635 585 325 528 926 470 1512 961 1397 
399 949 599 354 635 483 680 710 686 969 409 1075 921 
328 563 365 442 594 214 274 1021 402 553 1342 792 1136 
1089 298 286 414 761 436 264 607 452 363 1395 1478 640 
757 372 659 388 459 667 863 684 1138 578 685 1066 1613 
604 930 725 264 607 678 227 513 446 1192 587 1245 1075 
938 370 483 351 793 398 520 858 511 388 1127 1597 758 
1145 457 471 605 350 746 742 345 936 693 1119 1503 1400 
878 840 820 337 488 293 419 549 634 928 437 972 1839 
696 842 852 645 301 673 420 858 990 1101 1121 1276 1304 
956 441 835 559 538 296 449 726 321 725 411 740 887 
621 459 743 671 488 300 309 269 486 1052 1165 1336 1092 
1015 453 765 391 396 396 611 669 1113 1370 1223 1404 1897 
1035 820 886 730 400 322 348 661 435 1362 1431 701 1451 
584 850 683 528 694 316 467 620 880 1109 1141 512 1153 
1103 410 275 313 759 347 791 575 740 742 497 573 1288 
1069 553 564 746 611 604 514 292 368 788 619 1308 800 
1120 673 820 386 245 283 718 510 1138 891 507 727 1137 
727 618 714 747 476 624 351 601 386 1346 488 1330 1350 
390 636 432 587 710 705 857 404 574 735 477 967 1269 
809 635 701 218 240 659 428 675 923 1361 708 1120 1462 
906 649 674 504 202 486 619 819 714 1362 427 928 1545 
1018 406 300 219 757 732 847 650 427 520 694 740 812 
696 920 555 770 469 570 740 591 847 1137 1483 782 1567 
1036 674 279 472 651 363 245 486 1170 659 952 1004 610 
844 846 607 444 614 529 229 618 625 674 1120 1255 1570 
788 672 549 443 552 415 245 660 953 810 1157 1084 513 
1172 749 629 598 779 506 392 970 1049 709 784 1140 722 
758 570 794 578 472 775 560 454 1130 680 1106 1638 1737 
960 783 589 413 232 419 339 263 1149 422 864 841 1585 
719 418 372 580 449 757 699 444 577 1069 620 556 1826 
912 346 526 718 410 766 810 769 535 1309 1092 582 1136 
490 832 482 600 413 325 712 644 561 750 949 903 1162 
623 288 712 214 351 395 787 855 582 703 847 682 1860 
631 480 345 478 685 755 626 806 399 1145 730 1314 1159 
403 332 808 713 612 760 285 877 393 755 1409 857 1677 
605 531 669 299 655 357 550 534 838 1272 984 822 1542 
1124 886 851 424 736 761 269 543 791 1019 693 1679 1384 
1043 946 896 571 433 677 899 886 966 851 419 1225 1419 
581 576 233 582 750 399 760 1014 609 981 1167 1526 1909 
358 518 264 453 236 755 793 789 915 954 472 496 1398 
1008 303 745 523 763 446 292 682 974 462 1279 1038 607 
370 550 760 452 394 787 474 601 430 1007 1188 1569 1997 
938 719 397 683 794 686 380 667 1182 374 1286 951 1603 
900 941 505 350 365 752 607 601 612 899 568 1583 1489 
688 1009 581 646 268 807 751 290 634 1328 531 1579 1871 
782 816 612 645 260 427 326 278 651 891 729 1343 1742 
360 627 391 435 210 557 371 685 965 1342 755 1616 907 
810 309 881 801 689 506 868 375 623 1314 513 691 618 
888 568 427 257 316 369 817 310 834 973 945 1693 551 
1098 299 798 678 353 335 863 873 483 557 980 999 611 
342 912 780 720 505 379 277 458 1065 943 1150 731 1331 
967 629 834 649 656 513 867 505 791 1117 652 678 692 
623 1029 631 400 799 657 751 786 427 1131 1311 826 1159 
527 315 790 472 786 784 795 751 1003 1343 846 1171 1470 
742 1004 433 359 400 420 850 747 1192 867 912 673 917 
974 274 415 472 394 671 322 601 451 793 1431 1667 1104 
884 462 857 353 456 767 646 798 641 718 984 453 1937 
644 519 875 637 271 281 328 959 1014 461 868 1596 720 
329 348 760 271 465 342 870 882 1186 415 1372 1240 1752 
370 822 903 824 643 406 559 776 583 1028 1353 1047 797 
832 766 557 308 446 806 575 584 310 1324 1186 1504 1697 
609 308 757 610 512 443 333 999 385 1208 894 707 728 
406 983 900 740 785 473 379 401 609 400 1571 1481 712 
339 1004 593 649 372 406 419 804 777 621 1031 1240 1544 
763 299 587 266 250 547 849 942 523 825 474 1266 936 
905 690 347 774 296 688 344 903 368 1278 1218 1092 1249 
326 784 432 439 716 320 702 828 540 435 1451 1566 1064 
1152 884 356 592 610 590 486 329 649 809 722 1625 816 
445 782 603 584 233 414 746 884 995 1197 1276 1565 1470 
727 865 831 690 250 776 662 947 426 529 1446 968 1307 
310 449 647 612 471 689 797 593 446 803 1258 1261 837 
946 274 602 704 520 418 278 578 517 711 898 514 779 
805 918 793 562 258 419 548 285 613 716 606 1423 631 
671 470 397 792 542 406 520 827 548 1160 1552 1273 1716 
382 330 555 743 417 537 730 518 574 787 1153 1755 1587 
977 553 820 365 251 506 668 671 1072 423 401 1206 779 
1149 751 536 493 268 468 463 732 685 820 1076 919 765 
371 949 404 316 517 276 308 494 468 899 594 1723 718 
914 865 417 274 217 480 247 452 950 471 851 609 952 
464 857 337 477 202 500 249 633 444 654 581 546 1364 
801 835 501 481 629 748 608 465 829 951 913 1632 1568 
937 697 720 672 544 621 509 604 1159 1250 1138 549 1427 
815 574 818 764 278 378 510 609 1108 1022 899 1498 641 
544 926 609 231 423 240 613 307 1020 806 1530 1473 699 
951 840 786 826 355 655 390 649 427 1199 1502 584 509 
926 735 704 819 650 397 552 885 920 1125 469 1080 1035 
645 707 556 725 477 442 379 603 643 1071 599 1409 741 
