50 2 20
26 5
1700 112 130 149 169 187 203 214 222 225 222 214 203 187 169 150 130 112 96 85 77 75 77 85 96 112 130 149 169 187 203 214 222 225 222 214 203 187 169 150 130 112 96 85 77 75 77 85 96 112 130 
100000 7499 8705 9999 11294 12499 13535 14330 14829 15000 14829 14330 13535 12500 11294 10000 8705 7500 6464 5669 5170 5000 5170 5669 6464 7499 8705 9999 11294 12499 13535 14330 14829 15000 14829 14330 13535 12500 11294 10000 8705 7500 6464 5669 5170 5000 5170 5669 6464 7499 8705 
1250 1129 1000 870 750 646 566 517 500 517 566 646 749 870 999 1129 1249 1353 1433 1482 1499 1482 1433 1353 1250 1129 
1000 896 736 642 544 514 502 491 566 645 744 859 965 1156 1228 1373 1460 1428 1531 1415 1379 1313 1270 1154 
969 879 731 621 550 534 475 531 571 619 752 827 1017 1091 1238 1343 1485 1475 1479 1547 1466 1406 1309 1180 
968 911 771 639 551 526 483 518 567 638 770 907 967 1131 1302 1378 1376 1459 1547 1454 1395 1327 1282 1092 
1042 857 747 622 541 539 506 501 589 668 760 890 993 1147 1286 1300 1368 1541 1555 1478 1421 1404 1235 1105 
998 835 741 642 552 506 477 522 557 675 722 872 966 1123 1226 1302 1430 1493 1514 1532 1384 1367 1295 1101 
