20 3 20
15 50
850 112 130 149 169 187 203 214 222 225 222 214 203 187 169 150 130 112 96 85 77 
850 149 174 199 225 249 270 286 296 300 296 286 270 250 225 200 174 150 129 113 103 
100000 7499 8705 9999 11294 12499 13535 14330 14829 15000 14829 14330 13535 12500 11294 10000 8705 7500 6464 5669 5170 
1250 1129 1000 870 750 646 566 517 500 517 566 646 749 870 999 
1174 1232 1357 1479 1529 
1179 1254 1334 1487 1487 
1163 1212 1326 1496 1442 
1076 1226 1411 1444 1554 
1153 1198 1363 1473 1439 
1092 1305 1411 1470 1462 
1109 1230 1358 1490 1464 
1125 1247 1373 1489 1447 
1093 1298 1326 1374 1424 
1079 1234 1417 1468 1495 
1130 1199 1403 1455 1465 
1096 1225 1286 1421 1509 
1140 1255 1390 1482 1540 
1075 1224 1351 1397 1460 
1103 1192 1289 1363 1446 
1119 1223 1289 1493 1534 
1073 1298 1310 1494 1551 
1083 1247 1297 1376 1481 
1135 1265 1339 1392 1498 
1152 1269 1335 1372 1449 
1148 1211 1286 1423 1555 
1180 1217 1306 1453 1447 
1116 1293 1321 1366 1520 
1163 1283 1398 1405 1530 
1092 1278 1392 1386 1509 
1138 1305 1325 1434 1512 
1096 1198 1386 1490 1506 
1129 1263 1401 1443 1428 
1119 1282 1353 1434 1509 
1109 1196 1406 1437 1541 
1134 1205 1289 1492 1451 
1138 1241 1343 1381 1454 
1082 1295 1410 1364 1548 
1163 1188 1376 1415 1551 
1104 1193 1328 1379 1442 
1152 1234 1305 1463 1440 
1182 1302 1295 1383 1430 
1112 1304 1413 1374 1433 
1158 1288 1417 1473 1429 
1073 1214 1395 1368 1511 
1160 1264 1297 1419 1488 
1134 1280 1375 1422 1555 
1184 1264 1319 1376 1556 
1104 1311 1339 1409 1438 
1140 1285 1364 1385 1522 
1129 1254 1396 1500 1473 
1073 1271 1317 1396 1478 
1138 1279 1395 1425 1547 
1174 1240 1408 1476 1411 
1103 1267 1325 1502 1489 
