50 6 20
16 50
340 75 77 85 96 112 130 149 169 187 203 214 222 225 222 214 203 187 169 150 130 112 96 85 77 75 77 85 96 112 130 149 169 187 203 214 222 225 222 214 203 187 169 150 130 112 96 85 77 75 77 
340 100 103 113 129 149 174 199 225 249 270 286 296 300 296 286 270 250 225 200 174 150 129 113 103 100 103 113 129 149 174 199 225 249 270 286 296 300 296 286 270 250 225 200 174 150 129 113 103 100 103 
340 125 129 141 161 187 217 249 282 312 338 358 370 375 370 358 338 312 282 250 217 187 161 141 129 125 129 141 161 187 217 249 282 312 338 358 370 375 370 358 338 312 282 250 217 187 161 141 129 125 129 
340 150 155 170 193 224 261 299 338 374 406 429 444 450 444 429 406 375 338 300 261 225 193 170 155 150 155 170 193 224 261 299 338 374 406 429 444 450 444 429 406 375 338 300 261 225 193 170 155 150 155 
340 175 180 198 226 262 304 349 395 437 473 501 519 525 519 501 473 437 395 350 304 262 226 198 180 175 180 198 226 262 304 349 395 437 473 501 519 525 519 501 473 437 395 350 304 262 226 198 180 175 180 
100000 5000 5170 5669 6464 7499 8705 9999 11294 12499 13535 14330 14829 15000 14829 14330 13535 12500 11294 10000 8705 7500 6464 5669 5170 5000 5170 5669 6464 7499 8705 9999 11294 12499 13535 14330 14829 15000 14829 14330 13535 12500 11294 10000 8705 7500 6464 5669 5170 5000 5170 
1499 1482 1433 1353 1250 1129 1000 870 750 646 566 517 500 517 566 646 
631 798 850 1244 1030 1276 1704 1565 1502 1565 1476 1423 1361 1200 1103 907 755 564 494 453 549 414 654 635 608 755 1009 1202 1254 1126 1631 1263 1785 1503 
760 741 875 932 1499 1543 1598 1561 1337 1341 1489 1126 1127 927 1068 823 710 616 665 619 531 546 628 692 887 1029 948 1180 1417 1439 1272 1440 1585 1434 
762 772 927 1036 1029 1426 1693 1412 1742 1499 1575 1245 1014 945 986 780 887 771 667 572 445 492 633 552 707 853 1138 1029 1337 1200 1421 1349 1735 1338 
708 842 1083 1003 1385 1447 1340 1570 1223 1604 1309 1096 1116 1005 877 899 797 735 488 572 455 449 517 753 801 832 1159 1347 1274 1601 1276 1758 1518 1646 
852 980 868 1091 1410 1319 1659 1607 1713 1582 1665 1289 1120 1238 1074 1029 605 567 486 548 433 552 466 642 649 923 1125 1045 1376 1335 1259 1188 1376 1587 
635 863 994 1007 1026 1544 1648 1406 1311 1398 1672 1497 1442 1036 802 986 776 705 513 565 544 444 558 517 814 968 1160 1008 1347 1534 1494 1727 1220 1380 
808 944 887 1250 1097 1260 1285 1417 1354 1360 1188 1157 1013 1227 906 756 611 634 536 425 501 545 487 620 693 724 934 948 1026 1341 1616 1197 1211 1723 
619 759 954 1163 1358 1250 1443 1371 1228 1699 1550 1473 1157 1055 869 879 792 773 619 419 500 577 646 559 718 946 1044 976 1420 1193 1291 1292 1342 1727 
821 1042 1086 1149 1084 1164 1470 1744 1431 1519 1336 1175 1286 1351 871 979 682 637 590 451 520 618 479 699 897 908 1173 963 1204 1215 1346 1705 1355 1367 
845 735 1162 1122 1177 1586 1221 1658 1431 1314 1351 1211 1285 1121 806 733 832 618 649 496 542 449 592 593 719 920 1087 977 1489 1124 1535 1234 1238 1556 
791 811 847 1124 1361 1532 1155 1548 1720 1773 1368 1112 1269 1325 1117 983 648 667 537 479 522 527 455 560 789 811 1070 1183 1219 1479 1705 1359 1497 1214 
755 823 1065 1315 1114 1127 1527 1376 1295 1589 1229 1507 1452 1123 891 721 670 632 648 526 400 564 639 644 887 940 1083 1135 1265 1576 1620 1389 1314 1424 
651 742 999 1336 1261 1433 1369 1540 1716 1384 1621 1610 1013 1241 972 1024 878 591 475 611 432 565 525 673 711 879 872 1300 1099 1225 1572 1505 1312 1439 
831 749 977 1232 1274 1160 1392 1248 1651 1471 1565 1529 1022 1034 846 919 739 533 629 515 440 561 459 700 855 759 958 995 1372 1518 1355 1527 1475 1293 
791 928 832 1242 1156 1333 1334 1655 1641 1703 1222 1119 1220 1040 1102 993 892 655 463 518 599 590 664 621 727 1008 1096 1050 1040 1190 1400 1272 1527 1725 
717 1022 1076 1181 1341 1234 1523 1658 1634 1749 1510 1525 1041 1232 924 1040 669 660 526 535 454 561 569 626 671 807 971 1249 1036 1486 1613 1332 1715 1378 
739 910 962 1320 1163 1541 1611 1600 1292 1528 1165 1455 1272 1042 851 877 827 617 500 598 418 457 616 542 667 900 868 1027 1159 1523 1621 1553 1348 1398 
768 796 1118 1184 1179 1176 1244 1666 1596 1376 1522 1248 1032 976 1113 896 758 593 641 417 525 428 680 727 606 912 860 944 1309 1423 1364 1532 1607 1500 
700 716 919 1051 1288 1403 1424 1666 1707 1262 1341 1259 1299 1039 1000 1002 781 767 541 565 400 505 539 584 784 1008 1004 1016 1458 1558 1579 1426 1461 1448 
760 769 1192 1285 1249 1587 1451 1347 1334 1758 1211 1397 1430 992 1006 872 713 693 499 480 495 469 509 620 827 862 1053 1204 1130 1224 1605 1422 1758 1753 
813 811 865 929 1176 1393 1692 1252 1778 1340 1608 1294 1440 1100 1181 905 687 551 453 478 556 435 585 618 605 773 851 921 1179 1568 1336 1663 1692 1576 
720 749 865 1000 1366 1571 1433 1205 1206 1305 1279 1567 1220 1026 1068 836 635 687 498 594 434 450 518 687 829 792 902 1017 1270 1127 1186 1350 1571 1645 
611 946 1095 1157 1398 1317 1497 1753 1397 1407 1220 1392 1236 1131 984 751 801 749 610 434 473 606 464 542 857 739 934 998 1472 1343 1533 1231 1365 1754 
633 839 1055 1286 1109 1399 1227 1601 1368 1464 1454 1439 1064 1021 1043 946 678 656 660 589 462 460 622 649 738 941 1060 1089 1453 1516 1365 1270 1779 1697 
761 868 1163 1177 1431 1108 1216 1200 1457 1733 1540 1087 1315 1001 1192 1025 686 532 538 615 543 570 596 561 633 713 846 1035 1045 1531 1365 1437 1633 1450 
667 741 1161 1325 1426 1295 1392 1305 1307 1208 1477 1422 1459 1299 1031 711 753 585 634 529 505 479 672 573 773 863 941 1317 1204 1460 1224 1548 1311 1700 
868 773 1056 1276 1270 1213 1208 1530 1506 1494 1205 1613 1296 967 990 901 666 761 635 607 515 535 460 748 701 923 825 1074 1221 1487 1301 1254 1610 1252 
785 928 992 1191 1225 1330 1550 1665 1523 1777 1635 1368 1241 924 980 798 621 755 458 554 537 548 551 677 701 785 811 1108 1216 1500 1339 1278 1735 1396 
806 982 1060 943 1329 1490 1260 1640 1561 1320 1272 1263 1081 1048 1172 785 628 734 504 511 447 570 494 571 898 756 837 1048 1070 1216 1453 1433 1392 1228 
786 865 835 1336 1011 1198 1607 1245 1703 1618 1289 1134 1466 910 926 792 835 688 586 482 504 458 490 566 642 990 1040 1182 1295 1342 1292 1491 1646 1337 
878 825 1167 1067 1068 1548 1701 1254 1694 1199 1492 1285 1460 916 1197 738 755 766 511 486 414 545 665 523 731 993 825 1022 1040 1144 1644 1537 1398 1352 
829 812 1199 928 1348 1604 1274 1694 1463 1539 1640 1619 1463 1060 918 913 671 717 676 515 460 438 589 742 881 897 846 1211 1157 1241 1528 1377 1443 1385 
753 725 1034 1057 1498 1456 1664 1210 1687 1714 1228 1315 1200 1178 921 955 860 664 575 414 447 608 490 602 717 1000 1147 1238 1263 1340 1524 1584 1504 1297 
800 1011 1165 1339 1213 1170 1239 1368 1598 1217 1451 1392 1127 1178 970 882 721 549 621 553 530 520 602 563 836 1016 1089 931 1154 1484 1458 1451 1465 1727 
889 857 965 1131 1012 1438 1707 1478 1566 1487 1636 1525 1037 1303 855 884 811 525 519 462 477 610 635 620 684 955 842 919 1448 1511 1647 1309 1413 1369 
669 944 890 996 1023 1418 1589 1633 1705 1724 1687 1612 1219 1306 1177 801 880 692 625 489 419 486 555 655 832 745 1023 1352 1199 1209 1441 1764 1331 1491 
693 717 919 1309 1186 1619 1675 1489 1731 1188 1420 1307 1248 962 962 736 807 636 531 524 538 576 453 707 671 927 1169 915 1042 1232 1538 1626 1532 1288 
789 831 1196 1014 1386 1274 1417 1778 1736 1746 1499 1356 1248 1321 1120 731 799 596 610 455 489 536 536 585 846 770 1173 1070 1451 1254 1682 1384 1446 1625 
724 1005 814 1019 1497 1539 1603 1723 1666 1635 1701 1396 1219 906 1068 910 706 726 621 534 419 433 665 520 642 960 848 1017 1078 1183 1415 1306 1595 1557 
696 743 983 1022 1381 1253 1531 1516 1528 1563 1527 1482 1211 904 1120 697 742 689 519 477 515 465 456 591 765 926 1057 998 1056 1413 1694 1493 1325 1776 
778 984 1134 1260 1104 1581 1682 1634 1356 1600 1412 1409 1186 1133 887 1006 762 747 572 481 412 443 538 708 761 951 845 1085 1377 1605 1291 1741 1708 1746 
759 882 1008 1000 1398 1453 1564 1267 1678 1276 1507 1298 1251 1088 859 930 608 581 461 591 549 577 611 755 813 905 1090 1225 1484 1167 1364 1703 1701 1393 
886 745 1107 1024 1144 1159 1661 1762 1408 1237 1624 1334 1070 1054 1122 911 865 599 630 455 540 576 593 731 825 990 1137 1329 1039 1467 1258 1559 1245 1628 
735 850 1151 1198 1357 1611 1446 1384 1608 1418 1295 1297 1021 1183 1115 951 771 635 646 454 401 476 667 723 700 933 1017 1084 1267 1278 1532 1437 1454 1327 
645 851 1062 1211 1187 1215 1423 1553 1779 1319 1372 1105 1071 1206 869 744 648 735 574 585 525 483 649 734 629 951 896 961 1375 1576 1275 1649 1493 1271 
780 762 933 1022 1325 1446 1398 1202 1790 1341 1468 1105 1305 1316 944 791 691 726 530 536 565 620 630 603 652 733 1012 1033 1181 1239 1709 1313 1745 1306 
616 760 1025 977 1290 1546 1378 1335 1726 1241 1652 1379 1456 1298 1164 779 854 523 586 582 469 553 603 533 736 1037 928 937 1223 1606 1370 1192 1447 1267 
769 977 802 1179 1358 1396 1226 1437 1770 1720 1710 1559 1201 1223 854 847 741 530 516 431 499 489 496 710 763 886 964 1155 1169 1354 1427 1544 1781 1428 
616 705 981 1085 1311 1609 1574 1734 1480 1404 1321 1300 1199 1344 1112 889 831 703 667 613 521 559 555 568 638 1038 1002 973 1302 1302 1182 1697 1669 1595 
782 863 1124 912 1086 1444 1704 1336 1565 1243 1178 1160 1392 1025 1095 899 821 624 636 478 485 543 582 538 636 711 911 1223 1049 1170 1696 1202 1592 1276 
