20 3 20
7 5
850 85 96 112 130 149 169 187 203 214 222 225 222 214 203 187 169 150 130 112 96 
850 113 129 149 174 199 225 249 270 286 296 300 296 286 270 250 225 200 174 150 129 
100000 5669 6464 7499 8705 9999 11294 12499 13535 14330 14829 15000 14829 14330 13535 12500 11294 10000 8705 7500 6464 
1433 1353 1250 1129 1000 870 750 
275 272 460 589 534 486 999 756 879 1147 682 1454 668 
437 797 717 755 511 605 591 336 1093 479 1440 1362 587 
816 857 615 383 592 275 677 409 958 1104 1626 915 1297 
748 550 711 789 217 580 264 854 1286 736 862 1501 2073 
650 679 265 336 599 435 410 789 1096 722 1467 1049 1220 
