50 2 20
26 50
1700 85 96 112 130 149 169 187 203 214 222 225 222 214 203 187 169 150 130 112 96 85 77 75 77 85 96 112 130 149 169 187 203 214 222 225 222 214 203 187 169 150 130 112 96 85 77 75 77 85 96 
100000 5669 6464 7499 8705 9999 11294 12499 13535 14330 14829 15000 14829 14330 13535 12500 11294 10000 8705 7500 6464 5669 5170 5000 5170 5669 6464 7499 8705 9999 11294 12499 13535 14330 14829 15000 14829 14330 13535 12500 11294 10000 8705 7500 6464 5669 5170 5000 5170 5669 6464 
1433 1353 1250 1129 1000 870 750 646 566 517 500 517 566 646 749 870 999 1129 1249 1353 1433 1482 1499 1482 1433 1353 
1959 1091 1316 666 837 1026 530 414 743 792 691 321 335 593 794 1555 723 2160 1793 2132 2102 888 1098 1245 
612 1222 1419 527 1074 950 775 590 356 429 706 328 422 846 737 604 811 1646 2145 2357 1904 998 1119 1541 
1134 708 1544 445 308 930 322 388 733 513 447 969 612 941 978 672 1861 1567 770 1671 770 2164 1994 1125 
957 1029 1510 486 310 669 250 374 217 652 352 540 333 410 804 1186 666 1305 2001 617 1399 1311 1783 2127 
513 1464 841 839 627 480 632 383 390 560 432 640 920 894 496 1437 1791 1600 2210 1983 1240 922 1141 1556 
735 1801 1150 804 1187 757 563 669 354 443 352 470 1133 855 1534 1219 1942 1708 2256 638 1754 1147 2114 1206 
1112 824 578 786 745 568 498 488 223 694 440 354 1113 606 1264 1299 1905 1242 1659 1608 2150 2365 706 1113 
1316 1394 673 1034 1058 813 750 334 651 264 232 507 372 951 1201 1011 1041 1798 2020 2346 995 2191 723 931 
1889 465 536 1277 606 299 251 366 781 545 682 475 627 634 1398 1094 1351 1885 769 1471 2096 1153 747 1109 
985 605 999 1286 345 1028 328 629 618 486 488 820 864 986 1251 950 1595 1403 1030 1940 1264 1033 670 609 
687 1025 864 1307 802 975 573 569 631 316 855 808 846 1028 764 1145 977 1034 1501 1551 750 1202 2000 925 
1877 631 788 1307 404 732 404 333 371 231 291 679 451 805 1058 1678 1899 1441 728 1009 948 1852 1929 1776 
1171 913 420 1147 444 753 889 756 329 238 562 696 1159 413 531 1435 1263 632 2035 1099 1790 1670 1802 1463 
1919 526 787 614 488 816 695 781 403 547 635 883 664 983 1072 1544 1852 871 1892 1415 1198 621 755 1905 
1765 549 1127 377 417 954 464 391 400 645 421 666 430 1351 1517 1774 1759 766 1289 643 1423 739 2039 2096 
1766 1439 981 713 1007 727 634 360 760 767 677 745 986 873 1167 844 892 1772 2275 1961 1656 1345 1067 1105 
1087 1176 1522 1155 346 729 878 683 506 816 448 981 1153 1060 1341 615 526 1495 1709 2207 2110 1174 1625 876 
1238 1362 1345 1051 492 894 480 792 217 444 887 527 315 818 1394 635 1935 1420 1119 2167 1583 2047 1771 701 
1891 964 1104 1034 961 1031 322 318 428 290 483 954 1020 953 1173 643 1070 1428 1747 639 1092 1651 1016 1233 
1755 718 1392 1236 660 492 374 385 253 671 751 754 1126 1242 1530 1547 1813 620 1945 717 982 2110 1272 1809 
1503 599 1085 405 1053 837 828 500 437 803 613 600 680 498 484 814 1282 1176 2099 1627 2314 2315 1565 806 
1280 1177 922 1170 669 651 774 314 626 437 554 761 1035 690 628 1241 1208 652 1598 1016 1721 716 1990 673 
1755 745 1543 539 742 347 532 691 470 787 238 734 705 482 1395 587 1871 1929 1612 2349 1349 1444 1436 1393 
1252 1760 774 1174 391 666 832 358 345 426 449 343 558 1181 1366 1359 1095 1856 1631 741 1461 635 1113 1855 
927 854 965 581 1137 305 899 542 505 406 539 736 347 1056 1029 1456 1310 791 1807 2369 926 1012 1842 1033 
1525 1717 1175 1079 963 426 863 217 451 614 879 628 976 1028 1197 912 675 584 789 956 1978 1321 1995 576 
684 697 605 819 400 543 351 595 337 396 817 983 807 817 660 1689 1264 721 1070 2081 1253 1570 1236 706 
1308 700 1290 356 861 508 730 211 787 344 282 292 399 1234 1501 521 1313 772 1237 996 1293 919 1468 783 
1008 524 430 722 607 856 807 500 550 280 284 610 392 1117 459 570 1533 1000 887 1153 1141 692 1548 1288 
1596 1639 1175 1378 954 724 265 734 372 268 277 312 624 401 1135 1224 1480 1153 1041 2253 1992 1825 1241 737 
1145 1244 1067 1160 1111 323 632 333 495 306 525 715 483 973 1454 1277 990 673 1759 2311 933 2093 662 2128 
1615 1426 1320 1194 568 995 382 475 783 561 651 964 503 1127 779 587 682 1951 2119 1276 1551 2010 2088 1332 
535 520 959 357 906 506 501 670 466 285 481 579 692 1376 1468 1564 1514 2008 840 877 1823 1614 2086 1252 
1254 572 1005 1063 754 669 774 215 522 378 459 360 1001 738 1290 999 1907 1840 997 672 667 2361 1492 1431 
1250 1074 712 1334 985 893 421 810 270 288 280 860 327 1241 679 705 1432 947 1609 1014 1586 1684 2273 2064 
504 665 1451 1363 342 949 340 422 796 417 495 761 359 816 852 1714 556 1395 1924 2212 775 1565 1594 1315 
1436 1370 1446 549 409 544 843 707 205 726 295 592 754 673 1163 1025 955 1936 1183 1710 1102 864 2011 553 
1900 475 563 669 1012 332 334 713 491 508 309 908 960 1065 522 1728 1883 1669 749 1709 1578 1671 1668 1261 
747 1203 742 561 465 521 358 432 239 561 895 382 563 1095 449 1284 1614 1874 1719 2337 1880 1187 619 1742 
949 1542 886 1118 649 914 705 547 746 319 683 777 887 484 1386 1306 932 1148 1471 1707 2171 1191 918 1746 
1282 513 596 761 729 875 890 246 376 493 825 959 623 1206 663 921 1199 1698 1162 1098 1781 1260 2186 2019 
577 1571 755 1218 1110 728 526 543 527 668 645 902 791 635 504 794 1474 829 1841 1015 2167 665 1274 2025 
1027 912 967 638 530 750 636 684 438 548 355 938 1052 1282 888 1571 699 1703 1203 2363 1548 1830 1162 715 
1562 1377 1041 1205 687 826 455 701 607 501 621 916 846 545 1261 790 1946 1171 1310 2059 1018 1103 1585 1961 
785 1783 527 948 411 800 613 765 441 783 343 803 875 1225 1501 465 732 1752 1474 881 2328 666 631 1929 
1970 990 1104 1087 965 715 444 477 333 692 817 428 418 1020 920 957 887 679 2108 2196 946 646 2132 600 
621 455 1012 718 892 965 322 554 361 739 621 670 388 688 1334 1437 992 1475 623 1570 1395 1677 1352 1735 
1097 1178 742 769 1091 790 841 720 410 400 286 670 425 594 968 1549 876 971 1721 1062 862 1908 2269 1248 
795 499 770 507 334 564 895 619 521 759 417 387 823 1298 820 1541 1178 2098 828 1952 2281 899 1111 1383 
1902 905 942 1234 1028 871 776 650 268 243 751 714 1199 885 669 870 1969 2120 838 792 1095 1522 1492 1931 
