5 3 20
2 100
850 112 130 149 169 187 
850 149 174 199 225 249 
100000 7499 8705 9999 11294 12499 
1250 1129 
1025 795 783 
1118 820 885 
808 955 827 
1095 886 866 
813 768 889 
804 1034 635 
848 931 639 
1020 1039 864 
893 919 830 
1057 995 703 
809 873 660 
813 781 803 
843 792 865 
1121 733 794 
925 700 782 
1167 912 700 
842 851 842 
818 850 641 
907 723 600 
1132 719 615 
1182 832 892 
822 808 724 
1092 957 611 
1154 867 858 
1114 900 881 
1100 962 790 
816 705 644 
805 1003 867 
972 825 773 
916 839 601 
1094 842 888 
932 833 823 
966 943 890 
830 929 880 
847 986 842 
904 706 613 
970 807 627 
897 827 818 
961 966 652 
1107 736 802 
1105 1038 614 
1071 992 897 
1026 856 769 
971 762 812 
1052 800 866 
838 968 783 
1012 975 785 
1060 863 783 
1069 938 835 
886 991 768 
1170 989 889 
1122 912 814 
1075 1011 786 
1025 850 687 
1190 922 791 
1029 964 750 
1160 972 819 
1159 856 608 
1103 772 753 
899 964 814 
1083 943 868 
1150 875 823 
968 834 793 
934 882 863 
927 780 675 
1152 873 622 
1028 824 888 
868 789 655 
863 894 696 
1050 1029 883 
985 951 636 
1152 959 700 
998 792 825 
1020 1036 678 
848 941 616 
974 794 705 
856 984 884 
993 817 702 
847 860 606 
844 840 860 
1066 887 689 
1079 884 740 
834 779 778 
840 788 893 
813 826 614 
1119 736 677 
1071 1037 762 
1035 835 632 
817 735 781 
1017 851 663 
846 850 868 
821 716 605 
1002 899 691 
830 728 641 
1180 852 677 
835 981 721 
1016 804 719 
1058 974 847 
905 1031 785 
1004 832 646 
