50 3 20
36 5
850 112 130 149 169 187 203 214 222 225 222 214 203 187 169 150 130 112 96 85 77 75 77 85 96 112 130 149 169 187 203 214 222 225 222 214 203 187 169 150 130 112 96 85 77 75 77 85 96 112 130 
850 149 174 199 225 249 270 286 296 300 296 286 270 250 225 200 174 150 129 113 103 100 103 113 129 149 174 199 225 249 270 286 296 300 296 286 270 250 225 200 174 150 129 113 103 100 103 113 129 149 174 
100000 7499 8705 9999 11294 12499 13535 14330 14829 15000 14829 14330 13535 12500 11294 10000 8705 7500 6464 5669 5170 5000 5170 5669 6464 7499 8705 9999 11294 12499 13535 14330 14829 15000 14829 14330 13535 12500 11294 10000 8705 7500 6464 5669 5170 5000 5170 5669 6464 7499 8705 
1250 1129 1000 870 750 646 566 517 500 517 566 646 749 870 999 1129 1249 1353 1433 1482 1499 1482 1433 1353 1250 1129 1000 870 750 646 566 517 500 517 566 646 
809 713 865 926 1494 1096 1668 1255 1734 1756 1360 1259 1097 909 
894 775 912 1135 1418 1466 1368 1492 1777 1560 1496 1183 1004 951 
885 701 998 959 1146 1248 1257 1653 1548 1745 1574 1530 1075 1288 
631 924 976 986 1451 1433 1159 1566 1391 1717 1273 1593 1285 957 
670 1005 1039 906 1021 1615 1168 1555 1781 1262 1202 1192 1128 1023 
