20 2 20
11 50
1700 96 85 77 75 77 85 96 112 130 149 169 187 203 214 222 225 222 214 203 187 
100000 6464 5669 5170 5000 5170 5669 6464 7499 8705 9999 11294 12499 13535 14330 14829 15000 14829 14330 13535 12500 
1353 1433 1482 1499 1482 1433 1353 1250 1129 1000 870 
777 933 267 429 721 547 283 778 402 
594 312 326 309 419 491 374 258 718 
443 805 897 509 307 408 419 677 1138 
407 574 671 258 383 554 343 466 751 
1036 693 578 712 657 748 740 823 905 
816 408 427 729 769 812 613 361 1036 
1125 861 468 686 603 316 615 760 473 
362 962 531 700 777 809 549 807 581 
732 893 512 730 305 824 692 966 867 
1100 672 811 227 665 276 807 693 832 
944 388 501 339 710 440 275 986 900 
679 294 828 587 224 447 604 754 757 
646 452 785 305 710 564 715 784 427 
976 516 636 518 757 826 247 915 546 
347 1021 584 815 576 453 382 1023 667 
498 701 611 649 546 503 604 806 719 
1164 563 315 805 425 663 474 581 980 
1037 397 596 401 402 216 904 808 302 
421 457 346 554 493 464 288 591 891 
977 337 713 620 564 444 781 329 759 
414 498 370 226 716 446 657 514 917 
758 392 811 226 517 437 368 264 1190 
723 673 887 713 323 566 481 364 522 
933 656 507 604 765 363 667 334 775 
594 916 535 737 389 510 348 542 1083 
458 442 432 405 345 321 789 419 744 
1033 603 823 710 324 340 710 917 785 
963 320 580 495 397 601 579 612 688 
317 701 841 609 543 612 463 598 456 
1098 788 833 680 391 613 622 775 599 
778 996 436 754 356 338 501 483 1176 
482 440 771 312 326 260 661 598 467 
707 854 256 426 258 259 387 774 813 
521 738 270 370 728 466 267 726 627 
304 668 559 774 502 367 593 410 1063 
472 470 345 264 680 699 509 550 871 
381 713 452 474 519 406 441 891 892 
510 479 250 744 343 630 697 312 1148 
440 998 863 392 475 340 774 452 655 
893 918 628 282 624 592 730 785 1034 
764 790 277 577 387 680 751 813 601 
791 981 602 421 512 358 284 863 1015 
921 1009 482 539 254 374 800 549 995 
1057 743 559 333 674 430 616 989 314 
437 594 724 381 327 465 295 881 1191 
647 495 767 449 479 796 892 373 563 
432 635 881 797 524 302 571 542 347 
902 937 437 633 513 565 772 446 533 
907 320 405 815 284 746 290 700 358 
468 540 648 674 424 670 570 542 833 
