20 6 20
15 100
340 130 112 96 85 77 75 77 85 96 112 130 149 169 187 203 214 222 225 222 214 
340 174 150 129 113 103 100 103 113 129 149 174 199 225 249 270 286 296 300 296 286 
340 217 187 161 141 129 125 129 141 161 187 217 249 282 312 338 358 370 375 370 358 
340 261 225 193 170 155 150 155 170 193 224 261 299 338 374 406 429 444 450 444 429 
340 304 262 226 198 180 175 180 198 226 262 304 349 395 437 473 501 519 525 519 501 
100000 8705 7500 6464 5669 5170 5000 5170 5669 6464 7499 8705 9999 11294 12499 13535 14330 14829 15000 14829 14330 
1129 1249 1353 1433 1482 1499 1482 1433 1353 1250 1129 1000 870 750 646 
531 566 547 580 466 
561 547 510 606 669 
589 510 422 602 539 
600 505 579 536 478 
664 479 463 452 533 
653 558 421 518 528 
596 492 563 613 455 
531 555 589 576 550 
557 574 462 517 524 
459 429 589 604 606 
575 556 454 441 674 
651 494 465 432 566 
552 586 482 541 661 
597 422 477 501 514 
665 554 534 422 500 
557 472 432 552 596 
462 461 416 542 463 
502 468 481 536 490 
610 438 421 583 590 
472 613 501 468 546 
585 458 493 600 584 
564 585 494 497 668 
464 577 444 417 599 
553 499 551 479 492 
582 474 505 545 513 
643 478 436 519 615 
469 616 441 502 510 
513 495 437 556 624 
627 588 510 442 482 
639 536 549 473 639 
618 441 430 615 588 
640 486 452 441 660 
524 560 563 572 465 
539 540 506 531 581 
514 540 437 448 456 
671 543 554 472 513 
518 475 510 592 543 
636 590 505 526 529 
479 591 469 476 644 
573 537 476 485 470 
626 494 401 510 497 
470 559 429 582 534 
459 577 548 606 527 
572 531 543 464 615 
621 440 555 457 640 
599 503 422 421 590 
616 589 570 573 529 
636 421 510 495 492 
679 494 420 460 615 
522 421 571 446 680 
603 500 508 531 478 
622 445 445 594 558 
519 423 491 496 665 
492 542 445 556 556 
522 437 540 423 628 
581 613 569 447 504 
652 470 595 577 516 
546 533 565 616 655 
542 541 597 530 627 
651 482 475 462 548 
643 507 425 546 606 
641 465 577 414 640 
599 528 529 519 460 
467 414 453 436 549 
488 582 438 561 562 
645 479 402 532 576 
564 446 578 431 460 
456 595 518 565 539 
461 486 573 495 593 
460 542 510 512 586 
476 433 550 522 556 
675 587 485 466 486 
549 443 536 481 673 
618 545 417 518 573 
538 477 597 495 618 
649 444 497 525 611 
496 550 483 619 469 
656 479 545 590 611 
494 453 568 416 469 
654 604 517 425 523 
670 452 460 422 568 
624 527 537 583 653 
571 620 467 545 542 
650 542 425 599 538 
462 592 434 554 461 
528 596 579 478 619 
646 563 570 506 593 
463 614 413 446 494 
554 529 455 428 646 
564 585 409 440 631 
516 502 523 416 629 
617 497 521 480 572 
549 426 412 614 460 
576 492 573 508 643 
640 466 406 457 566 
595 489 409 414 561 
579 572 499 516 574 
464 414 404 534 613 
578 415 450 481 498 
515 527 407 543 489 
