50 3 20
26 100
850 85 77 75 77 85 96 112 130 149 169 187 203 214 222 225 222 214 203 187 169 150 130 112 96 85 77 75 77 85 96 112 130 149 169 187 203 214 222 225 222 214 203 187 169 150 130 112 96 85 77 
850 113 103 100 103 113 129 149 174 199 225 249 270 286 296 300 296 286 270 250 225 200 174 150 129 113 103 100 103 113 129 149 174 199 225 249 270 286 296 300 296 286 270 250 225 200 174 150 129 113 103 
100000 5669 5170 5000 5170 5669 6464 7499 8705 9999 11294 12499 13535 14330 14829 15000 14829 14330 13535 12500 11294 10000 8705 7500 6464 5669 5170 5000 5170 5669 6464 7499 8705 9999 11294 12499 13535 14330 14829 15000 14829 14330 13535 12500 11294 10000 8705 7500 6464 5669 5170 
1433 1482 1499 1482 1433 1353 1250 1129 1000 870 750 646 566 517 500 517 566 646 749 870 999 1129 1249 1353 1433 1482 
1765 1402 1402 1291 1425 1163 1049 893 813 562 475 585 475 474 675 731 730 714 1068 1138 1492 1453 1382 1734 
1384 1703 1200 1086 1023 1157 1091 941 603 763 532 527 435 593 620 745 890 789 1126 930 1222 1118 1161 1597 
1481 1204 1454 1289 1219 1322 1063 991 810 691 518 415 444 555 610 758 787 755 1027 959 1079 1379 1492 1273 
1642 1636 1419 1099 1299 1184 1035 843 812 526 546 614 494 448 617 753 867 839 1076 1042 1360 1228 1149 1715 
1632 1753 1168 1124 1317 1289 911 1031 885 676 664 605 409 432 458 698 846 975 1130 1096 1203 1182 1153 1574 
1226 1390 1304 1488 1363 1128 1152 937 810 736 658 562 482 436 572 718 602 836 902 1027 1481 1466 1368 1230 
1770 1580 1456 1211 1267 1287 1059 848 835 602 504 523 480 546 510 593 732 1036 1009 1227 1135 1485 1619 1717 
1664 1343 1572 1592 1245 1258 993 1016 810 658 572 461 423 442 562 641 665 981 1177 992 1435 1119 1583 1482 
1371 1220 1424 1118 1474 1022 955 851 774 762 659 442 547 566 638 635 645 1034 1190 1167 1192 1140 1184 1687 
1748 1690 1175 1423 1116 1010 1113 1028 612 623 586 437 432 472 483 624 670 974 992 1095 1396 1123 1495 1638 
1709 1214 1317 1522 1266 1316 1077 848 872 533 541 425 510 559 544 555 898 1027 1140 1151 1299 1354 1549 1557 
1204 1628 1381 1462 1349 1083 1125 954 841 642 482 573 545 580 534 775 811 934 805 927 1431 1147 1387 1431 
1732 1289 1443 1300 1451 1228 983 958 791 598 650 456 495 496 474 556 750 898 922 1209 1053 1155 1595 1262 
1370 1507 1266 1370 1083 1003 946 1020 882 563 463 424 539 584 561 595 701 914 894 1145 1056 1555 1621 1538 
1737 1324 1666 1121 1387 1051 962 785 626 530 559 569 487 588 562 703 852 927 840 1004 1284 1518 1463 1565 
1671 1422 1217 1414 1282 1218 850 873 720 757 501 588 560 604 540 688 608 774 1002 1047 1305 1583 1563 1570 
1644 1722 1485 1610 1038 1234 883 1031 638 759 534 562 550 589 635 565 874 956 1091 1010 1117 1375 1483 1466 
1492 1582 1294 1179 1300 1120 1114 842 680 719 595 561 549 575 607 597 894 747 1192 1115 1288 1298 1376 1633 
1674 1404 1247 1530 1040 1310 1047 922 695 666 652 542 456 543 465 669 753 965 1014 992 1036 1201 1669 1531 
1456 1494 1291 1530 1446 1134 872 761 857 531 567 524 463 582 632 518 850 957 1094 1032 1252 1397 1518 1514 
1220 1743 1649 1362 1260 1085 1033 871 607 555 602 434 506 504 479 596 722 932 1144 1190 1447 1187 1218 1302 
1697 1523 1389 1160 1039 1193 963 888 860 760 548 436 504 576 473 684 837 945 1158 1326 1150 1377 1664 1642 
1324 1594 1512 1480 1364 917 953 945 766 521 624 521 558 456 655 690 751 708 857 1248 1237 1577 1451 1446 
1333 1481 1652 1262 1479 1021 1183 725 747 553 551 576 541 501 460 751 822 927 1098 940 1197 1502 1356 1679 
1752 1226 1299 1409 1375 1097 1097 745 682 611 625 542 449 441 547 671 887 931 821 946 1340 1383 1294 1753 
1546 1589 1522 1535 1304 1321 1131 978 764 640 501 434 538 426 515 738 712 969 1151 1126 1437 1512 1218 1487 
1670 1501 1459 1242 1237 1225 1188 1007 819 731 667 442 425 483 678 574 687 801 1049 933 1300 1432 1368 1507 
1454 1667 1615 1605 1255 1340 1064 991 780 657 489 491 576 468 633 668 698 857 918 1212 1302 1509 1309 1496 
1515 1285 1358 1440 1378 948 827 1040 835 543 537 498 559 511 523 646 757 742 947 1207 1330 1453 1187 1635 
1785 1500 1498 1362 1335 968 1141 702 627 594 573 493 480 504 458 733 689 1008 1019 1145 1177 1206 1193 1297 
1275 1376 1641 1543 1269 1143 1147 1032 821 666 458 417 584 488 583 737 690 874 961 941 1376 1499 1529 1522 
1355 1209 1480 1301 1378 1011 1081 862 736 703 580 606 443 509 672 675 646 952 1143 1316 1462 1353 1159 1195 
1762 1313 1440 1596 1494 1039 860 872 733 765 663 499 511 538 594 719 606 884 1033 1028 1182 1206 1640 1748 
1339 1625 1538 1235 1105 1222 1004 815 673 623 589 519 452 480 528 729 628 937 896 1041 1133 1365 1147 1401 
1687 1530 1308 1401 1305 1206 1112 718 733 753 516 524 456 459 468 648 883 941 1047 1196 1348 1208 1597 1500 
1751 1690 1387 1175 1191 1029 1089 804 683 576 505 603 512 563 603 747 821 756 1052 1099 1308 1287 1388 1208 
1332 1350 1574 1396 1188 1132 1125 866 629 685 582 504 470 467 543 665 701 865 880 1199 1398 1315 1234 1313 
1515 1202 1700 1126 1323 1179 819 798 818 754 539 593 471 564 551 619 682 1010 804 1305 1303 1591 1337 1741 
1431 1732 1266 1373 1424 1311 1055 924 805 668 615 604 556 505 481 642 777 698 852 1096 1336 1391 1359 1659 
1540 1188 1312 1426 1267 1304 1032 707 682 702 561 547 446 488 501 692 771 886 1011 1242 1203 1346 1457 1579 
1441 1490 1624 1355 1154 1262 836 725 768 764 492 442 500 572 656 602 700 919 976 1084 1213 1151 1537 1539 
1200 1306 1307 1461 1430 1110 1171 949 666 518 576 557 447 467 625 641 693 817 1052 1000 1418 1268 1575 1278 
1417 1218 1585 1393 1440 1173 1033 891 678 630 467 464 492 446 593 624 774 920 1007 1327 1190 1581 1301 1229 
1402 1400 1646 1085 1418 1109 937 927 785 754 529 469 401 470 491 664 633 952 873 1000 1247 1345 1525 1369 
1488 1292 1295 1363 1325 1276 893 966 788 716 525 414 555 425 588 740 851 967 895 1333 1098 1489 1378 1463 
1664 1284 1243 1500 1105 1098 1134 988 715 766 560 426 582 436 675 608 794 1028 1037 928 1443 1182 1221 1545 
1333 1649 1605 1306 1400 1226 1192 1022 883 620 627 500 566 430 598 588 669 1021 831 1146 1000 1089 1462 1428 
1394 1702 1472 1263 1188 1341 923 898 733 688 579 578 428 609 522 648 836 940 1178 913 1272 1419 1303 1622 
1454 1557 1277 1225 1364 1291 1087 835 615 537 523 489 483 545 498 601 792 961 901 1169 1256 1259 1433 1513 
1758 1730 1655 1499 1257 1046 1070 757 851 561 518 598 574 428 672 676 810 951 845 914 1079 1360 1483 1318 
1452 1776 1646 1418 1087 1271 965 796 743 647 679 455 573 524 565 620 844 796 1131 1097 1085 1171 1431 1302 
1560 1527 1428 1364 1354 906 1195 868 858 746 590 426 470 512 590 717 898 871 1156 998 1347 1484 1200 1215 
1300 1361 1526 1202 1171 1241 893 740 767 762 493 497 429 543 595 571 752 887 1143 1100 1126 1337 1353 1729 
1514 1511 1383 1091 1033 1123 1026 912 652 543 636 610 414 522 639 576 853 970 846 1168 1261 1609 1401 1353 
1424 1595 1298 1407 1017 923 1071 856 770 742 595 453 403 500 615 631 775 770 1000 1201 1002 1240 1497 1290 
1321 1550 1422 1247 1429 1238 844 858 883 673 606 570 567 525 516 775 630 800 1121 1201 1273 1237 1180 1600 
1570 1614 1262 1472 1381 1327 1077 862 851 660 602 443 427 563 456 609 651 764 859 1111 1381 1297 1490 1759 
1544 1330 1400 1447 1313 1317 1139 836 886 601 586 589 587 506 647 644 730 807 901 923 1159 1514 1285 1426 
1484 1746 1707 1406 1443 969 1119 920 867 702 512 586 439 463 462 627 827 802 1020 957 1041 1573 1502 1438 
1281 1316 1198 1230 1161 1328 1051 1007 822 759 604 498 449 498 624 556 732 811 877 947 1086 1237 1328 1466 
1586 1505 1264 1586 1362 1117 889 806 767 557 502 507 409 460 614 762 700 990 1174 1117 1429 1576 1176 1458 
1242 1351 1369 1487 1211 977 832 730 812 646 655 421 472 500 592 530 835 914 1156 1149 1174 1524 1573 1515 
1245 1743 1565 1468 1348 1110 805 826 630 608 504 500 559 432 554 697 754 785 858 1146 1226 1141 1413 1406 
1424 1611 1487 1545 1031 1340 1083 878 679 538 501 495 542 611 605 659 694 1025 914 946 1057 1281 1286 1489 
1254 1462 1578 1553 1216 1348 868 990 703 546 460 420 597 419 521 650 799 952 1101 962 1410 1306 1585 1476 
1785 1203 1367 1132 1076 1080 816 913 880 616 611 581 540 537 644 748 656 728 845 939 1445 1327 1680 1209 
1504 1745 1696 1557 1454 1315 1111 880 841 564 578 429 533 549 477 765 604 994 873 1128 1317 1404 1321 1651 
1718 1497 1711 1257 1255 1251 1095 850 749 608 600 606 565 547 655 738 899 895 811 932 1191 1488 1392 1359 
1661 1378 1514 1295 1281 1219 843 911 840 743 680 506 510 541 583 755 840 766 1140 1325 1202 1567 1153 1482 
1329 1755 1310 1299 1491 1060 1090 778 629 730 616 478 559 568 570 607 868 766 1092 1121 1345 1473 1147 1488 
1238 1376 1618 1555 1214 918 1107 811 777 698 454 575 426 459 550 582 714 1038 908 1091 1306 1437 1443 1645 
1509 1278 1704 1511 1284 1310 928 727 717 552 462 429 532 522 567 534 817 955 834 1020 1227 1216 1535 1565 
1474 1200 1368 1193 1127 1103 1126 880 748 771 621 432 559 428 575 616 706 929 878 1004 1414 1594 1307 1347 
1612 1560 1523 1195 1274 1073 940 886 791 714 537 521 587 458 641 541 640 880 904 1099 1480 1211 1361 1756 
1205 1501 1258 1258 1317 1326 1152 816 603 646 466 488 595 551 460 765 811 909 1093 1156 1421 1178 1550 1659 
1326 1315 1713 1204 1302 1130 913 778 859 757 492 567 548 466 636 655 813 724 1136 1258 1139 1228 1158 1612 
1742 1524 1274 1543 1061 1185 919 978 888 538 587 455 450 426 550 636 870 927 990 987 1392 1485 1304 1741 
1353 1598 1599 1571 1476 1093 939 869 886 579 633 469 579 610 496 554 629 954 1180 1110 1191 1192 1540 1622 
1545 1261 1531 1461 1185 1056 891 863 777 585 658 510 494 508 625 728 613 977 1048 920 1125 1426 1535 1576 
1679 1429 1249 1311 1228 1042 1067 697 842 597 577 553 414 428 526 762 639 800 957 1168 1136 1523 1550 1212 
1696 1223 1205 1472 1123 1020 1112 713 813 749 590 593 580 590 610 530 895 972 840 1289 1215 1118 1677 1757 
1653 1720 1544 1464 1383 907 949 830 728 615 646 459 581 515 505 740 884 906 1103 1318 1052 1307 1601 1490 
1779 1631 1468 1250 1477 1148 857 1041 845 717 558 540 466 550 604 748 730 952 1080 1265 1114 1137 1420 1479 
1259 1499 1384 1101 1216 1196 1094 994 623 764 538 510 425 581 630 605 639 768 1025 1106 1159 1341 1256 1463 
1747 1597 1547 1108 1087 1330 1081 754 664 583 578 417 443 478 679 622 634 963 876 948 1196 1234 1361 1286 
1794 1239 1201 1454 1017 1024 918 990 717 623 481 600 535 615 633 766 845 1035 946 916 1375 1226 1588 1375 
1408 1272 1662 1251 1084 1105 869 860 644 749 535 444 553 605 460 674 860 922 981 1196 1318 1213 1350 1659 
1739 1457 1307 1381 1154 1104 1188 906 750 682 588 529 568 601 487 540 849 944 1158 905 1386 1326 1242 1298 
1688 1629 1378 1575 1462 1301 1090 848 875 537 664 502 424 598 506 545 834 832 1038 1194 1383 1271 1712 1609 
1638 1301 1397 1494 1132 1318 881 994 648 685 657 550 475 440 668 642 841 974 868 1282 1202 1484 1667 1499 
1716 1270 1396 1463 1132 1151 838 998 604 674 671 469 488 520 532 703 695 1007 834 1000 1403 1252 1596 1422 
1772 1294 1192 1250 1163 1001 828 834 862 574 651 460 525 493 589 755 692 977 1056 1234 1227 1360 1453 1631 
1292 1545 1332 1207 1491 1290 1091 858 670 614 669 560 405 545 568 541 730 891 1149 923 1059 1529 1343 1245 
1631 1331 1655 1453 1218 1028 963 954 604 648 499 559 531 470 675 731 893 740 916 1016 1313 1311 1561 1691 
1568 1583 1511 1260 1482 1324 1156 855 843 765 526 416 496 468 530 604 814 1016 1007 1350 1268 1175 1408 1464 
1793 1646 1627 1346 1100 936 1180 950 888 689 583 537 472 591 572 749 786 901 1112 1332 1329 1105 1384 1208 
1516 1627 1313 1499 1153 1019 1123 770 762 583 576 480 559 453 484 683 746 786 923 1224 1240 1550 1287 1290 
1597 1401 1334 1114 1499 1014 975 754 661 643 626 430 523 480 542 705 712 729 1025 903 1220 1342 1686 1392 
1609 1629 1543 1556 1227 1030 1109 1000 871 544 507 467 500 542 665 751 889 784 956 1037 1047 1224 1308 1502 
1618 1429 1317 1141 1057 1228 1101 850 747 523 633 545 477 527 576 628 837 778 804 1273 1072 1086 1231 1351 
