10 3 20
6 50
850 85 77 75 77 85 96 112 130 149 169 
850 113 103 100 103 113 129 149 174 199 225 
100000 5669 5170 5000 5170 5669 6464 7499 8705 9999 11294 
1433 1482 1499 1482 1433 1353 
1226 1098 996 907 
1215 1107 988 888 
1308 1108 953 886 
1268 1146 998 841 
1299 1076 980 907 
1268 1127 985 913 
1250 1146 1033 907 
1287 1077 983 829 
1291 1132 978 862 
1260 1157 1009 863 
1225 1145 1036 859 
1206 1174 952 833 
1249 1124 1015 839 
1304 1162 1046 867 
1269 1101 1019 908 
1210 1089 1027 895 
1210 1156 961 883 
1231 1183 985 876 
1308 1083 1048 844 
1229 1163 998 873 
1253 1115 964 832 
1268 1097 954 913 
1206 1103 1037 855 
1236 1170 964 865 
1290 1105 991 827 
1208 1163 957 888 
1188 1102 988 902 
1293 1092 969 854 
1240 1101 960 868 
1209 1111 1012 852 
1257 1165 1024 889 
1225 1107 1038 864 
1204 1152 986 887 
1209 1138 987 893 
1244 1165 1031 907 
1288 1119 1019 872 
1259 1148 1008 827 
1233 1110 1040 868 
1233 1087 991 878 
1220 1090 1014 875 
1252 1140 1036 893 
1307 1106 957 912 
1226 1131 1022 892 
1286 1131 1024 882 
1229 1104 982 839 
1258 1183 984 908 
1195 1129 1017 848 
1199 1154 979 908 
1226 1149 1003 835 
1260 1131 972 909 
