50 11 20
16 100
170 130 149 169 187 203 214 222 225 222 214 203 187 169 150 130 112 96 85 77 75 77 85 96 112 130 149 169 187 203 214 222 225 222 214 203 187 169 150 130 112 96 85 77 75 77 85 96 112 130 149 
170 174 199 225 249 270 286 296 300 296 286 270 250 225 200 174 150 129 113 103 100 103 113 129 149 174 199 225 249 270 286 296 300 296 286 270 250 225 200 174 150 129 113 103 100 103 113 129 149 174 199 
170 217 249 282 312 338 358 370 375 370 358 338 312 282 250 217 187 161 141 129 125 129 141 161 187 217 249 282 312 338 358 370 375 370 358 338 312 282 250 217 187 161 141 129 125 129 141 161 187 217 249 
170 261 299 338 374 406 429 444 450 444 429 406 375 338 300 261 225 193 170 155 150 155 170 193 224 261 299 338 374 406 429 444 450 444 429 406 375 338 300 261 225 193 170 155 150 155 170 193 224 261 299 
170 304 349 395 437 473 501 519 525 519 501 473 437 395 350 304 262 226 198 180 175 180 198 226 262 304 349 395 437 473 501 519 525 519 501 473 437 395 350 304 262 226 198 180 175 180 198 226 262 304 349 
170 348 399 451 499 541 573 593 600 593 573 541 500 451 400 348 300 258 226 206 200 206 226 258 299 348 399 451 499 541 573 593 600 593 573 541 500 451 400 348 300 258 226 206 200 206 226 258 299 348 399 
170 391 449 508 562 609 644 667 675 667 644 609 562 508 450 391 337 290 255 232 225 232 255 290 337 391 449 508 562 609 644 667 675 667 644 609 562 508 450 391 337 290 255 232 225 232 255 290 337 391 449 
170 435 499 564 624 676 716 741 750 741 716 676 625 564 500 435 375 323 283 258 250 258 283 323 374 435 499 564 624 676 716 741 750 741 716 676 625 564 500 435 375 323 283 258 250 258 283 323 374 435 499 
170 478 549 621 687 744 788 815 825 815 788 744 687 621 550 478 412 355 311 284 275 284 311 355 412 478 549 621 687 744 788 815 825 815 788 744 687 621 550 478 412 355 311 284 275 284 311 355 412 478 549 
170 522 599 677 749 812 859 889 900 889 859 812 750 677 600 522 450 387 340 310 300 310 340 387 449 522 599 677 749 812 859 889 900 889 859 812 750 677 600 522 450 387 340 310 300 310 340 387 449 522 599 
100000 8705 9999 11294 12499 13535 14330 14829 15000 14829 14330 13535 12500 11294 10000 8705 7500 6464 5669 5170 5000 5170 5669 6464 7499 8705 9999 11294 12499 13535 14330 14829 15000 14829 14330 13535 12500 11294 10000 8705 7500 6464 5669 5170 5000 5170 5669 6464 7499 8705 9999 
1129 1000 870 750 646 566 517 500 517 566 646 749 870 999 1129 1249 
1338 1476 1530 1462 1421 1496 1372 1202 1102 1026 836 722 647 574 538 484 521 572 614 778 832 973 1154 1224 1391 1391 1435 1472 1540 1404 1415 1308 1138 1003 
1369 1382 1537 1466 1449 1412 1312 1290 1151 1026 843 747 619 550 516 492 498 561 674 743 867 966 1177 1244 1405 1452 1475 1525 1540 1437 1339 1306 1148 981 
1380 1486 1537 1475 1411 1504 1383 1291 1117 978 871 772 658 551 499 512 494 573 668 725 875 983 1107 1298 1407 1407 1421 1571 1474 1502 1411 1268 1149 969 
1401 1437 1409 1449 1446 1482 1325 1233 1083 1048 901 773 676 587 511 509 541 574 651 780 828 963 1159 1243 1381 1450 1490 1562 1457 1376 1369 1252 1086 953 
1375 1442 1458 1491 1520 1483 1314 1234 1181 955 869 769 655 558 517 495 497 572 649 755 851 959 1113 1233 1387 1413 1521 1539 1418 1500 1288 1251 1153 1028 
1418 1409 1464 1529 1517 1384 1305 1218 1141 1004 842 724 649 594 516 482 510 563 640 723 838 1020 1108 1222 1296 1475 1450 1505 1466 1396 1299 1280 1092 983 
1349 1463 1551 1445 1524 1365 1307 1242 1086 999 881 742 629 574 541 480 532 558 651 767 890 1048 1087 1243 1317 1364 1484 1437 1555 1462 1400 1232 1080 1005 
1378 1460 1475 1481 1551 1468 1329 1263 1162 984 841 752 663 540 535 488 528 545 657 720 887 957 1144 1200 1307 1432 1520 1467 1546 1417 1411 1277 1092 1030 
1417 1448 1527 1555 1457 1445 1359 1193 1099 1009 841 770 658 556 493 482 495 576 650 721 903 977 1136 1253 1419 1423 1453 1505 1484 1439 1304 1193 1114 988 
1344 1403 1470 1477 1533 1415 1375 1308 1133 1043 838 770 646 578 496 524 514 546 621 778 863 1032 1131 1244 1396 1500 1409 1458 1524 1445 1407 1278 1137 1010 
1364 1458 1426 1539 1537 1377 1315 1222 1154 1024 875 730 618 581 494 511 501 546 672 758 860 1048 1107 1311 1329 1472 1521 1453 1410 1502 1409 1248 1132 967 
1325 1395 1483 1551 1486 1451 1384 1208 1080 1030 876 786 620 575 526 477 525 581 667 714 875 1045 1082 1197 1314 1390 1468 1553 1425 1463 1378 1225 1154 994 
1344 1407 1515 1559 1430 1483 1342 1196 1116 956 843 765 670 569 532 506 507 588 634 738 882 1035 1155 1260 1417 1415 1527 1446 1440 1414 1321 1260 1156 954 
1292 1376 1508 1488 1473 1399 1359 1273 1179 1032 893 734 671 556 520 487 508 579 617 762 861 1037 1167 1304 1362 1468 1552 1502 1442 1431 1383 1295 1156 986 
1383 1414 1473 1461 1449 1493 1412 1311 1083 1039 912 739 645 545 506 511 496 589 661 727 857 975 1184 1258 1360 1466 1465 1510 1542 1498 1415 1297 1123 951 
1310 1422 1411 1449 1516 1407 1327 1281 1138 952 842 778 671 545 505 515 530 556 617 743 878 1026 1101 1295 1419 1478 1410 1556 1537 1495 1381 1254 1175 1035 
1346 1383 1531 1425 1492 1378 1377 1197 1073 973 889 769 667 567 539 500 529 585 670 755 836 1006 1157 1292 1288 1429 1495 1565 1420 1496 1331 1203 1123 1048 
1384 1409 1521 1440 1515 1494 1360 1214 1117 1006 884 779 628 580 511 487 507 557 668 740 902 1032 1084 1311 1312 1412 1535 1437 1504 1430 1303 1199 1173 1019 
1351 1453 1503 1508 1494 1392 1354 1257 1123 1027 829 748 630 583 509 498 539 575 678 754 883 1048 1158 1285 1293 1457 1479 1531 1530 1396 1384 1257 1079 1002 
1395 1440 1424 1573 1496 1488 1361 1283 1098 1036 890 779 640 567 520 505 503 562 631 739 852 1037 1120 1217 1413 1393 1416 1508 1503 1432 1357 1235 1084 958 
1332 1447 1431 1538 1423 1408 1309 1259 1126 984 899 718 655 555 502 493 532 560 666 743 861 969 1145 1189 1367 1432 1555 1450 1505 1460 1398 1302 1157 997 
1376 1430 1537 1542 1510 1491 1336 1223 1185 1036 892 758 676 538 506 506 504 552 624 768 880 1017 1122 1296 1299 1409 1543 1539 1528 1423 1418 1235 1140 996 
1341 1400 1417 1537 1485 1389 1313 1273 1101 979 830 746 616 540 521 491 522 594 638 741 894 1033 1104 1293 1351 1470 1450 1510 1543 1424 1332 1214 1182 1030 
1291 1445 1439 1558 1518 1425 1313 1303 1120 997 870 780 657 578 508 516 540 591 615 777 896 1015 1107 1273 1420 1488 1502 1439 1454 1407 1355 1213 1169 998 
1417 1438 1535 1443 1462 1495 1364 1241 1116 1035 861 750 658 540 530 508 532 585 671 772 913 990 1089 1253 1350 1382 1531 1494 1517 1387 1314 1202 1136 1015 
1390 1478 1443 1513 1476 1397 1371 1294 1141 1049 887 728 662 571 491 518 529 561 673 757 862 972 1182 1279 1317 1423 1414 1461 1446 1468 1413 1198 1150 1019 
1290 1362 1476 1496 1465 1393 1299 1247 1087 1031 854 727 657 569 520 509 497 583 673 736 903 985 1166 1200 1360 1472 1501 1458 1453 1365 1388 1192 1149 965 
1345 1393 1556 1516 1506 1416 1351 1205 1110 1020 837 765 644 594 513 494 506 579 624 774 901 993 1085 1311 1342 1361 1413 1429 1423 1391 1397 1290 1160 973 
1294 1364 1412 1458 1551 1408 1301 1290 1169 1007 878 765 635 573 521 523 492 557 649 749 852 1044 1096 1201 1388 1499 1530 1526 1533 1456 1319 1288 1115 1030 
1408 1449 1480 1477 1480 1491 1368 1275 1185 986 831 750 638 548 535 493 496 563 638 754 830 970 1110 1196 1419 1502 1530 1449 1430 1485 1416 1268 1185 974 
1378 1366 1513 1557 1456 1503 1385 1256 1134 950 883 713 634 585 527 501 509 570 640 750 896 1041 1143 1285 1360 1455 1442 1560 1418 1444 1412 1303 1178 955 
1355 1400 1435 1527 1533 1499 1348 1294 1174 1032 847 779 643 543 540 502 505 586 642 743 892 1031 1137 1228 1381 1364 1427 1572 1461 1438 1326 1303 1088 971 
1360 1413 1450 1483 1439 1456 1297 1248 1149 962 869 754 653 592 497 506 530 585 634 781 837 969 1102 1301 1399 1443 1532 1435 1496 1362 1317 1237 1079 1047 
1288 1464 1537 1554 1499 1431 1413 1238 1170 998 868 716 667 587 515 512 505 540 624 720 831 1035 1082 1240 1411 1447 1456 1498 1551 1384 1355 1284 1184 1042 
1322 1468 1465 1562 1486 1502 1370 1247 1121 1049 895 725 646 547 518 482 510 584 659 767 913 1042 1092 1224 1382 1422 1547 1482 1552 1418 1295 1196 1180 994 
1387 1423 1430 1488 1526 1398 1295 1276 1169 1024 828 735 676 562 498 515 506 540 671 776 832 993 1156 1275 1318 1442 1510 1545 1427 1407 1308 1302 1134 982 
1387 1455 1457 1521 1513 1367 1332 1234 1114 1034 863 716 654 568 512 514 507 554 617 739 832 955 1120 1287 1305 1402 1556 1567 1543 1363 1293 1241 1130 1045 
1312 1438 1464 1517 1415 1425 1308 1281 1153 982 880 728 619 577 493 507 521 568 618 716 871 1027 1078 1251 1350 1402 1535 1480 1415 1395 1392 1302 1106 1043 
1397 1497 1440 1567 1440 1412 1371 1268 1149 1043 895 784 619 581 493 499 536 544 614 769 853 996 1110 1286 1343 1432 1521 1541 1436 1434 1357 1304 1131 987 
1363 1425 1488 1471 1545 1436 1300 1265 1128 998 881 766 667 589 507 500 534 573 618 749 853 1049 1159 1281 1406 1460 1487 1429 1519 1465 1373 1197 1109 960 
1337 1452 1454 1504 1539 1369 1373 1272 1083 951 848 746 674 557 515 516 525 553 620 752 889 982 1142 1216 1401 1378 1522 1512 1427 1374 1301 1275 1096 1017 
1351 1411 1514 1550 1432 1444 1304 1244 1143 951 914 754 664 564 528 515 510 546 668 730 876 972 1119 1281 1337 1488 1494 1467 1423 1443 1383 1204 1084 1024 
1289 1422 1466 1548 1502 1388 1316 1248 1127 1046 839 722 677 567 532 505 514 561 669 719 885 977 1112 1200 1331 1415 1535 1526 1527 1368 1393 1262 1184 963 
1311 1451 1504 1534 1454 1490 1299 1212 1116 961 868 716 677 588 519 500 494 586 634 739 862 1029 1127 1303 1348 1441 1495 1545 1432 1484 1346 1200 1171 1031 
1350 1492 1420 1477 1449 1466 1395 1217 1121 1000 868 784 668 546 502 480 505 538 630 758 894 983 1125 1231 1340 1379 1521 1513 1409 1408 1314 1285 1147 1043 
1383 1367 1429 1559 1437 1496 1328 1222 1170 1044 896 766 669 544 526 504 519 556 661 777 901 1028 1165 1199 1302 1494 1551 1519 1476 1439 1411 1228 1116 977 
1362 1484 1523 1461 1523 1376 1374 1189 1137 998 909 757 670 585 538 512 521 571 621 725 880 961 1158 1203 1331 1461 1456 1529 1444 1499 1311 1242 1086 1013 
1322 1472 1514 1436 1456 1430 1292 1256 1180 951 862 767 677 585 503 497 501 564 664 784 839 1001 1172 1194 1286 1422 1523 1435 1441 1364 1300 1198 1168 1024 
1316 1451 1458 1532 1531 1482 1392 1228 1083 1023 854 758 638 551 517 481 518 579 659 751 831 955 1090 1253 1409 1390 1489 1514 1489 1491 1307 1308 1145 1002 
1301 1389 1444 1449 1533 1378 1409 1255 1123 971 858 752 673 556 507 517 535 577 615 780 904 986 1105 1222 1310 1481 1433 1521 1457 1480 1354 1299 1078 999 
1329 1381 1553 1509 1424 1398 1408 1293 1106 1035 895 763 663 546 541 504 527 577 666 781 889 1004 1087 1250 1343 1459 1546 1476 1494 1388 1354 1221 1166 973 
1355 1423 1424 1467 1430 1479 1419 1248 1179 1004 893 765 641 594 528 487 541 581 630 757 857 996 1128 1220 1287 1374 1533 1459 1530 1401 1317 1285 1100 959 
1363 1419 1503 1509 1551 1445 1375 1285 1118 956 870 761 639 559 538 476 500 559 664 762 849 995 1085 1220 1353 1384 1451 1482 1518 1495 1346 1249 1117 1022 
1392 1440 1481 1449 1512 1488 1420 1187 1127 998 894 759 654 567 542 482 507 547 636 726 845 1012 1181 1246 1308 1436 1446 1530 1534 1388 1375 1274 1183 988 
1356 1367 1451 1562 1417 1462 1371 1249 1145 992 876 752 637 571 533 478 494 550 664 753 903 1049 1153 1278 1343 1494 1504 1474 1511 1377 1363 1282 1158 1041 
1301 1439 1459 1525 1435 1469 1354 1195 1151 953 848 757 623 575 515 481 528 539 619 782 837 964 1139 1226 1355 1453 1412 1444 1540 1425 1366 1226 1112 953 
1396 1470 1453 1491 1491 1453 1340 1257 1161 1004 834 729 635 561 515 503 526 583 650 786 899 988 1139 1246 1341 1394 1441 1473 1433 1448 1370 1218 1147 966 
1307 1481 1518 1443 1493 1394 1330 1195 1120 970 839 737 669 558 539 497 500 571 673 752 869 1023 1167 1217 1397 1412 1454 1427 1414 1450 1324 1242 1173 980 
1379 1405 1487 1540 1479 1384 1409 1202 1082 954 847 722 639 544 496 492 511 594 632 783 868 983 1178 1264 1366 1446 1431 1455 1453 1425 1364 1224 1162 1034 
1299 1433 1412 1453 1446 1443 1298 1253 1119 973 892 737 639 583 514 514 517 551 662 714 891 974 1107 1218 1287 1451 1491 1489 1452 1416 1301 1215 1136 982 
1420 1480 1428 1464 1529 1447 1373 1263 1183 952 836 749 618 589 501 489 505 548 641 750 865 1022 1086 1203 1300 1498 1420 1455 1480 1473 1375 1281 1142 961 
1313 1503 1497 1566 1510 1470 1318 1241 1102 967 903 713 667 561 538 475 496 580 660 759 866 1003 1100 1305 1410 1433 1468 1527 1499 1486 1334 1240 1082 1014 
1357 1371 1518 1548 1545 1379 1400 1264 1104 1026 856 750 662 541 537 493 520 559 643 731 865 1014 1163 1201 1302 1499 1424 1482 1541 1430 1335 1214 1118 982 
1351 1434 1502 1433 1530 1460 1336 1262 1091 956 829 726 669 592 499 487 493 555 641 763 883 1046 1141 1247 1326 1442 1426 1476 1498 1471 1386 1302 1081 962 
1312 1430 1423 1482 1554 1474 1311 1207 1104 1018 832 719 637 560 522 488 498 593 639 718 874 1044 1164 1225 1305 1421 1456 1497 1523 1489 1301 1259 1147 953 
1364 1471 1504 1496 1523 1428 1316 1199 1127 1001 893 767 676 560 528 516 537 571 634 780 890 956 1107 1245 1288 1451 1476 1445 1512 1412 1323 1271 1087 950 
1369 1451 1518 1464 1528 1413 1303 1191 1151 962 867 743 650 588 491 508 493 582 654 781 840 1007 1090 1257 1347 1416 1465 1508 1487 1461 1363 1230 1172 956 
1338 1418 1435 1535 1546 1439 1310 1211 1173 1025 847 720 649 576 521 513 518 567 643 726 841 1022 1092 1213 1309 1483 1428 1539 1513 1382 1304 1244 1127 984 
1383 1482 1528 1434 1551 1424 1352 1236 1134 1033 851 784 644 594 539 481 502 543 643 763 888 953 1137 1254 1419 1485 1454 1552 1525 1403 1320 1204 1077 1012 
1374 1457 1486 1456 1556 1490 1358 1276 1184 952 912 738 667 571 522 494 510 541 672 721 874 996 1099 1230 1300 1361 1553 1565 1469 1423 1414 1236 1108 1006 
1291 1460 1497 1490 1475 1470 1336 1247 1085 1012 879 737 620 572 505 504 506 570 646 720 848 1037 1165 1216 1359 1443 1425 1494 1480 1473 1368 1189 1121 1041 
1415 1471 1520 1475 1428 1501 1364 1242 1095 991 853 748 645 544 498 491 509 568 651 748 836 975 1081 1217 1286 1370 1541 1541 1459 1418 1328 1280 1097 974 
1302 1380 1546 1470 1528 1396 1418 1243 1084 972 848 753 643 551 515 493 492 569 653 780 901 1032 1095 1269 1375 1463 1448 1454 1413 1490 1415 1290 1126 969 
1336 1407 1549 1477 1525 1456 1363 1228 1166 1039 906 776 658 588 522 512 541 544 671 715 850 975 1126 1219 1301 1498 1505 1567 1448 1368 1409 1299 1081 1049 
1403 1488 1547 1555 1411 1451 1344 1223 1179 1022 852 780 650 549 528 516 537 565 630 749 848 992 1138 1229 1415 1402 1509 1432 1527 1501 1367 1234 1090 1036 
1313 1431 1550 1473 1444 1492 1381 1206 1080 1037 855 730 643 550 508 500 526 569 620 756 856 959 1123 1207 1311 1440 1508 1499 1480 1449 1300 1199 1168 1001 
1303 1496 1469 1436 1415 1406 1319 1289 1137 1015 885 744 638 562 518 487 511 563 614 717 856 1017 1105 1299 1330 1488 1441 1567 1521 1401 1362 1255 1128 986 
1293 1383 1488 1457 1490 1411 1311 1252 1170 1027 904 735 629 593 526 477 502 549 651 768 905 1048 1157 1299 1324 1464 1535 1563 1492 1471 1315 1288 1102 1014 
1351 1464 1431 1528 1451 1398 1350 1267 1128 961 891 765 663 582 517 500 532 548 644 737 841 1012 1086 1231 1399 1417 1480 1571 1514 1480 1299 1202 1175 1002 
1381 1453 1435 1523 1549 1430 1351 1265 1120 954 881 741 643 545 512 502 534 541 678 752 838 986 1176 1300 1347 1439 1494 1477 1496 1397 1358 1209 1108 1011 
1343 1480 1507 1558 1545 1427 1305 1206 1131 1044 874 732 645 560 511 516 537 561 659 741 911 999 1081 1243 1374 1449 1515 1545 1531 1370 1362 1262 1160 973 
1419 1435 1491 1440 1443 1476 1402 1297 1103 975 900 783 674 594 529 493 500 545 653 718 861 975 1185 1215 1348 1453 1549 1487 1486 1387 1314 1273 1100 962 
1403 1486 1480 1479 1456 1498 1295 1248 1074 991 891 740 655 589 535 494 501 560 675 721 902 961 1156 1276 1393 1405 1512 1508 1548 1409 1386 1258 1078 1043 
1307 1473 1524 1468 1463 1428 1320 1284 1139 998 903 775 617 541 531 475 529 583 662 754 867 956 1183 1270 1297 1431 1464 1525 1519 1473 1288 1222 1184 1011 
1331 1408 1489 1543 1486 1487 1380 1236 1183 983 913 722 621 559 503 506 510 549 646 775 898 975 1089 1232 1307 1436 1481 1546 1470 1472 1311 1187 1108 1037 
1415 1380 1486 1486 1521 1472 1382 1301 1175 1020 888 767 637 570 524 524 526 553 638 762 897 962 1088 1198 1311 1474 1494 1440 1469 1459 1317 1195 1178 979 
1373 1488 1547 1557 1412 1420 1419 1307 1160 971 873 722 660 554 534 508 512 559 644 738 861 1038 1074 1304 1365 1475 1528 1573 1535 1418 1387 1203 1075 1019 
1402 1443 1425 1430 1467 1383 1317 1286 1142 997 909 763 659 566 512 507 542 548 628 771 835 1008 1098 1219 1419 1483 1432 1528 1510 1449 1354 1192 1144 979 
1336 1407 1446 1524 1519 1396 1416 1225 1177 971 832 729 651 574 528 493 498 594 650 722 828 1018 1074 1285 1330 1379 1550 1547 1504 1503 1396 1199 1121 965 
1375 1497 1508 1459 1464 1494 1347 1216 1142 999 899 737 643 552 535 478 516 544 625 724 865 1040 1161 1214 1389 1488 1517 1492 1477 1447 1302 1283 1149 1006 
1300 1394 1430 1466 1490 1422 1291 1311 1164 1005 866 769 636 590 539 479 524 571 633 780 839 1031 1104 1196 1389 1384 1419 1433 1484 1465 1333 1206 1168 1009 
1286 1481 1476 1546 1555 1435 1406 1308 1125 992 894 770 671 583 495 511 493 544 631 723 882 1022 1125 1277 1368 1400 1538 1567 1507 1427 1342 1248 1094 1021 
1370 1473 1421 1569 1428 1373 1381 1232 1130 974 859 785 672 549 524 494 502 580 674 733 850 1005 1133 1271 1381 1461 1498 1473 1417 1494 1336 1261 1156 954 
1410 1406 1460 1466 1534 1403 1310 1217 1108 1005 843 742 647 553 505 500 504 553 635 784 892 977 1155 1258 1300 1458 1519 1543 1514 1470 1378 1271 1077 1014 
1291 1465 1415 1502 1497 1367 1375 1249 1158 1015 874 770 675 576 523 489 518 540 655 762 902 1001 1082 1254 1305 1473 1532 1440 1495 1372 1418 1204 1124 999 
1408 1497 1528 1465 1452 1485 1306 1197 1083 1012 911 773 618 544 514 513 494 542 632 775 862 951 1147 1243 1398 1374 1521 1574 1443 1366 1358 1244 1132 957 
1296 1488 1420 1548 1502 1455 1419 1196 1102 1035 876 750 642 593 507 487 508 546 673 737 863 969 1102 1284 1391 1438 1448 1532 1552 1411 1345 1310 1173 970 
1399 1452 1435 1454 1486 1501 1286 1195 1079 989 868 732 628 573 523 496 514 583 629 731 840 1033 1118 1204 1354 1451 1429 1538 1510 1413 1412 1295 1116 1014 
1350 1412 1478 1546 1492 1369 1347 1284 1113 968 914 723 676 540 530 514 526 579 615 751 880 1007 1113 1227 1306 1373 1520 1498 1428 1485 1351 1226 1181 1015 
1292 1449 1490 1542 1506 1467 1357 1194 1117 990 860 756 655 584 493 500 533 576 655 785 843 992 1168 1263 1366 1395 1502 1506 1537 1383 1386 1242 1182 953 
