5 6 20
4 100
340 112 130 149 169 187 
340 149 174 199 225 249 
340 187 217 249 282 312 
340 224 261 299 338 374 
340 262 304 349 395 437 
100000 7499 8705 9999 11294 12499 
1250 1129 1000 870 
944 
976 
924 
1050 
895 
741 
652 
354 
1052 
1156 
683 
846 
782 
1174 
822 
969 
824 
930 
388 
451 
387 
849 
775 
1059 
1089 
998 
979 
545 
681 
433 
356 
927 
517 
330 
809 
448 
745 
753 
1079 
1161 
853 
1149 
527 
594 
1156 
733 
595 
325 
356 
735 
632 
841 
962 
1081 
550 
1089 
607 
682 
732 
915 
837 
1102 
829 
489 
617 
1179 
478 
1197 
734 
358 
887 
334 
722 
1038 
394 
1142 
1018 
659 
973 
847 
955 
755 
786 
739 
793 
1193 
536 
939 
1121 
512 
547 
506 
607 
1198 
1016 
626 
742 
308 
345 
928 
