20 6 20
15 100
340 96 112 130 149 169 187 203 214 222 225 222 214 203 187 169 150 130 112 96 85 
340 129 149 174 199 225 249 270 286 296 300 296 286 270 250 225 200 174 150 129 113 
340 161 187 217 249 282 312 338 358 370 375 370 358 338 312 282 250 217 187 161 141 
340 193 224 261 299 338 374 406 429 444 450 444 429 406 375 338 300 261 225 193 170 
340 226 262 304 349 395 437 473 501 519 525 519 501 473 437 395 350 304 262 226 198 
100000 6464 7499 8705 9999 11294 12499 13535 14330 14829 15000 14829 14330 13535 12500 11294 10000 8705 7500 6464 5669 
1353 1250 1129 1000 870 750 646 566 517 500 517 566 646 749 870 
1027 1077 1287 1349 1399 
1045 1162 1267 1322 1444 
981 1166 1261 1362 1485 
1016 1122 1226 1362 1422 
1020 1145 1302 1289 1457 
953 1086 1272 1293 1473 
980 1098 1288 1304 1381 
954 1108 1289 1291 1444 
1014 1181 1226 1338 1410 
1036 1151 1279 1338 1444 
1003 1148 1193 1390 1363 
1006 1175 1295 1372 1369 
961 1173 1258 1345 1495 
952 1167 1233 1373 1404 
963 1176 1197 1347 1381 
1043 1137 1232 1297 1464 
1027 1074 1263 1395 1373 
1011 1131 1208 1295 1446 
999 1111 1286 1304 1418 
1044 1101 1207 1319 1381 
1039 1094 1243 1321 1428 
961 1118 1244 1301 1402 
953 1116 1194 1286 1413 
1034 1138 1268 1393 1432 
1040 1152 1312 1325 1437 
1046 1103 1193 1365 1486 
968 1146 1305 1370 1408 
983 1121 1289 1308 1434 
952 1101 1250 1365 1417 
1027 1170 1234 1355 1456 
966 1108 1298 1354 1498 
979 1184 1202 1371 1383 
996 1106 1303 1393 1488 
957 1083 1304 1326 1407 
1044 1101 1257 1312 1423 
977 1149 1239 1369 1442 
959 1165 1305 1350 1393 
967 1143 1222 1291 1465 
1041 1158 1203 1345 1397 
954 1075 1233 1288 1497 
964 1096 1281 1345 1393 
989 1153 1251 1356 1481 
1012 1096 1279 1368 1418 
1042 1166 1274 1387 1478 
1029 1099 1247 1348 1440 
964 1115 1247 1405 1457 
986 1116 1277 1407 1368 
992 1153 1247 1316 1422 
976 1164 1231 1375 1371 
1036 1157 1273 1329 1495 
1001 1078 1257 1347 1461 
1045 1121 1198 1419 1470 
971 1128 1230 1330 1438 
1016 1160 1204 1415 1422 
1029 1101 1305 1411 1463 
1039 1180 1284 1315 1491 
957 1138 1263 1380 1487 
1001 1173 1188 1307 1477 
975 1090 1311 1379 1383 
1045 1162 1266 1330 1379 
960 1133 1218 1328 1407 
1015 1085 1246 1349 1485 
1047 1164 1204 1308 1383 
961 1130 1299 1333 1433 
1037 1149 1289 1355 1416 
995 1181 1253 1344 1468 
1008 1130 1251 1349 1409 
954 1173 1221 1341 1438 
1040 1185 1208 1382 1406 
957 1160 1213 1341 1425 
983 1119 1239 1408 1469 
978 1163 1227 1404 1422 
959 1165 1299 1287 1472 
973 1166 1306 1401 1495 
1044 1168 1285 1338 1490 
953 1085 1253 1358 1434 
1029 1110 1195 1392 1410 
1005 1146 1252 1403 1387 
950 1084 1205 1352 1369 
1045 1149 1210 1342 1454 
963 1142 1253 1383 1478 
1009 1101 1221 1388 1447 
1048 1087 1193 1294 1469 
1028 1179 1254 1359 1482 
992 1103 1238 1302 1458 
975 1114 1217 1321 1502 
1030 1167 1233 1305 1421 
961 1182 1252 1324 1367 
968 1095 1205 1390 1478 
1001 1135 1271 1315 1445 
1044 1128 1253 1306 1379 
962 1128 1242 1361 1415 
1024 1150 1265 1327 1493 
968 1114 1255 1340 1418 
950 1075 1197 1297 1431 
1024 1180 1297 1369 1471 
1038 1107 1288 1326 1426 
1024 1091 1294 1302 1394 
1035 1125 1262 1375 1434 
1045 1171 1219 1364 1380 
