5 11 20
3 100
170 75 77 85 96 112 
170 100 103 113 129 149 
170 125 129 141 161 187 
170 150 155 170 193 224 
170 175 180 198 226 262 
170 200 206 226 258 299 
170 225 232 255 290 337 
170 250 258 283 323 374 
170 275 284 311 355 412 
170 300 310 340 387 449 
100000 5000 5170 5669 6464 7499 
1499 1482 1433 
587 1279 
1559 881 
2082 1042 
1281 826 
817 1987 
1867 1985 
1295 1608 
1000 1500 
1525 1410 
1140 1450 
777 986 
942 1698 
1495 780 
700 1864 
1055 1483 
861 1508 
730 762 
1071 1839 
1550 785 
1523 1033 
1436 1730 
1082 1496 
647 756 
2083 1641 
682 1605 
1644 1003 
2059 1818 
2141 1792 
722 1755 
1199 1178 
1496 871 
1956 923 
1245 1458 
713 1657 
745 1797 
847 895 
1179 1930 
1973 1121 
2054 1008 
1877 502 
1898 1906 
797 1086 
690 572 
1725 1040 
2122 1300 
1175 1262 
1657 892 
1462 1951 
721 909 
1570 1460 
2104 1450 
888 1509 
955 1193 
2157 1080 
1138 613 
783 1089 
1501 1613 
2093 645 
1314 503 
1707 984 
1908 531 
1468 907 
1806 1930 
975 1291 
1346 1670 
1425 1014 
1112 1382 
796 1859 
2026 1644 
828 1737 
1187 588 
1593 1299 
1045 541 
853 1764 
1623 1631 
1618 1053 
1522 1080 
1246 546 
1752 1132 
1229 1036 
794 816 
1258 1724 
915 1496 
2102 1823 
1140 1421 
2000 596 
1783 1716 
1361 1418 
817 521 
2095 669 
2102 742 
1747 1571 
1137 594 
1250 754 
851 1415 
2095 1167 
1965 1935 
2002 636 
958 1460 
605 667 
