20 3 20
11 5
850 150 130 112 96 85 77 75 77 85 96 112 130 149 169 187 203 214 222 225 222 
850 200 174 150 129 113 103 100 103 113 129 149 174 199 225 249 270 286 296 300 296 
100000 10000 8705 7500 6464 5669 5170 5000 5170 5669 6464 7499 8705 9999 11294 12499 13535 14330 14829 15000 14829 
1000 1129 1249 1353 1433 1482 1499 1482 1433 1353 1250 
1062 821 910 820 532 512 612 598 579 
1012 865 906 700 645 668 461 523 582 
1111 947 998 890 673 502 472 487 449 
960 849 723 686 558 531 414 420 602 
1165 1031 765 636 681 642 558 447 453 
