20 2 20
11 10
1700 130 112 96 85 77 75 77 85 96 112 130 149 169 187 203 214 222 225 222 214 
100000 8705 7500 6464 5669 5170 5000 5170 5669 6464 7499 8705 9999 11294 12499 13535 14330 14829 15000 14829 14330 
1129 1249 1353 1433 1482 1499 1482 1433 1353 1250 1129 
1027 849 770 670 565 495 480 512 551 
1034 863 775 642 570 505 522 492 567 
1005 882 713 644 556 530 488 513 585 
992 840 744 666 576 522 481 515 574 
991 840 750 675 587 518 507 523 538 
976 887 720 641 572 536 508 527 574 
993 835 763 630 547 512 505 535 582 
1046 845 763 620 571 536 497 526 582 
1043 829 775 626 551 542 523 538 540 
991 902 715 636 542 493 520 533 562 
