10 6 20
6 10
340 112 130 149 169 187 203 214 222 225 222 
340 149 174 199 225 249 270 286 296 300 296 
340 187 217 249 282 312 338 358 370 375 370 
340 224 261 299 338 374 406 429 444 450 444 
340 262 304 349 395 437 473 501 519 525 519 
100000 7499 8705 9999 11294 12499 13535 14330 14829 15000 14829 
1250 1129 1000 870 750 646 
467 554 423 431 
546 431 504 421 
651 463 408 584 
601 596 567 464 
678 618 477 456 
603 450 519 453 
469 457 533 540 
564 461 558 520 
532 572 504 502 
463 437 584 563 
