50 6 20
36 100
340 130 112 96 85 77 75 77 85 96 112 130 149 169 187 203 214 222 225 222 214 203 187 169 150 130 112 96 85 77 75 77 85 96 112 130 149 169 187 203 214 222 225 222 214 203 187 169 150 130 112 
340 174 150 129 113 103 100 103 113 129 149 174 199 225 249 270 286 296 300 296 286 270 250 225 200 174 150 129 113 103 100 103 113 129 149 174 199 225 249 270 286 296 300 296 286 270 250 225 200 174 150 
340 217 187 161 141 129 125 129 141 161 187 217 249 282 312 338 358 370 375 370 358 338 312 282 250 217 187 161 141 129 125 129 141 161 187 217 249 282 312 338 358 370 375 370 358 338 312 282 250 217 187 
340 261 225 193 170 155 150 155 170 193 224 261 299 338 374 406 429 444 450 444 429 406 375 338 300 261 225 193 170 155 150 155 170 193 224 261 299 338 374 406 429 444 450 444 429 406 375 338 300 261 225 
340 304 262 226 198 180 175 180 198 226 262 304 349 395 437 473 501 519 525 519 501 473 437 395 350 304 262 226 198 180 175 180 198 226 262 304 349 395 437 473 501 519 525 519 501 473 437 395 350 304 262 
100000 8705 7500 6464 5669 5170 5000 5170 5669 6464 7499 8705 9999 11294 12499 13535 14330 14829 15000 14829 14330 13535 12500 11294 10000 8705 7500 6464 5669 5170 5000 5170 5669 6464 7499 8705 9999 11294 12499 13535 14330 14829 15000 14829 14330 13535 12500 11294 10000 8705 7500 
1129 1249 1353 1433 1482 1499 1482 1433 1353 1250 1129 1000 870 750 646 566 517 500 517 566 646 749 870 999 1129 1249 1353 1433 1482 1499 1482 1433 1353 1250 1129 1000 
827 742 616 587 494 484 519 594 663 783 897 1027 1135 1268 
833 719 635 565 530 503 511 581 659 745 829 958 1131 1266 
892 736 645 583 527 504 513 569 677 772 845 955 1150 1279 
911 781 633 568 492 500 499 552 645 713 894 1016 1114 1299 
888 771 640 557 525 482 507 560 647 770 889 953 1092 1239 
855 746 658 546 537 483 522 539 631 759 838 1028 1091 1302 
901 727 676 541 529 482 500 572 627 728 910 1049 1170 1247 
829 755 658 575 531 485 510 539 654 719 879 998 1128 1206 
902 719 646 589 521 485 527 541 639 718 912 1029 1180 1263 
904 786 646 550 525 480 512 571 618 759 889 975 1111 1302 
850 769 675 540 504 482 507 551 666 714 860 978 1107 1237 
827 717 633 589 499 518 518 561 675 736 835 1027 1104 1205 
828 763 633 574 512 480 517 564 652 781 872 1047 1091 1239 
859 737 644 591 519 486 515 543 642 746 860 1001 1114 1262 
853 730 620 565 539 479 535 592 658 737 882 1025 1125 1224 
836 777 622 575 525 475 501 565 616 775 874 1020 1183 1276 
899 783 643 541 514 499 533 569 643 730 866 975 1142 1268 
859 755 668 548 499 494 495 564 667 736 840 1025 1178 1210 
868 765 655 586 492 477 534 567 665 747 852 999 1176 1299 
881 764 649 581 510 509 492 561 671 767 842 952 1076 1255 
858 750 668 553 491 501 534 554 640 726 851 1001 1125 1262 
912 762 614 580 542 481 525 585 669 725 882 1032 1135 1285 
866 713 616 545 499 496 513 581 664 717 881 1017 1165 1268 
878 737 639 583 540 506 529 564 634 721 827 1000 1148 1219 
886 728 648 549 532 503 501 581 629 724 869 962 1099 1276 
882 778 640 579 526 523 510 561 669 728 870 1018 1115 1307 
867 779 629 562 516 491 507 554 672 732 868 983 1146 1230 
902 750 658 555 495 524 525 574 652 719 832 977 1180 1236 
912 714 621 575 529 503 520 558 661 780 864 961 1112 1211 
861 786 665 571 518 513 504 546 663 734 865 1010 1118 1206 
907 765 617 562 504 479 518 591 642 756 851 1046 1119 1268 
876 749 648 588 496 477 510 561 648 749 911 951 1087 1227 
908 775 636 554 506 498 522 580 660 742 890 975 1178 1243 
878 742 672 550 514 520 527 558 635 720 867 989 1075 1311 
882 725 623 584 526 497 527 558 636 773 883 950 1085 1249 
904 769 646 546 506 524 538 552 674 755 908 955 1117 1299 
869 714 629 554 540 491 513 578 648 757 901 1041 1081 1242 
894 722 648 586 507 492 503 545 664 735 870 982 1180 1242 
843 783 628 563 501 513 518 545 640 763 842 970 1155 1230 
854 734 637 568 503 485 511 590 639 758 834 981 1076 1205 
829 716 649 547 503 497 507 591 660 717 855 1046 1117 1295 
840 764 668 581 523 499 536 579 665 754 868 961 1139 1297 
899 719 656 567 503 523 533 543 658 745 894 1033 1126 1230 
838 786 621 539 530 513 530 586 645 732 844 964 1174 1279 
906 776 644 549 496 491 532 572 629 754 828 984 1076 1219 
854 771 631 592 520 479 523 579 675 735 892 1013 1146 1191 
888 740 647 566 499 499 527 556 638 737 847 1037 1121 1229 
864 767 650 579 502 508 502 553 637 779 897 955 1106 1226 
861 717 677 594 522 498 503 585 614 739 832 1019 1182 1302 
856 787 651 579 515 514 513 546 638 754 898 1007 1107 1279 
863 751 676 543 524 478 513 540 614 783 850 1041 1143 1281 
860 754 617 558 494 517 533 546 655 770 883 974 1103 1283 
904 725 633 576 492 482 527 544 664 754 830 1024 1164 1288 
858 726 646 592 522 515 522 558 676 751 876 1048 1133 1266 
830 733 676 585 521 491 507 564 618 741 901 956 1119 1238 
909 748 665 567 537 489 515 547 664 719 872 962 1092 1229 
883 757 668 542 507 521 498 566 642 730 869 1011 1165 1209 
859 781 648 563 511 488 519 593 667 717 889 1012 1076 1280 
866 738 642 585 501 490 508 566 677 739 831 1021 1105 1199 
909 738 639 591 531 514 514 565 660 780 872 1008 1156 1261 
893 749 652 586 540 482 495 580 659 743 904 950 1119 1212 
874 763 634 542 542 503 528 567 627 717 898 976 1109 1293 
830 729 663 547 516 521 531 548 640 723 831 956 1185 1207 
869 748 668 569 495 515 495 555 677 783 883 975 1116 1225 
883 756 661 556 501 487 524 555 620 713 827 974 1075 1238 
899 786 630 583 500 498 507 594 660 764 868 1034 1116 1291 
896 786 654 556 504 482 519 550 615 744 890 1022 1088 1295 
894 734 671 566 520 520 541 567 621 731 891 1004 1079 1212 
889 773 662 557 525 524 534 546 638 758 869 969 1107 1192 
909 741 647 567 527 487 537 561 675 748 830 995 1136 1292 
901 766 636 559 510 485 528 552 651 786 872 1047 1074 1267 
856 758 661 586 534 497 516 593 644 772 898 1012 1103 1253 
883 771 668 591 505 499 512 567 637 715 830 958 1154 1216 
895 735 649 587 542 503 532 540 646 737 881 972 1171 1226 
849 721 642 546 509 504 512 594 641 736 886 957 1179 1222 
875 720 621 560 506 515 526 586 641 774 904 977 1147 1262 
902 731 664 588 523 489 540 571 616 784 896 966 1136 1200 
839 773 660 588 500 487 523 573 638 741 872 966 1154 1303 
843 768 655 544 516 523 501 558 630 715 902 985 1178 1303 
881 736 668 551 512 507 524 580 675 730 909 1004 1171 1202 
866 738 618 544 529 477 507 588 620 731 841 975 1099 1278 
902 727 654 567 522 477 502 569 658 767 827 1022 1183 1241 
883 731 631 560 502 518 527 555 643 732 844 967 1149 1309 
902 775 650 548 503 478 493 576 649 763 869 985 1158 1243 
865 765 644 593 497 490 523 577 673 729 913 968 1076 1305 
859 749 647 593 519 479 494 576 667 719 867 987 1115 1218 
855 748 615 559 538 499 529 576 653 769 880 1033 1074 1289 
862 724 617 545 518 501 505 540 650 764 858 1049 1082 1270 
868 751 618 566 502 482 514 555 663 775 842 959 1093 1197 
869 773 630 542 516 492 540 554 674 727 909 1043 1113 1197 
827 740 619 560 493 475 529 587 646 719 881 979 1146 1254 
851 752 664 552 495 515 531 556 669 753 827 988 1126 1267 
902 743 644 559 507 499 514 543 644 764 876 1009 1116 1252 
888 756 651 555 523 522 500 577 668 731 833 1044 1102 1228 
851 776 652 550 527 483 518 562 647 753 864 1026 1117 1236 
898 754 670 542 514 506 538 583 672 719 912 982 1163 1288 
908 729 648 592 530 504 510 565 646 779 851 1031 1141 1208 
901 765 665 589 537 494 534 589 628 722 856 1019 1172 1233 
883 751 653 556 518 497 521 560 628 784 865 973 1143 1213 
872 774 645 564 498 494 491 593 629 745 829 1008 1182 1309 
