10 2 20
4 100
1700 130 112 96 85 77 75 77 85 96 112 
100000 8705 7500 6464 5669 5170 5000 5170 5669 6464 7499 
1129 1249 1353 1433 
1270 1686 1560 1344 1193 1260 
1575 1316 1584 1556 1281 1463 
1557 1274 1265 1283 1124 1466 
1327 1359 1290 1451 1353 1039 
1534 1651 1444 1494 1426 1410 
1350 1751 1364 1565 1474 1182 
1586 1361 1628 1457 1596 1202 
1358 1524 1515 1296 1215 1221 
1499 1434 1472 1460 1462 1284 
1390 1382 1671 1625 1304 1189 
1277 1794 1707 1653 1493 1133 
1438 1307 1711 1374 1552 1129 
1614 1683 1470 1243 1087 1059 
1370 1461 1566 1576 1272 1479 
1688 1638 1695 1352 1098 1275 
1633 1337 1709 1262 1271 1137 
1695 1285 1375 1601 1398 1211 
1320 1488 1379 1525 1323 1012 
1245 1266 1684 1402 1349 1266 
1205 1603 1684 1194 1411 1152 
1655 1766 1238 1170 1579 1457 
1219 1640 1429 1532 1194 1274 
1472 1773 1628 1256 1389 1156 
1732 1598 1724 1573 1114 1270 
1559 1711 1744 1265 1557 1391 
1702 1229 1269 1519 1220 1022 
1378 1609 1236 1578 1459 1385 
1249 1283 1342 1545 1118 1107 
1609 1616 1693 1711 1344 1310 
1728 1578 1224 1384 1465 1211 
1261 1246 1571 1338 1398 1450 
1371 1686 1267 1234 1214 1333 
1461 1761 1340 1487 1396 1221 
1510 1334 1488 1336 1308 1118 
1687 1461 1227 1417 1234 1260 
1289 1514 1616 1324 1442 1377 
1243 1511 1505 1292 1275 1035 
1218 1590 1737 1299 1149 1145 
1214 1250 1344 1564 1171 1173 
1776 1201 1767 1707 1575 1333 
1322 1237 1431 1180 1502 1460 
1395 1648 1259 1674 1316 1318 
1753 1362 1638 1563 1505 1228 
1407 1771 1340 1494 1096 1044 
1395 1471 1301 1268 1538 1064 
1504 1592 1384 1451 1467 1461 
1394 1462 1703 1483 1394 1060 
1604 1535 1705 1536 1259 1380 
1288 1672 1722 1512 1500 1043 
1386 1502 1320 1695 1536 1073 
1398 1719 1643 1561 1343 1003 
1523 1409 1478 1425 1135 1200 
1682 1633 1360 1703 1095 1162 
1440 1476 1618 1226 1533 1380 
1250 1618 1445 1157 1299 1383 
1763 1453 1435 1295 1165 1002 
1205 1300 1608 1672 1197 1392 
1556 1291 1634 1676 1273 1080 
1350 1391 1463 1363 1376 1492 
1476 1242 1641 1548 1235 1261 
1754 1424 1696 1719 1564 1236 
1744 1482 1667 1305 1127 1276 
1475 1288 1640 1520 1436 1259 
1335 1659 1473 1648 1386 1455 
1288 1434 1438 1525 1196 1230 
1506 1647 1455 1643 1614 1093 
1541 1657 1253 1686 1144 1102 
1685 1513 1345 1421 1382 1278 
1373 1737 1531 1583 1331 1149 
1510 1378 1573 1155 1306 1486 
1701 1455 1546 1299 1575 1466 
1207 1580 1392 1421 1279 1039 
1605 1441 1404 1396 1336 1389 
1623 1416 1779 1164 1165 1235 
1770 1792 1767 1504 1341 1056 
1447 1674 1273 1230 1401 1251 
1670 1707 1745 1338 1571 1036 
1250 1432 1673 1676 1223 1125 
1766 1284 1653 1380 1316 1251 
1774 1536 1670 1393 1154 1407 
1552 1518 1610 1282 1305 1129 
1374 1631 1265 1420 1536 1314 
1187 1246 1471 1271 1168 1206 
1385 1357 1569 1577 1566 1441 
1663 1484 1391 1169 1447 1108 
1186 1586 1488 1554 1441 1393 
1188 1500 1387 1159 1240 1146 
1234 1316 1394 1219 1263 1380 
1714 1263 1560 1212 1245 1447 
1756 1689 1650 1553 1452 1130 
1332 1215 1360 1562 1112 1343 
1738 1351 1321 1547 1581 1181 
1295 1410 1331 1178 1421 1474 
1327 1233 1576 1625 1298 1396 
1618 1764 1551 1190 1350 1282 
1591 1752 1301 1506 1322 1258 
1561 1253 1412 1599 1279 1387 
1214 1522 1292 1319 1148 1293 
1463 1416 1472 1709 1389 1013 
1254 1577 1598 1353 1192 1191 
