50 2 20
26 10
1700 85 96 112 130 149 169 187 203 214 222 225 222 214 203 187 169 150 130 112 96 85 77 75 77 85 96 112 130 149 169 187 203 214 222 225 222 214 203 187 169 150 130 112 96 85 77 75 77 85 96 
100000 5669 6464 7499 8705 9999 11294 12499 13535 14330 14829 15000 14829 14330 13535 12500 11294 10000 8705 7500 6464 5669 5170 5000 5170 5669 6464 7499 8705 9999 11294 12499 13535 14330 14829 15000 14829 14330 13535 12500 11294 10000 8705 7500 6464 5669 5170 5000 5170 5669 6464 
1433 1353 1250 1129 1000 870 750 646 566 517 500 517 566 646 749 870 999 1129 1249 1353 1433 1482 1499 1482 1433 1353 
1371 1222 958 875 697 699 606 478 522 597 585 621 724 1010 999 980 1184 1536 1480 1398 1283 1527 1212 1544 
1182 1248 1176 783 716 653 616 616 440 518 493 620 776 806 850 1196 1458 1622 1393 1553 1550 1555 1509 1578 
1267 1155 1003 735 862 655 502 446 400 439 515 592 673 930 850 1038 1247 1254 1389 1444 1652 1300 1638 1576 
1056 1072 1058 774 632 696 564 457 584 619 486 562 722 1029 954 1308 1198 1097 1453 1728 1361 1544 1320 1560 
1116 924 857 823 696 670 646 603 504 579 595 718 621 908 926 925 1156 1380 1164 1573 1293 1381 1664 1616 
1274 1009 868 881 889 661 523 482 474 533 549 688 788 779 1070 1215 1405 1102 1641 1514 1439 1386 1699 1424 
1417 1170 1125 827 715 675 599 530 557 514 616 588 804 778 1109 1114 1103 1504 1405 1491 1719 1379 1435 1341 
1494 1263 1177 885 859 599 652 493 591 508 503 748 659 777 825 1351 1402 1347 1611 1778 1567 1665 1689 1256 
1192 1110 1004 984 617 651 475 568 481 573 576 635 624 854 833 1338 1248 1333 1196 1466 1530 1240 1275 1536 
1308 1316 870 791 838 753 602 444 577 499 674 576 624 1026 1122 986 1383 1419 1398 1617 1506 1258 1269 1203 
