20 6 20
11 10
340 77 75 77 85 96 112 130 149 169 187 203 214 222 225 222 214 203 187 169 150 
340 103 100 103 113 129 149 174 199 225 249 270 286 296 300 296 286 270 250 225 200 
340 129 125 129 141 161 187 217 249 282 312 338 358 370 375 370 358 338 312 282 250 
340 155 150 155 170 193 224 261 299 338 374 406 429 444 450 444 429 406 375 338 300 
340 180 175 180 198 226 262 304 349 395 437 473 501 519 525 519 501 473 437 395 350 
100000 5170 5000 5170 5669 6464 7499 8705 9999 11294 12499 13535 14330 14829 15000 14829 14330 13535 12500 11294 10000 
1482 1499 1482 1433 1353 1250 1129 1000 870 750 646 
583 539 519 537 589 637 741 912 1046 
541 502 500 521 580 673 769 889 1017 
594 501 517 513 544 673 734 863 1010 
595 513 496 518 563 637 739 869 1048 
566 510 524 524 588 654 721 897 1025 
593 515 478 529 566 619 761 886 1016 
550 515 488 525 593 654 745 887 991 
567 529 477 498 561 661 749 829 1002 
569 536 489 512 569 649 732 904 997 
552 496 484 531 568 620 759 886 1040 
