20 2 20
11 100
1700 77 85 96 112 130 149 169 187 203 214 222 225 222 214 203 187 169 150 130 112 
100000 5170 5669 6464 7499 8705 9999 11294 12499 13535 14330 14829 15000 14829 14330 13535 12500 11294 10000 8705 7500 
1482 1433 1353 1250 1129 1000 870 750 646 566 517 
590 610 639 736 809 832 1184 1213 1264 
493 451 481 650 842 934 1151 919 1094 
564 468 568 722 685 708 1089 1139 1004 
598 611 476 699 835 820 893 1047 1474 
555 512 508 663 793 727 1077 1161 1443 
506 419 493 671 867 822 929 1117 1458 
476 562 607 742 784 811 854 1332 1028 
579 606 560 644 709 1006 1022 1051 1357 
577 517 525 574 618 912 1191 1134 1208 
533 436 560 527 808 751 967 1087 1224 
578 529 664 540 633 749 939 1092 1421 
468 421 533 718 663 972 1144 1062 1455 
456 429 517 626 795 978 1171 1295 1224 
430 473 652 626 736 697 1176 1048 1164 
443 465 509 754 776 1036 1077 990 1184 
493 590 544 730 694 790 1001 1307 1389 
483 561 544 654 721 1015 1061 986 1107 
435 586 581 713 616 1024 894 1002 1454 
533 454 636 773 629 781 1021 1111 1239 
591 456 473 773 842 978 1143 1272 1160 
417 453 535 715 672 1043 1195 1073 1086 
450 428 569 736 725 954 1116 1259 1132 
436 546 527 638 832 765 1101 1181 1483 
413 594 641 568 880 748 1119 1238 1203 
584 494 632 559 883 875 1043 1265 1337 
514 450 538 650 634 715 845 1165 1476 
579 465 460 637 730 861 1059 1033 1138 
583 558 483 603 665 924 1171 1023 1279 
587 415 630 567 661 903 830 1092 1173 
448 489 554 696 757 953 867 1187 1303 
446 469 481 518 753 925 930 989 1449 
532 579 515 565 609 860 1001 914 1054 
584 576 510 576 628 1023 1197 1251 1007 
579 603 644 675 782 837 823 1019 1420 
413 494 472 662 726 889 1075 986 1013 
581 485 536 518 694 791 1026 1007 1480 
410 432 459 664 857 1000 1110 911 1255 
526 460 629 772 824 990 874 1124 1214 
420 420 593 649 894 815 1132 1153 1301 
584 552 550 585 784 1034 872 1251 1333 
501 486 536 588 696 846 874 1220 1108 
554 506 673 656 770 819 1039 1292 1101 
592 484 601 675 874 831 1003 1337 1164 
406 429 517 712 667 770 929 1113 1021 
502 485 678 637 843 714 882 1130 1345 
471 583 473 685 687 908 1102 908 1344 
451 518 484 739 632 1007 827 929 1364 
550 454 652 662 778 704 932 1159 1019 
522 584 491 618 861 957 942 1212 1096 
583 469 517 667 756 753 970 1298 1449 
401 565 477 717 796 734 1062 989 1433 
408 466 659 532 820 844 966 949 1042 
496 478 461 751 799 801 807 1107 1252 
488 495 595 521 887 750 1168 1272 1141 
544 513 621 656 694 815 832 1000 1415 
442 419 509 643 865 831 878 970 1315 
441 571 599 684 715 826 1167 1329 1413 
401 495 606 596 611 810 968 1166 1142 
510 476 645 767 740 860 865 1281 1266 
584 603 486 572 619 1022 1088 1197 1047 
460 587 664 657 758 731 916 928 1072 
415 433 636 589 867 1027 1026 1067 1242 
554 591 577 721 648 759 1153 1128 1479 
553 605 607 587 858 974 1179 1283 1475 
465 496 481 766 710 710 1147 1293 1445 
582 536 594 751 803 960 825 1291 1406 
402 515 578 566 700 919 893 1011 1224 
571 597 546 588 606 828 862 1306 1076 
496 445 613 560 737 1044 914 1269 1115 
409 552 480 711 809 850 1007 1204 1373 
502 604 651 542 854 988 824 1141 1045 
593 585 614 600 662 856 899 1301 1319 
595 597 579 594 765 938 1185 1083 1422 
468 524 629 629 687 1001 881 1279 1021 
571 497 513 566 703 810 1111 1129 1421 
514 568 620 748 758 844 968 1191 1059 
510 477 525 679 818 948 836 1185 1268 
507 420 548 533 886 895 801 1317 1443 
466 413 521 531 786 876 905 1187 1231 
489 566 572 646 638 832 869 1184 1432 
591 604 594 584 635 972 1122 1281 1249 
562 582 661 752 810 887 888 1098 1002 
504 448 540 654 755 813 1131 1001 1412 
407 556 491 774 757 718 844 1067 1366 
559 611 508 538 607 936 852 1027 1301 
461 563 582 566 618 749 997 1335 1323 
442 514 582 678 602 835 1018 1249 1385 
470 523 579 586 877 926 1012 1176 1057 
501 566 629 530 846 1036 1119 1340 1276 
408 582 522 595 829 1017 1015 1270 1475 
433 540 570 525 749 853 1133 1179 1004 
515 466 590 612 672 966 892 1229 1035 
572 531 665 693 739 992 1018 1016 1107 
454 461 559 612 750 745 1165 1187 1314 
589 465 544 706 894 785 1042 1288 1121 
422 543 568 690 896 865 1017 1133 1164 
569 514 475 731 883 748 1182 1170 1011 
535 513 541 616 842 733 1017 1188 1234 
458 493 500 662 641 947 1134 911 1017 
462 605 669 548 857 898 817 1326 1194 
