10 3 20
4 10
850 130 112 96 85 77 75 77 85 96 112 
850 174 150 129 113 103 100 103 113 129 149 
100000 8705 7500 6464 5669 5170 5000 5170 5669 6464 7499 
1129 1249 1353 1433 
1531 1474 1446 1453 1288 1269 
1530 1500 1430 1366 1388 1243 
1455 1560 1552 1428 1391 1213 
1412 1470 1510 1370 1339 1242 
1454 1558 1496 1455 1399 1303 
1530 1562 1430 1496 1344 1302 
1471 1570 1532 1388 1325 1307 
1430 1431 1455 1389 1318 1223 
1452 1447 1479 1496 1345 1306 
1520 1558 1524 1497 1312 1283 
