5 3 20
3 50
850 77 75 77 85 96 
850 103 100 103 113 129 
100000 5170 5000 5170 5669 6464 
1482 1499 1482 
1186 1443 
1708 1083 
1582 1285 
1303 1406 
1338 1162 
1548 1303 
1523 1552 
1526 1386 
1611 1258 
1257 1239 
1508 1616 
1420 1478 
1201 1180 
1275 1190 
1409 1138 
1430 1120 
1387 1437 
1185 1109 
1270 1388 
1694 1094 
1690 1496 
1226 1189 
1152 1350 
1227 1508 
1689 1135 
1438 1577 
1484 1612 
1616 1613 
1618 1456 
1311 1202 
1614 1420 
1474 1434 
1175 1227 
1654 1142 
1162 1350 
1714 1454 
1692 1552 
1238 1153 
1299 1305 
1578 1406 
1361 1534 
1383 1271 
1366 1433 
1475 1442 
1279 1186 
1310 1460 
1157 1614 
1160 1331 
1672 1294 
1444 1451 
