50 2 20
36 50
1700 150 130 112 96 85 77 75 77 85 96 112 130 149 169 187 203 214 222 225 222 214 203 187 169 150 130 112 96 85 77 75 77 85 96 112 130 149 169 187 203 214 222 225 222 214 203 187 169 150 130 
100000 10000 8705 7500 6464 5669 5170 5000 5170 5669 6464 7499 8705 9999 11294 12499 13535 14330 14829 15000 14829 14330 13535 12500 11294 10000 8705 7500 6464 5669 5170 5000 5170 5669 6464 7499 8705 9999 11294 12499 13535 14330 14829 15000 14829 14330 13535 12500 11294 10000 8705 
1000 1129 1249 1353 1433 1482 1499 1482 1433 1353 1250 1129 1000 870 750 646 566 517 500 517 566 646 749 870 999 1129 1249 1353 1433 1482 1499 1482 1433 1353 1250 1129 
1546 375 1025 989 401 324 267 581 619 379 1118 1091 446 1266 
1032 1042 970 891 770 431 393 482 710 726 837 1233 604 679 
664 956 722 876 647 787 529 689 292 1030 884 737 913 773 
924 1184 1022 318 373 814 468 437 438 860 1003 690 639 1731 
934 1178 769 655 257 459 513 700 876 679 344 1179 439 1225 
1231 522 811 533 324 512 404 503 491 319 390 523 1393 1806 
797 739 1106 711 660 820 378 266 637 765 697 1183 939 645 
606 504 623 868 489 397 672 758 659 811 865 1008 764 1713 
1059 785 705 633 481 283 756 759 787 438 1055 1021 974 888 
1566 689 575 936 397 569 553 736 799 418 835 414 1591 1781 
1425 1094 472 721 469 322 648 372 590 615 649 684 845 680 
1551 843 724 847 790 817 468 652 287 600 706 691 566 955 
660 1338 982 577 521 356 350 352 774 550 982 1383 1181 1282 
816 802 630 484 864 512 562 613 698 627 762 871 1551 1334 
1478 466 596 573 635 488 768 646 901 317 881 444 1472 1445 
1585 1269 1005 377 795 750 569 784 581 418 401 390 660 1262 
1440 1281 843 834 294 486 457 208 505 519 339 529 853 1021 
1017 885 608 918 507 682 326 825 810 559 879 628 1515 1414 
949 654 317 445 624 459 338 725 525 978 685 1342 433 715 
1598 1081 895 898 879 788 554 308 549 305 685 769 860 1545 
1229 684 1063 799 440 290 613 448 543 569 768 1023 1030 1097 
735 489 802 625 385 691 276 318 264 950 1015 1341 506 1503 
582 1367 619 306 717 801 459 486 619 745 1004 474 429 552 
1141 851 464 547 845 535 692 489 659 640 551 1105 1411 458 
1396 697 872 661 442 617 607 315 508 945 576 1237 834 696 
1394 981 747 625 321 358 473 351 370 417 620 637 1078 1145 
1409 386 599 1028 425 382 779 509 277 841 511 625 603 1340 
1074 734 1199 681 444 276 702 507 343 592 844 372 454 891 
907 1297 1064 342 741 231 502 621 561 727 659 844 1359 1644 
1442 914 393 774 744 251 225 713 717 1032 947 1229 718 625 
536 398 519 372 905 312 669 296 351 260 574 1328 957 1745 
1268 1254 371 278 495 399 233 303 860 739 536 802 955 1419 
1038 476 700 275 689 800 564 220 755 818 416 430 1004 1176 
1181 1185 1162 903 358 607 635 522 634 1009 820 566 1090 811 
1175 538 1153 886 490 667 320 448 379 836 1111 762 609 547 
548 1351 583 717 519 425 466 563 591 555 988 1391 677 460 
1537 1134 892 923 500 321 528 780 303 1009 742 453 1460 1467 
1438 1193 593 697 544 476 460 499 563 861 398 735 1535 785 
934 871 313 267 333 553 569 724 877 968 836 1175 707 1678 
1296 996 312 764 365 759 249 454 450 830 1108 1201 1202 935 
1432 607 375 1033 384 437 583 619 849 446 619 592 1546 703 
885 599 376 649 814 211 313 502 629 545 312 984 820 1404 
1553 990 969 621 447 256 250 824 776 496 988 1117 1187 806 
698 1062 536 378 395 325 550 555 368 966 484 968 1207 538 
895 427 875 844 291 326 487 564 802 711 789 540 493 920 
420 447 773 971 321 459 776 408 479 771 709 1094 1137 1241 
487 1095 353 948 420 531 662 774 903 435 845 605 984 884 
1041 461 446 937 903 641 437 431 456 427 615 912 1585 1479 
548 813 647 923 242 763 398 735 471 662 1014 1176 1082 1446 
1384 486 327 793 630 767 442 593 404 730 1064 952 1149 1167 
