10 3 20
6 50
850 150 130 112 96 85 77 75 77 85 96 
850 200 174 150 129 113 103 100 103 113 129 
100000 10000 8705 7500 6464 5669 5170 5000 5170 5669 6464 
1000 1129 1249 1353 1433 1482 
1786 2132 877 2091 
1445 2233 1350 633 
1657 1780 1955 1510 
798 2173 779 1617 
631 1325 798 2051 
918 1399 978 1460 
1510 1494 1796 2108 
1741 1902 1276 611 
2227 1202 1477 1026 
711 2159 1508 1131 
1445 2328 2183 973 
960 1359 1823 740 
2115 919 1443 1304 
1258 723 2269 2109 
2219 2203 1778 1642 
1941 1946 2175 1629 
1484 668 1371 716 
1612 957 1026 1537 
675 1748 1713 657 
822 1930 849 1540 
653 1459 1289 555 
1919 1704 1507 780 
1220 2299 1073 1980 
1476 1566 928 2047 
1534 1338 1221 2124 
2294 1903 2009 1973 
2097 2115 981 548 
1779 1088 2103 1331 
1119 2281 1832 1659 
1694 2141 1203 1322 
1461 1495 1807 1560 
1488 2273 1322 2100 
1147 1076 1636 1495 
2196 878 2214 1898 
1656 776 2087 785 
1117 1094 2034 1642 
1583 1553 1077 1746 
668 1336 1233 2055 
884 1892 895 598 
810 1741 1072 1364 
1289 1913 1454 1721 
2050 604 1919 1736 
1089 1029 1920 1659 
1017 2154 1339 1718 
2304 1613 2130 1349 
2021 1870 2282 637 
1423 866 2077 1085 
1370 926 2136 2000 
1516 1155 1174 974 
2082 1743 2211 1254 
