50 6 20
16 10
340 96 112 130 149 169 187 203 214 222 225 222 214 203 187 169 150 130 112 96 85 77 75 77 85 96 112 130 149 169 187 203 214 222 225 222 214 203 187 169 150 130 112 96 85 77 75 77 85 96 112 
340 129 149 174 199 225 249 270 286 296 300 296 286 270 250 225 200 174 150 129 113 103 100 103 113 129 149 174 199 225 249 270 286 296 300 296 286 270 250 225 200 174 150 129 113 103 100 103 113 129 149 
340 161 187 217 249 282 312 338 358 370 375 370 358 338 312 282 250 217 187 161 141 129 125 129 141 161 187 217 249 282 312 338 358 370 375 370 358 338 312 282 250 217 187 161 141 129 125 129 141 161 187 
340 193 224 261 299 338 374 406 429 444 450 444 429 406 375 338 300 261 225 193 170 155 150 155 170 193 224 261 299 338 374 406 429 444 450 444 429 406 375 338 300 261 225 193 170 155 150 155 170 193 224 
340 226 262 304 349 395 437 473 501 519 525 519 501 473 437 395 350 304 262 226 198 180 175 180 198 226 262 304 349 395 437 473 501 519 525 519 501 473 437 395 350 304 262 226 198 180 175 180 198 226 262 
100000 6464 7499 8705 9999 11294 12499 13535 14330 14829 15000 14829 14330 13535 12500 11294 10000 8705 7500 6464 5669 5170 5000 5170 5669 6464 7499 8705 9999 11294 12499 13535 14330 14829 15000 14829 14330 13535 12500 11294 10000 8705 7500 6464 5669 5170 5000 5170 5669 6464 7499 
1353 1250 1129 1000 870 750 646 566 517 500 517 566 646 749 870 999 
1075 1274 1369 1414 1549 1573 1433 1412 1323 1269 1156 982 829 716 639 546 493 477 493 553 618 751 836 988 1100 1281 1418 1409 1527 1487 1448 1494 1412 1259 
1093 1275 1403 1439 1469 1470 1424 1491 1334 1254 1155 1008 857 759 668 553 528 520 492 541 627 744 898 1019 1154 1257 1321 1388 1536 1478 1446 1378 1310 1252 
1181 1269 1385 1472 1426 1489 1520 1452 1295 1210 1074 967 900 756 667 592 533 475 499 568 635 752 894 1044 1177 1217 1410 1426 1461 1562 1490 1468 1316 1201 
1132 1229 1331 1487 1512 1430 1493 1372 1350 1217 1127 1000 890 714 629 582 519 512 509 553 668 723 879 1039 1098 1268 1383 1404 1422 1540 1442 1492 1357 1253 
1172 1267 1398 1451 1459 1529 1439 1392 1323 1209 1143 976 886 785 630 544 519 506 515 554 659 765 904 982 1176 1224 1343 1425 1431 1468 1530 1485 1419 1286 
1141 1282 1296 1461 1554 1499 1535 1434 1363 1221 1084 994 874 757 659 543 493 521 501 562 638 776 880 1017 1075 1201 1390 1457 1530 1549 1549 1384 1331 1217 
1080 1305 1413 1421 1544 1442 1477 1376 1295 1215 1074 969 883 772 664 546 528 476 516 570 650 781 845 1005 1122 1278 1326 1484 1435 1465 1435 1414 1312 1254 
1136 1225 1322 1410 1415 1467 1519 1445 1366 1291 1112 1017 895 744 640 580 510 512 522 550 623 715 837 983 1114 1234 1311 1414 1428 1559 1550 1473 1375 1241 
1165 1216 1407 1478 1539 1429 1493 1417 1402 1227 1180 1031 832 784 649 577 527 497 534 555 637 757 869 1026 1135 1242 1290 1369 1469 1454 1470 1369 1359 1258 
1123 1208 1398 1397 1494 1539 1455 1368 1294 1278 1077 983 898 758 672 556 497 501 507 585 642 741 911 966 1136 1253 1316 1439 1457 1484 1488 1482 1416 1221 
