20 6 20
7 10
340 77 75 77 85 96 112 130 149 169 187 203 214 222 225 222 214 203 187 169 150 
340 103 100 103 113 129 149 174 199 225 249 270 286 296 300 296 286 270 250 225 200 
340 129 125 129 141 161 187 217 249 282 312 338 358 370 375 370 358 338 312 282 250 
340 155 150 155 170 193 224 261 299 338 374 406 429 444 450 444 429 406 375 338 300 
340 180 175 180 198 226 262 304 349 395 437 473 501 519 525 519 501 473 437 395 350 
100000 5170 5000 5170 5669 6464 7499 8705 9999 11294 12499 13535 14330 14829 15000 14829 14330 13535 12500 11294 10000 
1482 1499 1482 1433 1353 1250 1129 
1075 860 773 688 545 417 526 414 458 723 844 951 1004 
1128 957 743 765 536 518 562 589 676 766 604 712 964 
963 757 878 525 588 597 537 600 675 622 658 699 937 
1055 847 840 663 623 620 527 554 642 665 656 705 934 
1157 845 791 711 487 473 532 474 524 673 884 1023 926 
942 901 818 679 666 535 518 432 548 627 776 903 981 
1066 1006 742 760 544 490 430 617 612 549 885 806 1123 
1100 905 795 591 630 485 452 589 465 563 644 732 968 
840 723 858 672 675 614 467 517 647 720 861 1028 905 
994 848 611 639 486 539 404 444 650 590 637 835 1009 
