20 3 20
15 100
850 112 96 85 77 75 77 85 96 112 130 149 169 187 203 214 222 225 222 214 203 
850 150 129 113 103 100 103 113 129 149 174 199 225 249 270 286 296 300 296 286 270 
100000 7500 6464 5669 5170 5000 5170 5669 6464 7499 8705 9999 11294 12499 13535 14330 14829 15000 14829 14330 13535 
1249 1353 1433 1482 1499 1482 1433 1353 1250 1129 1000 870 750 646 566 
599 528 424 481 729 
617 449 438 516 709 
468 438 569 488 720 
535 406 576 646 632 
527 465 599 546 742 
421 556 535 507 519 
481 532 541 638 720 
509 462 549 631 756 
518 510 434 613 710 
563 578 485 654 710 
546 460 483 574 660 
552 450 577 576 520 
508 405 549 465 701 
551 405 545 499 627 
445 560 572 570 699 
458 568 563 576 775 
518 418 459 466 706 
431 537 613 491 540 
474 527 524 475 530 
542 412 484 475 630 
592 581 473 617 748 
598 408 532 510 583 
451 587 505 666 763 
485 506 481 456 743 
539 533 528 606 673 
525 452 599 650 763 
498 475 522 493 699 
595 411 602 495 603 
420 575 591 633 665 
494 458 526 541 534 
591 439 606 509 757 
422 528 448 596 673 
557 514 512 606 584 
573 503 555 629 718 
471 556 433 598 572 
496 426 518 634 708 
576 517 439 670 729 
517 424 492 563 581 
431 538 504 512 748 
471 594 561 551 716 
601 530 533 661 566 
421 493 582 609 602 
437 547 427 597 600 
494 462 431 664 531 
576 504 446 527 606 
419 472 591 549 642 
568 595 550 605 628 
508 580 425 555 602 
445 571 617 466 620 
502 509 611 630 678 
463 428 429 499 767 
599 599 593 603 722 
456 407 488 540 667 
606 452 589 605 551 
532 485 577 467 582 
608 561 549 563 602 
608 540 422 552 699 
613 445 416 529 706 
554 437 573 632 713 
467 513 521 593 579 
572 436 590 641 570 
595 567 488 489 638 
501 481 593 651 623 
507 574 612 508 645 
543 509 496 648 620 
544 404 440 645 640 
436 501 480 587 749 
510 468 460 626 772 
446 498 464 522 765 
552 503 503 594 725 
604 478 516 500 744 
486 445 604 642 698 
414 560 509 510 595 
454 580 516 565 768 
444 444 489 639 626 
485 595 534 597 602 
588 515 571 671 750 
531 458 604 503 644 
507 584 612 562 642 
575 503 482 602 592 
474 594 457 495 560 
416 403 433 455 537 
436 562 470 642 735 
555 430 510 654 658 
455 526 567 669 773 
509 417 439 593 719 
528 487 562 460 580 
560 562 434 609 599 
516 517 496 516 641 
537 572 469 656 698 
418 584 587 477 561 
449 539 550 514 528 
434 559 531 622 540 
608 530 486 539 668 
556 400 459 569 531 
584 578 488 472 678 
439 407 442 559 679 
444 555 450 462 766 
439 599 478 478 589 
463 415 507 664 618 
