20 2 20
11 10
1700 77 85 96 112 130 149 169 187 203 214 222 225 222 214 203 187 169 150 130 112 
100000 5170 5669 6464 7499 8705 9999 11294 12499 13535 14330 14829 15000 14829 14330 13535 12500 11294 10000 8705 7500 
1482 1433 1353 1250 1129 1000 870 750 646 566 517 
670 548 594 477 922 1129 1187 1012 602 
625 401 486 748 962 1120 1147 781 833 
387 712 848 658 619 763 1132 956 710 
452 254 465 329 1034 780 1579 1328 1517 
557 244 743 766 913 1292 979 501 1873 
756 606 667 600 628 385 535 1609 1243 
275 594 434 418 962 1148 852 775 1504 
514 482 893 835 341 1134 522 729 914 
750 789 228 273 367 1307 1438 1224 1091 
732 628 543 392 934 466 981 776 1863 
