50 6 20
26 50
340 77 75 77 85 96 112 130 149 169 187 203 214 222 225 222 214 203 187 169 150 130 112 96 85 77 75 77 85 96 112 130 149 169 187 203 214 222 225 222 214 203 187 169 150 130 112 96 85 77 75 
340 103 100 103 113 129 149 174 199 225 249 270 286 296 300 296 286 270 250 225 200 174 150 129 113 103 100 103 113 129 149 174 199 225 249 270 286 296 300 296 286 270 250 225 200 174 150 129 113 103 100 
340 129 125 129 141 161 187 217 249 282 312 338 358 370 375 370 358 338 312 282 250 217 187 161 141 129 125 129 141 161 187 217 249 282 312 338 358 370 375 370 358 338 312 282 250 217 187 161 141 129 125 
340 155 150 155 170 193 224 261 299 338 374 406 429 444 450 444 429 406 375 338 300 261 225 193 170 155 150 155 170 193 224 261 299 338 374 406 429 444 450 444 429 406 375 338 300 261 225 193 170 155 150 
340 180 175 180 198 226 262 304 349 395 437 473 501 519 525 519 501 473 437 395 350 304 262 226 198 180 175 180 198 226 262 304 349 395 437 473 501 519 525 519 501 473 437 395 350 304 262 226 198 180 175 
100000 5170 5000 5170 5669 6464 7499 8705 9999 11294 12499 13535 14330 14829 15000 14829 14330 13535 12500 11294 10000 8705 7500 6464 5669 5170 5000 5170 5669 6464 7499 8705 9999 11294 12499 13535 14330 14829 15000 14829 14330 13535 12500 11294 10000 8705 7500 6464 5669 5170 5000 
1482 1499 1482 1433 1353 1250 1129 1000 870 750 646 566 517 500 517 566 646 749 870 999 1129 1249 1353 1433 1482 1499 
1527 1430 1302 1199 1093 979 836 776 651 567 542 490 495 544 649 730 843 1022 1100 1289 1348 1472 1505 1483 
1425 1431 1309 1288 1169 993 872 743 664 555 541 500 540 577 627 745 909 1005 1134 1311 1347 1372 1472 1500 
1553 1457 1300 1207 1158 1033 837 776 615 571 528 489 521 543 670 754 831 1005 1152 1293 1350 1426 1456 1514 
1531 1442 1398 1276 1087 1041 849 727 653 582 517 512 523 547 664 762 903 1013 1162 1284 1359 1397 1436 1500 
1539 1385 1322 1303 1181 1022 898 783 615 583 532 491 504 593 665 777 843 990 1090 1217 1405 1367 1484 1431 
1538 1485 1364 1244 1184 1041 841 776 630 590 496 484 533 592 616 729 836 985 1171 1226 1310 1489 1514 1443 
1496 1466 1316 1295 1138 963 837 731 673 555 529 478 510 563 647 732 904 989 1087 1274 1383 1501 1453 1465 
1459 1388 1416 1277 1128 1024 889 765 639 584 509 497 540 563 640 763 882 1030 1120 1310 1336 1436 1540 1506 
1441 1373 1381 1193 1130 1043 902 712 659 544 513 484 542 588 641 745 901 999 1145 1241 1352 1396 1426 1541 
1464 1375 1312 1205 1175 970 906 752 639 554 525 498 505 557 677 744 904 1022 1085 1311 1375 1363 1478 1460 
1409 1438 1377 1290 1171 975 827 721 626 580 499 479 496 587 625 727 850 962 1111 1286 1329 1364 1537 1523 
1459 1439 1326 1305 1158 970 863 720 651 566 517 487 492 565 662 738 903 963 1167 1309 1322 1395 1447 1514 
1475 1449 1354 1240 1091 968 887 779 626 589 531 499 528 586 667 722 913 1028 1143 1298 1294 1401 1411 1460 
1545 1436 1317 1251 1073 989 887 777 628 571 511 492 519 559 654 745 853 1042 1161 1270 1316 1457 1440 1503 
1474 1455 1290 1258 1111 986 866 758 649 539 534 476 494 580 676 732 881 1019 1157 1211 1343 1422 1525 1528 
1445 1455 1289 1196 1090 1029 832 755 665 550 500 508 512 582 656 743 887 1002 1137 1243 1346 1368 1492 1443 
1468 1430 1386 1203 1182 1009 848 721 635 592 526 521 522 574 668 761 884 989 1184 1211 1298 1491 1439 1524 
1412 1482 1403 1221 1115 992 907 777 614 556 492 521 521 563 619 734 875 1001 1118 1194 1411 1498 1550 1462 
1462 1503 1400 1275 1114 999 882 750 672 572 522 505 505 555 643 713 880 989 1154 1188 1405 1484 1453 1561 
1509 1488 1326 1293 1145 1039 897 781 673 574 522 494 515 574 644 723 865 973 1087 1208 1395 1429 1488 1453 
1428 1472 1345 1226 1151 961 906 766 623 563 540 490 518 590 663 738 837 1028 1140 1190 1396 1463 1432 1560 
1473 1374 1320 1216 1168 958 871 720 625 558 502 495 494 583 670 756 836 993 1122 1188 1359 1475 1429 1465 
1470 1472 1369 1306 1083 1003 842 725 641 555 505 509 515 572 658 755 835 1035 1141 1247 1324 1481 1425 1494 
1480 1494 1320 1205 1175 1021 849 753 615 582 539 482 500 549 674 747 883 1037 1179 1189 1419 1484 1463 1494 
1546 1489 1366 1218 1165 1003 873 741 670 586 511 499 493 547 637 722 900 1025 1103 1205 1307 1381 1529 1482 
1423 1453 1352 1223 1179 951 895 772 643 588 524 479 511 567 615 750 880 1045 1110 1241 1362 1499 1514 1431 
1484 1448 1399 1200 1113 968 841 756 643 555 522 484 494 571 625 760 841 957 1152 1301 1410 1464 1466 1434 
1518 1483 1419 1300 1112 980 871 744 638 595 506 512 507 564 635 778 836 986 1125 1306 1332 1418 1515 1453 
1449 1448 1309 1222 1135 999 867 740 615 594 530 499 515 579 672 751 872 997 1163 1240 1390 1427 1493 1443 
1438 1392 1378 1243 1179 1017 877 765 660 563 539 490 524 566 615 776 909 1017 1130 1229 1313 1371 1419 1517 
1517 1420 1415 1194 1154 951 842 734 650 542 510 481 504 593 671 754 838 985 1107 1277 1394 1461 1525 1430 
1515 1366 1364 1209 1082 1006 836 723 647 541 533 482 508 554 637 745 895 1049 1082 1191 1413 1379 1518 1456 
1541 1364 1302 1292 1164 997 870 751 630 541 530 493 533 582 620 759 835 992 1182 1290 1292 1476 1456 1536 
1427 1487 1403 1287 1163 990 843 728 620 590 525 503 526 567 667 712 845 1005 1111 1290 1338 1444 1421 1519 
1471 1430 1339 1286 1126 992 847 745 652 566 503 507 538 559 632 728 873 987 1147 1238 1377 1480 1469 1469 
1547 1392 1293 1199 1179 974 835 778 624 592 521 492 514 558 628 777 905 989 1090 1240 1362 1495 1411 1569 
1516 1444 1331 1246 1099 1031 904 733 646 569 496 489 535 557 621 723 886 995 1128 1236 1295 1381 1468 1494 
1481 1367 1295 1253 1099 985 859 734 674 569 511 496 493 549 668 783 889 1040 1093 1201 1390 1476 1422 1473 
1425 1421 1358 1238 1140 1017 899 769 648 579 537 523 524 552 631 721 835 964 1182 1260 1419 1362 1533 1478 
1423 1431 1343 1298 1127 1041 910 741 630 546 522 499 519 549 651 742 903 1003 1075 1233 1385 1439 1503 1498 
1543 1372 1379 1287 1093 1018 861 764 671 558 514 500 493 554 653 742 884 1024 1081 1222 1373 1400 1501 1436 
1428 1427 1325 1300 1146 1004 856 750 664 589 525 503 541 593 678 729 828 986 1112 1247 1383 1487 1541 1503 
1493 1390 1387 1197 1167 1034 911 758 654 556 492 494 530 588 629 740 896 951 1121 1303 1408 1498 1427 1472 
1433 1400 1375 1298 1184 950 884 714 677 557 539 511 504 548 649 781 858 1023 1185 1212 1376 1436 1428 1486 
1531 1454 1289 1257 1157 958 844 742 661 575 513 495 519 556 659 731 877 1031 1116 1277 1329 1485 1451 1574 
1423 1395 1350 1226 1092 1030 898 712 640 589 540 510 516 546 654 715 899 1041 1086 1228 1328 1476 1523 1523 
1524 1379 1333 1196 1141 1038 832 781 635 546 500 490 506 560 616 761 898 1018 1094 1216 1330 1398 1524 1556 
1452 1408 1382 1250 1121 1030 881 769 660 574 518 496 539 568 661 780 845 1015 1110 1232 1328 1402 1485 1566 
1417 1473 1307 1257 1152 1039 913 759 655 538 523 496 504 594 676 728 848 1003 1081 1193 1331 1421 1427 1455 
1507 1475 1361 1214 1147 1034 909 753 667 584 530 511 504 587 651 722 842 1038 1159 1202 1334 1419 1478 1534 
