50 11 20
26 100
170 85 77 75 77 85 96 112 130 149 169 187 203 214 222 225 222 214 203 187 169 150 130 112 96 85 77 75 77 85 96 112 130 149 169 187 203 214 222 225 222 214 203 187 169 150 130 112 96 85 77 
170 113 103 100 103 113 129 149 174 199 225 249 270 286 296 300 296 286 270 250 225 200 174 150 129 113 103 100 103 113 129 149 174 199 225 249 270 286 296 300 296 286 270 250 225 200 174 150 129 113 103 
170 141 129 125 129 141 161 187 217 249 282 312 338 358 370 375 370 358 338 312 282 250 217 187 161 141 129 125 129 141 161 187 217 249 282 312 338 358 370 375 370 358 338 312 282 250 217 187 161 141 129 
170 170 155 150 155 170 193 224 261 299 338 374 406 429 444 450 444 429 406 375 338 300 261 225 193 170 155 150 155 170 193 224 261 299 338 374 406 429 444 450 444 429 406 375 338 300 261 225 193 170 155 
170 198 180 175 180 198 226 262 304 349 395 437 473 501 519 525 519 501 473 437 395 350 304 262 226 198 180 175 180 198 226 262 304 349 395 437 473 501 519 525 519 501 473 437 395 350 304 262 226 198 180 
170 226 206 200 206 226 258 299 348 399 451 499 541 573 593 600 593 573 541 500 451 400 348 300 258 226 206 200 206 226 258 299 348 399 451 499 541 573 593 600 593 573 541 500 451 400 348 300 258 226 206 
170 255 232 225 232 255 290 337 391 449 508 562 609 644 667 675 667 644 609 562 508 450 391 337 290 255 232 225 232 255 290 337 391 449 508 562 609 644 667 675 667 644 609 562 508 450 391 337 290 255 232 
170 283 258 250 258 283 323 374 435 499 564 624 676 716 741 750 741 716 676 625 564 500 435 375 323 283 258 250 258 283 323 374 435 499 564 624 676 716 741 750 741 716 676 625 564 500 435 375 323 283 258 
170 311 284 275 284 311 355 412 478 549 621 687 744 788 815 825 815 788 744 687 621 550 478 412 355 311 284 275 284 311 355 412 478 549 621 687 744 788 815 825 815 788 744 687 621 550 478 412 355 311 284 
170 340 310 300 310 340 387 449 522 599 677 749 812 859 889 900 889 859 812 750 677 600 522 450 387 340 310 300 310 340 387 449 522 599 677 749 812 859 889 900 889 859 812 750 677 600 522 450 387 340 310 
100000 5669 5170 5000 5170 5669 6464 7499 8705 9999 11294 12499 13535 14330 14829 15000 14829 14330 13535 12500 11294 10000 8705 7500 6464 5669 5170 5000 5170 5669 6464 7499 8705 9999 11294 12499 13535 14330 14829 15000 14829 14330 13535 12500 11294 10000 8705 7500 6464 5669 5170 
1433 1482 1499 1482 1433 1353 1250 1129 1000 870 750 646 566 517 500 517 566 646 749 870 999 1129 1249 1353 1433 1482 
1466 1554 1412 1340 1234 1157 977 891 768 637 576 536 524 516 569 663 735 883 1007 1159 1238 1409 1412 1520 
1570 1538 1479 1363 1208 1120 998 873 713 622 555 502 519 492 550 628 720 850 1044 1093 1291 1385 1389 1503 
1462 1550 1458 1298 1222 1108 981 911 762 621 539 520 518 509 549 671 751 889 1014 1129 1282 1396 1474 1413 
1498 1409 1497 1388 1265 1174 1025 895 736 677 552 499 506 504 578 650 720 864 950 1174 1209 1373 1409 1460 
1510 1430 1503 1327 1267 1175 995 886 722 657 545 492 516 508 588 614 781 853 981 1134 1244 1348 1387 1461 
1518 1499 1397 1291 1237 1084 979 868 726 624 587 529 520 538 543 632 747 888 1034 1130 1266 1323 1462 1506 
1525 1531 1495 1408 1250 1125 1035 891 768 664 546 521 503 508 591 643 755 897 1028 1077 1271 1329 1364 1485 
1444 1544 1436 1397 1304 1158 1031 889 741 665 543 492 486 525 557 660 730 859 950 1091 1246 1399 1444 1418 
1454 1490 1393 1353 1278 1120 959 887 713 641 566 526 492 525 553 663 722 897 1023 1157 1289 1321 1451 1538 
1438 1440 1392 1360 1256 1177 952 883 764 622 574 519 505 510 571 658 726 888 957 1173 1214 1389 1445 1548 
1451 1527 1478 1290 1203 1115 979 861 749 643 541 522 476 529 569 625 784 885 993 1146 1260 1310 1395 1555 
1572 1495 1439 1331 1260 1143 1028 828 712 617 552 539 515 537 556 618 777 878 1028 1102 1287 1327 1484 1436 
1439 1500 1504 1344 1262 1148 980 885 781 629 547 492 486 525 557 635 736 845 1035 1138 1206 1366 1383 1443 
1553 1475 1454 1361 1251 1125 967 900 742 664 577 520 492 519 564 639 767 841 964 1075 1269 1310 1382 1529 
1434 1442 1435 1314 1215 1081 1023 904 736 628 587 523 500 538 547 669 744 852 1033 1167 1219 1329 1485 1471 
1486 1441 1458 1358 1195 1102 1014 828 740 641 540 499 514 532 563 651 735 863 1007 1153 1295 1311 1498 1496 
1562 1504 1463 1301 1240 1115 966 880 721 652 591 533 494 536 578 618 757 866 965 1166 1230 1293 1385 1474 
1446 1546 1498 1300 1234 1148 967 909 776 657 572 510 510 539 564 641 732 901 952 1100 1221 1400 1456 1508 
1477 1455 1456 1387 1196 1183 972 848 736 675 544 503 502 521 589 643 744 872 1021 1149 1272 1290 1403 1538 
1496 1534 1370 1323 1198 1161 983 841 743 637 552 518 520 520 562 635 756 831 960 1142 1261 1419 1454 1442 
1431 1519 1397 1309 1262 1140 1023 880 756 667 544 515 521 501 595 643 772 851 1009 1171 1248 1369 1367 1499 
1556 1426 1504 1399 1246 1163 995 911 737 626 560 497 499 510 554 671 762 858 967 1124 1260 1343 1417 1414 
1540 1425 1414 1363 1208 1165 1031 881 739 640 584 522 517 532 584 677 723 831 976 1170 1194 1413 1489 1482 
1571 1462 1403 1420 1260 1144 1025 827 770 628 548 517 477 526 592 646 745 870 1003 1150 1201 1359 1455 1431 
1509 1540 1499 1397 1280 1158 953 902 714 619 562 538 484 534 581 618 748 855 1010 1151 1299 1362 1381 1547 
1530 1456 1378 1419 1231 1129 991 912 776 652 571 519 510 495 573 614 751 839 1000 1090 1229 1412 1439 1482 
1542 1482 1392 1310 1218 1148 1001 848 786 624 566 515 494 540 593 648 751 862 963 1146 1290 1290 1362 1487 
1486 1479 1425 1384 1277 1140 1026 841 772 623 569 498 491 492 578 636 736 881 1003 1098 1285 1290 1459 1483 
1468 1541 1455 1402 1273 1139 956 882 775 638 545 529 511 511 567 650 778 828 956 1170 1201 1360 1472 1514 
1573 1510 1379 1338 1284 1153 989 840 720 677 545 542 505 520 544 620 725 869 989 1122 1250 1383 1405 1519 
1507 1440 1398 1378 1219 1180 979 865 746 655 543 503 491 532 559 636 723 910 996 1177 1265 1367 1493 1458 
1426 1523 1370 1298 1294 1165 972 859 757 625 569 494 482 533 554 628 744 839 972 1085 1210 1419 1419 1487 
1539 1469 1448 1379 1246 1096 1026 852 724 650 590 496 492 530 581 659 787 885 984 1134 1299 1362 1394 1457 
1548 1437 1403 1348 1276 1157 1022 894 754 633 564 510 507 528 559 651 760 871 1020 1184 1220 1353 1481 1493 
1570 1533 1362 1391 1229 1123 959 881 770 622 541 534 478 514 539 659 740 907 1033 1089 1226 1329 1492 1457 
1532 1505 1383 1328 1260 1160 1044 864 782 623 588 516 475 521 556 652 761 880 968 1167 1199 1322 1427 1492 
1457 1547 1445 1327 1235 1078 958 854 775 634 592 530 476 502 592 634 753 862 977 1129 1212 1411 1471 1448 
1426 1512 1414 1316 1233 1102 1020 843 739 633 566 502 499 530 594 672 765 845 1025 1084 1190 1325 1398 1535 
1522 1525 1426 1387 1297 1103 1033 854 761 661 553 532 484 506 586 614 732 859 982 1114 1309 1312 1395 1414 
1455 1464 1390 1313 1277 1105 1018 850 738 664 576 503 512 503 558 677 757 864 996 1128 1255 1300 1426 1413 
1520 1529 1476 1326 1299 1173 1039 849 747 626 588 492 524 509 570 637 782 847 964 1082 1216 1330 1448 1424 
1436 1536 1441 1324 1208 1101 1009 903 740 655 574 525 477 504 567 659 774 861 984 1145 1237 1353 1455 1493 
1562 1458 1368 1351 1247 1170 988 837 752 640 544 506 500 499 582 662 758 845 996 1099 1301 1361 1373 1424 
1551 1416 1382 1309 1222 1132 972 903 716 653 569 529 492 491 591 616 759 899 1010 1155 1280 1293 1499 1475 
1530 1443 1497 1399 1278 1171 958 894 735 651 583 536 507 498 593 671 734 910 1023 1100 1237 1390 1496 1483 
1464 1440 1440 1401 1280 1079 1012 859 728 663 577 512 495 497 565 656 727 890 1022 1082 1216 1399 1375 1524 
1548 1494 1464 1349 1306 1076 1010 889 752 677 561 494 480 497 577 646 780 842 975 1185 1268 1301 1453 1442 
1537 1500 1420 1315 1251 1073 975 858 714 616 570 542 475 515 570 646 770 906 1009 1166 1207 1286 1437 1473 
1548 1442 1387 1381 1286 1124 998 880 740 658 552 533 508 534 570 678 750 849 977 1130 1228 1371 1496 1444 
1503 1427 1432 1383 1305 1113 951 855 724 677 594 530 522 522 558 647 768 889 1012 1128 1260 1339 1448 1505 
1443 1478 1484 1388 1229 1176 981 908 753 619 566 512 485 525 564 676 740 903 965 1128 1302 1406 1368 1441 
1534 1536 1486 1413 1299 1137 996 906 781 632 554 522 486 519 580 625 773 878 1039 1145 1244 1314 1457 1511 
1443 1507 1380 1323 1218 1124 1038 880 743 651 556 542 521 496 576 673 723 883 997 1075 1296 1368 1466 1432 
1507 1527 1362 1323 1294 1093 1041 869 733 644 557 523 484 506 572 625 720 889 974 1131 1278 1365 1388 1474 
1472 1530 1408 1289 1298 1074 979 882 723 627 544 504 491 521 590 671 783 890 962 1088 1273 1322 1423 1555 
1474 1470 1489 1357 1199 1121 1002 898 722 642 579 531 505 518 588 614 731 882 993 1144 1251 1320 1486 1413 
1491 1448 1489 1353 1243 1077 956 888 775 626 566 496 500 538 572 678 750 869 1000 1129 1198 1388 1420 1440 
1534 1452 1387 1356 1282 1174 996 885 735 627 591 516 519 499 576 653 758 906 974 1120 1208 1307 1476 1481 
1514 1446 1427 1358 1197 1090 979 898 760 658 568 499 482 493 585 622 733 830 1006 1183 1202 1417 1485 1486 
1546 1521 1403 1388 1190 1086 953 866 770 641 560 506 478 491 561 677 734 886 1011 1168 1243 1296 1444 1460 
1477 1496 1365 1413 1310 1153 1026 907 776 631 582 515 510 522 574 653 757 911 950 1105 1220 1348 1369 1475 
1453 1483 1442 1288 1209 1097 1028 898 765 617 570 513 477 514 591 669 738 857 1027 1077 1263 1317 1417 1445 
1558 1448 1368 1303 1261 1129 955 874 716 659 564 500 503 519 594 657 768 906 984 1143 1263 1293 1420 1546 
1446 1439 1413 1286 1287 1132 1011 853 762 677 549 518 509 540 577 628 777 842 981 1177 1258 1414 1391 1500 
1443 1416 1443 1386 1268 1108 1019 861 735 641 571 492 479 533 540 631 724 840 959 1104 1301 1349 1460 1409 
1538 1433 1389 1414 1292 1096 1043 909 762 657 559 499 519 532 582 618 719 906 991 1165 1311 1320 1484 1446 
1549 1434 1413 1321 1231 1139 976 913 722 631 541 493 513 538 545 650 746 855 1032 1104 1285 1413 1373 1465 
1428 1546 1484 1319 1283 1172 1029 908 739 662 572 515 514 524 544 674 758 863 1037 1084 1242 1353 1385 1548 
1540 1541 1365 1374 1245 1076 1003 855 773 619 586 503 493 520 595 652 760 908 984 1184 1281 1402 1409 1424 
1574 1539 1440 1297 1273 1102 1047 842 720 654 539 538 516 501 567 647 740 854 976 1162 1246 1286 1372 1427 
1543 1431 1381 1418 1246 1103 1008 864 737 631 538 494 477 508 590 674 727 834 1030 1158 1244 1337 1486 1432 
1556 1545 1363 1292 1247 1158 963 913 722 624 565 527 520 530 591 639 780 876 958 1096 1287 1378 1474 1480 
1574 1439 1413 1287 1271 1119 1042 829 763 648 591 501 500 502 579 631 729 829 1031 1132 1277 1293 1497 1421 
1450 1418 1449 1390 1299 1087 1041 887 760 630 575 521 500 539 565 648 742 839 1034 1138 1238 1371 1488 1497 
1550 1441 1445 1407 1226 1157 1014 844 775 640 561 496 477 508 541 616 752 900 1007 1125 1274 1348 1468 1502 
1547 1416 1436 1361 1277 1081 960 848 784 647 549 510 514 504 567 678 775 880 972 1148 1268 1395 1421 1486 
1461 1546 1364 1386 1278 1109 999 906 785 674 579 523 510 515 559 617 771 829 951 1138 1310 1397 1432 1462 
1467 1555 1476 1418 1294 1174 1023 899 758 666 587 523 514 527 589 649 721 896 967 1117 1237 1368 1375 1479 
1540 1443 1414 1321 1242 1138 954 892 753 629 587 526 500 532 548 626 763 836 1038 1115 1283 1371 1450 1449 
1531 1556 1441 1357 1247 1083 969 874 752 675 572 503 496 515 541 629 727 860 954 1128 1209 1357 1411 1471 
1526 1533 1492 1337 1225 1184 1030 868 745 629 568 532 494 510 541 670 784 856 1043 1123 1302 1324 1486 1474 
1431 1524 1365 1318 1207 1185 988 910 719 635 578 496 512 516 541 619 727 874 1023 1080 1219 1389 1431 1511 
1440 1541 1454 1405 1266 1147 985 883 718 624 561 534 497 538 587 667 759 846 1046 1083 1206 1377 1419 1503 
1443 1454 1468 1327 1309 1119 1033 898 734 644 592 525 524 495 583 657 752 875 1026 1106 1288 1400 1480 1502 
1449 1493 1420 1290 1225 1183 992 852 753 630 546 520 481 506 587 657 715 847 952 1073 1202 1405 1499 1548 
1555 1467 1454 1382 1267 1096 1029 877 776 660 578 524 509 523 545 663 714 868 996 1185 1187 1321 1477 1443 
1437 1519 1364 1310 1299 1098 960 871 769 640 571 505 481 504 580 645 716 859 999 1163 1257 1383 1498 1465 
1477 1462 1389 1399 1267 1183 991 837 740 670 541 521 519 497 591 676 717 885 955 1105 1208 1298 1377 1515 
1470 1495 1413 1341 1291 1095 1038 832 750 658 585 513 514 541 587 647 719 899 971 1155 1238 1343 1449 1491 
1563 1502 1434 1302 1230 1146 1034 851 743 662 589 518 482 534 555 634 765 873 1028 1093 1298 1368 1473 1439 
1522 1435 1442 1307 1244 1169 1031 833 760 618 560 504 524 528 556 662 740 877 1013 1102 1302 1318 1377 1446 
1483 1465 1430 1373 1203 1083 982 876 760 668 546 520 513 539 574 673 770 833 956 1101 1202 1414 1416 1455 
1485 1437 1373 1398 1214 1174 1014 876 728 678 555 513 496 516 542 651 779 832 1040 1152 1289 1294 1455 1420 
1435 1429 1492 1393 1253 1161 988 890 784 677 580 520 518 497 580 649 715 872 1007 1098 1233 1376 1374 1527 
1496 1473 1482 1344 1281 1125 1044 841 751 618 553 523 508 520 544 637 765 890 951 1168 1235 1292 1457 1422 
1570 1474 1452 1402 1226 1117 1040 861 761 672 589 527 498 503 539 636 736 913 991 1140 1280 1345 1479 1433 
1499 1490 1412 1311 1190 1150 969 885 735 650 581 502 490 503 567 621 780 891 1043 1138 1262 1322 1486 1468 
1558 1470 1453 1375 1271 1121 975 887 746 671 546 500 513 536 569 637 756 832 970 1107 1204 1372 1416 1453 
1569 1495 1485 1310 1243 1111 1045 888 777 625 548 535 479 510 573 620 779 873 1022 1131 1224 1326 1420 1531 
1506 1475 1387 1312 1223 1169 995 905 767 639 567 530 478 494 550 628 720 867 970 1107 1228 1414 1442 1423 
