10 6 20
8 50
340 77 85 96 112 130 149 169 187 203 214 
340 103 113 129 149 174 199 225 249 270 286 
340 129 141 161 187 217 249 282 312 338 358 
340 155 170 193 224 261 299 338 374 406 429 
340 180 198 226 262 304 349 395 437 473 501 
100000 5170 5669 6464 7499 8705 9999 11294 12499 13535 14330 
1482 1433 1353 1250 1129 1000 870 750 
623 576 
678 579 
665 561 
654 566 
676 594 
615 572 
637 563 
625 567 
678 548 
676 574 
661 579 
670 588 
655 543 
663 551 
677 544 
669 582 
628 582 
637 575 
673 542 
674 559 
658 557 
658 540 
632 556 
646 589 
618 560 
654 577 
654 588 
637 549 
676 584 
658 581 
625 567 
645 573 
665 584 
657 561 
658 571 
644 556 
614 564 
627 553 
670 548 
620 588 
619 569 
622 550 
614 575 
654 558 
646 587 
659 573 
630 575 
677 575 
643 580 
667 593 
