10 3 20
4 50
850 112 130 149 169 187 203 214 222 225 222 
850 149 174 199 225 249 270 286 296 300 296 
100000 7499 8705 9999 11294 12499 13535 14330 14829 15000 14829 
1250 1129 1000 870 
668 746 499 469 566 592 
637 597 515 415 565 426 
738 772 603 424 533 601 
611 589 597 591 446 574 
670 724 477 466 585 436 
841 754 603 556 570 425 
758 754 595 509 566 484 
807 604 629 498 590 562 
768 549 469 421 407 609 
654 761 605 571 457 605 
604 600 535 593 490 605 
793 542 538 572 405 428 
758 701 465 466 557 600 
744 583 459 415 583 605 
697 646 542 489 443 562 
744 659 507 451 561 540 
731 742 566 496 422 607 
752 610 557 534 457 501 
717 659 627 596 438 610 
647 761 517 600 492 413 
831 708 509 460 406 440 
775 672 459 417 535 606 
772 688 474 415 464 544 
634 630 582 444 433 469 
830 659 619 421 559 466 
850 585 639 434 494 419 
878 600 673 566 445 431 
832 681 611 601 527 449 
718 711 591 589 480 458 
862 663 468 544 581 442 
852 615 634 423 489 479 
717 517 578 545 416 498 
797 520 622 500 498 487 
857 641 580 424 432 453 
618 772 668 494 597 464 
691 553 563 582 495 561 
699 544 587 444 524 551 
867 638 568 608 575 446 
626 622 522 417 457 594 
762 765 636 499 452 584 
606 686 655 599 579 584 
855 538 620 498 596 508 
884 703 500 461 513 466 
841 699 610 450 474 486 
793 715 642 539 401 449 
766 627 514 482 594 464 
698 614 620 506 504 494 
853 742 553 586 536 514 
669 656 569 593 521 517 
691 649 519 516 496 533 
