10 2 20
6 100
1700 85 77 75 77 85 96 112 130 149 169 
100000 5669 5170 5000 5170 5669 6464 7499 8705 9999 11294 
1433 1482 1499 1482 1433 1353 
1166 761 623 1239 
966 1567 827 1260 
1248 475 403 1107 
672 1783 1173 623 
1830 723 795 731 
1386 1225 618 1059 
1621 1380 962 1171 
1923 757 722 953 
1474 1759 816 351 
1653 909 784 1334 
1921 515 1257 794 
1700 1364 404 1266 
519 1490 665 1033 
1439 952 699 945 
1011 1084 835 995 
811 863 566 1012 
1288 533 770 456 
953 1592 1198 1206 
682 1072 1117 1037 
1633 1749 843 464 
1057 972 1256 1263 
1505 1442 1424 533 
1715 1202 1043 385 
1172 745 601 587 
1624 771 1194 493 
1564 1390 483 579 
1442 700 1129 667 
626 828 595 817 
871 1733 1455 931 
1822 1717 1490 880 
1809 1195 1512 1360 
1448 1575 1013 1021 
824 1204 1556 543 
1259 574 1218 818 
938 1126 1202 706 
1409 1701 728 1365 
719 1384 1312 690 
702 588 1353 529 
1192 993 933 808 
1159 1602 1350 1142 
560 1030 1287 785 
1891 561 540 777 
735 479 1210 1226 
1792 478 472 726 
1686 709 840 1290 
538 721 834 732 
1595 989 1560 941 
905 1577 523 399 
1330 1269 981 453 
1892 1199 952 975 
1227 1417 985 1353 
663 1191 818 1268 
685 961 1215 445 
1800 503 1517 1273 
575 687 809 934 
862 679 406 951 
962 693 1195 965 
770 770 717 458 
1636 1647 1526 1358 
989 882 922 761 
958 1146 1172 1193 
1534 821 746 466 
519 1415 857 1106 
785 591 1035 353 
612 1253 1246 706 
611 1410 1062 988 
1512 694 1392 561 
812 1805 500 726 
1574 738 614 397 
868 994 1230 380 
1140 896 1445 828 
1508 1425 608 960 
1762 1301 418 1292 
1582 978 1377 763 
732 1260 1504 473 
755 577 1033 1216 
1930 1030 601 1290 
505 1485 1439 570 
980 1390 1077 614 
1941 1728 1486 521 
1725 1007 1553 1302 
1926 1184 412 693 
1004 1092 1547 612 
1019 1740 963 814 
1753 1073 960 935 
729 1189 405 1211 
1910 1554 618 1075 
574 1190 593 544 
1140 1010 1458 458 
963 820 1083 1263 
1360 1114 1168 593 
1382 1488 494 814 
1095 1735 1478 667 
1399 1503 1324 1008 
1628 511 897 832 
1475 644 1416 1065 
975 1057 501 669 
594 1175 866 446 
1165 1360 1177 1177 
1200 1227 1594 1040 
