10 11 20
8 50
170 130 112 96 85 77 75 77 85 96 112 
170 174 150 129 113 103 100 103 113 129 149 
170 217 187 161 141 129 125 129 141 161 187 
170 261 225 193 170 155 150 155 170 193 224 
170 304 262 226 198 180 175 180 198 226 262 
170 348 300 258 226 206 200 206 226 258 299 
170 391 337 290 255 232 225 232 255 290 337 
170 435 375 323 283 258 250 258 283 323 374 
170 478 412 355 311 284 275 284 311 355 412 
170 522 450 387 340 310 300 310 340 387 449 
100000 8705 7500 6464 5669 5170 5000 5170 5669 6464 7499 
1129 1249 1353 1433 1482 1499 1482 1433 
1802 1278 
1853 1922 
1066 1789 
1550 1502 
1679 611 
633 1629 
1162 1854 
2032 844 
1311 1939 
641 1887 
1842 1028 
2036 1662 
1121 803 
1051 901 
1095 1125 
1372 687 
1344 1323 
579 1712 
2100 643 
677 1913 
1161 609 
1022 878 
1294 825 
1208 672 
1686 1476 
1676 953 
1407 1038 
1998 537 
1440 982 
849 1793 
748 1462 
858 1517 
560 1273 
1235 662 
964 1090 
870 1580 
742 740 
1279 1158 
789 1546 
1246 984 
919 1489 
1770 950 
1778 1710 
1787 1914 
1670 1626 
1671 1826 
1643 1158 
1456 1944 
2121 853 
1059 1552 
