20 11 20
15 50
170 150 130 112 96 85 77 75 77 85 96 112 130 149 169 187 203 214 222 225 222 
170 200 174 150 129 113 103 100 103 113 129 149 174 199 225 249 270 286 296 300 296 
170 250 217 187 161 141 129 125 129 141 161 187 217 249 282 312 338 358 370 375 370 
170 300 261 225 193 170 155 150 155 170 193 224 261 299 338 374 406 429 444 450 444 
170 350 304 262 226 198 180 175 180 198 226 262 304 349 395 437 473 501 519 525 519 
170 400 348 300 258 226 206 200 206 226 258 299 348 399 451 499 541 573 593 600 593 
170 450 391 337 290 255 232 225 232 255 290 337 391 449 508 562 609 644 667 675 667 
170 500 435 375 323 283 258 250 258 283 323 374 435 499 564 624 676 716 741 750 741 
170 550 478 412 355 311 284 275 284 311 355 412 478 549 621 687 744 788 815 825 815 
170 600 522 450 387 340 310 300 310 340 387 449 522 599 677 749 812 859 889 900 889 
100000 10000 8705 7500 6464 5669 5170 5000 5170 5669 6464 7499 8705 9999 11294 12499 13535 14330 14829 15000 14829 
1000 1129 1249 1353 1433 1482 1499 1482 1433 1353 1250 1129 1000 870 750 
645 669 481 304 588 
281 308 644 379 324 
913 501 319 737 740 
559 767 418 617 384 
377 438 216 507 375 
634 309 617 424 633 
683 630 821 480 654 
511 690 713 295 396 
708 496 320 302 518 
336 629 563 691 397 
482 362 714 593 403 
656 761 644 367 456 
648 429 575 347 449 
1026 633 536 220 449 
957 647 375 643 220 
823 631 567 645 680 
316 826 298 224 531 
574 797 547 265 667 
467 773 307 661 629 
963 478 798 570 770 
317 426 493 221 791 
457 900 786 578 556 
561 540 690 296 665 
383 882 341 422 827 
922 562 297 474 410 
982 267 563 615 711 
390 254 704 373 398 
972 401 645 537 278 
553 557 803 290 360 
999 479 443 461 800 
293 371 665 545 706 
589 611 729 396 337 
427 730 507 789 705 
536 393 580 783 559 
303 271 335 207 344 
473 827 702 320 819 
897 714 419 500 556 
512 899 354 220 683 
584 733 765 575 603 
456 405 642 452 443 
989 251 601 231 248 
275 418 367 311 791 
431 727 584 685 259 
375 381 705 366 761 
636 361 593 249 694 
321 602 733 773 663 
516 585 274 215 395 
883 575 586 558 504 
840 467 381 712 744 
846 523 463 632 689 
