50 3 20
36 50
850 130 112 96 85 77 75 77 85 96 112 130 149 169 187 203 214 222 225 222 214 203 187 169 150 130 112 96 85 77 75 77 85 96 112 130 149 169 187 203 214 222 225 222 214 203 187 169 150 130 112 
850 174 150 129 113 103 100 103 113 129 149 174 199 225 249 270 286 296 300 296 286 270 250 225 200 174 150 129 113 103 100 103 113 129 149 174 199 225 249 270 286 296 300 296 286 270 250 225 200 174 150 
100000 8705 7500 6464 5669 5170 5000 5170 5669 6464 7499 8705 9999 11294 12499 13535 14330 14829 15000 14829 14330 13535 12500 11294 10000 8705 7500 6464 5669 5170 5000 5170 5669 6464 7499 8705 9999 11294 12499 13535 14330 14829 15000 14829 14330 13535 12500 11294 10000 8705 7500 
1129 1249 1353 1433 1482 1499 1482 1433 1353 1250 1129 1000 870 750 646 566 517 500 517 566 646 749 870 999 1129 1249 1353 1433 1482 1499 1482 1433 1353 1250 1129 1000 
576 955 839 499 646 361 716 859 575 965 746 697 1401 1119 
1268 935 966 663 660 285 713 738 664 838 712 725 718 781 
1258 735 454 790 740 665 583 268 513 952 535 1194 1591 1139 
1183 561 624 231 543 720 540 772 313 1119 817 587 572 1340 
909 608 643 557 321 516 415 511 349 561 485 1016 697 1453 
1088 542 629 901 261 324 316 324 688 350 1236 1101 1103 1455 
1076 516 276 347 498 232 363 410 621 643 1224 642 1045 1508 
1260 1076 811 508 779 775 487 768 967 971 677 484 1700 504 
775 357 643 546 744 703 564 534 944 1147 993 1404 1238 823 
349 485 640 679 423 381 261 441 884 779 464 1055 1685 1626 
460 1089 351 249 822 593 590 669 1019 867 834 1581 1455 1818 
1090 819 336 255 537 231 310 469 295 408 548 926 1550 1074 
370 560 788 335 511 500 264 269 722 406 680 1017 1516 702 
1264 1167 424 286 591 785 408 716 735 1160 941 615 1024 1552 
1000 955 921 566 807 450 706 229 355 947 614 1124 1047 1333 
387 743 832 714 495 304 640 316 571 847 632 1538 1658 1586 
370 1116 957 580 645 781 411 541 1002 901 1204 888 969 735 
857 985 997 509 321 264 221 626 533 1196 1196 1504 568 722 
1054 546 629 743 250 595 749 326 632 1013 446 938 741 679 
592 829 536 416 293 341 696 558 365 1177 911 1355 637 1102 
748 933 774 472 821 249 803 265 628 1107 1085 695 1406 1510 
842 504 395 360 535 715 744 496 281 585 1208 1488 780 1710 
1290 517 936 877 495 246 270 298 560 848 760 649 752 1144 
1105 817 920 859 370 296 522 679 378 863 807 1195 1059 1841 
497 436 890 504 485 597 266 785 513 1183 693 799 1483 1891 
661 654 651 502 350 790 284 719 824 485 440 1164 1162 1084 
690 368 375 530 243 226 291 686 441 878 1186 1296 1078 1548 
610 383 816 879 620 435 671 443 643 677 801 472 1271 1870 
363 811 278 731 516 486 430 259 335 974 832 1121 502 1414 
827 376 703 808 661 513 572 543 1001 818 960 407 1472 1880 
779 1010 328 518 581 353 213 479 758 798 1158 839 466 1666 
364 544 526 795 208 664 572 514 736 1073 789 466 585 1861 
1262 885 421 647 464 561 738 558 564 1058 1190 470 680 1749 
928 896 847 894 816 719 438 522 910 614 1031 1255 1411 1142 
1375 460 637 870 635 665 231 730 655 334 394 908 638 1721 
1079 910 412 694 413 675 533 607 664 891 399 838 1593 1909 
486 647 866 670 675 278 822 799 511 527 752 1126 1119 1216 
620 445 886 227 799 319 565 453 420 484 1100 459 1491 519 
372 687 533 408 583 465 571 259 992 344 1334 812 849 937 
727 865 929 324 568 332 579 619 878 914 1258 1399 1469 1915 
1349 605 886 494 618 365 322 668 941 506 1219 666 1094 1875 
503 1010 510 533 237 389 739 297 690 943 1312 471 1037 928 
723 379 1032 664 258 593 650 466 302 653 993 1593 1768 1152 
563 1090 1021 607 751 267 436 654 642 544 782 727 716 1025 
771 577 273 402 233 709 490 590 377 812 888 1046 463 670 
763 1026 351 289 426 688 724 667 934 1057 972 485 1425 781 
562 663 1021 517 762 517 638 867 756 934 454 930 1057 1997 
578 924 291 646 668 310 692 619 955 1127 456 1232 914 642 
760 627 806 807 583 257 748 798 617 543 940 1331 1256 637 
743 1004 616 363 700 592 456 854 525 1035 1013 1132 1030 766 
