50 11 20
26 50
170 130 149 169 187 203 214 222 225 222 214 203 187 169 150 130 112 96 85 77 75 77 85 96 112 130 149 169 187 203 214 222 225 222 214 203 187 169 150 130 112 96 85 77 75 77 85 96 112 130 149 
170 174 199 225 249 270 286 296 300 296 286 270 250 225 200 174 150 129 113 103 100 103 113 129 149 174 199 225 249 270 286 296 300 296 286 270 250 225 200 174 150 129 113 103 100 103 113 129 149 174 199 
170 217 249 282 312 338 358 370 375 370 358 338 312 282 250 217 187 161 141 129 125 129 141 161 187 217 249 282 312 338 358 370 375 370 358 338 312 282 250 217 187 161 141 129 125 129 141 161 187 217 249 
170 261 299 338 374 406 429 444 450 444 429 406 375 338 300 261 225 193 170 155 150 155 170 193 224 261 299 338 374 406 429 444 450 444 429 406 375 338 300 261 225 193 170 155 150 155 170 193 224 261 299 
170 304 349 395 437 473 501 519 525 519 501 473 437 395 350 304 262 226 198 180 175 180 198 226 262 304 349 395 437 473 501 519 525 519 501 473 437 395 350 304 262 226 198 180 175 180 198 226 262 304 349 
170 348 399 451 499 541 573 593 600 593 573 541 500 451 400 348 300 258 226 206 200 206 226 258 299 348 399 451 499 541 573 593 600 593 573 541 500 451 400 348 300 258 226 206 200 206 226 258 299 348 399 
170 391 449 508 562 609 644 667 675 667 644 609 562 508 450 391 337 290 255 232 225 232 255 290 337 391 449 508 562 609 644 667 675 667 644 609 562 508 450 391 337 290 255 232 225 232 255 290 337 391 449 
170 435 499 564 624 676 716 741 750 741 716 676 625 564 500 435 375 323 283 258 250 258 283 323 374 435 499 564 624 676 716 741 750 741 716 676 625 564 500 435 375 323 283 258 250 258 283 323 374 435 499 
170 478 549 621 687 744 788 815 825 815 788 744 687 621 550 478 412 355 311 284 275 284 311 355 412 478 549 621 687 744 788 815 825 815 788 744 687 621 550 478 412 355 311 284 275 284 311 355 412 478 549 
170 522 599 677 749 812 859 889 900 889 859 812 750 677 600 522 450 387 340 310 300 310 340 387 449 522 599 677 749 812 859 889 900 889 859 812 750 677 600 522 450 387 340 310 300 310 340 387 449 522 599 
100000 8705 9999 11294 12499 13535 14330 14829 15000 14829 14330 13535 12500 11294 10000 8705 7500 6464 5669 5170 5000 5170 5669 6464 7499 8705 9999 11294 12499 13535 14330 14829 15000 14829 14330 13535 12500 11294 10000 8705 7500 6464 5669 5170 5000 5170 5669 6464 7499 8705 9999 
1129 1000 870 750 646 566 517 500 517 566 646 749 870 999 1129 1249 1353 1433 1482 1499 1482 1433 1353 1250 1129 1000 
772 785 726 387 664 745 336 797 1002 541 1098 1106 1496 1992 634 613 754 977 1885 1517 1336 1037 1039 890 
1013 954 973 278 518 641 490 680 646 623 1339 939 892 1267 820 683 1796 1930 682 1489 1513 611 1109 1190 
1036 643 790 845 625 229 500 481 425 623 902 1475 1246 1101 645 2216 1548 2111 2095 1309 1160 1125 583 1338 
1154 753 427 786 728 535 677 619 972 1056 1073 894 1224 797 1169 2251 806 1166 1067 677 1290 824 1343 1573 
651 669 838 598 537 493 295 410 387 792 362 1389 652 864 940 1301 1830 2172 1714 860 1514 917 1134 1567 
1205 1142 914 343 253 250 379 473 745 498 1351 1173 459 1719 1860 1899 2151 1632 730 1214 1788 707 1345 1370 
1285 741 428 737 691 789 515 291 940 557 1212 754 1770 690 1046 1788 1498 850 1714 635 1538 1532 1736 1000 
357 305 949 751 540 485 241 440 672 676 379 649 1441 831 1168 641 2285 866 1690 2246 1009 1527 1107 1088 
1381 976 837 567 683 581 666 662 855 1186 1163 1349 1663 1559 1896 1414 1851 786 1434 665 1600 686 1169 969 
1169 320 616 369 673 390 745 566 425 626 497 743 1089 1090 1717 1158 1400 1269 2222 1734 1940 1246 1455 1422 
986 939 882 411 422 223 599 249 436 415 821 976 1387 1703 1970 2265 1360 2398 1477 763 1062 1881 1500 1266 
819 969 498 316 244 642 740 832 673 411 477 774 739 1302 1753 1128 976 1327 1529 1827 571 705 829 1001 
1363 661 514 335 522 435 275 821 450 660 1204 807 1411 1299 1559 674 2125 2299 1259 739 918 1093 803 1496 
1160 756 615 478 361 521 311 560 464 329 355 508 1561 809 1025 2039 1339 1240 854 2199 1532 811 1554 1339 
416 744 524 237 821 576 771 464 289 1030 1266 740 1111 1152 2158 1192 2081 730 1903 615 1565 1960 783 1222 
1015 612 906 272 312 383 542 536 816 1030 1036 1511 1348 1177 1806 813 985 1346 1034 1983 1240 1229 1197 986 
663 678 701 604 775 517 332 475 779 1044 635 743 972 1386 980 1328 1458 1781 2014 839 566 968 841 1316 
1008 414 939 770 438 537 807 378 546 925 774 1293 779 1883 1786 2047 1261 2342 1831 1707 1907 563 1548 477 
476 755 319 565 464 721 333 682 786 734 1311 1010 725 1628 1723 2080 2107 1016 2346 781 1788 1138 1639 512 
1084 896 394 707 656 716 397 655 632 800 1040 664 1560 504 1581 1043 2132 1915 1267 1785 1185 1050 1332 1281 
1013 377 947 692 360 516 712 890 806 767 1009 904 1550 1199 959 1271 1494 1898 1579 666 1797 1716 519 1554 
1162 1057 328 644 225 760 765 260 819 329 915 1482 488 1900 879 1212 1516 2163 2072 1019 1307 1241 1127 1154 
596 871 726 364 471 566 351 287 345 752 1121 1513 1498 799 2149 646 938 1616 989 1793 622 1360 488 546 
743 981 552 330 623 681 338 568 883 885 874 800 1149 1908 1077 2254 1736 820 2122 1968 1975 695 1496 1485 
587 1104 290 576 733 554 570 249 732 1155 1105 996 1765 1195 2039 924 1374 2108 2002 1587 1142 1324 1573 1502 
605 1042 894 836 342 745 480 766 337 1154 1347 623 1203 1024 1424 2091 1731 2284 888 846 1379 1661 1127 1450 
824 1188 916 620 776 449 552 345 949 710 1223 737 757 1911 1417 2014 913 1287 1967 695 1984 1149 1671 896 
1371 1124 909 548 242 346 302 655 469 846 1286 849 1371 1593 1661 2244 1732 1640 2327 1496 2083 1769 1742 560 
1312 802 363 892 309 585 207 458 444 1031 1108 690 1719 1411 1262 1512 1292 2265 607 1477 1782 1853 1460 1012 
1026 725 362 703 222 479 769 734 945 809 905 627 856 1997 1414 1167 810 1083 1760 1843 672 1717 817 1210 
788 1098 329 258 753 537 567 877 388 427 413 733 1379 1789 2128 1793 1867 979 1130 1351 1821 1609 1183 495 
791 879 487 705 220 216 749 251 299 441 1290 902 900 1341 1202 1340 1552 1148 1220 995 1759 957 555 431 
512 313 737 896 662 394 447 337 287 314 513 817 1641 1459 1915 1628 725 815 666 1596 553 1944 1493 499 
558 658 599 259 603 379 495 680 291 501 873 967 1570 1141 1838 889 2272 930 1664 1172 1135 884 608 839 
734 1089 996 904 453 232 553 866 789 823 977 1115 945 1336 1754 1559 1134 2035 2055 696 1107 1919 1587 1240 
580 896 900 806 698 621 801 373 968 524 1307 1013 1245 1011 562 675 1685 1911 2309 1042 1403 521 1629 1184 
1354 674 477 502 319 796 774 388 293 919 1267 972 533 531 2155 673 1981 1998 724 1430 939 1317 1416 941 
1087 691 639 858 415 693 281 761 365 732 806 1078 1532 1853 1807 1073 1796 987 1744 1100 1622 1212 700 1304 
482 946 562 760 607 565 565 291 862 311 1387 1458 1232 1032 765 1975 661 791 1814 769 966 836 1166 789 
845 1123 926 834 639 527 725 318 428 346 1070 1199 1334 1541 1971 2186 1897 1490 818 2157 1570 802 1669 1070 
1360 419 464 282 352 637 578 750 953 461 451 713 1588 1898 1512 2290 1309 1449 1719 2131 1707 769 762 1478 
942 868 558 432 511 302 656 770 513 401 618 1558 1765 1111 1801 622 1455 813 1978 2121 1139 1330 1083 538 
476 654 819 729 762 598 565 812 554 1103 468 1302 1430 937 999 1069 1674 1180 1652 1836 1051 1198 703 964 
1268 805 386 751 302 528 689 377 972 1156 672 1439 1576 1947 912 1741 1230 1439 1480 1368 1343 1716 1237 1300 
759 978 293 787 647 398 391 521 894 349 729 760 1352 906 887 612 1352 2394 1641 1360 1772 676 1563 612 
1161 533 696 293 559 316 809 820 541 406 581 568 710 1470 2049 962 821 2159 1177 1238 2092 946 1533 632 
733 391 720 331 524 426 418 326 272 1107 544 1347 858 688 792 1116 1117 2125 1642 670 1168 919 768 549 
1109 1182 919 496 627 453 765 484 697 799 566 474 1152 823 734 1169 1563 1906 740 809 1579 1262 680 1248 
400 380 604 508 528 386 650 480 751 390 945 594 561 1483 924 896 2253 1256 870 1880 1828 990 1574 1009 
1312 1025 887 370 285 478 455 664 718 941 1327 1031 998 563 899 889 2300 1770 2322 2275 543 846 1614 644 
