5 11 20
3 100
170 112 130 149 169 187 
170 149 174 199 225 249 
170 187 217 249 282 312 
170 224 261 299 338 374 
170 262 304 349 395 437 
170 299 348 399 451 499 
170 337 391 449 508 562 
170 374 435 499 564 624 
170 412 478 549 621 687 
170 449 522 599 677 749 
100000 7499 8705 9999 11294 12499 
1250 1129 1000 
1376 430 
1032 1032 
1145 910 
392 1132 
1330 869 
1031 1065 
658 1111 
977 658 
855 1014 
1058 787 
387 1083 
574 953 
1189 758 
1168 868 
396 765 
1100 740 
1264 887 
1320 764 
666 656 
1353 843 
939 1032 
1176 1035 
1380 1064 
668 1041 
438 1116 
1338 1048 
476 343 
864 420 
1228 890 
798 1072 
982 1124 
1287 307 
1018 1148 
1048 654 
994 1122 
495 791 
649 336 
1174 487 
756 945 
440 739 
917 947 
667 564 
726 976 
581 389 
842 506 
525 920 
1089 852 
758 1136 
503 436 
569 464 
602 628 
1315 710 
1133 416 
1339 1089 
1069 925 
487 828 
378 729 
1146 883 
706 1176 
531 351 
494 891 
839 718 
441 444 
671 914 
1249 872 
596 829 
1196 839 
882 751 
549 406 
1297 882 
524 920 
841 1003 
661 880 
1054 827 
1124 684 
1357 1121 
1263 824 
502 741 
946 1039 
975 448 
1227 1174 
1154 557 
400 470 
1324 590 
811 533 
1032 579 
557 593 
1367 484 
1093 1117 
1119 989 
699 786 
403 336 
673 1084 
723 339 
434 823 
409 967 
1119 1155 
541 1126 
1160 683 
425 326 
