5 2 20
2 100
1700 130 112 96 85 77 
100000 8705 7500 6464 5669 5170 
1129 1249 
1375 1465 1414 
1333 1492 1461 
1308 1411 1477 
1297 1490 1454 
1334 1407 1522 
1398 1470 1419 
1402 1488 1495 
1400 1418 1410 
1288 1495 1455 
1347 1464 1532 
1341 1447 1520 
1302 1499 1545 
1309 1467 1465 
1421 1407 1546 
1389 1464 1498 
1376 1480 1442 
1293 1371 1458 
1384 1395 1464 
1315 1471 1531 
1299 1458 1411 
1366 1371 1472 
1319 1492 1508 
1328 1430 1497 
1315 1442 1412 
1324 1468 1526 
1334 1361 1422 
1302 1451 1446 
1366 1434 1501 
1320 1399 1492 
1298 1437 1520 
1288 1394 1515 
1419 1393 1430 
1365 1475 1499 
1321 1395 1466 
1375 1404 1475 
1286 1408 1549 
1302 1447 1455 
1391 1483 1544 
1329 1438 1480 
1385 1440 1461 
1390 1466 1498 
1293 1496 1516 
1302 1368 1455 
1371 1388 1553 
1384 1372 1553 
1380 1362 1542 
1361 1459 1428 
1348 1420 1470 
1344 1365 1487 
1408 1413 1439 
1374 1490 1450 
1365 1439 1546 
1386 1452 1529 
1374 1465 1411 
1320 1473 1455 
1327 1382 1413 
1317 1409 1484 
1316 1476 1427 
1388 1392 1508 
1373 1470 1501 
1412 1407 1511 
1290 1487 1493 
1393 1467 1435 
1325 1406 1502 
1360 1438 1531 
1330 1480 1459 
1306 1374 1483 
1413 1369 1513 
1350 1402 1419 
1401 1411 1438 
1349 1373 1529 
1414 1479 1413 
1354 1459 1428 
1401 1490 1481 
1286 1452 1499 
1349 1476 1515 
1381 1454 1458 
1373 1403 1416 
1409 1465 1425 
1400 1414 1548 
1330 1481 1550 
1301 1395 1435 
1359 1380 1432 
1370 1391 1424 
1305 1397 1495 
1322 1477 1533 
1407 1438 1549 
1411 1413 1470 
1306 1466 1504 
1334 1396 1545 
1293 1372 1493 
1343 1413 1413 
1287 1403 1511 
1361 1498 1529 
1354 1476 1522 
1393 1377 1426 
1308 1412 1510 
1396 1386 1420 
1320 1376 1520 
1390 1454 1428 
