50 11 20
16 50
170 130 112 96 85 77 75 77 85 96 112 130 149 169 187 203 214 222 225 222 214 203 187 169 150 130 112 96 85 77 75 77 85 96 112 130 149 169 187 203 214 222 225 222 214 203 187 169 150 130 112 
170 174 150 129 113 103 100 103 113 129 149 174 199 225 249 270 286 296 300 296 286 270 250 225 200 174 150 129 113 103 100 103 113 129 149 174 199 225 249 270 286 296 300 296 286 270 250 225 200 174 150 
170 217 187 161 141 129 125 129 141 161 187 217 249 282 312 338 358 370 375 370 358 338 312 282 250 217 187 161 141 129 125 129 141 161 187 217 249 282 312 338 358 370 375 370 358 338 312 282 250 217 187 
170 261 225 193 170 155 150 155 170 193 224 261 299 338 374 406 429 444 450 444 429 406 375 338 300 261 225 193 170 155 150 155 170 193 224 261 299 338 374 406 429 444 450 444 429 406 375 338 300 261 225 
170 304 262 226 198 180 175 180 198 226 262 304 349 395 437 473 501 519 525 519 501 473 437 395 350 304 262 226 198 180 175 180 198 226 262 304 349 395 437 473 501 519 525 519 501 473 437 395 350 304 262 
170 348 300 258 226 206 200 206 226 258 299 348 399 451 499 541 573 593 600 593 573 541 500 451 400 348 300 258 226 206 200 206 226 258 299 348 399 451 499 541 573 593 600 593 573 541 500 451 400 348 300 
170 391 337 290 255 232 225 232 255 290 337 391 449 508 562 609 644 667 675 667 644 609 562 508 450 391 337 290 255 232 225 232 255 290 337 391 449 508 562 609 644 667 675 667 644 609 562 508 450 391 337 
170 435 375 323 283 258 250 258 283 323 374 435 499 564 624 676 716 741 750 741 716 676 625 564 500 435 375 323 283 258 250 258 283 323 374 435 499 564 624 676 716 741 750 741 716 676 625 564 500 435 375 
170 478 412 355 311 284 275 284 311 355 412 478 549 621 687 744 788 815 825 815 788 744 687 621 550 478 412 355 311 284 275 284 311 355 412 478 549 621 687 744 788 815 825 815 788 744 687 621 550 478 412 
170 522 450 387 340 310 300 310 340 387 449 522 599 677 749 812 859 889 900 889 859 812 750 677 600 522 450 387 340 310 300 310 340 387 449 522 599 677 749 812 859 889 900 889 859 812 750 677 600 522 450 
100000 8705 7500 6464 5669 5170 5000 5170 5669 6464 7499 8705 9999 11294 12499 13535 14330 14829 15000 14829 14330 13535 12500 11294 10000 8705 7500 6464 5669 5170 5000 5170 5669 6464 7499 8705 9999 11294 12499 13535 14330 14829 15000 14829 14330 13535 12500 11294 10000 8705 7500 
1129 1249 1353 1433 1482 1499 1482 1433 1353 1250 1129 1000 870 750 646 566 
661 656 252 354 611 326 431 908 1755 1952 1480 2070 765 962 1948 1071 681 546 813 1147 388 1044 570 364 638 585 620 259 968 887 1190 1130 1578 1286 
263 659 330 421 310 730 1237 1378 1102 1825 1777 1471 1646 984 1801 1142 1547 1042 1532 1053 871 704 590 703 654 342 297 904 574 943 756 858 996 1597 
804 757 559 895 582 787 355 679 1521 1447 1218 713 1761 2085 1193 827 2125 986 1070 1589 1056 1187 829 658 514 641 545 235 1011 661 922 649 630 1330 
544 684 707 539 1013 497 377 1289 920 974 1355 1980 1058 982 1710 1859 991 1333 475 1052 683 437 1020 617 751 369 811 310 779 782 799 1270 516 1303 
213 409 697 474 774 331 955 470 1182 622 1881 582 870 1255 706 1584 1933 1833 1377 1505 1357 456 376 243 610 531 514 413 984 1180 586 970 1620 1186 
493 443 352 678 583 452 1329 1428 526 793 1032 1763 611 1056 1397 579 1555 932 659 607 572 714 328 337 423 320 243 781 511 884 388 1004 1242 954 
587 647 362 380 813 1068 946 1205 663 827 1202 1321 2198 1212 1550 1985 1500 762 451 1032 588 1111 372 440 556 624 628 772 305 906 712 676 479 1059 
555 517 657 396 717 783 502 878 1313 1603 785 1982 1327 1150 1788 1867 1420 1821 1600 616 768 1043 684 291 650 435 389 650 678 826 370 1119 1707 636 
622 615 778 307 298 891 529 970 1784 1746 1889 1856 827 1405 2304 2118 1462 1819 748 610 833 647 1002 638 794 484 541 893 664 707 368 1179 577 948 
804 775 820 491 715 925 381 678 1760 1049 625 1898 1447 1813 2111 1176 1023 517 587 1552 374 601 315 784 403 349 690 858 727 892 748 1183 1417 1734 
467 772 546 331 856 616 963 1129 1609 802 1206 609 624 1343 2245 932 1501 743 1301 642 940 949 598 527 444 793 542 423 857 1026 1142 1226 658 1527 
706 395 528 895 306 419 668 624 661 1207 889 1181 594 2142 1332 1104 1462 1313 681 1253 416 1046 471 612 692 460 416 421 483 982 699 1456 742 1116 
476 434 419 784 662 430 574 731 1048 1894 2154 1028 1295 1828 1917 1282 1296 1677 1739 1482 1118 807 550 704 825 247 254 532 619 1027 1100 786 1166 964 
815 660 796 540 404 663 910 839 1779 1941 1670 1495 861 1653 2158 1281 1256 1049 989 1418 829 681 659 665 512 439 440 707 538 923 1021 1529 616 937 
451 492 676 596 407 622 1005 1230 1571 638 1957 1526 1813 1549 1443 829 905 891 819 1175 871 1122 648 543 364 667 374 822 631 1159 872 1516 1802 1324 
643 260 785 272 415 681 1018 1047 569 1296 2162 1496 1655 1311 1543 1619 761 701 996 739 1042 949 738 365 624 764 561 560 610 694 600 1526 1676 805 
287 274 550 458 519 334 420 934 1501 971 2046 1379 2344 1798 1438 1217 1376 1426 628 954 705 409 948 689 391 294 767 762 1002 1122 686 1234 456 1447 
289 707 488 713 403 1153 1203 641 707 1930 1476 881 2026 1627 2330 1007 1591 798 1314 1173 697 839 943 248 436 301 407 707 280 425 988 589 1783 1339 
751 600 764 502 860 309 1079 1179 1338 1792 1735 1682 1964 2384 1575 1714 636 1780 1148 1514 763 892 1008 905 735 507 313 782 926 965 1120 789 1583 1939 
678 742 291 241 546 820 1298 875 1763 858 1714 755 1982 2050 1497 1948 592 1418 1470 462 765 1108 572 566 210 637 514 829 750 478 1287 1150 1019 877 
352 789 643 892 548 689 661 1255 1131 1007 1936 1939 999 1499 1625 1116 1679 1545 1765 1267 544 1023 934 632 275 541 510 540 1023 901 993 1563 788 667 
701 383 470 629 740 430 998 1476 1682 525 1854 2191 2283 1360 2097 1509 1468 1306 1466 1033 564 1070 366 386 655 564 426 267 406 572 554 513 913 861 
692 477 775 454 600 714 1020 495 693 619 578 632 1710 626 1823 1653 2134 1619 1189 1198 1246 1016 529 468 583 643 249 370 993 378 996 1210 1143 1402 
370 677 304 347 547 1026 989 1408 1502 1958 1085 2288 1328 1497 805 1433 1365 1849 990 1160 1360 872 795 646 377 426 335 711 658 952 365 1043 1583 1646 
715 597 825 392 827 404 637 1332 584 1776 1210 2074 1918 2040 2042 838 1706 1398 1514 1126 1288 811 977 361 535 237 515 718 300 983 1282 633 875 1999 
214 590 517 749 795 936 1278 882 1748 1540 1808 1649 1087 1934 1713 591 1494 1451 1624 930 592 1013 498 703 599 331 651 727 880 983 735 1293 1143 1266 
343 577 380 729 670 1151 1299 545 1120 1886 1847 1765 1997 1780 1951 1111 1460 578 1130 1596 1172 889 709 896 483 738 212 804 699 1125 529 1027 1190 1245 
447 540 629 395 824 781 865 1135 984 1642 1667 1935 1115 1411 1170 888 745 1051 519 909 972 307 275 666 246 544 409 233 473 845 835 569 1081 1415 
732 524 495 589 832 819 491 897 1377 716 1762 703 2027 1656 1662 880 574 1967 1166 998 946 617 729 747 769 789 637 837 509 568 397 1599 964 1288 
679 760 533 683 433 1057 1335 1488 866 1153 574 2268 1503 1359 1432 1864 1860 1822 1222 823 737 1170 584 406 758 652 701 685 854 828 836 849 1613 1658 
515 630 787 871 652 968 1097 1593 887 604 1414 1965 627 1765 1461 1952 1880 1933 705 937 1197 974 971 737 772 765 427 870 375 953 957 764 1319 1262 
608 416 357 759 523 694 771 996 1064 1658 738 646 918 823 1478 1326 2121 787 1647 1367 803 911 287 735 595 417 398 694 541 300 643 1365 1570 1137 
745 576 285 681 501 1106 475 950 560 1668 734 2174 752 677 1920 2127 974 903 1383 1065 1273 931 644 804 621 702 344 604 334 601 382 643 1731 1019 
589 685 473 813 652 964 393 599 604 1286 1266 2268 1686 609 1389 1331 1372 1409 1148 862 1367 416 874 377 682 727 272 769 976 728 1261 972 1734 796 
506 777 619 359 1033 1187 947 909 1477 1171 1811 1670 1929 770 1202 1063 1065 1021 669 1182 453 617 419 296 619 715 364 734 961 323 1233 875 1189 1594 
666 282 692 558 651 632 927 1096 1190 1494 1104 1383 961 1067 690 758 945 1371 1593 657 707 814 632 332 741 339 288 546 757 463 380 1199 1774 1379 
250 431 521 442 812 753 655 1189 788 919 1720 1290 2012 873 1534 1948 733 889 1223 1426 979 561 790 820 508 650 362 601 802 520 1088 744 970 1805 
683 467 491 435 656 1128 675 1238 606 1796 2139 2183 1275 2238 2146 1275 1960 1608 1026 1405 1138 592 839 418 320 631 615 841 542 930 439 1112 550 722 
425 227 690 544 445 637 535 1510 976 1828 1010 976 2179 690 2084 963 1643 1006 721 1555 914 1151 681 309 424 232 500 232 561 912 1185 448 859 1620 
681 220 565 516 510 429 482 871 1555 1717 1850 647 1726 1578 1388 1092 918 1825 902 510 384 668 699 275 608 264 422 719 977 1158 930 887 771 610 
649 461 544 419 776 1037 1001 880 573 1570 607 796 865 977 891 2118 1241 1311 1733 948 813 573 721 646 734 670 214 867 814 1187 400 1311 1639 1186 
473 394 711 565 628 729 412 1430 1010 1471 1457 1447 1326 1572 2356 1568 807 1031 1075 478 481 1086 757 493 343 363 652 512 384 1183 499 415 673 1200 
650 636 345 390 943 966 1088 1571 1523 1422 1296 674 610 2332 895 1277 1247 1460 637 1519 669 790 494 522 732 565 589 466 598 384 894 555 1627 1661 
708 561 554 291 630 491 649 1498 1698 1137 1078 2152 659 872 1545 1058 1545 1352 820 1254 986 424 822 513 551 319 528 335 939 1155 459 1453 817 795 
790 273 746 687 922 986 832 791 1315 709 1246 1135 1075 980 1761 1043 1851 1743 562 770 691 928 423 613 824 283 327 760 735 518 1123 853 1428 1238 
589 741 600 554 939 452 827 1346 1294 1852 1345 1636 1360 1067 640 1090 949 636 1763 693 1304 506 505 519 225 624 775 256 607 493 801 815 523 1467 
275 417 229 281 390 748 824 470 1000 1493 890 1360 2179 602 1035 2033 1031 1757 567 1197 1166 1107 674 235 753 454 649 566 617 562 456 1453 606 1501 
771 742 817 477 556 483 913 964 960 1275 871 1042 2009 899 1183 956 928 619 1165 1450 829 492 818 565 795 642 226 502 482 1013 1204 1148 1207 804 
805 780 486 877 869 425 738 1365 1276 1891 881 2025 1311 803 2343 1254 1405 751 642 448 1387 607 770 334 336 339 654 771 835 687 492 711 470 1002 
387 294 438 726 850 666 971 693 992 1853 877 900 634 1059 1704 655 1372 1165 1264 410 820 935 960 763 272 518 670 399 956 367 1267 1571 636 1799 
