5 6 20
3 50
340 130 149 169 187 203 
340 174 199 225 249 270 
340 217 249 282 312 338 
340 261 299 338 374 406 
340 304 349 395 437 473 
100000 8705 9999 11294 12499 13535 
1129 1000 870 
677 577 
697 520 
738 750 
842 549 
716 650 
662 766 
762 698 
812 578 
755 526 
610 759 
703 737 
714 622 
813 645 
603 632 
890 554 
659 604 
735 709 
827 547 
609 567 
872 761 
726 608 
779 744 
646 765 
636 769 
816 536 
656 769 
856 550 
639 640 
720 558 
771 752 
829 614 
641 558 
719 662 
770 573 
681 648 
849 680 
857 775 
764 558 
753 637 
710 641 
842 754 
778 577 
819 573 
810 593 
665 598 
607 676 
612 650 
689 640 
730 626 
685 632 
