5 11 20
2 100
170 85 96 112 130 149 
170 113 129 149 174 199 
170 141 161 187 217 249 
170 170 193 224 261 299 
170 198 226 262 304 349 
170 226 258 299 348 399 
170 255 290 337 391 449 
170 283 323 374 435 499 
170 311 355 412 478 549 
170 340 387 449 522 599 
100000 5669 6464 7499 8705 9999 
1433 1353 
1211 1231 820 
1374 1341 1133 
1383 1173 839 
1230 1234 994 
1035 1192 1158 
1476 1191 1008 
1041 983 1118 
1489 1160 852 
1372 1187 960 
1242 1124 1142 
1342 1202 839 
1481 1139 1136 
1021 1353 1149 
1143 1176 960 
1012 1271 1133 
1018 1302 1106 
1001 1209 1131 
1163 920 1044 
1177 1142 1153 
1187 975 1109 
1151 1035 1195 
1117 920 1130 
1438 1350 1128 
1209 929 871 
1109 1293 883 
1055 1241 1119 
1160 1167 902 
1232 1276 925 
1009 1025 915 
1392 1151 906 
1154 1085 1014 
1082 1306 898 
1473 1327 1198 
1152 1226 1051 
1243 1132 1195 
1229 988 968 
1216 1272 912 
1475 1139 896 
1373 1290 930 
1483 945 995 
1354 971 821 
1261 1118 942 
1256 945 952 
1197 1061 849 
1237 958 971 
1113 1265 909 
1229 907 1140 
1476 1323 848 
1391 1278 1145 
1450 1299 1072 
1288 1334 868 
1174 986 1003 
1380 1224 825 
1446 1234 1101 
1003 1353 879 
1179 1013 803 
1195 1293 842 
1175 1042 816 
1260 935 1140 
1265 920 1042 
1470 1066 1058 
1107 1170 1059 
1042 1331 946 
1022 1286 993 
1121 925 1049 
1346 1048 1109 
1190 1015 932 
1125 1273 860 
1227 1300 963 
1250 1079 842 
1362 1063 852 
1461 1039 808 
1233 1041 1095 
1325 1181 856 
1132 1092 1199 
1387 1109 880 
1313 1249 955 
1026 922 1169 
1435 1051 913 
1117 920 1129 
1451 1259 1190 
1370 1084 901 
1317 1284 856 
1023 1228 1058 
1086 1243 1121 
1486 1320 1160 
1175 1234 898 
1354 1313 900 
1392 1284 854 
1008 964 1138 
1473 981 1097 
1140 1101 1033 
1023 996 1134 
1433 1263 826 
1097 985 820 
1300 927 856 
1395 1294 1100 
1354 1194 1175 
1336 1079 1068 
1218 937 1030 
