20 11 20
11 50
170 77 85 96 112 130 149 169 187 203 214 222 225 222 214 203 187 169 150 130 112 
170 103 113 129 149 174 199 225 249 270 286 296 300 296 286 270 250 225 200 174 150 
170 129 141 161 187 217 249 282 312 338 358 370 375 370 358 338 312 282 250 217 187 
170 155 170 193 224 261 299 338 374 406 429 444 450 444 429 406 375 338 300 261 225 
170 180 198 226 262 304 349 395 437 473 501 519 525 519 501 473 437 395 350 304 262 
170 206 226 258 299 348 399 451 499 541 573 593 600 593 573 541 500 451 400 348 300 
170 232 255 290 337 391 449 508 562 609 644 667 675 667 644 609 562 508 450 391 337 
170 258 283 323 374 435 499 564 624 676 716 741 750 741 716 676 625 564 500 435 375 
170 284 311 355 412 478 549 621 687 744 788 815 825 815 788 744 687 621 550 478 412 
170 310 340 387 449 522 599 677 749 812 859 889 900 889 859 812 750 677 600 522 450 
100000 5170 5669 6464 7499 8705 9999 11294 12499 13535 14330 14829 15000 14829 14330 13535 12500 11294 10000 8705 7500 
1482 1433 1353 1250 1129 1000 870 750 646 566 517 
563 459 330 260 388 1034 1096 562 578 
411 462 288 860 449 672 953 700 811 
750 751 842 294 871 664 486 1454 1146 
748 436 265 281 1143 805 1167 873 1717 
338 399 409 789 674 595 854 1382 1125 
312 648 886 403 830 1017 1557 865 1406 
487 720 564 995 1110 938 596 1362 1228 
659 225 638 438 713 849 1261 952 523 
614 261 459 727 445 1072 730 652 1580 
662 700 398 728 1150 900 493 1429 1747 
275 598 670 548 456 795 1046 1247 1714 
205 457 879 568 549 373 656 622 679 
760 615 785 477 904 1222 1465 1777 1772 
615 615 346 359 1191 392 474 1460 777 
665 597 625 619 442 1255 1036 729 1389 
508 227 579 860 1064 1004 588 1657 1255 
440 491 661 818 338 938 959 568 1357 
575 705 326 504 500 1067 1511 811 1569 
566 696 466 817 1114 989 1361 1121 1328 
655 271 464 832 1007 1114 1491 1797 1110 
301 439 405 740 629 900 1334 1154 827 
617 226 711 365 654 1099 1441 902 1797 
203 398 826 439 1144 507 635 1120 1021 
768 805 260 343 570 531 435 561 1151 
380 260 608 381 536 1300 1169 759 849 
302 363 595 960 382 651 612 854 1128 
579 629 704 989 668 1027 1433 908 1054 
208 813 586 778 320 1009 737 1752 1079 
339 372 276 689 344 655 640 1260 1205 
768 743 658 676 594 926 805 978 707 
404 454 671 896 633 873 953 1757 1252 
637 260 692 259 1082 1271 702 1264 1437 
533 587 751 380 658 422 1074 1736 1349 
697 727 540 1030 860 636 1052 513 724 
757 246 554 664 986 1119 1429 1080 1899 
569 786 536 426 486 545 1084 980 1539 
217 330 857 431 1027 755 1415 1444 839 
216 247 416 419 800 434 810 1617 1231 
415 255 640 555 498 1372 492 1204 1450 
749 735 361 804 318 1045 588 757 1115 
296 248 328 395 981 429 736 1317 1665 
725 259 445 560 509 1309 1149 1086 1692 
529 616 886 510 554 567 1502 623 1362 
377 573 817 603 574 1384 1016 1185 744 
338 575 370 651 1078 903 890 901 1745 
335 694 288 289 884 1206 1232 777 1445 
386 450 385 706 378 371 452 922 931 
527 290 890 286 663 619 990 1627 1406 
227 544 735 295 1120 380 427 504 1087 
493 305 544 634 690 962 1133 594 1051 
