5 3 20
2 100
850 96 112 130 149 169 
850 129 149 174 199 225 
100000 6464 7499 8705 9999 11294 
1353 1250 
973 1584 1013 
1022 476 403 
625 1458 1249 
674 530 839 
562 1392 718 
1098 998 609 
568 632 1271 
1406 723 1270 
1069 403 924 
1611 434 1338 
841 705 401 
571 1176 996 
802 1161 606 
1615 596 1254 
855 1219 445 
1660 1261 490 
460 485 558 
834 1350 1392 
1380 1191 644 
907 648 966 
1394 844 983 
1743 1255 1005 
527 970 1328 
1003 1423 551 
1714 1039 874 
626 1050 590 
1133 1344 1154 
1023 1383 963 
1638 750 914 
1548 1498 870 
1336 543 870 
1590 890 703 
1695 1263 642 
1098 856 650 
1724 1189 987 
1231 680 392 
1097 934 1042 
877 1465 1154 
833 1405 1086 
1279 1004 434 
1593 1320 1201 
1003 746 938 
1560 1341 666 
706 1106 958 
1069 903 1228 
1787 1293 481 
1584 550 914 
927 1001 947 
1187 771 1156 
754 944 560 
1240 644 1027 
629 961 1278 
1134 1565 666 
1300 1131 957 
566 671 1004 
659 695 1271 
1753 452 874 
1195 1572 1375 
1338 863 366 
1727 787 774 
1643 1041 483 
1617 422 665 
755 970 535 
1407 1220 527 
1345 605 1099 
858 1548 416 
687 432 1379 
1662 729 1341 
1282 1115 464 
1191 1222 654 
1541 1029 699 
844 1411 1092 
1429 1257 914 
1176 1532 1005 
604 1237 741 
1720 745 527 
578 1540 1387 
530 1173 1357 
490 928 1262 
1353 640 1196 
474 1252 1323 
685 1331 735 
1485 865 1000 
1149 1270 1300 
479 1393 446 
1059 1329 957 
1033 1210 644 
1563 906 963 
1599 726 860 
1257 1339 1268 
1260 1496 946 
797 723 787 
1454 1478 634 
1106 1227 943 
1698 1499 583 
1266 966 1014 
1758 1040 1001 
607 841 1294 
1145 641 975 
1179 672 826 
