50 6 20
16 10
340 112 96 85 77 75 77 85 96 112 130 149 169 187 203 214 222 225 222 214 203 187 169 150 130 112 96 85 77 75 77 85 96 112 130 149 169 187 203 214 222 225 222 214 203 187 169 150 130 112 96 
340 150 129 113 103 100 103 113 129 149 174 199 225 249 270 286 296 300 296 286 270 250 225 200 174 150 129 113 103 100 103 113 129 149 174 199 225 249 270 286 296 300 296 286 270 250 225 200 174 150 129 
340 187 161 141 129 125 129 141 161 187 217 249 282 312 338 358 370 375 370 358 338 312 282 250 217 187 161 141 129 125 129 141 161 187 217 249 282 312 338 358 370 375 370 358 338 312 282 250 217 187 161 
340 225 193 170 155 150 155 170 193 224 261 299 338 374 406 429 444 450 444 429 406 375 338 300 261 225 193 170 155 150 155 170 193 224 261 299 338 374 406 429 444 450 444 429 406 375 338 300 261 225 193 
340 262 226 198 180 175 180 198 226 262 304 349 395 437 473 501 519 525 519 501 473 437 395 350 304 262 226 198 180 175 180 198 226 262 304 349 395 437 473 501 519 525 519 501 473 437 395 350 304 262 226 
100000 7500 6464 5669 5170 5000 5170 5669 6464 7499 8705 9999 11294 12499 13535 14330 14829 15000 14829 14330 13535 12500 11294 10000 8705 7500 6464 5669 5170 5000 5170 5669 6464 7499 8705 9999 11294 12499 13535 14330 14829 15000 14829 14330 13535 12500 11294 10000 8705 7500 6464 
1249 1353 1433 1482 1499 1482 1433 1353 1250 1129 1000 870 750 646 566 517 
249 272 489 373 820 401 541 1345 1573 975 1719 880 1537 1754 2138 1880 1363 1374 716 750 503 379 434 606 774 484 860 553 784 815 860 1315 531 2063 
797 746 356 738 1193 1290 1072 1130 811 821 1444 2140 661 1021 1665 1458 1216 465 1568 1161 874 764 284 262 485 635 697 1005 480 565 1498 1016 679 1627 
620 269 435 486 802 845 1504 1102 760 1089 1465 1002 621 1274 952 615 1243 533 456 634 1064 566 428 430 327 237 425 1022 396 626 810 1193 1781 558 
358 809 256 987 584 656 1160 1090 1807 568 1921 1760 1832 1776 610 643 643 1220 1384 779 313 470 359 311 216 586 504 881 716 1236 837 1749 1680 2034 
693 348 314 394 1171 1160 785 1358 1244 1346 1056 1280 1948 2269 686 1253 552 1499 964 1035 935 937 560 566 258 787 570 465 1122 1021 1020 1756 743 995 
383 219 380 924 1031 451 596 1278 1459 654 2026 2281 2325 1721 2292 1690 1585 569 1333 1202 740 430 856 311 622 722 331 932 1033 1153 1369 1288 524 663 
455 460 235 306 541 659 1129 1699 1168 1232 1421 1919 1843 666 661 1313 1121 1449 1056 1097 397 723 581 776 621 529 742 923 1171 727 1178 1706 1330 895 
381 303 746 612 528 856 1184 1549 661 880 1521 933 2313 741 1581 1300 1859 567 799 1307 867 451 329 568 287 566 444 438 1027 874 1080 678 1676 1884 
241 560 814 771 789 1009 1551 862 1242 815 813 1507 1021 2268 1483 854 1632 1007 1514 1276 349 362 562 292 207 537 444 324 650 592 736 939 612 1715 
764 629 333 660 1131 505 1483 1237 1324 1700 1032 914 773 1922 2287 2092 1292 783 1530 710 332 707 676 310 337 386 848 636 597 1273 566 1251 813 742 
