10 6 20
6 100
340 85 96 112 130 149 169 187 203 214 222 
340 113 129 149 174 199 225 249 270 286 296 
340 141 161 187 217 249 282 312 338 358 370 
340 170 193 224 261 299 338 374 406 429 444 
340 198 226 262 304 349 395 437 473 501 519 
100000 5669 6464 7499 8705 9999 11294 12499 13535 14330 14829 
1433 1353 1250 1129 1000 870 
842 564 629 513 
744 755 547 538 
680 607 455 516 
798 697 500 552 
662 646 537 556 
874 585 669 582 
768 612 478 435 
870 612 509 547 
661 574 609 504 
640 660 503 537 
716 668 616 489 
635 717 588 554 
765 723 505 556 
850 757 491 426 
750 637 521 493 
784 576 599 530 
890 722 480 520 
716 641 646 417 
764 718 537 423 
691 570 527 513 
601 589 454 512 
817 685 519 488 
885 771 544 500 
779 697 676 492 
874 569 656 617 
659 671 536 503 
831 671 607 435 
677 677 507 483 
764 709 470 555 
738 663 606 498 
781 666 496 545 
691 556 653 611 
660 703 667 584 
706 586 547 547 
728 694 560 586 
858 550 623 562 
753 761 660 547 
828 586 513 434 
750 744 573 452 
612 627 583 491 
698 672 515 567 
749 602 508 550 
668 687 603 463 
850 597 653 479 
772 676 470 503 
654 730 590 529 
609 641 539 608 
886 734 650 608 
641 529 678 446 
632 539 610 561 
669 542 511 424 
823 572 510 422 
824 634 503 585 
638 719 642 440 
875 763 635 514 
609 560 493 450 
848 582 524 458 
754 596 497 466 
850 658 533 561 
603 606 467 419 
718 549 475 481 
854 553 607 489 
671 729 665 438 
632 688 567 581 
877 610 571 573 
865 578 630 609 
835 653 487 494 
864 696 480 542 
666 585 577 445 
730 615 559 424 
720 672 460 594 
858 527 554 581 
692 645 456 498 
669 667 467 555 
650 654 665 613 
737 700 636 493 
683 640 570 463 
846 630 479 450 
652 711 547 514 
844 642 497 486 
658 709 515 502 
724 651 513 531 
724 518 474 422 
806 597 481 436 
885 603 459 465 
835 706 483 613 
796 702 572 500 
698 686 574 584 
645 558 652 586 
639 698 496 605 
690 615 475 609 
705 747 600 578 
894 615 499 528 
886 554 595 588 
687 752 653 591 
783 691 645 588 
626 717 566 490 
879 580 507 476 
884 528 571 560 
624 596 578 552 
