10 6 20
4 10
340 130 112 96 85 77 75 77 85 96 112 
340 174 150 129 113 103 100 103 113 129 149 
340 217 187 161 141 129 125 129 141 161 187 
340 261 225 193 170 155 150 155 170 193 224 
340 304 262 226 198 180 175 180 198 226 262 
100000 8705 7500 6464 5669 5170 5000 5170 5669 6464 7499 
1129 1249 1353 1433 
1493 1440 1485 1486 1368 1287 
1425 1537 1535 1461 1357 1305 
1495 1538 1431 1369 1292 1236 
1507 1541 1521 1372 1308 1266 
1530 1518 1445 1424 1392 1205 
1535 1549 1507 1395 1391 1230 
1508 1457 1506 1459 1337 1191 
1447 1468 1508 1458 1286 1206 
1471 1530 1467 1481 1296 1270 
1474 1526 1430 1381 1373 1202 
