10 6 20
4 50
340 75 77 85 96 112 130 149 169 187 203 
340 100 103 113 129 149 174 199 225 249 270 
340 125 129 141 161 187 217 249 282 312 338 
340 150 155 170 193 224 261 299 338 374 406 
340 175 180 198 226 262 304 349 395 437 473 
100000 5000 5170 5669 6464 7499 8705 9999 11294 12499 13535 
1499 1482 1433 1353 
563 1365 448 1362 441 1023 
1823 1665 1234 812 518 823 
626 1426 1331 376 831 797 
883 1365 954 808 806 474 
1408 1164 1105 1244 673 987 
1055 1505 1385 658 607 584 
759 1233 1588 910 333 331 
1729 1506 1015 1325 1126 515 
730 1221 406 538 378 916 
915 1713 925 501 1125 761 
1438 1538 1122 1117 893 748 
1763 814 401 1092 765 852 
650 661 924 1281 469 319 
909 493 930 896 940 409 
623 1140 597 640 777 986 
1825 573 637 997 1044 351 
512 547 532 934 522 514 
1103 1146 1395 915 382 904 
1376 1106 1097 1023 879 845 
1325 1712 1041 1291 770 399 
593 605 1111 991 830 864 
1470 1632 1347 979 1138 797 
1223 1074 761 930 873 856 
1997 1401 567 953 575 680 
1120 517 1501 1346 750 732 
1053 910 1215 852 631 1033 
834 1478 860 1161 651 889 
966 995 699 585 831 665 
1108 1730 1110 1333 536 949 
1439 1713 1449 1163 684 396 
512 865 925 655 749 604 
1633 940 991 473 368 624 
1507 1634 965 1145 352 918 
1046 1643 982 1142 772 531 
998 495 931 1247 857 974 
1866 1600 461 1130 464 598 
658 453 1019 517 985 671 
1224 1027 1550 925 1069 416 
1083 1322 923 1321 924 656 
1506 533 1233 1097 635 437 
1565 510 906 934 834 881 
1664 453 1062 1118 868 421 
1037 1472 498 1348 343 425 
683 1113 1226 357 603 907 
981 572 542 919 897 839 
1628 1506 1211 662 506 459 
1352 1019 532 411 624 907 
952 1338 1101 1008 361 436 
804 1560 584 1111 637 606 
979 1254 546 1360 460 750 
