20 11 20
11 5
170 77 85 96 112 130 149 169 187 203 214 222 225 222 214 203 187 169 150 130 112 
170 103 113 129 149 174 199 225 249 270 286 296 300 296 286 270 250 225 200 174 150 
170 129 141 161 187 217 249 282 312 338 358 370 375 370 358 338 312 282 250 217 187 
170 155 170 193 224 261 299 338 374 406 429 444 450 444 429 406 375 338 300 261 225 
170 180 198 226 262 304 349 395 437 473 501 519 525 519 501 473 437 395 350 304 262 
170 206 226 258 299 348 399 451 499 541 573 593 600 593 573 541 500 451 400 348 300 
170 232 255 290 337 391 449 508 562 609 644 667 675 667 644 609 562 508 450 391 337 
170 258 283 323 374 435 499 564 624 676 716 741 750 741 716 676 625 564 500 435 375 
170 284 311 355 412 478 549 621 687 744 788 815 825 815 788 744 687 621 550 478 412 
170 310 340 387 449 522 599 677 749 812 859 889 900 889 859 812 750 677 600 522 450 
100000 5170 5669 6464 7499 8705 9999 11294 12499 13535 14330 14829 15000 14829 14330 13535 12500 11294 10000 8705 7500 
1482 1433 1353 1250 1129 1000 870 750 646 566 517 
223 563 768 631 631 793 1539 715 1681 
322 415 499 658 910 1243 701 452 908 
465 730 767 493 946 439 782 1224 1401 
673 810 838 289 578 932 1282 1298 1411 
504 436 414 297 1051 1283 1288 1531 1031 
