10 3 20
6 100
850 130 112 96 85 77 75 77 85 96 112 
850 174 150 129 113 103 100 103 113 129 149 
100000 8705 7500 6464 5669 5170 5000 5170 5669 6464 7499 
1129 1249 1353 1433 1482 1499 
1298 1429 1225 1444 
1625 1643 1275 1030 
1552 1665 1500 1333 
1739 1416 1503 1411 
1254 1427 1345 1014 
1564 1210 1206 1216 
1253 1611 1162 1223 
1388 1503 1263 1331 
1419 1294 1296 1290 
1388 1310 1484 1037 
1613 1225 1350 1045 
1371 1211 1243 1265 
1398 1226 1590 1407 
1641 1427 1123 1025 
1457 1244 1588 1165 
1406 1269 1252 1034 
1370 1477 1491 1446 
1271 1656 1189 1021 
1482 1565 1610 1367 
1505 1550 1364 1233 
1716 1713 1390 1376 
1412 1485 1216 1111 
1512 1172 1565 1287 
1605 1572 1574 1172 
1462 1512 1378 1488 
1453 1447 1576 1063 
1316 1511 1134 1354 
1200 1573 1462 1313 
1470 1442 1453 1334 
1637 1325 1515 1266 
1419 1252 1359 1229 
1335 1293 1477 1206 
1690 1268 1182 1163 
1500 1227 1519 1166 
1550 1381 1598 1235 
1278 1621 1519 1427 
1387 1602 1525 1362 
1281 1515 1356 1203 
1455 1684 1353 1305 
1704 1659 1139 1016 
1733 1533 1249 1389 
1552 1590 1360 1253 
1711 1256 1551 1409 
1357 1514 1367 1416 
1285 1429 1467 1215 
1661 1533 1549 1059 
1581 1288 1506 1000 
1430 1657 1126 1407 
1548 1713 1502 1258 
1732 1466 1289 1172 
1603 1560 1281 1446 
1628 1700 1225 1046 
1262 1647 1261 1321 
1703 1479 1123 1390 
1445 1516 1356 1471 
1585 1475 1313 1104 
1372 1555 1438 1031 
1549 1558 1345 1192 
1309 1336 1198 1090 
1671 1533 1163 1003 
1691 1600 1549 1277 
1502 1512 1125 1176 
1565 1296 1099 1047 
1443 1355 1420 1255 
1717 1719 1219 1144 
1682 1476 1415 1001 
1190 1689 1288 1255 
1641 1570 1096 1396 
1446 1544 1466 1354 
1727 1268 1365 1319 
1552 1615 1594 1230 
1447 1593 1559 1428 
1596 1485 1119 1202 
1605 1458 1232 1214 
1291 1196 1112 1029 
1673 1272 1328 1253 
1458 1505 1349 1494 
1248 1584 1500 1141 
1292 1508 1109 1191 
1426 1390 1145 1114 
1486 1624 1537 1484 
1365 1222 1460 1363 
1343 1641 1436 1170 
1292 1302 1471 1028 
1748 1274 1110 1312 
1291 1633 1577 1387 
1546 1496 1277 1275 
1191 1151 1609 1227 
1548 1521 1361 1440 
1584 1684 1529 1404 
1354 1711 1516 1108 
1190 1230 1526 1094 
1432 1555 1325 1093 
1282 1211 1492 1225 
1571 1296 1147 1000 
1723 1331 1521 1102 
1629 1481 1225 1192 
1681 1524 1258 1217 
1611 1577 1271 1447 
1447 1253 1341 1247 
