20 3 20
15 100
850 150 130 112 96 85 77 75 77 85 96 112 130 149 169 187 203 214 222 225 222 
850 200 174 150 129 113 103 100 103 113 129 149 174 199 225 249 270 286 296 300 296 
100000 10000 8705 7500 6464 5669 5170 5000 5170 5669 6464 7499 8705 9999 11294 12499 13535 14330 14829 15000 14829 
1000 1129 1249 1353 1433 1482 1499 1482 1433 1353 1250 1129 1000 870 750 
644 553 512 480 499 
641 554 509 524 521 
652 580 519 513 509 
657 577 527 487 540 
624 540 492 508 536 
615 549 536 508 530 
638 572 499 516 495 
619 587 509 498 532 
621 569 519 479 542 
644 584 491 505 509 
628 552 502 521 540 
665 554 506 508 540 
675 588 530 505 519 
653 551 507 516 509 
660 540 538 499 520 
621 588 510 522 513 
657 555 508 483 506 
621 553 496 522 496 
649 546 506 512 542 
654 552 517 517 519 
655 565 528 510 495 
678 578 510 489 491 
671 559 514 499 514 
671 576 511 488 515 
622 569 501 519 542 
629 556 528 516 520 
656 556 509 491 512 
670 558 527 511 505 
664 567 491 500 518 
678 546 511 482 499 
645 542 541 515 532 
649 585 530 483 504 
668 587 497 477 514 
619 590 535 494 511 
625 541 509 506 533 
675 562 539 511 516 
675 563 525 497 524 
626 549 505 477 509 
628 538 532 503 511 
678 592 521 503 510 
665 589 503 515 515 
656 546 495 507 520 
628 587 532 515 529 
643 553 496 523 496 
636 574 509 477 501 
615 559 504 488 501 
674 566 501 482 535 
644 542 519 522 527 
656 551 511 477 537 
644 590 508 521 491 
641 587 539 515 527 
666 567 520 507 531 
638 590 533 504 500 
625 577 533 504 531 
644 588 538 492 525 
641 589 502 502 523 
657 566 519 488 512 
658 570 494 481 527 
648 558 522 491 501 
639 554 496 481 515 
671 565 497 478 533 
643 552 499 520 512 
633 554 518 486 497 
670 591 526 498 540 
644 594 495 504 535 
653 556 491 524 498 
629 590 508 491 520 
618 580 499 475 509 
649 540 541 500 518 
677 570 493 478 531 
628 590 536 479 493 
678 563 518 505 533 
665 574 535 497 528 
654 576 491 477 499 
653 587 534 507 523 
674 571 522 477 492 
670 571 531 512 527 
663 590 535 482 514 
662 574 498 522 517 
628 559 505 501 509 
615 554 509 496 509 
640 568 515 507 494 
645 589 535 487 509 
655 551 535 518 509 
631 556 522 501 515 
654 564 503 476 529 
644 592 541 495 507 
656 541 495 483 512 
654 561 516 504 492 
651 557 494 511 508 
667 566 517 509 505 
678 546 502 507 508 
672 544 542 523 499 
648 552 541 496 492 
630 561 511 512 509 
667 586 539 494 534 
643 550 513 480 494 
660 542 532 500 513 
664 550 527 475 535 
671 582 530 507 523 
