50 2 20
16 50
1700 77 75 77 85 96 112 130 149 169 187 203 214 222 225 222 214 203 187 169 150 130 112 96 85 77 75 77 85 96 112 130 149 169 187 203 214 222 225 222 214 203 187 169 150 130 112 96 85 77 75 
100000 5170 5000 5170 5669 6464 7499 8705 9999 11294 12499 13535 14330 14829 15000 14829 14330 13535 12500 11294 10000 8705 7500 6464 5669 5170 5000 5170 5669 6464 7499 8705 9999 11294 12499 13535 14330 14829 15000 14829 14330 13535 12500 11294 10000 8705 7500 6464 5669 5170 5000 
1482 1499 1482 1433 1353 1250 1129 1000 870 750 646 566 517 500 517 566 
757 672 755 827 1343 1013 1243 1433 1454 1541 1684 1198 1548 1166 908 1147 894 697 766 543 483 479 459 527 530 882 700 915 1069 1391 1587 1584 1501 1586 
761 892 710 804 971 1218 1300 1575 1380 1331 1591 1316 1456 1275 946 1129 988 851 597 485 489 540 566 621 548 631 863 1128 1145 1102 1179 1485 1215 1794 
643 825 713 918 1072 1235 1265 1330 1761 1619 1512 1262 1188 1080 1146 1110 999 868 556 473 528 531 499 630 717 607 877 1156 1331 1300 1454 1294 1555 1242 
587 601 817 1024 973 1143 1518 1172 1673 1719 1476 1267 1183 1295 1184 1040 881 720 650 537 537 587 440 569 591 704 699 1162 1310 1198 1272 1153 1447 1472 
618 766 1013 990 1292 1029 1130 1463 1600 1543 1631 1224 1495 1203 1259 1006 955 682 576 606 417 520 537 469 680 738 898 995 977 1419 1359 1437 1581 1628 
666 813 838 1073 1027 1120 1426 1464 1210 1636 1236 1540 1387 1139 1105 996 941 764 647 648 525 505 448 666 635 627 750 813 1261 1497 1318 1154 1765 1377 
597 624 920 1152 995 1095 1467 1235 1765 1219 1677 1435 1586 1429 1019 1037 782 615 660 485 430 546 435 503 518 687 1022 1086 924 1075 1498 1712 1199 1575 
727 715 837 892 1019 1338 1309 1289 1726 1785 1537 1680 1610 1151 1130 866 844 695 752 669 609 474 619 575 759 732 1025 1015 1110 1010 1405 1674 1619 1585 
603 644 704 805 1347 1184 1339 1403 1734 1789 1652 1518 1147 1204 1028 972 799 727 581 568 618 581 440 658 690 694 833 839 1209 1391 1460 1436 1290 1275 
567 708 988 1054 1141 1321 1360 1149 1459 1238 1504 1266 1398 1407 1344 1079 734 615 635 623 453 562 590 527 716 717 871 898 1065 1399 1196 1188 1658 1432 
710 755 844 899 919 1356 1414 1408 1654 1326 1279 1591 1501 1019 1122 1160 855 795 558 644 459 429 543 575 750 769 939 925 1271 1307 1465 1270 1223 1617 
740 877 790 1013 1221 1099 1356 1306 1278 1556 1550 1393 1174 1212 1192 959 833 790 671 468 587 529 476 502 528 842 855 839 1192 1226 1481 1190 1710 1378 
537 785 708 853 1314 1248 1126 1440 1490 1548 1662 1406 1218 1002 1178 1120 1007 628 552 521 563 577 428 456 698 774 750 866 1042 1390 1554 1699 1436 1699 
711 771 980 865 1255 1372 1394 1668 1699 1377 1263 1549 1549 1461 954 1182 726 759 719 565 578 525 454 647 686 867 1015 859 1152 1246 1276 1584 1687 1375 
681 840 848 988 907 1279 1452 1559 1608 1765 1514 1462 1279 1049 946 1146 932 647 668 526 559 481 495 598 592 821 1044 965 918 1360 1162 1459 1406 1288 
670 854 734 955 1095 1484 1095 1370 1438 1322 1682 1539 1311 1140 1000 895 744 816 531 560 508 575 569 528 680 669 936 1089 1055 1024 1419 1239 1255 1793 
585 893 733 1100 1212 1468 1389 1357 1673 1561 1286 1279 1509 1147 1131 975 764 892 719 580 460 583 455 548 688 754 1022 1195 1163 1010 1209 1712 1754 1574 
667 673 1012 1074 1087 1248 1462 1404 1349 1582 1414 1212 1123 1022 972 1031 748 627 573 617 583 482 492 580 596 606 703 846 1132 1448 1500 1343 1516 1259 
647 889 948 807 1333 1275 1368 1655 1533 1622 1535 1192 1111 1329 984 943 987 651 757 594 489 407 550 514 603 620 990 1099 1072 1435 1392 1391 1707 1387 
681 697 746 1177 1156 1420 1389 1310 1260 1233 1253 1324 1266 1354 1253 1169 808 727 579 645 424 464 514 613 645 759 881 1064 911 1408 1094 1431 1545 1666 
760 715 990 1129 947 1150 1139 1405 1569 1407 1744 1698 1262 1424 962 868 944 781 613 508 424 415 425 502 544 866 739 928 1140 1248 1319 1552 1245 1413 
697 789 885 965 1038 1357 1114 1316 1266 1444 1417 1166 1535 1087 1167 1060 823 769 563 557 511 545 422 553 767 737 895 1004 1032 1207 1338 1175 1356 1516 
738 749 980 905 1287 1206 1582 1605 1442 1677 1340 1556 1492 1018 1180 913 915 700 522 673 495 585 511 504 759 888 918 867 905 1191 1414 1288 1537 1594 
545 744 909 1066 968 1183 1370 1522 1522 1230 1316 1454 1376 1433 1241 966 810 844 595 607 495 415 620 562 604 661 951 1195 1140 1496 1565 1264 1770 1634 
526 823 864 1119 1063 1182 1227 1375 1222 1588 1437 1291 1340 1314 1067 839 696 823 606 667 561 586 530 618 721 665 946 973 1125 1340 1395 1326 1719 1231 
639 678 753 1154 999 1476 1330 1477 1409 1707 1391 1214 1323 1314 1270 1156 967 667 683 540 587 582 498 486 705 812 950 1135 1072 1271 1124 1558 1471 1432 
727 721 906 1148 1213 1129 1274 1443 1477 1348 1322 1251 1170 1300 1347 1112 1023 639 527 658 599 511 607 550 652 794 768 1068 1147 1292 1477 1303 1634 1394 
769 683 734 935 976 1306 1424 1490 1612 1503 1521 1191 1136 1476 1061 1075 826 844 693 671 531 532 496 522 581 878 817 886 1026 1246 1099 1298 1315 1364 
566 656 851 1176 940 1488 1221 1323 1559 1348 1251 1455 1196 1393 1081 1089 788 776 696 672 510 443 417 569 687 868 703 831 1027 1034 1384 1675 1473 1734 
697 835 959 959 1144 1138 1115 1574 1685 1688 1457 1361 1086 1341 1014 952 771 704 629 457 491 518 562 594 702 762 946 1118 1158 1128 1428 1292 1332 1734 
556 630 899 824 1198 1470 1604 1444 1551 1573 1454 1551 1256 1003 1309 918 905 766 652 521 595 422 610 647 564 816 751 912 1081 1400 1231 1420 1407 1529 
718 683 799 1161 1350 1431 1520 1671 1375 1671 1351 1632 1266 1378 1291 1157 701 821 663 637 448 492 432 532 671 889 900 1110 1264 1115 1140 1383 1688 1513 
769 731 791 1010 1241 1430 1374 1647 1187 1204 1766 1234 1462 1160 1236 1193 808 861 682 516 507 476 512 510 555 641 936 922 1192 1295 1541 1344 1644 1233 
522 795 955 913 1078 1448 1335 1321 1249 1424 1309 1341 1585 1038 1248 867 865 804 743 627 570 409 433 582 685 697 992 878 988 1137 1544 1715 1349 1716 
698 668 864 1098 1240 1141 1544 1593 1217 1605 1286 1164 1413 1148 1210 1010 888 795 703 505 528 493 462 540 571 768 913 1123 1122 1102 1582 1280 1251 1774 
720 686 1044 878 989 1097 1356 1301 1413 1692 1589 1474 1098 1065 1029 962 698 794 706 670 588 408 575 507 580 721 706 945 1218 1163 1117 1691 1546 1408 
643 607 1023 1165 1097 1141 1535 1374 1703 1215 1297 1306 1322 1312 1169 845 1021 858 701 528 462 599 516 567 758 858 757 864 1013 1454 1404 1563 1518 1479 
713 811 795 838 967 1338 1185 1379 1572 1339 1199 1211 1511 1206 1152 1099 1018 823 728 640 445 499 568 636 717 668 1019 1100 1238 1098 1441 1679 1280 1679 
546 691 784 1017 1231 1092 1497 1556 1537 1742 1351 1316 1128 1444 1088 901 826 879 608 626 437 405 571 563 772 783 830 996 1053 1277 1345 1661 1524 1638 
638 855 928 1020 1225 1459 1256 1284 1223 1493 1254 1303 1590 1148 1061 1098 891 790 714 470 463 472 597 646 571 694 767 875 1324 1086 1563 1379 1441 1456 
593 722 878 1003 1341 1294 1350 1535 1377 1568 1259 1591 1503 1454 1168 968 880 663 559 626 555 408 462 532 518 722 882 905 1308 1292 1150 1180 1770 1430 
535 784 1007 1053 1026 1262 1343 1343 1439 1240 1356 1310 1404 1200 1049 970 810 612 526 676 586 445 527 566 562 682 704 1097 1302 1253 1193 1618 1227 1704 
527 684 848 1061 1110 1304 1164 1152 1245 1776 1235 1613 1174 1209 1068 815 758 803 704 582 571 493 533 632 592 771 827 1001 1136 1394 1126 1290 1751 1588 
613 799 771 911 1102 1459 1100 1280 1720 1727 1289 1498 1496 1029 1336 945 1027 885 682 463 478 569 476 676 678 823 896 825 1133 1193 1499 1189 1664 1272 
724 881 795 1028 1128 1313 1208 1590 1505 1292 1688 1647 1520 1243 1320 1170 796 803 721 673 471 421 617 656 551 643 906 901 1002 1062 1522 1465 1407 1738 
651 664 868 1150 1180 1327 1386 1661 1651 1633 1632 1559 1288 1005 1311 1011 789 640 520 518 448 519 420 511 634 697 914 1030 1266 1237 1172 1247 1673 1543 
678 882 1017 1054 1189 1212 1402 1327 1432 1769 1429 1543 1500 1241 1282 1116 1009 628 574 554 456 467 618 577 752 726 885 938 1137 1258 1467 1620 1229 1200 
614 843 778 812 959 1417 1087 1306 1451 1455 1350 1227 1326 1433 1320 925 881 606 697 462 414 466 533 653 551 783 995 953 1154 1316 1424 1402 1506 1340 
763 820 724 1168 1057 1017 1225 1511 1717 1695 1714 1575 1445 1475 1282 1144 911 821 545 581 566 476 417 607 700 887 891 846 1208 1446 1258 1680 1451 1362 
519 808 981 1105 1345 1359 1189 1475 1653 1375 1373 1277 1203 1238 990 1014 965 777 540 586 618 585 556 484 718 859 758 870 1344 1450 1348 1199 1364 1644 
