50 11 20
16 100
170 77 85 96 112 130 149 169 187 203 214 222 225 222 214 203 187 169 150 130 112 96 85 77 75 77 85 96 112 130 149 169 187 203 214 222 225 222 214 203 187 169 150 130 112 96 85 77 75 77 85 
170 103 113 129 149 174 199 225 249 270 286 296 300 296 286 270 250 225 200 174 150 129 113 103 100 103 113 129 149 174 199 225 249 270 286 296 300 296 286 270 250 225 200 174 150 129 113 103 100 103 113 
170 129 141 161 187 217 249 282 312 338 358 370 375 370 358 338 312 282 250 217 187 161 141 129 125 129 141 161 187 217 249 282 312 338 358 370 375 370 358 338 312 282 250 217 187 161 141 129 125 129 141 
170 155 170 193 224 261 299 338 374 406 429 444 450 444 429 406 375 338 300 261 225 193 170 155 150 155 170 193 224 261 299 338 374 406 429 444 450 444 429 406 375 338 300 261 225 193 170 155 150 155 170 
170 180 198 226 262 304 349 395 437 473 501 519 525 519 501 473 437 395 350 304 262 226 198 180 175 180 198 226 262 304 349 395 437 473 501 519 525 519 501 473 437 395 350 304 262 226 198 180 175 180 198 
170 206 226 258 299 348 399 451 499 541 573 593 600 593 573 541 500 451 400 348 300 258 226 206 200 206 226 258 299 348 399 451 499 541 573 593 600 593 573 541 500 451 400 348 300 258 226 206 200 206 226 
170 232 255 290 337 391 449 508 562 609 644 667 675 667 644 609 562 508 450 391 337 290 255 232 225 232 255 290 337 391 449 508 562 609 644 667 675 667 644 609 562 508 450 391 337 290 255 232 225 232 255 
170 258 283 323 374 435 499 564 624 676 716 741 750 741 716 676 625 564 500 435 375 323 283 258 250 258 283 323 374 435 499 564 624 676 716 741 750 741 716 676 625 564 500 435 375 323 283 258 250 258 283 
170 284 311 355 412 478 549 621 687 744 788 815 825 815 788 744 687 621 550 478 412 355 311 284 275 284 311 355 412 478 549 621 687 744 788 815 825 815 788 744 687 621 550 478 412 355 311 284 275 284 311 
170 310 340 387 449 522 599 677 749 812 859 889 900 889 859 812 750 677 600 522 450 387 340 310 300 310 340 387 449 522 599 677 749 812 859 889 900 889 859 812 750 677 600 522 450 387 340 310 300 310 340 
100000 5170 5669 6464 7499 8705 9999 11294 12499 13535 14330 14829 15000 14829 14330 13535 12500 11294 10000 8705 7500 6464 5669 5170 5000 5170 5669 6464 7499 8705 9999 11294 12499 13535 14330 14829 15000 14829 14330 13535 12500 11294 10000 8705 7500 6464 5669 5170 5000 5170 5669 
1482 1433 1353 1250 1129 1000 870 750 646 566 517 500 517 566 646 749 
837 995 1168 1206 1302 1364 1411 1436 1555 1483 1314 1237 1097 1007 886 755 649 560 497 482 539 589 648 786 860 1022 1166 1257 1367 1397 1556 1450 1465 1401 
859 952 1179 1196 1417 1372 1527 1499 1473 1393 1355 1276 1112 1049 910 723 658 556 513 483 494 565 623 740 868 1030 1136 1261 1342 1398 1409 1536 1534 1421 
831 1019 1174 1192 1312 1366 1412 1541 1435 1372 1317 1196 1133 950 843 785 660 559 538 511 513 593 658 715 869 977 1081 1290 1385 1409 1490 1461 1479 1435 
888 1044 1180 1298 1349 1405 1434 1514 1457 1440 1396 1196 1081 999 860 747 674 593 507 477 524 567 637 719 860 982 1177 1283 1302 1412 1463 1554 1433 1399 
864 1020 1142 1196 1357 1488 1481 1517 1551 1455 1304 1216 1087 963 896 779 643 559 534 496 506 568 654 764 871 1046 1132 1264 1417 1473 1539 1562 1499 1407 
882 977 1115 1226 1340 1497 1511 1471 1485 1434 1384 1287 1076 1018 837 778 622 538 513 513 538 557 616 717 833 1030 1140 1192 1325 1403 1415 1549 1417 1372 
909 1044 1142 1274 1332 1471 1513 1519 1417 1444 1287 1305 1091 1027 889 741 618 583 501 481 522 564 641 766 886 961 1153 1222 1405 1435 1521 1520 1490 1442 
870 994 1168 1190 1358 1481 1420 1472 1551 1474 1292 1243 1088 1020 876 728 633 562 541 509 521 544 661 728 850 969 1171 1299 1413 1369 1500 1528 1450 1402 
889 975 1092 1234 1403 1443 1547 1543 1526 1436 1323 1195 1116 990 901 714 643 571 537 507 509 553 675 775 857 1019 1091 1240 1372 1439 1414 1540 1419 1486 
839 993 1137 1267 1399 1500 1416 1552 1464 1435 1297 1246 1111 969 907 722 616 542 504 520 520 567 630 777 855 1028 1099 1197 1375 1489 1500 1501 1452 1387 
865 1000 1119 1294 1292 1429 1555 1439 1453 1389 1301 1276 1176 1012 832 787 629 566 533 520 497 571 658 723 833 1044 1177 1207 1373 1363 1533 1537 1529 1490 
849 990 1141 1273 1290 1478 1525 1442 1458 1472 1356 1247 1110 955 843 721 625 554 493 486 532 568 677 752 864 1000 1079 1244 1330 1397 1429 1464 1528 1372 
840 1048 1161 1267 1336 1428 1413 1436 1472 1417 1364 1290 1082 1006 830 734 663 561 524 517 532 592 653 739 856 962 1147 1281 1413 1467 1459 1540 1509 1371 
898 1001 1185 1214 1295 1471 1545 1462 1535 1486 1287 1231 1139 958 876 783 642 541 518 476 529 573 651 750 831 979 1168 1213 1417 1487 1529 1558 1425 1409 
885 954 1090 1246 1405 1384 1494 1534 1429 1464 1403 1222 1115 1039 901 714 629 554 541 505 514 558 620 779 876 977 1149 1217 1385 1445 1548 1574 1484 1411 
900 978 1161 1246 1352 1487 1516 1517 1522 1498 1378 1251 1165 1014 834 785 632 549 501 503 528 568 674 730 850 968 1101 1255 1412 1409 1518 1462 1487 1472 
886 1022 1151 1286 1305 1464 1411 1526 1493 1399 1374 1277 1110 958 868 761 661 559 500 481 534 546 639 750 891 984 1082 1208 1374 1443 1476 1569 1446 1460 
882 1039 1167 1240 1313 1426 1515 1556 1409 1370 1329 1228 1096 1024 867 718 620 575 504 511 519 563 626 772 888 977 1146 1298 1380 1410 1518 1479 1420 1446 
857 1032 1155 1286 1342 1396 1537 1491 1484 1375 1286 1277 1126 981 863 783 635 565 495 511 499 591 643 743 846 996 1094 1299 1420 1497 1433 1463 1457 1471 
903 1013 1132 1253 1364 1446 1472 1505 1438 1400 1339 1300 1123 1037 846 754 625 569 534 475 510 556 676 734 888 954 1124 1295 1334 1393 1484 1543 1519 1422 
871 956 1166 1214 1383 1431 1556 1509 1478 1487 1397 1220 1096 1039 902 756 676 565 530 507 519 543 669 765 840 1027 1127 1287 1382 1384 1449 1432 1473 1423 
881 1049 1083 1254 1343 1396 1486 1499 1488 1491 1377 1200 1074 1045 906 713 638 543 529 488 495 552 661 751 886 976 1171 1295 1323 1487 1550 1490 1461 1442 
860 1046 1114 1239 1418 1392 1544 1509 1421 1439 1331 1219 1142 1003 845 731 640 538 528 500 511 550 644 777 912 1010 1115 1280 1326 1372 1514 1506 1482 1473 
874 1016 1171 1280 1370 1499 1556 1464 1468 1443 1371 1207 1148 1024 873 723 672 584 541 480 526 584 625 773 833 1045 1110 1261 1390 1433 1475 1532 1488 1364 
896 1048 1151 1287 1296 1368 1499 1490 1421 1394 1351 1204 1089 978 881 781 670 582 517 488 524 573 657 733 867 992 1176 1188 1330 1390 1518 1426 1552 1371 
869 1024 1080 1237 1314 1482 1515 1471 1515 1496 1340 1279 1152 959 834 782 645 562 526 519 509 592 661 731 906 1006 1111 1240 1343 1449 1437 1476 1511 1423 
897 1003 1105 1222 1399 1386 1526 1526 1491 1434 1397 1194 1097 1003 869 739 657 549 497 510 530 592 667 762 894 975 1149 1223 1401 1416 1463 1495 1445 1418 
895 1019 1115 1288 1348 1478 1546 1478 1484 1501 1348 1283 1157 968 837 775 669 577 529 507 495 581 614 734 866 1044 1180 1308 1408 1422 1468 1521 1480 1430 
900 994 1167 1286 1414 1467 1427 1504 1499 1363 1396 1307 1139 1033 848 755 647 575 516 488 517 588 648 785 831 959 1077 1292 1342 1453 1409 1505 1459 1434 
858 951 1089 1291 1405 1479 1413 1559 1498 1463 1388 1303 1165 995 868 749 623 573 536 476 518 552 636 712 901 972 1128 1249 1394 1391 1492 1523 1530 1484 
839 1003 1166 1244 1380 1396 1462 1488 1465 1441 1419 1303 1141 1046 871 721 661 567 540 478 521 545 664 717 909 951 1096 1227 1396 1469 1461 1527 1502 1429 
902 998 1092 1202 1379 1370 1457 1561 1552 1368 1354 1191 1117 964 903 772 620 553 499 480 520 584 626 767 857 964 1182 1299 1345 1474 1473 1571 1516 1426 
881 1027 1132 1257 1360 1485 1534 1475 1461 1489 1414 1309 1087 959 839 717 678 588 507 517 528 589 630 746 872 989 1174 1246 1346 1376 1556 1476 1528 1463 
839 1032 1083 1192 1359 1474 1546 1570 1508 1487 1346 1225 1080 971 884 748 648 573 497 498 529 565 648 770 905 1047 1146 1266 1300 1451 1418 1519 1436 1465 
835 1026 1164 1293 1367 1490 1466 1439 1538 1371 1386 1304 1107 975 910 744 619 547 517 518 525 582 675 751 839 954 1110 1219 1331 1427 1499 1438 1525 1372 
850 996 1110 1255 1325 1481 1488 1537 1534 1486 1374 1280 1159 1011 862 739 619 586 501 494 537 556 620 754 894 1011 1090 1231 1386 1466 1484 1537 1461 1363 
887 1046 1175 1221 1375 1418 1547 1452 1414 1460 1345 1246 1179 969 898 713 677 582 540 499 531 544 640 756 884 1016 1098 1242 1376 1400 1464 1481 1530 1428 
835 1004 1136 1289 1336 1427 1467 1436 1527 1398 1376 1252 1181 997 866 737 656 549 520 491 492 567 650 786 833 1043 1162 1292 1348 1488 1478 1508 1420 1470 
885 1001 1116 1287 1317 1373 1413 1456 1505 1488 1361 1286 1148 1019 902 751 674 573 504 484 500 544 654 783 869 988 1140 1230 1417 1500 1468 1427 1479 1462 
831 1022 1149 1204 1372 1435 1414 1511 1484 1363 1321 1275 1167 1001 861 714 655 591 513 477 520 547 642 753 880 951 1103 1269 1417 1410 1496 1477 1449 1399 
863 1035 1128 1231 1297 1447 1492 1521 1477 1421 1303 1217 1145 988 867 747 666 542 540 485 515 576 625 761 904 1028 1076 1284 1381 1377 1528 1560 1522 1374 
896 1034 1087 1271 1329 1454 1421 1442 1507 1459 1338 1212 1176 950 862 757 622 580 515 517 532 564 675 767 842 978 1141 1233 1320 1444 1500 1561 1423 1375 
881 972 1096 1248 1362 1402 1513 1547 1480 1465 1290 1217 1178 983 899 735 639 588 534 480 499 545 634 775 843 971 1080 1278 1347 1446 1451 1454 1420 1422 
871 956 1174 1269 1400 1445 1534 1563 1507 1409 1376 1208 1087 999 857 733 645 582 533 513 530 559 640 749 871 973 1114 1269 1367 1385 1427 1446 1459 1469 
887 965 1077 1299 1354 1429 1487 1560 1480 1390 1342 1289 1128 978 897 714 670 579 495 511 509 579 661 746 828 1031 1143 1191 1352 1501 1509 1488 1432 1494 
876 1012 1138 1283 1309 1366 1536 1542 1477 1473 1298 1292 1149 1049 893 729 632 586 500 483 528 550 658 713 850 1026 1183 1216 1330 1415 1420 1479 1420 1449 
851 1043 1185 1225 1401 1426 1460 1550 1484 1450 1398 1212 1141 1028 884 749 623 585 504 515 503 562 667 736 870 1045 1179 1239 1399 1366 1489 1528 1544 1476 
847 1023 1087 1310 1356 1421 1437 1428 1533 1459 1298 1199 1169 999 878 740 615 539 497 494 536 572 617 778 828 1028 1120 1283 1323 1450 1537 1565 1552 1479 
908 987 1158 1304 1380 1383 1428 1564 1480 1370 1403 1264 1184 971 872 715 638 570 511 500 529 566 672 728 862 1007 1181 1209 1372 1446 1428 1505 1428 1479 
843 1025 1147 1293 1416 1490 1506 1550 1414 1446 1401 1250 1085 1010 885 765 657 588 528 522 531 589 675 765 878 957 1165 1285 1353 1406 1431 1538 1450 1391 
897 1014 1123 1190 1296 1470 1414 1445 1531 1373 1417 1298 1099 1039 856 754 633 550 525 499 533 574 648 786 834 971 1149 1195 1289 1478 1535 1516 1553 1477 
872 969 1163 1240 1407 1492 1503 1503 1430 1434 1407 1233 1119 981 901 776 642 546 510 477 515 572 627 735 838 965 1117 1297 1294 1395 1421 1475 1409 1473 
869 1011 1184 1259 1299 1378 1485 1512 1421 1447 1312 1303 1167 974 900 745 649 586 514 501 493 551 624 744 867 951 1119 1228 1306 1493 1485 1517 1462 1411 
829 1022 1087 1297 1395 1460 1530 1467 1465 1377 1397 1242 1118 994 906 722 670 559 521 515 538 549 618 752 891 959 1104 1311 1358 1362 1451 1552 1417 1497 
890 1002 1138 1297 1381 1408 1552 1512 1476 1394 1358 1277 1137 976 864 763 668 577 511 486 522 592 629 767 885 1018 1118 1277 1379 1443 1480 1544 1410 1434 
849 1015 1181 1295 1330 1502 1483 1441 1481 1397 1323 1287 1098 1049 827 722 639 584 495 475 514 560 655 777 851 950 1139 1210 1293 1473 1433 1574 1421 1362 
859 974 1091 1309 1393 1404 1461 1502 1460 1435 1375 1291 1105 968 881 758 620 576 503 483 519 545 626 754 880 1007 1170 1237 1351 1485 1433 1483 1460 1366 
873 964 1103 1279 1295 1428 1512 1487 1483 1455 1291 1260 1141 1035 900 719 668 548 538 510 541 570 677 775 855 959 1111 1276 1346 1463 1537 1427 1528 1370 
910 957 1119 1251 1399 1462 1534 1560 1510 1474 1379 1209 1084 1019 896 747 632 578 508 509 516 556 628 735 845 1037 1153 1234 1356 1389 1518 1467 1555 1462 
827 1003 1172 1290 1305 1502 1519 1571 1423 1463 1320 1196 1076 955 856 772 667 539 519 502 526 562 658 741 878 973 1126 1286 1340 1406 1494 1530 1454 1487 
871 991 1093 1222 1400 1368 1538 1430 1448 1371 1392 1306 1168 996 900 723 623 555 499 514 511 594 649 758 870 976 1097 1266 1291 1488 1503 1481 1415 1414 
836 962 1150 1266 1410 1394 1514 1535 1508 1377 1377 1296 1140 963 904 752 643 581 497 484 538 556 676 731 911 1017 1161 1286 1306 1404 1460 1539 1465 1483 
834 955 1182 1288 1386 1409 1500 1495 1522 1490 1310 1249 1178 997 890 759 660 547 535 504 533 575 662 778 852 1017 1168 1239 1408 1491 1533 1535 1545 1414 
880 1028 1087 1232 1408 1494 1433 1452 1483 1394 1297 1252 1126 1015 837 774 638 549 523 502 491 573 625 749 875 1044 1162 1228 1372 1365 1439 1478 1449 1449 
844 1001 1091 1231 1289 1365 1458 1544 1512 1407 1356 1196 1114 1032 854 734 647 553 520 487 497 591 677 756 886 1028 1106 1306 1287 1433 1441 1460 1542 1467 
858 1008 1136 1248 1324 1378 1518 1534 1416 1376 1366 1249 1113 1009 846 737 649 544 538 496 523 567 667 729 884 1019 1131 1191 1363 1369 1523 1450 1530 1422 
837 983 1162 1261 1389 1478 1498 1562 1412 1492 1295 1214 1084 1001 866 746 640 542 536 490 495 586 673 743 828 1036 1106 1306 1413 1384 1437 1524 1426 1369 
841 958 1178 1298 1290 1454 1553 1556 1529 1472 1293 1285 1084 1006 878 766 676 546 538 477 523 552 668 761 842 975 1087 1226 1350 1366 1417 1551 1488 1495 
913 994 1136 1240 1403 1489 1528 1477 1500 1408 1377 1272 1131 1044 908 752 636 564 526 489 516 581 670 772 883 991 1075 1219 1362 1451 1540 1567 1449 1392 
891 980 1096 1209 1304 1430 1540 1508 1509 1503 1331 1189 1150 1004 829 780 631 572 516 488 536 585 640 749 872 950 1110 1193 1291 1417 1514 1449 1477 1412 
879 1018 1151 1210 1365 1376 1555 1523 1455 1495 1417 1270 1092 995 827 728 646 538 517 481 539 583 678 782 841 996 1148 1187 1399 1425 1554 1514 1516 1373 
849 1043 1073 1289 1393 1479 1525 1489 1466 1487 1369 1235 1160 962 849 747 675 589 506 512 534 576 675 784 852 1049 1160 1244 1405 1504 1466 1537 1469 1462 
830 1026 1146 1261 1310 1495 1463 1519 1524 1388 1401 1228 1141 1042 846 774 626 541 530 515 525 557 631 716 846 1030 1084 1254 1348 1474 1497 1559 1436 1393 
866 952 1078 1263 1311 1481 1507 1513 1533 1467 1349 1227 1096 956 906 758 666 588 511 479 531 556 647 735 906 961 1178 1190 1300 1419 1485 1531 1474 1387 
913 982 1182 1296 1405 1434 1510 1467 1537 1409 1366 1218 1110 1001 864 744 633 565 536 494 518 538 673 761 901 1049 1081 1261 1381 1495 1436 1434 1519 1458 
886 1008 1144 1202 1376 1479 1546 1481 1548 1426 1410 1202 1112 1044 884 745 644 560 530 483 496 594 640 783 867 977 1076 1294 1369 1454 1426 1571 1430 1404 
888 1027 1122 1215 1400 1441 1504 1463 1521 1498 1375 1299 1166 1014 850 775 635 554 531 522 534 588 620 769 857 1012 1185 1298 1287 1398 1556 1546 1481 1371 
911 978 1179 1277 1414 1458 1481 1546 1530 1463 1321 1250 1170 1027 904 714 650 559 517 498 524 584 622 759 908 1019 1121 1222 1386 1413 1551 1548 1494 1476 
880 991 1178 1215 1336 1456 1497 1544 1483 1377 1375 1272 1155 984 868 786 669 546 522 507 511 563 639 784 867 999 1154 1272 1380 1368 1547 1502 1458 1492 
872 1035 1102 1278 1302 1434 1437 1469 1546 1436 1383 1232 1167 1004 863 714 636 594 533 520 525 568 633 720 837 1047 1170 1188 1292 1384 1513 1456 1481 1362 
878 992 1170 1213 1294 1450 1524 1535 1456 1423 1332 1281 1167 1048 828 787 654 542 511 486 503 539 676 778 846 965 1103 1239 1340 1364 1476 1513 1466 1418 
883 968 1179 1229 1307 1390 1496 1445 1411 1402 1397 1259 1151 981 882 723 651 587 522 517 498 570 622 725 853 1044 1095 1284 1404 1501 1452 1502 1499 1464 
893 992 1170 1224 1311 1400 1442 1542 1439 1374 1318 1193 1107 1013 872 725 673 592 509 504 519 594 625 740 910 1012 1078 1188 1357 1485 1449 1433 1486 1448 
873 1034 1112 1292 1378 1484 1542 1506 1466 1471 1371 1215 1176 1040 890 740 623 541 542 509 506 555 656 744 837 1049 1175 1279 1349 1420 1459 1469 1503 1385 
907 957 1122 1198 1409 1455 1513 1504 1442 1479 1391 1280 1149 1041 910 748 653 574 509 489 507 582 619 766 900 1016 1117 1308 1343 1451 1486 1428 1460 1423 
905 953 1111 1297 1366 1482 1454 1510 1477 1413 1356 1196 1075 1038 839 741 643 588 497 523 531 563 635 740 877 1037 1079 1247 1332 1454 1502 1512 1528 1390 
860 987 1109 1274 1376 1476 1509 1484 1424 1370 1343 1279 1175 1020 827 755 633 541 536 517 541 585 672 730 882 990 1086 1283 1341 1418 1445 1438 1458 1365 
912 1003 1152 1198 1350 1425 1463 1548 1424 1501 1396 1263 1159 1032 842 768 671 547 541 485 521 548 656 766 889 1005 1173 1187 1375 1381 1493 1491 1484 1401 
862 971 1100 1199 1332 1363 1533 1429 1465 1405 1398 1199 1094 1002 844 712 619 589 500 511 526 563 666 761 904 1021 1164 1286 1362 1495 1514 1473 1461 1389 
889 1036 1089 1188 1320 1470 1515 1459 1505 1473 1403 1257 1074 1001 889 752 654 590 510 489 541 548 665 717 898 992 1173 1256 1313 1435 1515 1461 1554 1402 
827 1040 1165 1254 1355 1365 1412 1465 1531 1469 1335 1224 1166 1042 838 768 648 580 520 510 523 586 623 743 845 954 1124 1212 1323 1476 1476 1549 1441 1433 
899 966 1081 1259 1297 1490 1522 1533 1434 1417 1419 1203 1108 967 912 784 669 556 539 475 522 543 632 779 897 966 1117 1254 1408 1496 1439 1477 1477 1495 
850 1046 1107 1311 1353 1477 1432 1476 1461 1421 1302 1205 1150 1031 904 750 675 581 509 511 541 555 639 762 828 982 1123 1193 1348 1461 1512 1516 1497 1434 
870 1032 1177 1195 1410 1381 1509 1468 1531 1438 1381 1305 1140 978 863 752 670 573 501 483 503 563 659 732 873 1001 1138 1250 1337 1420 1425 1534 1535 1454 
829 976 1172 1220 1329 1424 1417 1461 1433 1456 1386 1199 1154 1045 913 712 614 545 501 510 521 576 676 766 849 996 1095 1191 1353 1415 1536 1529 1542 1490 
854 1013 1096 1287 1391 1373 1453 1429 1547 1487 1396 1297 1176 957 874 753 675 544 512 478 536 593 630 786 886 1013 1074 1239 1337 1383 1516 1453 1456 1457 
903 1000 1108 1297 1346 1475 1500 1428 1449 1417 1306 1189 1076 999 829 772 648 552 530 503 515 549 627 776 871 952 1142 1209 1389 1368 1538 1460 1477 1496 
854 990 1075 1244 1298 1419 1443 1540 1493 1499 1391 1281 1165 988 899 723 642 581 534 520 541 583 642 759 835 1038 1117 1205 1391 1458 1510 1525 1526 1418 
874 971 1128 1231 1346 1438 1467 1429 1440 1480 1360 1306 1170 1047 836 771 644 580 494 475 534 584 659 742 833 1033 1148 1288 1402 1434 1421 1510 1499 1503 
896 1016 1101 1241 1308 1404 1533 1569 1451 1365 1383 1204 1102 1035 868 783 637 569 508 497 526 581 636 727 830 1040 1173 1245 1404 1449 1547 1489 1534 1449 
