20 2 20
15 10
1700 96 85 77 75 77 85 96 112 130 149 169 187 203 214 222 225 222 214 203 187 
100000 6464 5669 5170 5000 5170 5669 6464 7499 8705 9999 11294 12499 13535 14330 14829 15000 14829 14330 13535 12500 
1353 1433 1482 1499 1482 1433 1353 1250 1129 1000 870 750 646 566 517 
540 447 556 584 668 
470 585 577 588 605 
571 424 485 741 650 
599 463 665 575 856 
439 584 550 588 864 
561 557 640 565 605 
550 504 557 632 608 
424 473 669 643 854 
546 419 504 540 754 
502 457 459 610 891 
