20 3 20
11 5
850 96 85 77 75 77 85 96 112 130 149 169 187 203 214 222 225 222 214 203 187 
850 129 113 103 100 103 113 129 149 174 199 225 249 270 286 296 300 296 286 270 250 
100000 6464 5669 5170 5000 5170 5669 6464 7499 8705 9999 11294 12499 13535 14330 14829 15000 14829 14330 13535 12500 
1353 1433 1482 1499 1482 1433 1353 1250 1129 1000 870 
602 949 904 279 620 714 401 941 974 
977 966 518 743 314 225 498 366 615 
301 1008 556 628 440 311 242 721 411 
605 399 269 250 773 511 269 296 1013 
788 733 329 622 246 430 430 794 906 
