10 11 20
8 50
170 130 112 96 85 77 75 77 85 96 112 
170 174 150 129 113 103 100 103 113 129 149 
170 217 187 161 141 129 125 129 141 161 187 
170 261 225 193 170 155 150 155 170 193 224 
170 304 262 226 198 180 175 180 198 226 262 
170 348 300 258 226 206 200 206 226 258 299 
170 391 337 290 255 232 225 232 255 290 337 
170 435 375 323 283 258 250 258 283 323 374 
170 478 412 355 311 284 275 284 311 355 412 
170 522 450 387 340 310 300 310 340 387 449 
100000 8705 7500 6464 5669 5170 5000 5170 5669 6464 7499 
1129 1249 1353 1433 1482 1499 1482 1433 
1420 1235 
1292 1239 
1305 1213 
1357 1298 
1410 1281 
1306 1266 
1356 1221 
1296 1197 
1364 1276 
1344 1231 
1374 1199 
1371 1218 
1386 1283 
1290 1204 
1406 1260 
1369 1286 
1308 1282 
1416 1226 
1307 1227 
1317 1206 
1330 1291 
1323 1250 
1325 1248 
1393 1291 
1345 1212 
1359 1198 
1397 1264 
1346 1214 
1410 1302 
1394 1246 
1294 1215 
1319 1227 
1308 1239 
1394 1218 
1369 1227 
1370 1235 
1391 1305 
1380 1216 
1320 1288 
1318 1233 
1297 1304 
1288 1240 
1308 1278 
1312 1224 
1297 1205 
1303 1281 
1361 1238 
1368 1247 
1389 1285 
1416 1282 
