10 11 20
4 10
170 130 112 96 85 77 75 77 85 96 112 
170 174 150 129 113 103 100 103 113 129 149 
170 217 187 161 141 129 125 129 141 161 187 
170 261 225 193 170 155 150 155 170 193 224 
170 304 262 226 198 180 175 180 198 226 262 
170 348 300 258 226 206 200 206 226 258 299 
170 391 337 290 255 232 225 232 255 290 337 
170 435 375 323 283 258 250 258 283 323 374 
170 478 412 355 311 284 275 284 311 355 412 
170 522 450 387 340 310 300 310 340 387 449 
100000 8705 7500 6464 5669 5170 5000 5170 5669 6464 7499 
1129 1249 1353 1433 
1109 2318 949 1931 1218 1583 
1707 2063 2321 1602 772 1306 
2105 928 1637 653 1376 1200 
1224 1542 2017 1047 1305 1876 
1135 2385 1961 1021 1843 765 
1342 2377 1778 867 1352 636 
1974 1089 2062 1378 1928 1367 
2026 1125 1872 753 1299 1639 
1352 1047 1367 666 1763 809 
678 2167 2363 1334 1089 1011 
