20 3 20
11 50
850 130 112 96 85 77 75 77 85 96 112 130 149 169 187 203 214 222 225 222 214 
850 174 150 129 113 103 100 103 113 129 149 174 199 225 249 270 286 296 300 296 286 
100000 8705 7500 6464 5669 5170 5000 5170 5669 6464 7499 8705 9999 11294 12499 13535 14330 14829 15000 14829 14330 
1129 1249 1353 1433 1482 1499 1482 1433 1353 1250 1129 
959 872 716 650 582 497 512 518 581 
958 853 714 643 580 517 509 499 590 
986 888 743 619 560 494 480 524 581 
1007 845 786 615 546 537 500 529 549 
952 869 778 668 578 536 494 522 592 
1016 887 727 674 558 517 502 504 584 
1032 842 741 625 560 499 507 496 566 
957 858 785 647 588 495 499 537 547 
1011 908 719 667 587 494 483 526 547 
982 867 761 626 582 502 498 540 559 
989 873 713 649 569 518 501 520 553 
1022 857 765 662 560 511 491 496 563 
1032 896 715 650 558 491 498 494 584 
1036 881 753 660 554 507 516 525 539 
1040 834 744 676 572 528 508 509 572 
1036 906 722 666 593 539 493 525 572 
1049 884 749 657 550 521 490 511 568 
960 862 787 642 581 517 508 491 539 
1028 885 738 628 583 502 476 521 558 
1030 893 773 652 586 520 507 501 549 
1043 829 767 633 551 495 507 536 574 
1014 871 751 630 573 537 486 500 578 
1042 861 754 677 568 501 491 533 571 
1027 870 743 676 550 491 517 522 590 
1008 875 767 622 538 498 489 505 541 
1026 885 778 641 582 533 512 505 579 
1043 848 721 653 574 499 484 517 590 
965 907 740 668 551 512 524 495 553 
1028 850 747 671 554 519 504 542 584 
950 870 782 674 555 533 518 497 541 
1044 838 713 652 589 505 507 513 572 
1009 862 781 667 573 526 510 534 575 
1032 840 773 660 568 520 485 541 553 
979 843 773 664 572 539 482 506 559 
991 887 756 645 549 526 489 540 584 
987 902 762 642 550 516 519 504 545 
974 846 744 626 592 511 512 528 593 
976 850 716 637 577 530 492 525 574 
974 873 769 669 573 522 523 491 568 
1004 834 718 651 541 495 491 533 556 
1015 857 782 616 543 526 515 541 565 
996 908 715 629 566 517 499 512 562 
1002 840 721 621 571 542 492 503 543 
971 883 773 632 559 491 478 536 543 
1045 833 758 641 588 527 505 511 545 
982 830 734 672 571 519 513 536 541 
979 845 713 672 586 501 475 504 593 
1022 878 747 644 594 538 487 491 552 
1029 873 728 673 575 540 476 541 583 
981 863 714 631 561 520 487 531 581 
