20 11 20
15 50
170 150 130 112 96 85 77 75 77 85 96 112 130 149 169 187 203 214 222 225 222 
170 200 174 150 129 113 103 100 103 113 129 149 174 199 225 249 270 286 296 300 296 
170 250 217 187 161 141 129 125 129 141 161 187 217 249 282 312 338 358 370 375 370 
170 300 261 225 193 170 155 150 155 170 193 224 261 299 338 374 406 429 444 450 444 
170 350 304 262 226 198 180 175 180 198 226 262 304 349 395 437 473 501 519 525 519 
170 400 348 300 258 226 206 200 206 226 258 299 348 399 451 499 541 573 593 600 593 
170 450 391 337 290 255 232 225 232 255 290 337 391 449 508 562 609 644 667 675 667 
170 500 435 375 323 283 258 250 258 283 323 374 435 499 564 624 676 716 741 750 741 
170 550 478 412 355 311 284 275 284 311 355 412 478 549 621 687 744 788 815 825 815 
170 600 522 450 387 340 310 300 310 340 387 449 522 599 677 749 812 859 889 900 889 
100000 10000 8705 7500 6464 5669 5170 5000 5170 5669 6464 7499 8705 9999 11294 12499 13535 14330 14829 15000 14829 
1000 1129 1249 1353 1433 1482 1499 1482 1433 1353 1250 1129 1000 870 750 
627 577 534 508 519 
635 583 506 509 516 
632 573 512 495 516 
661 594 522 483 491 
664 546 491 481 510 
625 574 525 477 500 
678 588 538 505 494 
660 555 515 479 523 
656 571 529 488 531 
666 550 532 491 501 
653 577 528 493 540 
668 556 536 503 537 
655 543 527 499 497 
624 541 516 512 532 
665 583 495 490 495 
665 546 514 491 496 
653 592 521 510 540 
678 543 537 505 513 
625 565 499 489 495 
639 565 496 489 507 
658 583 507 489 506 
647 572 542 515 503 
677 539 519 500 541 
620 539 494 524 503 
622 594 527 496 503 
662 591 539 512 537 
619 594 515 479 512 
648 577 528 497 499 
656 553 524 516 539 
625 568 513 478 535 
653 584 534 498 501 
632 541 527 496 511 
665 581 522 513 493 
650 549 541 512 501 
654 540 499 515 498 
667 577 492 516 526 
670 587 503 500 529 
644 572 494 492 518 
616 541 519 504 534 
640 594 507 481 541 
620 588 542 518 512 
640 575 504 514 533 
633 556 531 513 515 
628 539 508 507 500 
647 590 523 482 494 
616 576 496 495 526 
678 589 512 498 502 
635 541 534 507 509 
634 542 502 488 528 
648 557 530 518 495 
