20 3 20
11 100
850 77 85 96 112 130 149 169 187 203 214 222 225 222 214 203 187 169 150 130 112 
850 103 113 129 149 174 199 225 249 270 286 296 300 296 286 270 250 225 200 174 150 
100000 5170 5669 6464 7499 8705 9999 11294 12499 13535 14330 14829 15000 14829 14330 13535 12500 11294 10000 8705 7500 
1482 1433 1353 1250 1129 1000 870 750 646 566 517 
510 532 564 625 724 869 1049 1133 1243 
489 536 574 659 733 852 981 1158 1240 
491 526 562 632 777 834 1007 1076 1221 
523 506 569 626 737 874 1019 1105 1257 
497 530 549 623 786 906 1018 1112 1300 
508 501 550 658 756 900 1028 1123 1270 
515 506 574 675 755 911 972 1176 1267 
478 519 585 630 726 847 1039 1173 1210 
494 508 586 661 768 839 1035 1182 1265 
515 537 551 650 750 851 978 1125 1225 
484 499 545 662 755 900 1041 1113 1263 
522 519 567 673 779 891 958 1126 1222 
501 521 554 633 732 893 961 1166 1191 
512 501 591 623 764 834 995 1075 1280 
505 518 584 647 739 881 1041 1164 1231 
517 494 585 637 736 912 1000 1154 1213 
488 504 589 631 756 905 1027 1126 1271 
515 538 572 639 726 881 982 1116 1268 
486 531 555 656 747 909 986 1108 1192 
476 507 539 654 719 848 969 1105 1195 
497 496 559 647 716 864 955 1095 1212 
524 525 583 660 727 885 1035 1086 1243 
512 515 573 638 767 864 974 1161 1271 
508 531 570 621 754 853 955 1139 1309 
486 514 573 658 776 881 950 1163 1301 
509 533 546 635 727 907 950 1158 1303 
496 511 590 621 769 913 994 1119 1295 
523 505 542 630 722 837 1035 1121 1233 
487 500 548 653 786 893 1004 1155 1223 
501 538 567 658 713 896 1013 1178 1298 
475 515 580 674 771 854 1049 1078 1241 
505 524 578 614 739 890 984 1173 1284 
522 497 565 654 776 879 1039 1102 1226 
511 502 577 640 754 891 1037 1094 1236 
516 517 569 646 739 859 1013 1091 1266 
506 498 559 619 730 896 1007 1172 1264 
491 504 550 672 746 852 1034 1180 1299 
485 517 554 629 722 886 977 1126 1249 
501 528 591 645 732 828 1027 1086 1304 
488 515 541 667 739 873 1033 1126 1240 
521 492 566 657 744 870 958 1089 1228 
506 528 549 666 767 883 979 1112 1190 
506 499 560 617 772 867 1038 1131 1193 
493 527 558 645 722 873 979 1153 1304 
499 525 564 629 776 863 956 1148 1193 
498 523 544 655 729 835 1008 1098 1216 
489 531 591 620 714 910 1005 1113 1221 
509 491 573 665 762 833 1006 1167 1272 
484 498 568 677 722 879 1009 1127 1255 
506 534 574 677 733 847 1003 1123 1306 
521 508 555 616 718 837 957 1137 1276 
507 522 575 655 783 885 1003 1149 1216 
500 520 590 621 769 902 1018 1128 1289 
498 524 558 632 741 886 1000 1139 1204 
494 530 563 668 727 867 1048 1179 1254 
518 522 562 663 740 832 995 1092 1189 
524 525 551 627 741 878 1028 1097 1212 
513 538 559 650 713 901 982 1156 1211 
508 522 572 618 739 877 976 1153 1284 
485 499 589 623 754 900 1034 1155 1269 
515 495 546 644 786 875 1045 1144 1289 
506 511 586 653 749 851 985 1102 1220 
485 522 589 643 743 857 1015 1088 1295 
498 540 556 628 754 881 1048 1115 1285 
492 507 587 668 744 873 964 1153 1270 
510 537 587 634 737 861 1026 1155 1277 
480 506 585 615 753 894 1038 1083 1240 
499 538 589 641 724 913 1021 1123 1240 
520 534 562 655 745 903 960 1087 1252 
509 512 553 674 768 828 988 1124 1311 
506 537 550 631 770 901 966 1074 1240 
524 521 566 626 758 853 977 1164 1276 
499 499 550 677 722 856 952 1145 1269 
514 540 581 665 716 897 1008 1120 1193 
497 538 560 624 764 908 1028 1128 1225 
500 494 549 618 738 854 1031 1100 1198 
518 536 548 663 713 852 1004 1124 1253 
517 540 590 615 765 856 1027 1073 1275 
516 495 547 656 768 830 964 1126 1212 
489 510 547 674 786 908 999 1077 1293 
480 527 542 635 776 877 969 1108 1246 
507 492 559 676 761 878 1031 1106 1188 
482 541 592 656 744 883 962 1142 1282 
476 540 593 615 747 913 1009 1132 1195 
495 494 585 651 726 855 1033 1126 1267 
503 491 587 662 763 906 1046 1112 1293 
483 537 593 660 778 864 955 1152 1279 
500 527 575 657 728 855 1018 1118 1287 
502 507 585 661 779 884 978 1106 1187 
519 497 564 660 767 834 1027 1103 1197 
486 503 586 655 713 849 969 1146 1307 
483 499 564 658 746 909 979 1154 1266 
477 525 588 650 754 909 1009 1157 1296 
505 493 564 639 744 860 985 1116 1233 
519 506 565 641 754 842 950 1182 1271 
492 527 538 616 747 905 1045 1122 1238 
517 504 586 615 718 858 965 1119 1268 
501 527 568 626 715 884 1004 1125 1306 
492 505 558 640 752 881 959 1107 1305 
495 528 566 668 783 854 981 1090 1220 
