5 11 20
3 50
170 77 85 96 112 130 
170 103 113 129 149 174 
170 129 141 161 187 217 
170 155 170 193 224 261 
170 180 198 226 262 304 
170 206 226 258 299 348 
170 232 255 290 337 391 
170 258 283 323 374 435 
170 284 311 355 412 478 
170 310 340 387 449 522 
100000 5170 5669 6464 7499 8705 
1482 1433 1353 
1781 750 
829 1383 
673 672 
571 1452 
1799 1375 
1598 863 
932 639 
1949 1094 
648 1679 
1337 1198 
1590 743 
1636 1043 
1998 1089 
809 675 
1157 1438 
1030 487 
1642 1240 
1526 804 
1506 673 
1397 1519 
1299 1090 
937 1738 
571 1476 
1214 1421 
1222 690 
931 915 
1372 1057 
829 1723 
1621 1389 
1151 1691 
1342 761 
930 1506 
905 1125 
1121 795 
968 1611 
831 699 
1223 1073 
685 699 
1747 1722 
1065 1175 
1832 596 
1762 794 
956 998 
1294 1581 
1266 845 
906 1288 
1229 910 
1027 805 
827 723 
1185 825 
