10 2 20
4 50
1700 75 77 85 96 112 130 149 169 187 203 
100000 5000 5170 5669 6464 7499 8705 9999 11294 12499 13535 
1499 1482 1433 1353 
1244 1130 951 861 750 625 
1236 1153 986 864 726 656 
1284 1172 999 864 713 648 
1239 1099 1006 838 752 618 
1260 1089 967 862 778 628 
1279 1137 987 834 776 650 
1287 1076 1040 831 748 660 
1250 1076 958 859 753 636 
1217 1123 993 842 757 649 
1308 1168 1017 878 765 617 
1269 1122 963 894 768 648 
1245 1100 968 905 749 664 
1243 1108 970 850 775 648 
1269 1179 1038 885 774 626 
1303 1162 1040 840 720 633 
1273 1153 975 879 761 668 
1297 1140 986 880 771 626 
1272 1087 985 892 748 647 
1219 1119 987 851 752 629 
1215 1088 1012 855 765 654 
1272 1137 1041 893 739 634 
1213 1157 1009 881 733 630 
1270 1120 1018 840 767 623 
1278 1110 1004 842 786 631 
1213 1159 996 848 770 659 
1246 1158 1018 854 743 669 
1271 1102 994 854 725 649 
1207 1078 1038 842 747 665 
1263 1094 1009 874 777 619 
1251 1146 992 871 756 620 
1235 1137 1049 904 777 617 
1240 1078 1034 849 767 628 
1229 1172 967 848 747 624 
1272 1160 996 844 782 637 
1231 1124 1014 828 723 633 
1300 1141 998 885 773 626 
1242 1170 990 888 749 626 
1205 1183 980 893 766 642 
1234 1091 1021 888 731 617 
1286 1113 960 892 775 666 
1292 1131 1038 829 714 669 
1205 1149 960 866 714 650 
1211 1078 997 908 769 672 
1235 1135 1009 832 762 616 
1235 1101 996 861 728 646 
1218 1107 990 845 731 676 
1307 1076 1047 847 787 620 
1211 1147 1001 905 730 633 
1292 1140 950 902 715 667 
1231 1079 1025 902 746 661 
