20 2 20
11 50
1700 96 85 77 75 77 85 96 112 130 149 169 187 203 214 222 225 222 214 203 187 
100000 6464 5669 5170 5000 5170 5669 6464 7499 8705 9999 11294 12499 13535 14330 14829 15000 14829 14330 13535 12500 
1353 1433 1482 1499 1482 1433 1353 1250 1129 1000 870 
878 549 561 507 473 585 460 639 638 
745 555 532 527 584 450 654 543 775 
835 678 480 440 499 416 591 753 781 
787 531 558 436 433 554 575 762 813 
650 738 493 611 458 426 547 727 729 
628 566 518 501 490 499 644 710 767 
824 573 564 563 408 616 468 741 778 
801 558 575 493 573 594 541 547 618 
758 679 488 541 416 541 492 711 805 
640 699 625 466 490 474 552 681 842 
740 518 506 481 459 485 595 536 811 
885 553 502 464 475 581 678 688 778 
824 651 629 423 464 426 478 713 664 
852 727 537 558 591 460 541 575 782 
804 665 611 426 578 561 558 671 763 
815 637 665 484 460 517 521 584 649 
636 683 492 612 409 456 587 758 801 
884 714 577 525 588 577 667 599 716 
615 678 495 466 516 435 488 573 805 
602 590 663 511 461 456 508 655 656 
604 651 565 469 578 520 594 675 761 
609 588 517 578 581 489 650 643 716 
758 722 655 528 455 560 648 732 855 
872 531 498 606 598 460 499 771 820 
612 610 550 505 481 423 538 677 832 
731 547 534 497 530 442 508 522 792 
838 548 643 605 486 539 560 729 658 
790 680 487 439 580 443 490 753 781 
653 679 660 457 446 574 608 701 843 
656 719 484 465 426 416 605 694 774 
854 587 593 492 447 434 459 706 769 
769 665 581 599 477 566 653 599 759 
751 694 572 472 483 535 543 615 785 
798 724 567 559 528 478 677 774 639 
624 543 464 575 510 565 461 563 687 
840 727 540 540 454 467 655 571 639 
836 757 572 433 500 582 480 643 611 
724 686 463 506 455 586 465 563 782 
876 683 587 534 420 532 673 565 722 
703 652 474 494 407 480 622 597 787 
791 560 457 459 535 554 515 769 651 
602 697 476 567 594 436 622 681 698 
731 555 593 578 582 595 601 763 846 
750 587 461 512 505 433 510 684 898 
737 696 492 519 538 511 673 542 874 
638 555 612 604 587 514 610 519 659 
877 574 532 436 468 567 619 591 705 
772 592 581 465 568 425 491 764 784 
866 720 462 544 540 573 601 621 758 
866 657 473 465 569 587 667 688 651 
