20 11 20
11 50
170 96 112 130 149 169 187 203 214 222 225 222 214 203 187 169 150 130 112 96 85 
170 129 149 174 199 225 249 270 286 296 300 296 286 270 250 225 200 174 150 129 113 
170 161 187 217 249 282 312 338 358 370 375 370 358 338 312 282 250 217 187 161 141 
170 193 224 261 299 338 374 406 429 444 450 444 429 406 375 338 300 261 225 193 170 
170 226 262 304 349 395 437 473 501 519 525 519 501 473 437 395 350 304 262 226 198 
170 258 299 348 399 451 499 541 573 593 600 593 573 541 500 451 400 348 300 258 226 
170 290 337 391 449 508 562 609 644 667 675 667 644 609 562 508 450 391 337 290 255 
170 323 374 435 499 564 624 676 716 741 750 741 716 676 625 564 500 435 375 323 283 
170 355 412 478 549 621 687 744 788 815 825 815 788 744 687 621 550 478 412 355 311 
170 387 449 522 599 677 749 812 859 889 900 889 859 812 750 677 600 522 450 387 340 
100000 6464 7499 8705 9999 11294 12499 13535 14330 14829 15000 14829 14330 13535 12500 11294 10000 8705 7500 6464 5669 
1353 1250 1129 1000 870 750 646 566 517 500 517 
559 630 760 893 1020 1085 1307 1343 1504 
589 635 717 891 1001 1098 1237 1305 1503 
541 621 763 887 1045 1130 1276 1317 1429 
559 629 724 900 1046 1090 1193 1289 1453 
539 618 748 883 1026 1147 1256 1384 1431 
554 637 728 862 955 1132 1307 1346 1386 
546 618 751 896 1005 1141 1273 1349 1420 
553 652 766 854 971 1088 1290 1391 1384 
591 646 769 888 986 1116 1227 1297 1489 
546 669 748 865 963 1120 1288 1340 1398 
569 634 728 841 951 1170 1301 1324 1387 
546 669 776 839 1030 1151 1257 1326 1465 
593 665 781 854 1001 1102 1284 1315 1482 
582 672 726 891 974 1108 1258 1327 1429 
582 624 766 892 992 1163 1282 1300 1427 
575 652 782 881 972 1154 1309 1362 1417 
569 638 721 862 1017 1164 1218 1405 1397 
558 670 724 857 955 1117 1281 1411 1369 
591 634 734 827 972 1183 1255 1380 1396 
558 672 773 852 952 1137 1239 1399 1361 
584 637 770 895 950 1084 1223 1368 1437 
542 626 747 898 963 1148 1247 1387 1424 
568 633 769 905 1030 1185 1269 1381 1460 
547 649 735 908 1018 1177 1197 1330 1364 
561 618 767 840 1040 1085 1194 1334 1363 
588 660 776 848 1027 1076 1230 1398 1440 
539 662 782 870 1046 1178 1282 1411 1436 
587 653 715 862 1041 1094 1275 1348 1469 
558 632 749 886 997 1088 1215 1378 1471 
585 615 715 886 1012 1149 1301 1359 1433 
590 661 776 837 1032 1147 1217 1396 1371 
539 645 750 901 956 1140 1205 1366 1493 
566 663 746 910 963 1173 1229 1360 1444 
542 659 752 839 1002 1175 1205 1393 1459 
547 672 716 864 1047 1083 1274 1405 1410 
566 628 765 830 1027 1157 1255 1390 1412 
595 661 746 849 962 1162 1200 1333 1393 
584 674 785 906 992 1172 1204 1306 1416 
560 623 759 848 998 1088 1270 1346 1376 
547 627 731 879 981 1170 1262 1342 1470 
555 659 785 900 963 1081 1258 1320 1485 
543 647 761 866 1014 1087 1234 1340 1499 
590 667 724 858 1016 1095 1216 1368 1433 
592 620 726 902 1038 1113 1266 1350 1389 
542 648 786 847 1017 1117 1267 1344 1464 
575 656 727 869 988 1116 1203 1398 1481 
549 632 748 856 959 1086 1296 1373 1368 
575 677 743 906 981 1076 1292 1411 1413 
577 616 783 844 1008 1106 1188 1324 1462 
583 659 733 882 1030 1153 1307 1419 1378 
