10 11 20
8 50
170 130 149 169 187 203 214 222 225 222 214 
170 174 199 225 249 270 286 296 300 296 286 
170 217 249 282 312 338 358 370 375 370 358 
170 261 299 338 374 406 429 444 450 444 429 
170 304 349 395 437 473 501 519 525 519 501 
170 348 399 451 499 541 573 593 600 593 573 
170 391 449 508 562 609 644 667 675 667 644 
170 435 499 564 624 676 716 741 750 741 716 
170 478 549 621 687 744 788 815 825 815 788 
170 522 599 677 749 812 859 889 900 889 859 
100000 8705 9999 11294 12499 13535 14330 14829 15000 14829 14330 
1129 1000 870 750 646 566 517 500 
433 469 
505 511 
614 455 
608 615 
434 478 
451 536 
432 489 
507 651 
587 511 
531 672 
462 472 
608 576 
547 640 
554 629 
520 618 
579 653 
608 625 
437 631 
529 526 
609 540 
535 574 
455 606 
483 676 
610 549 
438 564 
428 586 
578 625 
426 510 
591 568 
541 515 
500 666 
429 526 
594 468 
475 595 
547 648 
437 455 
589 607 
593 585 
447 674 
466 610 
584 610 
603 545 
426 541 
419 506 
575 564 
483 527 
599 614 
587 637 
439 460 
548 583 
