5 6 20
3 100
340 85 96 112 130 149 
340 113 129 149 174 199 
340 141 161 187 217 249 
340 170 193 224 261 299 
340 198 226 262 304 349 
100000 5669 6464 7499 8705 9999 
1433 1353 1250 
1663 788 
1423 1437 
1560 557 
568 1351 
1387 702 
969 771 
1516 951 
1799 1145 
1615 1434 
1786 1450 
1756 780 
753 1164 
975 1001 
1199 712 
1702 1572 
1756 684 
710 519 
785 548 
765 534 
567 570 
571 723 
528 441 
1267 799 
1154 744 
628 744 
1599 754 
1016 1131 
1791 1096 
886 1542 
1535 1170 
1312 1076 
646 1051 
1405 774 
743 1384 
541 1162 
519 1381 
1578 727 
1406 436 
485 551 
535 1069 
1265 492 
1454 706 
936 544 
541 1223 
1087 1188 
1254 948 
1595 728 
599 443 
513 1446 
1320 1182 
1775 978 
973 830 
527 1126 
526 1435 
599 912 
1283 656 
1371 1301 
1605 1525 
1790 1589 
1512 1272 
809 481 
900 704 
1335 1063 
816 675 
1025 1489 
1651 743 
1417 584 
909 1326 
1117 1388 
695 479 
454 1047 
463 1004 
950 458 
1421 993 
1269 497 
867 1531 
1446 1422 
1480 1060 
795 1080 
1645 529 
1315 1323 
1334 829 
612 1443 
1806 1037 
1078 1249 
1122 569 
1734 985 
1703 574 
814 1513 
735 454 
1259 1563 
1336 453 
1127 1476 
1757 1401 
1722 638 
509 546 
562 427 
1792 966 
629 1080 
866 1098 
