5 11 20
2 50
170 130 149 169 187 203 
170 174 199 225 249 270 
170 217 249 282 312 338 
170 261 299 338 374 406 
170 304 349 395 437 473 
170 348 399 451 499 541 
170 391 449 508 562 609 
170 435 499 564 624 676 
170 478 549 621 687 744 
170 522 599 677 749 812 
100000 8705 9999 11294 12499 13535 
1129 1000 
833 767 667 
891 766 619 
841 770 661 
896 749 622 
837 763 636 
907 781 617 
832 778 633 
891 755 624 
833 786 662 
834 740 658 
866 784 677 
905 772 667 
909 731 615 
855 717 677 
829 728 669 
853 738 622 
876 778 640 
901 776 615 
908 768 655 
870 741 659 
911 744 620 
835 722 632 
845 734 675 
859 718 615 
874 777 616 
852 748 665 
848 717 651 
912 779 644 
849 743 673 
883 767 673 
887 719 676 
897 730 652 
886 729 668 
875 727 669 
906 785 655 
900 713 649 
837 749 661 
869 745 653 
874 746 619 
911 715 615 
885 718 672 
848 722 636 
830 766 645 
903 782 656 
857 744 616 
860 749 625 
910 772 620 
838 745 629 
860 775 667 
838 719 622 
