5 6 20
3 100
340 77 85 96 112 130 
340 103 113 129 149 174 
340 129 141 161 187 217 
340 155 170 193 224 261 
340 180 198 226 262 304 
100000 5170 5669 6464 7499 8705 
1482 1433 1353 
1046 1016 
1447 1085 
1339 1166 
1371 1322 
1034 1348 
1208 1111 
1100 1002 
1201 1231 
1425 1164 
1219 984 
1067 1255 
1341 1304 
1368 1189 
1306 996 
1372 1320 
1122 1119 
1207 1120 
1390 1125 
1356 1325 
1132 1297 
1495 930 
1176 976 
1308 1025 
1385 1262 
1459 969 
1289 1220 
1145 1132 
1412 1227 
1393 1352 
1336 1160 
1028 1188 
1306 1187 
1491 1045 
1418 969 
1412 1234 
1191 994 
1124 1199 
1068 941 
1037 935 
1137 1043 
1041 970 
1135 910 
1358 1124 
1010 1323 
1023 1186 
1104 1195 
1407 1014 
1255 1095 
1462 957 
1347 1003 
1099 984 
1127 989 
1385 1233 
1320 1065 
1469 1027 
1347 1215 
1413 1299 
1191 1027 
1352 1173 
1206 1286 
1154 1314 
1414 1066 
1496 1175 
1100 1278 
1041 956 
1228 977 
1120 1270 
1004 995 
1105 944 
1103 1222 
1395 1303 
1386 1107 
1176 1115 
1124 1004 
1383 921 
1056 1302 
1039 934 
1304 1009 
1391 1295 
1454 1315 
1011 1068 
1344 910 
1284 1137 
1369 1220 
1466 1074 
1324 1104 
1217 1016 
1111 995 
1293 1315 
1335 995 
1317 1073 
1102 1149 
1293 980 
1048 1073 
1298 1158 
1416 1275 
1011 1250 
1216 1092 
1013 1139 
1257 1012 
