50 6 20
16 10
340 96 85 77 75 77 85 96 112 130 149 169 187 203 214 222 225 222 214 203 187 169 150 130 112 96 85 77 75 77 85 96 112 130 149 169 187 203 214 222 225 222 214 203 187 169 150 130 112 96 85 
340 129 113 103 100 103 113 129 149 174 199 225 249 270 286 296 300 296 286 270 250 225 200 174 150 129 113 103 100 103 113 129 149 174 199 225 249 270 286 296 300 296 286 270 250 225 200 174 150 129 113 
340 161 141 129 125 129 141 161 187 217 249 282 312 338 358 370 375 370 358 338 312 282 250 217 187 161 141 129 125 129 141 161 187 217 249 282 312 338 358 370 375 370 358 338 312 282 250 217 187 161 141 
340 193 170 155 150 155 170 193 224 261 299 338 374 406 429 444 450 444 429 406 375 338 300 261 225 193 170 155 150 155 170 193 224 261 299 338 374 406 429 444 450 444 429 406 375 338 300 261 225 193 170 
340 226 198 180 175 180 198 226 262 304 349 395 437 473 501 519 525 519 501 473 437 395 350 304 262 226 198 180 175 180 198 226 262 304 349 395 437 473 501 519 525 519 501 473 437 395 350 304 262 226 198 
100000 6464 5669 5170 5000 5170 5669 6464 7499 8705 9999 11294 12499 13535 14330 14829 15000 14829 14330 13535 12500 11294 10000 8705 7500 6464 5669 5170 5000 5170 5669 6464 7499 8705 9999 11294 12499 13535 14330 14829 15000 14829 14330 13535 12500 11294 10000 8705 7500 6464 5669 
1353 1433 1482 1499 1482 1433 1353 1250 1129 1000 870 750 646 566 517 500 
575 650 645 793 863 1015 1342 1231 1216 1580 1329 1443 1526 1190 1139 1115 1006 1026 939 897 565 550 524 455 569 453 610 614 1033 1157 1200 1244 1584 1391 
443 648 531 646 741 1134 1352 1317 1106 1322 1251 1328 1773 1172 1249 1498 1213 914 761 827 676 603 441 599 567 548 647 856 908 989 1071 1064 1202 1250 
430 467 644 703 730 872 1193 1208 1218 1643 1392 1422 1213 1649 1118 1093 918 1020 790 735 753 660 420 405 499 542 708 668 895 943 1053 1280 1341 1290 
589 539 550 728 936 1005 1087 1273 1297 1325 1707 1582 1364 1178 1292 1296 1305 889 746 699 580 584 486 461 491 573 763 777 973 1114 1189 1151 1189 1533 
543 566 663 665 857 944 1161 1157 1201 1604 1523 1262 1405 1296 1130 1439 1288 1169 738 784 627 454 426 499 601 544 686 744 836 957 1249 1157 1139 1498 
489 679 715 601 877 869 1103 1490 1498 1364 1526 1517 1600 1530 1101 1227 953 1010 775 744 661 587 578 488 551 482 547 687 1042 1087 922 1042 1569 1239 
442 628 548 605 1008 1156 1138 1392 1114 1697 1644 1315 1573 1593 1291 1273 1266 929 991 785 764 563 476 407 531 535 657 796 1005 927 1220 1434 1550 1462 
508 528 748 700 751 821 1065 1359 1397 1366 1565 1714 1683 1576 1450 1360 961 1092 933 711 716 538 419 511 474 507 531 843 703 844 1220 1410 1543 1677 
563 501 708 832 860 1021 1180 1265 1568 1565 1233 1233 1688 1401 1527 1210 1011 819 1035 643 574 551 485 583 606 490 731 820 1001 1062 1272 1490 1425 1441 
421 538 739 844 897 902 1036 1270 1319 1277 1640 1721 1519 1447 1552 1279 1153 880 820 638 521 565 593 410 581 549 538 816 733 1198 1285 1163 1380 1214 
