20 6 20
7 50
340 96 112 130 149 169 187 203 214 222 225 222 214 203 187 169 150 130 112 96 85 
340 129 149 174 199 225 249 270 286 296 300 296 286 270 250 225 200 174 150 129 113 
340 161 187 217 249 282 312 338 358 370 375 370 358 338 312 282 250 217 187 161 141 
340 193 224 261 299 338 374 406 429 444 450 444 429 406 375 338 300 261 225 193 170 
340 226 262 304 349 395 437 473 501 519 525 519 501 473 437 395 350 304 262 226 198 
100000 6464 7499 8705 9999 11294 12499 13535 14330 14829 15000 14829 14330 13535 12500 11294 10000 8705 7500 6464 5669 
1353 1250 1129 1000 870 750 646 
355 563 552 378 786 624 984 737 473 531 1183 1929 796 
673 333 272 424 402 767 1085 540 736 1348 1579 1838 1815 
366 377 294 699 827 722 360 997 573 878 776 753 652 
415 467 612 634 286 829 835 454 815 1514 568 1775 2214 
475 590 486 408 349 964 1093 1221 1392 997 768 1168 1490 
334 493 424 562 517 447 1171 1241 1337 1059 1977 1561 2016 
629 362 682 336 462 852 1046 1091 677 1149 1423 1360 1653 
427 488 308 737 476 582 701 880 759 734 1194 1844 2032 
843 496 260 328 640 827 657 785 891 1116 1897 1367 1800 
834 621 682 403 647 926 446 620 646 1036 1599 1993 1800 
463 612 289 706 746 677 713 1228 525 572 981 684 2008 
668 794 563 284 299 1033 1171 480 1505 1592 1001 684 1717 
441 220 212 762 553 382 420 1098 759 1121 1647 1978 1849 
888 216 650 366 351 890 1166 461 685 1303 800 1375 932 
594 714 253 640 845 840 777 1023 794 1107 553 2087 773 
563 459 220 229 866 512 1101 852 1583 1471 1651 1903 1605 
854 229 343 300 856 534 693 1041 762 1445 529 671 1710 
607 614 407 682 379 755 931 415 882 996 1976 750 1603 
394 405 789 243 230 272 992 996 1416 500 1623 1545 2187 
801 250 453 336 253 497 941 1287 1060 751 621 770 1910 
707 232 367 526 504 312 429 1387 1562 1460 511 1991 1205 
621 477 592 418 685 846 1170 686 1266 938 1597 2022 1484 
596 443 374 576 329 940 849 1251 1216 787 1651 936 752 
887 563 786 286 308 865 726 437 1026 1673 1509 872 2044 
456 553 468 813 745 955 904 709 657 1549 942 1976 2123 
399 336 269 302 245 374 1138 884 858 784 1719 1224 1991 
884 748 486 348 347 688 958 1208 1050 878 1980 826 2223 
338 559 640 387 488 681 353 416 728 1615 953 1187 1045 
453 239 700 396 250 359 608 1041 1545 1029 765 1071 1378 
485 708 202 556 356 783 1002 639 818 1741 1540 1114 1605 
255 264 509 772 267 349 688 920 1549 652 1580 1925 1563 
610 248 691 387 670 920 353 874 426 867 855 1653 1184 
643 578 309 731 891 773 773 518 525 1361 1158 1023 656 
838 379 267 775 515 349 1170 755 917 724 847 1415 1706 
893 247 728 256 527 466 460 771 1579 1250 1873 1366 1425 
426 793 419 786 477 466 844 397 623 1000 869 1375 2261 
459 672 312 817 577 994 912 919 1348 1743 1998 732 2179 
669 484 436 523 810 667 762 1085 1298 502 1410 570 1662 
304 565 388 634 502 597 470 1121 541 514 683 1623 822 
636 446 535 826 716 396 469 1145 940 1737 1858 1818 693 
494 541 400 209 273 584 1127 1093 536 577 1290 1973 636 
788 491 664 232 577 263 374 1245 478 1373 669 1434 2025 
369 618 353 402 251 589 626 796 1005 822 554 1955 1428 
389 590 656 645 622 907 1115 628 1293 856 759 2150 1535 
395 278 724 547 252 575 447 1035 770 749 1446 979 1108 
279 405 706 441 470 629 315 1378 1568 1623 1281 1162 1168 
361 671 356 380 851 509 688 1198 410 1133 1958 1583 734 
757 715 330 529 568 474 399 1027 1437 991 1587 674 799 
714 810 210 457 439 1019 745 1184 1169 1063 1553 1160 806 
730 268 599 222 412 693 383 716 853 785 865 1596 788 
