50 2 20
36 50
1700 130 149 169 187 203 214 222 225 222 214 203 187 169 150 130 112 96 85 77 75 77 85 96 112 130 149 169 187 203 214 222 225 222 214 203 187 169 150 130 112 96 85 77 75 77 85 96 112 130 149 
100000 8705 9999 11294 12499 13535 14330 14829 15000 14829 14330 13535 12500 11294 10000 8705 7500 6464 5669 5170 5000 5170 5669 6464 7499 8705 9999 11294 12499 13535 14330 14829 15000 14829 14330 13535 12500 11294 10000 8705 7500 6464 5669 5170 5000 5170 5669 6464 7499 8705 9999 
1129 1000 870 750 646 566 517 500 517 566 646 749 870 999 1129 1249 1353 1433 1482 1499 1482 1433 1353 1250 1129 1000 870 750 646 566 517 500 517 566 646 749 
910 1150 1068 1080 1203 1421 1507 1713 1724 1591 1401 1462 1349 1179 
709 820 931 1358 1463 1364 1455 1411 1485 1382 1284 1300 1175 1192 
995 882 1213 1385 1145 1303 1635 1399 1390 1253 1220 1035 1184 916 
1001 877 1344 1039 1573 1171 1317 1240 1453 1629 1423 1061 1060 906 
723 965 983 1417 1481 1567 1274 1562 1708 1392 1217 1053 1331 1034 
862 804 1092 1393 1362 1424 1553 1244 1597 1556 1100 1192 1147 1021 
772 865 1285 1389 1591 1356 1484 1741 1526 1486 1091 1016 1096 1013 
698 1095 910 1239 1382 1363 1740 1265 1621 1658 1294 1131 982 993 
1044 1164 1354 1096 1592 1185 1753 1696 1230 1636 1168 1098 938 961 
757 857 1012 1437 1576 1332 1187 1354 1218 1275 1502 1097 1113 940 
777 1024 1062 1054 1401 1707 1522 1367 1769 1163 1546 1315 1162 943 
850 1030 1095 1189 1480 1358 1649 1703 1524 1612 1529 1455 1248 1176 
874 829 1068 1320 1386 1421 1445 1615 1332 1157 1465 1088 1354 1133 
1024 1102 1126 1228 1281 1572 1343 1397 1196 1424 1337 1450 1039 1194 
1001 808 1214 1131 1452 1646 1668 1429 1337 1217 1550 1340 1074 1022 
905 838 954 1428 1528 1207 1696 1692 1585 1283 1469 1327 1159 1043 
940 1051 968 1239 1090 1583 1216 1362 1663 1609 1570 1021 1204 877 
796 1147 1066 1102 1161 1198 1730 1243 1386 1684 1445 1108 1269 981 
820 941 969 1102 1536 1541 1695 1656 1520 1666 1240 1193 1063 876 
851 1173 1181 1490 1397 1368 1509 1606 1755 1177 1338 1024 1144 1138 
1004 1001 1334 1310 1214 1155 1623 1246 1309 1627 1581 1076 1048 1126 
721 952 1255 1216 1609 1264 1415 1423 1679 1556 1213 1389 1075 1091 
804 1176 1211 1383 1319 1510 1775 1687 1720 1617 1373 1189 955 1171 
880 1127 1151 1222 1231 1354 1481 1217 1624 1640 1482 1424 1061 1069 
952 962 1113 1348 1314 1437 1348 1791 1321 1522 1374 1476 1046 1019 
1033 1040 1275 1451 1403 1581 1770 1408 1776 1597 1566 1286 1224 1095 
1008 993 1203 1216 1234 1462 1769 1431 1360 1200 1090 1063 961 1083 
1017 1121 1334 1285 1443 1481 1525 1681 1631 1620 1530 1332 1152 980 
807 1101 1164 1262 1383 1688 1496 1498 1244 1318 1316 1034 1284 1056 
986 865 1344 1012 1183 1702 1623 1709 1475 1437 1390 1379 1063 1085 
957 854 1119 1250 1138 1347 1627 1649 1705 1429 1563 1361 1073 1133 
703 1143 1121 1341 1554 1381 1529 1761 1246 1665 1118 1472 1132 1158 
1038 1199 1116 1479 1563 1200 1501 1451 1501 1284 1266 1391 1125 1194 
1026 921 1029 1210 1450 1555 1236 1409 1479 1445 1468 1429 971 1161 
976 802 911 1309 1604 1627 1718 1763 1691 1412 1453 1018 1296 956 
768 1137 1129 1434 1137 1596 1736 1459 1220 1397 1620 1181 1033 1000 
739 925 1146 1051 1239 1596 1502 1734 1553 1547 1156 1440 1227 1105 
741 1011 1058 1431 1574 1713 1467 1312 1763 1174 1311 1164 1140 1071 
702 816 925 1347 1365 1665 1297 1491 1378 1499 1506 1132 917 833 
841 1141 918 1053 1232 1381 1275 1688 1617 1219 1326 1288 1085 929 
984 1065 979 1461 1320 1313 1661 1675 1537 1341 1482 1439 984 973 
947 1057 1016 1296 1453 1586 1667 1321 1634 1458 1331 1246 1203 801 
1021 907 1106 1089 1178 1195 1655 1504 1190 1500 1506 1412 1349 965 
888 1179 1173 1382 1359 1302 1360 1754 1545 1363 1372 1173 1090 853 
837 897 1100 1105 1571 1194 1419 1521 1467 1338 1579 1303 1326 847 
853 868 1049 1007 1465 1268 1654 1639 1508 1567 1163 1432 1156 914 
750 975 1049 1364 1133 1435 1474 1310 1659 1400 1477 1325 1214 899 
971 897 1317 1242 1343 1461 1300 1277 1187 1161 1315 1024 1094 1185 
965 918 1199 1466 1134 1698 1639 1331 1539 1607 1606 1100 1144 942 
756 850 1248 1378 1285 1309 1246 1200 1643 1161 1163 1416 1333 1036 
