50 11 20
16 5
170 77 85 96 112 130 149 169 187 203 214 222 225 222 214 203 187 169 150 130 112 96 85 77 75 77 85 96 112 130 149 169 187 203 214 222 225 222 214 203 187 169 150 130 112 96 85 77 75 77 85 
170 103 113 129 149 174 199 225 249 270 286 296 300 296 286 270 250 225 200 174 150 129 113 103 100 103 113 129 149 174 199 225 249 270 286 296 300 296 286 270 250 225 200 174 150 129 113 103 100 103 113 
170 129 141 161 187 217 249 282 312 338 358 370 375 370 358 338 312 282 250 217 187 161 141 129 125 129 141 161 187 217 249 282 312 338 358 370 375 370 358 338 312 282 250 217 187 161 141 129 125 129 141 
170 155 170 193 224 261 299 338 374 406 429 444 450 444 429 406 375 338 300 261 225 193 170 155 150 155 170 193 224 261 299 338 374 406 429 444 450 444 429 406 375 338 300 261 225 193 170 155 150 155 170 
170 180 198 226 262 304 349 395 437 473 501 519 525 519 501 473 437 395 350 304 262 226 198 180 175 180 198 226 262 304 349 395 437 473 501 519 525 519 501 473 437 395 350 304 262 226 198 180 175 180 198 
170 206 226 258 299 348 399 451 499 541 573 593 600 593 573 541 500 451 400 348 300 258 226 206 200 206 226 258 299 348 399 451 499 541 573 593 600 593 573 541 500 451 400 348 300 258 226 206 200 206 226 
170 232 255 290 337 391 449 508 562 609 644 667 675 667 644 609 562 508 450 391 337 290 255 232 225 232 255 290 337 391 449 508 562 609 644 667 675 667 644 609 562 508 450 391 337 290 255 232 225 232 255 
170 258 283 323 374 435 499 564 624 676 716 741 750 741 716 676 625 564 500 435 375 323 283 258 250 258 283 323 374 435 499 564 624 676 716 741 750 741 716 676 625 564 500 435 375 323 283 258 250 258 283 
170 284 311 355 412 478 549 621 687 744 788 815 825 815 788 744 687 621 550 478 412 355 311 284 275 284 311 355 412 478 549 621 687 744 788 815 825 815 788 744 687 621 550 478 412 355 311 284 275 284 311 
170 310 340 387 449 522 599 677 749 812 859 889 900 889 859 812 750 677 600 522 450 387 340 310 300 310 340 387 449 522 599 677 749 812 859 889 900 889 859 812 750 677 600 522 450 387 340 310 300 310 340 
100000 5170 5669 6464 7499 8705 9999 11294 12499 13535 14330 14829 15000 14829 14330 13535 12500 11294 10000 8705 7500 6464 5669 5170 5000 5170 5669 6464 7499 8705 9999 11294 12499 13535 14330 14829 15000 14829 14330 13535 12500 11294 10000 8705 7500 6464 5669 5170 5000 5170 5669 
1482 1433 1353 1250 1129 1000 870 750 646 566 517 500 517 566 646 749 
844 976 1069 1475 1500 1222 1466 1206 1636 1609 1151 1130 1183 1047 979 881 547 538 479 505 562 540 540 632 853 912 1172 1307 1620 1193 1234 1774 1284 1230 
879 1009 1057 1147 1174 1702 1721 1678 1449 1615 1275 1213 1192 1120 750 703 565 552 595 596 588 629 723 800 941 1145 1115 1110 1222 1580 1455 1335 1494 1553 
941 873 1070 1193 1502 1318 1252 1577 1424 1202 1354 1359 1162 1029 739 789 692 486 509 441 584 472 642 831 1013 1053 949 1041 1389 1483 1406 1317 1509 1432 
945 834 1196 1126 1127 1484 1666 1336 1389 1491 1290 1380 1247 1191 795 637 760 488 422 553 620 660 607 890 842 908 1018 1369 1255 1156 1489 1223 1521 1568 
788 872 1141 1474 1405 1442 1677 1323 1226 1266 1595 1340 1279 904 1043 661 626 574 522 439 577 673 706 750 952 1109 1273 1274 1205 1544 1778 1712 1680 1262 
