20 2 20
7 5
1700 130 149 169 187 203 214 222 225 222 214 203 187 169 150 130 112 96 85 77 75 
100000 8705 9999 11294 12499 13535 14330 14829 15000 14829 14330 13535 12500 11294 10000 8705 7500 6464 5669 5170 5000 
1129 1000 870 750 646 566 517 
265 530 513 932 1116 1063 494 459 1299 1516 988 2238 859 
749 273 318 568 824 901 899 1028 992 1375 1814 2330 1596 
421 253 646 377 422 1054 739 743 1051 2055 674 708 2144 
584 523 657 585 328 794 1133 869 1845 1048 1185 1214 1540 
476 223 522 754 1177 1300 886 615 1347 1214 2221 1714 1427 
