20 3 20
15 50
850 130 112 96 85 77 75 77 85 96 112 130 149 169 187 203 214 222 225 222 214 
850 174 150 129 113 103 100 103 113 129 149 174 199 225 249 270 286 296 300 296 286 
100000 8705 7500 6464 5669 5170 5000 5170 5669 6464 7499 8705 9999 11294 12499 13535 14330 14829 15000 14829 14330 
1129 1249 1353 1433 1482 1499 1482 1433 1353 1250 1129 1000 870 750 646 
422 540 447 346 246 
725 372 341 564 501 
297 700 708 384 744 
731 675 699 703 322 
458 639 446 492 651 
270 717 305 301 821 
892 617 621 567 668 
706 282 506 660 555 
753 469 768 424 588 
471 611 371 722 494 
890 413 632 427 245 
829 442 279 429 329 
288 604 452 613 307 
270 356 267 498 527 
231 522 203 343 781 
745 742 701 381 743 
692 793 334 312 616 
489 308 702 391 542 
795 270 612 612 532 
849 623 398 764 268 
885 569 594 434 816 
743 558 320 254 751 
390 294 271 715 433 
314 338 551 319 893 
328 520 596 557 293 
364 795 518 727 701 
516 759 412 498 800 
448 390 783 301 608 
394 631 627 599 421 
439 247 443 706 376 
252 325 224 627 453 
762 405 225 454 781 
527 485 632 613 373 
293 404 724 565 744 
650 486 375 560 548 
670 629 617 489 848 
467 219 369 559 520 
473 484 644 327 498 
822 388 588 725 755 
314 813 760 474 718 
457 823 268 331 892 
828 761 702 292 366 
575 386 625 323 267 
518 280 749 634 301 
503 806 227 648 884 
282 628 683 772 848 
310 699 529 523 814 
809 772 534 790 256 
799 236 420 754 610 
496 275 386 357 675 
