5 6 20
3 50
340 130 112 96 85 77 
340 174 150 129 113 103 
340 217 187 161 141 129 
340 261 225 193 170 155 
340 304 262 226 198 180 
100000 8705 7500 6464 5669 5170 
1129 1249 1353 
1466 1549 
1395 1482 
1382 1411 
1363 1479 
1419 1452 
1408 1469 
1391 1458 
1488 1464 
1391 1438 
1384 1505 
1504 1437 
1417 1488 
1385 1510 
1437 1462 
1435 1455 
1375 1547 
1392 1461 
1404 1535 
1380 1515 
1444 1550 
1496 1451 
1481 1454 
1428 1413 
1435 1412 
1455 1517 
1478 1459 
1461 1499 
1388 1429 
1482 1519 
1420 1479 
1387 1501 
1412 1443 
1370 1505 
1481 1476 
1431 1551 
1432 1478 
1372 1468 
1404 1472 
1480 1410 
1424 1457 
1436 1530 
1404 1416 
1476 1462 
1410 1507 
1479 1510 
1408 1469 
1440 1452 
1372 1494 
1439 1516 
1489 1535 
