50 11 20
16 10
170 96 112 130 149 169 187 203 214 222 225 222 214 203 187 169 150 130 112 96 85 77 75 77 85 96 112 130 149 169 187 203 214 222 225 222 214 203 187 169 150 130 112 96 85 77 75 77 85 96 112 
170 129 149 174 199 225 249 270 286 296 300 296 286 270 250 225 200 174 150 129 113 103 100 103 113 129 149 174 199 225 249 270 286 296 300 296 286 270 250 225 200 174 150 129 113 103 100 103 113 129 149 
170 161 187 217 249 282 312 338 358 370 375 370 358 338 312 282 250 217 187 161 141 129 125 129 141 161 187 217 249 282 312 338 358 370 375 370 358 338 312 282 250 217 187 161 141 129 125 129 141 161 187 
170 193 224 261 299 338 374 406 429 444 450 444 429 406 375 338 300 261 225 193 170 155 150 155 170 193 224 261 299 338 374 406 429 444 450 444 429 406 375 338 300 261 225 193 170 155 150 155 170 193 224 
170 226 262 304 349 395 437 473 501 519 525 519 501 473 437 395 350 304 262 226 198 180 175 180 198 226 262 304 349 395 437 473 501 519 525 519 501 473 437 395 350 304 262 226 198 180 175 180 198 226 262 
170 258 299 348 399 451 499 541 573 593 600 593 573 541 500 451 400 348 300 258 226 206 200 206 226 258 299 348 399 451 499 541 573 593 600 593 573 541 500 451 400 348 300 258 226 206 200 206 226 258 299 
170 290 337 391 449 508 562 609 644 667 675 667 644 609 562 508 450 391 337 290 255 232 225 232 255 290 337 391 449 508 562 609 644 667 675 667 644 609 562 508 450 391 337 290 255 232 225 232 255 290 337 
170 323 374 435 499 564 624 676 716 741 750 741 716 676 625 564 500 435 375 323 283 258 250 258 283 323 374 435 499 564 624 676 716 741 750 741 716 676 625 564 500 435 375 323 283 258 250 258 283 323 374 
170 355 412 478 549 621 687 744 788 815 825 815 788 744 687 621 550 478 412 355 311 284 275 284 311 355 412 478 549 621 687 744 788 815 825 815 788 744 687 621 550 478 412 355 311 284 275 284 311 355 412 
170 387 449 522 599 677 749 812 859 889 900 889 859 812 750 677 600 522 450 387 340 310 300 310 340 387 449 522 599 677 749 812 859 889 900 889 859 812 750 677 600 522 450 387 340 310 300 310 340 387 449 
100000 6464 7499 8705 9999 11294 12499 13535 14330 14829 15000 14829 14330 13535 12500 11294 10000 8705 7500 6464 5669 5170 5000 5170 5669 6464 7499 8705 9999 11294 12499 13535 14330 14829 15000 14829 14330 13535 12500 11294 10000 8705 7500 6464 5669 5170 5000 5170 5669 6464 7499 
1353 1250 1129 1000 870 750 646 566 517 500 517 566 646 749 870 999 
1384 1761 1829 1915 1604 1691 2058 696 1266 505 1369 1549 1073 1018 965 709 316 717 207 300 571 843 806 455 606 592 1862 818 2000 1077 777 1851 608 1935 
1672 701 1082 1014 1969 1167 676 1225 1355 767 884 1584 755 688 752 411 450 272 617 479 451 371 596 637 944 744 667 1060 1748 1692 703 1833 611 1016 
1334 1816 2036 1681 1230 1901 814 2114 1779 1681 1573 1474 378 679 995 547 454 322 421 772 747 753 850 703 1590 1725 1867 735 1910 2307 1713 2174 1698 1475 
1085 800 1688 1958 2338 1610 1349 1863 1068 1318 1487 1393 1266 562 1018 748 505 630 541 897 953 1175 505 881 1473 1266 2019 2040 1773 1741 680 1822 1698 1764 
804 1802 699 2021 681 1308 728 1514 702 1208 1780 1514 457 928 643 257 241 271 784 294 588 783 1083 1457 787 745 1747 1278 1551 1007 671 832 597 1432 
579 1439 1719 923 1252 2012 830 1962 1594 1926 1570 1121 690 948 347 804 521 578 468 701 260 1153 636 480 530 1154 1192 982 2279 1359 2170 991 846 530 
1647 1454 1502 2050 2032 1959 2141 818 1407 573 464 884 865 828 361 758 359 393 254 344 536 495 760 529 723 1728 541 1730 1510 1284 922 1173 1023 675 
742 638 2024 1781 1000 1517 2308 1575 1619 1203 1565 658 1303 1187 524 784 487 642 643 729 360 335 1230 1595 1636 1458 1300 829 1461 880 747 640 1856 1285 
556 1263 2001 1046 944 1883 1501 592 1449 625 1197 1477 874 811 837 592 434 334 355 268 713 986 697 1327 628 702 693 922 1865 1974 666 2140 1799 1252 
1333 1821 1610 2155 2125 2118 625 593 1084 1082 1622 1496 1045 475 446 727 385 337 219 283 444 523 1117 867 1251 1208 2146 1642 1778 1921 1170 1391 1916 1982 
