10 11 20
6 50
170 85 96 112 130 149 169 187 203 214 222 
170 113 129 149 174 199 225 249 270 286 296 
170 141 161 187 217 249 282 312 338 358 370 
170 170 193 224 261 299 338 374 406 429 444 
170 198 226 262 304 349 395 437 473 501 519 
170 226 258 299 348 399 451 499 541 573 593 
170 255 290 337 391 449 508 562 609 644 667 
170 283 323 374 435 499 564 624 676 716 741 
170 311 355 412 478 549 621 687 744 788 815 
170 340 387 449 522 599 677 749 812 859 889 
100000 5669 6464 7499 8705 9999 11294 12499 13535 14330 14829 
1433 1353 1250 1129 1000 870 
338 631 590 361 
332 797 720 772 
414 924 870 259 
500 528 399 521 
1099 766 306 489 
966 322 694 706 
887 1023 525 823 
532 387 492 342 
927 631 653 668 
389 479 467 599 
975 878 349 678 
682 1020 813 487 
1070 270 382 572 
1012 1027 570 528 
866 945 732 595 
375 594 630 767 
1080 1014 312 424 
1044 946 857 563 
796 783 347 465 
1079 525 874 790 
498 335 521 611 
683 282 421 373 
938 896 827 766 
793 339 650 813 
547 676 262 678 
1103 437 230 704 
383 694 553 317 
1136 284 556 729 
414 427 599 794 
740 581 321 504 
637 338 700 236 
934 851 556 309 
740 428 239 754 
582 270 394 265 
999 1028 380 445 
608 734 576 668 
809 376 893 823 
453 513 409 388 
1157 643 647 527 
1160 1003 418 775 
1131 670 384 734 
705 961 498 798 
1067 1013 324 576 
462 738 355 795 
633 374 727 537 
302 972 885 558 
850 449 685 812 
340 422 368 451 
1048 612 561 213 
308 677 436 579 
