50 3 20
36 10
850 130 112 96 85 77 75 77 85 96 112 130 149 169 187 203 214 222 225 222 214 203 187 169 150 130 112 96 85 77 75 77 85 96 112 130 149 169 187 203 214 222 225 222 214 203 187 169 150 130 112 
850 174 150 129 113 103 100 103 113 129 149 174 199 225 249 270 286 296 300 296 286 270 250 225 200 174 150 129 113 103 100 103 113 129 149 174 199 225 249 270 286 296 300 296 286 270 250 225 200 174 150 
100000 8705 7500 6464 5669 5170 5000 5170 5669 6464 7499 8705 9999 11294 12499 13535 14330 14829 15000 14829 14330 13535 12500 11294 10000 8705 7500 6464 5669 5170 5000 5170 5669 6464 7499 8705 9999 11294 12499 13535 14330 14829 15000 14829 14330 13535 12500 11294 10000 8705 7500 
1129 1249 1353 1433 1482 1499 1482 1433 1353 1250 1129 1000 870 750 646 566 517 500 517 566 646 749 870 999 1129 1249 1353 1433 1482 1499 1482 1433 1353 1250 1129 1000 
839 762 637 548 508 509 523 591 625 776 836 981 1147 1272 
838 761 667 570 519 502 521 538 654 746 874 960 1170 1299 
858 731 638 555 494 486 532 545 661 773 838 961 1095 1292 
877 772 676 539 532 508 493 564 639 727 838 952 1130 1242 
864 763 614 539 535 513 495 557 669 751 827 952 1121 1269 
893 727 664 565 501 504 500 546 644 737 847 1016 1133 1199 
863 732 634 582 538 508 509 544 653 784 877 1000 1128 1239 
827 757 675 555 541 502 516 580 665 782 858 1011 1109 1298 
860 785 640 579 532 497 526 555 621 744 886 1015 1182 1244 
890 718 678 571 524 478 515 542 649 753 831 979 1078 1247 
