50 6 20
36 100
340 150 130 112 96 85 77 75 77 85 96 112 130 149 169 187 203 214 222 225 222 214 203 187 169 150 130 112 96 85 77 75 77 85 96 112 130 149 169 187 203 214 222 225 222 214 203 187 169 150 130 
340 200 174 150 129 113 103 100 103 113 129 149 174 199 225 249 270 286 296 300 296 286 270 250 225 200 174 150 129 113 103 100 103 113 129 149 174 199 225 249 270 286 296 300 296 286 270 250 225 200 174 
340 250 217 187 161 141 129 125 129 141 161 187 217 249 282 312 338 358 370 375 370 358 338 312 282 250 217 187 161 141 129 125 129 141 161 187 217 249 282 312 338 358 370 375 370 358 338 312 282 250 217 
340 300 261 225 193 170 155 150 155 170 193 224 261 299 338 374 406 429 444 450 444 429 406 375 338 300 261 225 193 170 155 150 155 170 193 224 261 299 338 374 406 429 444 450 444 429 406 375 338 300 261 
340 350 304 262 226 198 180 175 180 198 226 262 304 349 395 437 473 501 519 525 519 501 473 437 395 350 304 262 226 198 180 175 180 198 226 262 304 349 395 437 473 501 519 525 519 501 473 437 395 350 304 
100000 10000 8705 7500 6464 5669 5170 5000 5170 5669 6464 7499 8705 9999 11294 12499 13535 14330 14829 15000 14829 14330 13535 12500 11294 10000 8705 7500 6464 5669 5170 5000 5170 5669 6464 7499 8705 9999 11294 12499 13535 14330 14829 15000 14829 14330 13535 12500 11294 10000 8705 
1000 1129 1249 1353 1433 1482 1499 1482 1433 1353 1250 1129 1000 870 750 646 566 517 500 517 566 646 749 870 999 1129 1249 1353 1433 1482 1499 1482 1433 1353 1250 1129 
1043 884 667 698 519 445 416 601 574 542 725 1021 1131 1229 
855 910 732 617 502 485 547 585 562 537 623 984 981 978 
857 928 849 595 671 491 539 472 579 559 616 958 1017 926 
1109 947 738 564 585 419 455 571 482 640 842 723 1104 1303 
1003 905 634 706 535 542 409 546 520 624 634 849 1175 1051 
826 1026 615 737 579 475 500 436 585 760 630 937 1119 942 
862 825 689 719 475 540 579 491 678 623 776 885 925 1046 
892 914 844 582 462 515 561 620 459 683 828 981 1167 1243 
990 784 819 627 628 513 498 478 670 592 688 827 1179 913 
890 853 728 667 517 598 556 600 648 642 685 986 1162 1052 
905 1037 705 763 606 491 578 484 648 659 814 739 1163 1307 
907 906 711 722 611 600 553 530 674 745 798 894 951 952 
1066 885 717 653 512 537 520 440 609 731 815 794 1140 921 
920 1025 752 653 509 521 523 498 614 654 658 855 989 1281 
994 1007 726 683 649 445 429 619 501 524 706 1030 890 1008 
846 791 715 714 580 538 403 443 481 566 678 1008 1172 933 
908 799 726 668 569 593 555 510 566 656 689 726 1123 1342 
908 771 817 527 556 609 466 596 627 522 727 884 906 1020 
838 911 603 601 519 612 585 528 500 729 663 713 1165 1090 
981 960 884 636 676 572 466 528 585 653 830 1008 867 1001 
972 818 753 769 484 473 512 459 512 563 769 962 908 1093 
979 1027 653 605 607 526 551 597 471 665 873 1019 1121 1277 
1199 923 893 594 558 426 432 451 591 766 648 962 1163 1136 
951 983 783 695 496 583 414 563 568 669 771 1037 851 1214 
820 746 870 584 577 483 475 510 602 774 896 803 1186 925 
944 715 804 616 655 608 472 617 475 626 628 980 1181 1181 
1180 976 800 585 467 421 425 585 486 643 755 702 1149 1048 
892 829 863 590 607 472 548 421 470 755 858 703 1124 1169 
985 939 746 763 607 575 439 524 671 592 659 742 1101 1344 
1008 816 808 531 590 418 446 569 589 710 893 898 954 974 
1074 986 880 584 481 477 410 519 622 690 655 990 996 1093 
919 820 765 523 560 606 483 424 517 632 638 1008 1031 1275 
1195 1027 824 680 593 583 408 510 618 629 619 980 947 1161 
831 912 636 721 472 473 586 454 550 609 616 703 1164 1112 
1160 863 613 772 474 607 510 606 603 703 800 813 1059 1214 
962 1030 895 758 517 492 405 540 607 597 752 837 967 1033 
938 868 783 639 473 543 478 581 529 561 794 776 817 1178 
933 726 895 657 550 547 449 526 492 710 631 1023 1068 1081 
845 1008 731 644 622 593 593 511 556 725 892 1031 988 960 
947 800 660 753 569 419 509 476 666 560 607 886 838 1098 
1191 928 638 543 635 468 489 585 549 613 608 714 1191 1270 
852 763 893 548 568 516 559 496 600 662 861 742 896 1089 
963 839 711 577 676 523 515 536 644 635 714 785 906 940 
927 832 858 724 489 487 410 478 528 720 814 757 865 993 
882 703 624 738 614 612 456 424 492 548 606 914 1087 1241 
855 979 868 755 641 469 504 468 527 619 783 946 1027 1224 
818 940 733 653 571 581 538 532 556 611 622 1005 927 1292 
1168 886 643 716 588 546 525 547 458 533 780 713 1147 1062 
913 757 728 626 479 573 568 461 567 565 828 780 956 962 
1191 979 875 523 502 474 409 514 585 770 756 999 1128 1231 
1180 809 897 609 550 493 514 548 555 654 805 729 1022 1212 
981 734 745 545 494 416 436 563 524 621 771 773 1163 972 
934 711 788 730 600 541 574 545 477 744 644 953 1123 1113 
902 1042 844 689 545 421 583 517 644 715 612 1016 832 906 
830 914 705 667 580 508 461 519 676 725 796 875 847 921 
1104 905 650 621 639 598 423 487 614 640 629 991 833 1099 
857 840 860 729 487 558 531 575 542 582 657 879 988 945 
979 835 889 540 564 571 543 520 591 739 608 980 1174 1114 
1056 706 602 640 647 590 496 448 587 723 762 822 1105 1089 
834 769 853 527 529 579 575 434 651 603 860 810 1127 923 
1131 1025 638 683 542 471 536 507 514 705 661 1029 967 1175 
1072 706 692 713 513 517 410 526 535 600 841 1039 1172 914 
899 938 784 698 571 515 558 463 546 559 639 698 873 1070 
1113 935 862 554 619 532 477 613 559 755 678 993 1020 1199 
961 868 643 551 614 583 426 449 640 529 868 724 1188 1175 
946 1002 638 765 552 508 483 580 523 747 625 885 1159 1172 
1144 888 866 669 467 461 494 527 524 584 743 1007 870 926 
1156 898 772 738 534 601 468 520 646 766 816 803 801 1338 
878 992 673 578 557 531 465 415 654 681 697 966 940 1310 
1090 834 819 718 609 568 586 521 462 523 836 1010 870 1122 
1072 942 711 741 506 432 529 445 651 565 838 1006 1075 1353 
1038 1002 697 769 660 477 474 486 604 568 894 889 930 1016 
858 986 613 750 547 500 588 574 552 595 818 781 862 912 
873 801 604 631 599 525 591 428 465 606 806 953 1070 958 
1150 780 628 698 638 590 508 555 509 566 662 1030 1101 1075 
1026 700 769 524 534 498 424 610 521 524 658 734 850 1048 
1196 957 612 598 676 458 438 535 661 611 671 1012 1095 958 
1054 963 858 530 616 525 516 522 485 638 896 814 1139 997 
878 819 622 553 525 421 509 447 657 635 729 772 913 1178 
861 774 796 684 601 549 430 598 499 649 873 750 937 1278 
923 790 619 655 530 500 564 579 547 544 734 921 972 1032 
1038 1040 742 688 632 597 597 527 604 562 821 811 1006 998 
986 1014 817 760 566 464 435 425 504 584 675 835 1101 1033 
989 813 781 612 554 493 551 508 480 709 881 1032 815 1339 
976 912 783 646 540 442 405 483 609 676 867 844 1065 981 
887 739 756 717 638 497 533 562 609 518 640 963 1027 1012 
1176 819 633 712 638 593 585 589 459 649 886 925 1094 1164 
949 999 810 724 576 465 525 535 484 675 627 934 810 1137 
923 767 615 622 598 523 439 492 481 526 704 807 1184 929 
871 913 662 559 513 461 517 441 457 558 808 909 1026 1045 
1020 1032 634 698 615 459 588 594 655 687 769 959 939 1313 
899 889 895 554 532 424 479 467 605 756 837 868 961 1047 
827 890 812 635 670 537 516 500 567 551 622 997 1114 1010 
985 1009 659 549 558 579 422 514 470 740 693 899 869 1344 
805 892 729 591 638 616 525 535 550 769 606 918 1014 938 
1107 764 787 545 477 603 419 448 519 752 771 745 1172 932 
1071 942 844 774 489 486 559 563 614 592 861 988 920 1273 
1199 838 721 529 634 469 584 510 606 521 654 824 1003 1039 
1126 872 743 711 666 422 421 453 535 575 649 827 904 1235 
974 1024 642 569 465 594 483 594 548 543 727 990 927 1127 
