10 2 20
4 100
1700 130 112 96 85 77 75 77 85 96 112 
100000 8705 7500 6464 5669 5170 5000 5170 5669 6464 7499 
1129 1249 1353 1433 
1364 1276 1610 1556 1098 1411 
1582 1588 1241 1338 1186 1213 
1290 1470 1712 1608 1517 1367 
1263 1791 1741 1224 1137 1426 
1253 1747 1706 1200 1088 1176 
1284 1430 1623 1286 1493 1187 
1617 1543 1377 1558 1394 1201 
1543 1693 1567 1401 1431 1279 
1647 1333 1256 1526 1096 1181 
1398 1208 1562 1688 1173 1275 
1312 1433 1214 1146 1296 1423 
1711 1303 1684 1474 1476 1010 
1732 1338 1609 1259 1593 1311 
1654 1389 1323 1601 1225 1316 
1745 1786 1676 1372 1584 1189 
1245 1516 1483 1277 1266 1466 
1467 1258 1400 1184 1216 1468 
1363 1231 1409 1613 1233 1016 
1415 1685 1546 1704 1204 1017 
1521 1591 1291 1298 1304 1020 
1542 1281 1582 1606 1242 1182 
1369 1275 1711 1718 1578 1303 
1215 1270 1437 1380 1577 1498 
1498 1440 1483 1242 1272 1261 
1499 1422 1475 1183 1319 1426 
1766 1254 1771 1706 1261 1372 
1322 1580 1301 1500 1226 1200 
1633 1764 1518 1670 1329 1387 
1317 1476 1273 1702 1100 1103 
1328 1231 1562 1189 1608 1406 
1570 1624 1404 1594 1152 1254 
1195 1391 1282 1273 1190 1270 
1758 1798 1509 1605 1255 1235 
1612 1760 1603 1569 1249 1001 
1748 1669 1463 1570 1492 1131 
1433 1459 1752 1231 1292 1220 
1658 1311 1257 1195 1174 1323 
1483 1274 1219 1333 1314 1262 
1232 1362 1484 1582 1347 1099 
1564 1411 1442 1198 1186 1429 
1675 1734 1602 1176 1474 1414 
1668 1493 1467 1318 1359 1097 
1508 1670 1329 1538 1259 1384 
1194 1219 1668 1230 1119 1111 
1436 1238 1326 1415 1562 1336 
1506 1665 1476 1583 1173 1196 
1502 1652 1417 1399 1280 1495 
1496 1435 1658 1630 1371 1317 
1356 1527 1408 1632 1468 1134 
1569 1428 1224 1369 1447 1198 
1739 1446 1546 1692 1145 1262 
1557 1663 1298 1299 1532 1454 
1418 1344 1754 1157 1439 1191 
1457 1492 1283 1563 1115 1040 
1299 1294 1443 1372 1460 1040 
1772 1661 1430 1453 1332 1471 
1656 1600 1396 1203 1467 1029 
1671 1554 1302 1647 1131 1003 
1235 1379 1222 1627 1572 1113 
1235 1464 1706 1531 1406 1254 
1379 1731 1593 1615 1291 1309 
1265 1436 1378 1446 1139 1439 
1384 1296 1189 1311 1157 1280 
1577 1731 1326 1627 1280 1194 
1287 1678 1736 1275 1416 1009 
1348 1243 1580 1374 1484 1184 
1262 1545 1559 1174 1209 1135 
1241 1323 1495 1691 1087 1444 
1361 1690 1706 1589 1356 1294 
1398 1753 1393 1168 1377 1165 
1471 1647 1521 1444 1165 1024 
1542 1701 1268 1527 1579 1371 
1641 1758 1189 1590 1594 1074 
1434 1426 1463 1717 1309 1193 
1481 1489 1773 1331 1375 1197 
1396 1347 1632 1572 1378 1190 
1750 1271 1290 1279 1154 1245 
1743 1444 1711 1358 1622 1433 
1485 1691 1656 1622 1175 1151 
1443 1218 1209 1600 1186 1283 
1521 1292 1332 1175 1590 1125 
1339 1369 1738 1566 1541 1082 
1211 1200 1545 1182 1227 1146 
1597 1418 1370 1358 1438 1211 
1565 1666 1505 1496 1175 1068 
1691 1634 1758 1401 1396 1210 
1637 1707 1607 1687 1455 1427 
1463 1697 1200 1424 1510 1413 
1371 1353 1295 1569 1459 1276 
1487 1450 1676 1325 1524 1311 
1279 1488 1682 1696 1622 1120 
1294 1575 1281 1405 1561 1087 
1504 1378 1395 1158 1324 1289 
1389 1746 1268 1520 1100 1026 
1313 1477 1663 1245 1302 1318 
1672 1292 1469 1221 1609 1265 
1565 1417 1392 1449 1246 1169 
1617 1728 1487 1555 1241 1062 
1722 1355 1231 1500 1398 1363 
1344 1782 1562 1456 1615 1072 
