5 3 20
3 50
850 130 149 169 187 203 
850 174 199 225 249 270 
100000 8705 9999 11294 12499 13535 
1129 1000 870 
970 611 
573 317 
779 374 
1127 659 
487 695 
366 807 
407 273 
473 810 
816 739 
669 485 
540 890 
519 865 
351 1014 
540 981 
1005 873 
529 521 
628 941 
1004 683 
1088 562 
954 571 
1064 276 
885 862 
738 429 
787 439 
331 998 
1076 830 
309 958 
655 272 
768 546 
1049 760 
642 890 
844 610 
530 485 
1102 532 
787 796 
567 410 
478 335 
444 811 
551 340 
1163 397 
600 609 
1012 919 
699 890 
642 893 
374 324 
836 496 
780 262 
1156 325 
368 626 
331 283 
