50 11 20
36 100
170 150 130 112 96 85 77 75 77 85 96 112 130 149 169 187 203 214 222 225 222 214 203 187 169 150 130 112 96 85 77 75 77 85 96 112 130 149 169 187 203 214 222 225 222 214 203 187 169 150 130 
170 200 174 150 129 113 103 100 103 113 129 149 174 199 225 249 270 286 296 300 296 286 270 250 225 200 174 150 129 113 103 100 103 113 129 149 174 199 225 249 270 286 296 300 296 286 270 250 225 200 174 
170 250 217 187 161 141 129 125 129 141 161 187 217 249 282 312 338 358 370 375 370 358 338 312 282 250 217 187 161 141 129 125 129 141 161 187 217 249 282 312 338 358 370 375 370 358 338 312 282 250 217 
170 300 261 225 193 170 155 150 155 170 193 224 261 299 338 374 406 429 444 450 444 429 406 375 338 300 261 225 193 170 155 150 155 170 193 224 261 299 338 374 406 429 444 450 444 429 406 375 338 300 261 
170 350 304 262 226 198 180 175 180 198 226 262 304 349 395 437 473 501 519 525 519 501 473 437 395 350 304 262 226 198 180 175 180 198 226 262 304 349 395 437 473 501 519 525 519 501 473 437 395 350 304 
170 400 348 300 258 226 206 200 206 226 258 299 348 399 451 499 541 573 593 600 593 573 541 500 451 400 348 300 258 226 206 200 206 226 258 299 348 399 451 499 541 573 593 600 593 573 541 500 451 400 348 
170 450 391 337 290 255 232 225 232 255 290 337 391 449 508 562 609 644 667 675 667 644 609 562 508 450 391 337 290 255 232 225 232 255 290 337 391 449 508 562 609 644 667 675 667 644 609 562 508 450 391 
170 500 435 375 323 283 258 250 258 283 323 374 435 499 564 624 676 716 741 750 741 716 676 625 564 500 435 375 323 283 258 250 258 283 323 374 435 499 564 624 676 716 741 750 741 716 676 625 564 500 435 
170 550 478 412 355 311 284 275 284 311 355 412 478 549 621 687 744 788 815 825 815 788 744 687 621 550 478 412 355 311 284 275 284 311 355 412 478 549 621 687 744 788 815 825 815 788 744 687 621 550 478 
170 600 522 450 387 340 310 300 310 340 387 449 522 599 677 749 812 859 889 900 889 859 812 750 677 600 522 450 387 340 310 300 310 340 387 449 522 599 677 749 812 859 889 900 889 859 812 750 677 600 522 
100000 10000 8705 7500 6464 5669 5170 5000 5170 5669 6464 7499 8705 9999 11294 12499 13535 14330 14829 15000 14829 14330 13535 12500 11294 10000 8705 7500 6464 5669 5170 5000 5170 5669 6464 7499 8705 9999 11294 12499 13535 14330 14829 15000 14829 14330 13535 12500 11294 10000 8705 
1000 1129 1249 1353 1433 1482 1499 1482 1433 1353 1250 1129 1000 870 750 646 566 517 500 517 566 646 749 870 999 1129 1249 1353 1433 1482 1499 1482 1433 1353 1250 1129 
959 892 744 655 552 513 484 506 555 660 729 876 1033 1076 
994 901 733 671 555 493 485 538 550 652 781 844 1033 1108 
952 830 723 619 589 529 499 525 573 647 728 862 963 1081 
987 860 737 676 587 518 515 512 565 644 718 875 1010 1131 
1018 892 746 641 560 496 477 525 577 661 767 882 1021 1172 
967 866 716 647 542 540 488 514 543 641 770 872 997 1168 
952 847 715 672 556 538 497 526 558 619 713 877 1039 1085 
1017 890 767 655 563 493 524 496 594 614 725 877 1001 1082 
976 879 776 626 577 532 509 541 590 627 716 846 986 1111 
1023 869 737 632 592 534 511 511 594 614 725 896 1041 1075 
995 911 724 631 580 492 488 505 569 651 737 839 1039 1086 
1006 898 770 658 567 504 481 521 553 651 756 845 988 1116 
969 877 763 624 557 525 505 540 540 620 748 877 1040 1113 
982 836 714 618 561 492 510 512 551 676 768 855 990 1107 
954 880 770 644 539 510 487 506 588 625 714 856 976 1088 
984 852 782 641 574 529 495 517 540 619 725 851 986 1178 
953 896 734 617 578 521 521 529 589 620 763 833 953 1129 
970 900 783 640 584 508 506 517 583 622 751 896 959 1182 
950 870 787 659 546 504 520 522 594 654 727 904 998 1141 
959 896 752 620 567 496 520 499 590 635 777 896 1044 1140 
963 852 730 637 589 531 514 542 570 672 737 866 965 1146 
1000 902 768 662 580 518 475 538 590 678 737 877 1027 1146 
981 911 776 657 562 508 488 525 559 631 712 896 968 1180 
1025 897 737 618 560 532 523 507 591 615 780 854 1047 1136 
1024 901 759 636 568 500 515 497 585 626 716 829 1031 1141 
1000 851 725 649 563 522 498 530 594 618 776 834 960 1159 
1000 843 775 621 539 497 515 502 587 678 771 906 972 1088 
1005 850 744 672 579 535 479 533 582 645 740 832 952 1100 
987 899 770 676 592 535 487 500 559 645 765 893 1006 1133 
977 847 770 640 586 541 488 528 579 622 773 903 968 1165 
1019 894 772 622 588 503 501 519 551 622 753 866 983 1078 
1034 846 764 634 560 517 523 500 542 640 731 834 962 1181 
1007 893 731 659 590 501 487 529 541 678 719 839 967 1104 
1017 906 775 668 585 518 482 510 586 636 765 882 998 1137 
963 871 724 640 592 518 506 538 560 618 775 856 1044 1157 
975 837 745 617 546 528 480 537 557 637 766 842 1043 1142 
965 906 745 626 566 541 507 529 585 624 714 828 975 1141 
1020 858 781 622 590 519 502 524 543 630 768 842 965 1083 
1047 886 753 638 589 497 492 527 581 674 715 865 999 1147 
980 847 755 646 568 516 510 528 540 630 776 891 971 1088 
1016 884 726 668 559 507 484 538 584 633 770 850 970 1104 
980 849 753 674 561 517 484 538 570 653 739 834 1021 1153 
1006 869 775 625 546 505 494 512 549 676 782 889 961 1133 
981 892 786 640 542 496 521 538 556 650 773 865 1023 1169 
979 891 721 626 579 517 518 513 585 671 776 856 1006 1182 
995 873 744 666 578 530 477 499 568 623 783 866 966 1158 
1049 844 748 649 553 500 500 523 549 671 770 840 1013 1117 
1022 905 748 626 539 506 506 496 581 653 727 900 997 1156 
971 864 725 629 546 529 519 503 558 671 731 886 1024 1091 
1016 899 780 653 553 494 511 537 566 624 713 859 985 1108 
959 851 735 645 579 524 507 533 565 621 758 886 1049 1103 
1029 895 782 638 551 499 489 507 585 647 786 901 982 1131 
969 873 752 655 551 527 523 500 582 670 786 833 960 1162 
1039 905 787 662 577 491 483 542 579 618 769 854 1036 1150 
1027 853 756 676 545 515 492 493 593 668 718 903 955 1170 
1016 849 782 663 572 495 498 525 570 627 768 827 953 1148 
1016 854 780 659 562 540 519 506 543 616 714 889 996 1172 
1027 897 755 637 554 510 512 513 547 656 779 861 965 1175 
1024 898 758 636 577 493 504 513 545 676 751 877 1022 1079 
1031 877 769 646 585 513 508 493 568 623 724 892 1009 1103 
957 846 734 639 545 508 502 525 586 624 759 862 1041 1182 
975 831 715 634 544 504 511 534 572 642 716 876 964 1184 
1012 831 754 664 548 513 520 524 577 674 746 861 1002 1107 
1035 910 763 620 570 501 493 521 559 618 720 867 953 1156 
1026 876 713 617 564 501 488 505 578 630 714 858 955 1121 
1010 878 744 621 549 494 482 537 563 658 739 878 966 1083 
991 867 762 642 549 523 480 502 582 646 751 832 997 1176 
1022 911 766 623 585 515 505 498 573 645 779 865 1000 1124 
953 829 722 622 543 510 507 537 540 635 748 831 1009 1155 
1025 884 766 653 551 522 475 534 569 643 747 909 976 1144 
981 847 784 654 582 520 477 524 558 628 763 884 990 1094 
975 902 768 623 592 532 521 514 584 622 720 891 1030 1100 
1024 832 735 658 576 504 505 518 553 667 767 904 981 1123 
962 871 764 661 578 527 519 514 579 642 714 879 1039 1087 
1049 877 728 660 569 540 477 518 542 676 777 892 1006 1122 
964 895 780 614 588 514 507 512 546 632 755 900 975 1157 
969 838 783 672 569 519 475 542 554 619 776 894 992 1103 
1018 833 717 676 555 542 520 508 564 658 743 884 950 1080 
963 912 737 623 539 495 502 514 564 630 784 858 1023 1172 
971 890 754 651 576 517 499 539 556 671 783 851 1046 1146 
991 906 773 630 584 541 491 503 560 647 739 872 978 1167 
1000 861 714 661 578 513 479 528 594 631 782 902 993 1135 
997 845 719 614 562 518 484 529 573 641 729 899 1007 1117 
966 875 743 671 573 535 505 491 593 656 748 832 991 1162 
1031 848 783 667 584 539 482 523 572 669 776 837 999 1117 
1008 828 724 659 584 529 477 513 589 660 735 829 1027 1170 
957 858 735 662 589 518 488 502 544 663 713 878 992 1096 
1009 893 723 640 570 493 479 509 553 677 736 829 1002 1092 
976 836 786 630 538 538 505 492 555 620 781 913 986 1121 
966 845 764 671 556 527 483 515 590 639 760 850 1004 1169 
959 883 733 656 593 517 501 529 555 641 780 888 997 1115 
995 836 744 625 576 492 504 497 595 660 712 831 1048 1161 
994 853 773 659 548 529 501 531 553 643 745 911 1028 1085 
981 836 729 659 571 505 523 526 550 663 760 840 1024 1106 
1039 834 767 623 565 506 490 520 546 630 730 865 981 1092 
1036 851 726 655 571 531 508 511 542 670 752 837 954 1117 
1015 840 766 656 594 541 508 523 540 618 737 847 994 1139 
1046 885 762 666 540 529 475 499 541 643 737 891 1031 1076 
997 836 714 622 587 506 485 529 550 651 782 876 1029 1116 
984 842 742 652 587 532 484 519 553 624 761 849 1011 1087 
