50 2 20
26 10
1700 130 112 96 85 77 75 77 85 96 112 130 149 169 187 203 214 222 225 222 214 203 187 169 150 130 112 96 85 77 75 77 85 96 112 130 149 169 187 203 214 222 225 222 214 203 187 169 150 130 112 
100000 8705 7500 6464 5669 5170 5000 5170 5669 6464 7499 8705 9999 11294 12499 13535 14330 14829 15000 14829 14330 13535 12500 11294 10000 8705 7500 6464 5669 5170 5000 5170 5669 6464 7499 8705 9999 11294 12499 13535 14330 14829 15000 14829 14330 13535 12500 11294 10000 8705 7500 
1129 1249 1353 1433 1482 1499 1482 1433 1353 1250 1129 1000 870 750 646 566 517 500 517 566 646 749 870 999 1129 1249 
683 1175 1443 763 1539 690 988 1283 1446 488 477 545 954 501 499 700 551 866 816 620 1073 1503 549 1967 
752 1736 1812 1066 1679 931 1093 547 1280 1198 717 788 486 465 796 329 576 451 888 1093 1304 689 475 1721 
1144 1257 791 1368 765 1922 1341 1945 1180 438 1250 329 434 887 794 394 209 805 412 625 494 1391 1428 1430 
1118 1957 789 2161 903 979 1273 590 1272 1541 524 884 729 664 812 577 400 279 732 463 834 1151 1276 881 
663 956 2023 2255 1846 1158 1830 1779 1007 470 437 1003 856 805 287 347 820 331 1019 752 904 794 1506 1925 
978 761 2000 2159 1646 781 917 1781 1100 1087 929 1026 1007 708 501 650 826 309 566 655 497 1022 1141 1640 
704 619 1005 1840 1522 1669 949 1437 549 1468 1247 721 427 481 712 724 649 332 596 1050 603 1255 673 1802 
874 1418 1125 1854 724 1674 758 1573 934 474 554 413 700 458 728 240 347 671 933 825 659 723 1066 1676 
736 1768 623 650 963 760 1111 1220 1749 564 1016 1104 794 625 606 764 220 375 839 1156 362 606 565 1116 
674 750 1417 656 827 1711 1082 1659 1650 865 837 872 929 646 592 548 223 563 924 672 832 1232 1502 1971 
