5 11 20
4 50
170 130 149 169 187 203 
170 174 199 225 249 270 
170 217 249 282 312 338 
170 261 299 338 374 406 
170 304 349 395 437 473 
170 348 399 451 499 541 
170 391 449 508 562 609 
170 435 499 564 624 676 
170 478 549 621 687 744 
170 522 599 677 749 812 
100000 8705 9999 11294 12499 13535 
1129 1000 870 750 
654 
651 
621 
633 
678 
659 
616 
648 
636 
638 
631 
656 
663 
673 
658 
674 
632 
636 
644 
663 
649 
659 
668 
657 
654 
620 
678 
620 
666 
663 
658 
673 
651 
631 
652 
657 
674 
620 
622 
656 
617 
616 
654 
647 
639 
627 
664 
651 
640 
629 
