20 2 20
11 100
1700 130 149 169 187 203 214 222 225 222 214 203 187 169 150 130 112 96 85 77 75 
100000 8705 9999 11294 12499 13535 14330 14829 15000 14829 14330 13535 12500 11294 10000 8705 7500 6464 5669 5170 5000 
1129 1000 870 750 646 566 517 500 517 566 646 
886 565 1460 491 1931 2079 1635 1144 1794 
454 1255 1406 559 1083 1186 2259 1758 793 
820 781 935 936 820 1450 971 990 1160 
401 610 977 1185 1342 629 2195 1632 609 
670 969 521 625 1649 724 1489 1795 938 
1092 821 717 867 599 1669 2097 916 2180 
1165 1328 1110 1238 735 738 1781 1251 837 
358 951 1237 567 505 1382 822 1176 1251 
915 793 1152 1249 1957 1572 2053 732 1707 
579 543 1039 1105 1137 1280 1605 1545 2193 
371 490 896 1321 630 2056 1654 2367 1608 
533 680 656 723 581 600 580 986 811 
804 358 753 649 740 1922 1902 2282 1168 
1064 1281 1240 926 522 863 1530 2259 1299 
1091 869 1553 906 910 1722 1776 2169 986 
720 1169 1251 1099 1282 2051 2004 637 1337 
1079 1044 719 1059 1238 1304 691 1678 1811 
1034 1102 1001 1357 759 1476 1111 1783 919 
826 430 875 1419 1190 676 983 1257 1782 
1000 1284 877 1690 545 2163 1785 1610 713 
898 425 842 1697 1221 710 2215 2026 2126 
321 1220 576 711 1932 2080 1786 2342 1898 
858 976 453 1527 661 1487 784 1431 1354 
648 525 1460 1386 1314 1082 2154 1966 1388 
387 1040 756 486 1340 1256 2139 2354 1163 
362 1295 1262 1643 1097 2122 2190 947 1933 
548 713 537 838 1385 670 1149 749 1884 
622 1222 1276 1608 791 843 993 1018 1384 
958 755 1181 516 738 1986 752 2276 1228 
934 754 685 503 1925 1678 940 987 1575 
365 1313 1350 684 1745 1673 1196 1842 2004 
691 1140 1084 948 543 760 1104 1477 1948 
480 1137 728 1719 1249 654 1141 2105 1038 
415 362 431 1314 1117 709 2216 919 2326 
589 835 1525 1124 972 1556 858 1184 1246 
764 748 522 1106 1606 948 2248 1024 2315 
553 754 1430 928 1761 2084 2192 1230 1313 
781 885 915 1122 860 1452 1074 1371 1041 
1030 817 528 705 1986 1075 2183 849 1029 
1090 837 1385 1716 1976 1337 624 1704 1566 
479 409 766 1129 1071 571 1831 2052 702 
999 367 1020 1233 1324 899 1967 1701 1974 
414 990 516 826 1977 954 1184 1556 1247 
959 1145 1392 1635 1126 590 685 624 1428 
584 807 1329 1561 1314 1024 1012 961 2248 
729 434 1397 582 1487 1727 991 612 2059 
785 521 1308 925 1449 1551 1574 740 1402 
502 757 1061 569 1949 1790 2025 1047 1204 
1173 870 1513 644 1789 1462 1494 2107 1062 
692 1240 1360 1356 1290 1046 803 2128 1367 
1159 1175 729 1225 1662 1207 1745 711 1705 
716 506 1297 968 1252 1677 663 1991 2084 
889 1210 771 1034 764 1566 1683 1645 2223 
907 665 1476 729 1886 1551 751 609 1555 
1098 1017 1175 626 1691 731 1809 826 2315 
898 804 1106 1362 1209 1182 1824 1889 1223 
543 1127 818 1320 1086 2117 771 1329 1788 
1166 374 562 1535 1509 1198 1955 1255 1006 
1124 1194 1085 1058 1047 1177 966 1863 1545 
322 361 660 1414 1394 1025 1005 1122 1844 
889 975 1524 1617 1174 1566 1687 922 1504 
458 912 407 845 1719 1129 823 1753 1712 
844 838 962 453 1062 767 1070 1852 1977 
655 727 1106 1702 806 640 952 1576 1736 
423 1377 482 816 1729 1657 752 1613 917 
583 984 933 1464 546 953 2121 2182 2384 
612 546 1415 561 500 831 2142 888 1943 
624 1200 1544 915 1012 1566 662 2299 821 
566 684 996 517 724 744 963 1920 1477 
791 858 1492 1239 793 1612 1041 860 1835 
401 973 1284 941 1079 638 2245 1293 1098 
1041 539 1391 565 799 1058 1717 1866 948 
904 980 1454 1548 1021 1333 707 2266 2323 
384 1000 639 1145 1015 1185 1479 2322 1538 
797 1308 913 1264 1886 751 1239 1077 1145 
905 474 1325 924 1985 1435 720 1168 800 
880 1031 862 1334 1682 756 1687 1488 754 
606 1119 465 578 1940 623 1047 2233 786 
698 900 621 886 1353 1243 1910 879 1644 
875 1324 1440 1009 1772 1423 1102 1245 2260 
466 1110 676 1040 1803 1245 1633 1466 2266 
1167 1160 621 502 1855 1495 1449 2118 2174 
1135 442 651 1571 781 1446 1120 980 757 
1141 396 619 1228 1780 1519 1037 2309 2332 
932 1234 528 944 1450 1813 1820 1339 963 
720 1083 1337 494 1704 1388 2246 912 1006 
786 749 1048 958 1087 548 579 1450 867 
984 1224 530 1180 1663 985 1051 2154 1355 
954 1016 1576 1094 1532 1728 1837 1073 1821 
1149 956 556 851 934 1524 2248 1982 1574 
709 776 530 1636 1747 832 638 1602 1916 
552 461 1464 706 1437 636 1819 1877 1608 
848 451 658 615 669 714 1329 1176 612 
672 1328 883 1217 1843 1361 954 2192 1498 
1158 1252 1220 1724 1129 1523 1575 1136 2210 
447 1210 635 753 1412 2044 1340 1079 1855 
1192 416 1016 520 1414 1295 1765 2309 1972 
821 1247 675 1473 1949 1256 1933 1675 1469 
814 964 1493 1311 1169 1253 1551 917 2129 
539 806 537 1307 1374 1055 1544 1165 1504 
