50 6 20
16 5
340 112 130 149 169 187 203 214 222 225 222 214 203 187 169 150 130 112 96 85 77 75 77 85 96 112 130 149 169 187 203 214 222 225 222 214 203 187 169 150 130 112 96 85 77 75 77 85 96 112 130 
340 149 174 199 225 249 270 286 296 300 296 286 270 250 225 200 174 150 129 113 103 100 103 113 129 149 174 199 225 249 270 286 296 300 296 286 270 250 225 200 174 150 129 113 103 100 103 113 129 149 174 
340 187 217 249 282 312 338 358 370 375 370 358 338 312 282 250 217 187 161 141 129 125 129 141 161 187 217 249 282 312 338 358 370 375 370 358 338 312 282 250 217 187 161 141 129 125 129 141 161 187 217 
340 224 261 299 338 374 406 429 444 450 444 429 406 375 338 300 261 225 193 170 155 150 155 170 193 224 261 299 338 374 406 429 444 450 444 429 406 375 338 300 261 225 193 170 155 150 155 170 193 224 261 
340 262 304 349 395 437 473 501 519 525 519 501 473 437 395 350 304 262 226 198 180 175 180 198 226 262 304 349 395 437 473 501 519 525 519 501 473 437 395 350 304 262 226 198 180 175 180 198 226 262 304 
100000 7499 8705 9999 11294 12499 13535 14330 14829 15000 14829 14330 13535 12500 11294 10000 8705 7500 6464 5669 5170 5000 5170 5669 6464 7499 8705 9999 11294 12499 13535 14330 14829 15000 14829 14330 13535 12500 11294 10000 8705 7500 6464 5669 5170 5000 5170 5669 6464 7499 8705 
1250 1129 1000 870 750 646 566 517 500 517 566 646 749 870 999 1129 
1109 1204 1563 1303 1629 1344 1222 1083 1216 996 1058 928 664 602 550 443 485 501 675 739 751 870 1142 1322 1127 1210 1231 1256 1651 1608 1289 1567 1083 1026 
1037 1168 1355 1239 1365 1759 1518 1266 1283 1319 980 867 826 637 531 548 514 575 497 633 860 880 1134 1105 1162 1159 1184 1472 1331 1708 1338 1083 1178 1081 
1478 1499 1601 1767 1323 1767 1363 1225 1062 999 1112 888 716 567 463 520 415 594 515 644 808 949 1033 929 1142 1509 1627 1271 1785 1428 1335 1292 1400 960 
1484 1592 1237 1608 1248 1454 1562 1504 1202 1107 870 1039 715 736 584 469 468 571 623 537 797 841 1002 941 1248 1232 1178 1384 1329 1311 1390 1261 1026 1284 
1141 1603 1226 1679 1775 1669 1431 1246 1017 1257 821 746 697 639 524 492 525 487 623 611 614 754 1018 1340 1132 1335 1554 1502 1546 1712 1300 1500 1035 903 
