50 6 20
26 100
340 112 130 149 169 187 203 214 222 225 222 214 203 187 169 150 130 112 96 85 77 75 77 85 96 112 130 149 169 187 203 214 222 225 222 214 203 187 169 150 130 112 96 85 77 75 77 85 96 112 130 
340 149 174 199 225 249 270 286 296 300 296 286 270 250 225 200 174 150 129 113 103 100 103 113 129 149 174 199 225 249 270 286 296 300 296 286 270 250 225 200 174 150 129 113 103 100 103 113 129 149 174 
340 187 217 249 282 312 338 358 370 375 370 358 338 312 282 250 217 187 161 141 129 125 129 141 161 187 217 249 282 312 338 358 370 375 370 358 338 312 282 250 217 187 161 141 129 125 129 141 161 187 217 
340 224 261 299 338 374 406 429 444 450 444 429 406 375 338 300 261 225 193 170 155 150 155 170 193 224 261 299 338 374 406 429 444 450 444 429 406 375 338 300 261 225 193 170 155 150 155 170 193 224 261 
340 262 304 349 395 437 473 501 519 525 519 501 473 437 395 350 304 262 226 198 180 175 180 198 226 262 304 349 395 437 473 501 519 525 519 501 473 437 395 350 304 262 226 198 180 175 180 198 226 262 304 
100000 7499 8705 9999 11294 12499 13535 14330 14829 15000 14829 14330 13535 12500 11294 10000 8705 7500 6464 5669 5170 5000 5170 5669 6464 7499 8705 9999 11294 12499 13535 14330 14829 15000 14829 14330 13535 12500 11294 10000 8705 7500 6464 5669 5170 5000 5170 5669 6464 7499 8705 
1250 1129 1000 870 750 646 566 517 500 517 566 646 749 870 999 1129 1249 1353 1433 1482 1499 1482 1433 1353 1250 1129 
527 816 825 621 310 332 457 238 711 520 797 731 1440 561 748 1554 2187 2275 1518 1020 1833 1889 1173 1071 
1062 619 850 463 419 514 769 279 315 817 332 777 479 506 1941 817 1657 1471 883 2274 789 1855 515 938 
1413 476 828 486 494 434 401 312 717 693 381 659 1533 1419 861 1780 1536 1601 1290 2057 811 1967 995 824 
514 859 1015 852 656 750 566 525 524 578 1034 785 708 528 1205 554 2119 1818 1523 980 1940 1860 1309 1054 
1236 1223 1039 930 638 623 450 503 583 898 945 1212 565 1484 913 2019 2290 1861 1058 940 1127 1602 1017 793 
1585 1070 739 990 790 558 359 615 777 629 539 918 639 1767 977 918 1095 758 2205 2321 2075 1420 1299 1417 
1339 364 908 299 266 519 599 535 810 809 612 598 1001 924 581 932 803 1530 1229 1860 785 2036 1028 909 
1343 1373 307 943 587 753 278 474 234 573 815 622 880 1197 1039 1858 1170 2332 844 1859 1854 742 1646 957 
1451 470 682 302 258 367 233 787 428 469 725 442 726 508 550 2037 2075 708 882 2264 1868 1071 1357 1007 
716 1206 858 887 876 485 481 566 370 626 807 471 532 882 770 1375 788 2085 1340 2315 1828 1972 1138 962 
1035 624 623 290 901 803 599 818 486 774 558 1218 1598 1096 1193 1730 1057 2230 1597 1082 2157 577 1553 1670 
1039 1027 902 826 229 731 626 417 298 546 1045 737 947 692 839 1415 1345 633 1209 2223 932 2087 885 507 
639 1253 1115 842 605 760 687 373 736 854 1027 809 1197 1779 1265 1671 1774 2100 2278 1620 2225 1015 578 1013 
612 874 928 290 492 340 550 245 258 896 1062 996 1074 506 1884 762 2245 1215 799 595 1860 2034 1497 1361 
849 604 982 372 759 339 299 394 396 886 306 385 1379 724 1090 1674 2072 1283 1178 1995 2210 822 1492 947 
842 1020 820 382 745 761 340 727 339 425 399 781 1208 1055 1707 925 1116 1909 1725 1604 960 1247 1780 709 
1232 618 1196 268 369 573 726 306 276 1029 1137 878 1218 1440 1243 729 705 1477 1527 1586 2033 681 1141 1254 
1597 538 869 377 790 230 411 286 566 432 527 1280 744 709 1458 654 902 2083 1687 1449 2209 1908 1919 1481 
494 1318 491 722 904 719 626 263 827 353 1042 501 765 1433 1245 1258 992 888 950 2144 1613 1282 845 1787 
1354 1085 981 536 555 357 381 439 301 598 450 766 723 1741 1323 1833 1481 1727 1895 1928 1948 1847 665 1003 
1423 412 878 442 262 499 294 296 857 431 538 621 1190 1181 1245 2015 713 678 702 1791 1076 1092 585 608 
952 1287 797 265 860 316 342 605 375 1018 423 471 1584 1688 712 745 1599 785 1900 876 1138 2046 1526 1331 
1444 1264 554 1010 335 494 540 704 345 393 548 1194 1338 914 710 721 924 742 2285 1465 980 619 691 1607 
1340 529 698 926 779 331 341 351 446 363 1165 1063 915 977 1446 2083 804 2050 1613 2171 2133 1166 949 612 
1167 1010 315 391 293 666 364 575 523 510 712 368 1476 1464 1611 1580 1009 818 2274 698 802 1800 528 1804 
1326 649 1025 890 450 822 450 403 447 1017 367 1208 798 1058 1944 2098 1384 1592 1532 831 2016 1428 516 708 
937 608 970 396 750 751 631 660 559 358 402 362 1043 1046 1114 1674 621 1598 1547 2286 875 898 1686 1676 
1329 1370 383 681 475 313 243 547 673 1031 910 1357 768 1187 1912 987 1697 2337 1168 1922 1417 1510 1122 1264 
983 1320 753 960 450 641 545 657 362 848 634 807 1202 1523 760 1721 1610 2286 1904 942 884 885 665 586 
1127 951 1163 352 649 784 674 643 502 808 1073 1265 1554 626 1029 653 1550 933 1068 2096 1281 811 1669 555 
1572 1179 835 633 428 777 723 218 671 838 580 440 1387 1127 664 600 1364 1705 896 2207 1803 1087 1065 1696 
1209 1020 645 750 721 611 544 390 523 493 948 646 432 851 635 854 695 1326 1242 1380 1370 2088 750 1759 
752 871 938 934 700 670 273 581 416 714 380 896 656 720 1189 1231 1620 1193 1047 2206 944 1450 1771 616 
525 961 1019 896 483 541 784 332 579 451 751 867 979 970 919 1839 759 1632 1386 729 2194 1104 1339 1601 
510 1248 344 639 345 536 467 610 885 554 354 1089 1440 582 1646 1851 1800 2151 1084 1219 779 1930 1641 1159 
1435 650 489 796 532 352 328 389 533 980 937 380 1217 1289 1107 2115 2022 2369 1111 1358 1787 637 1977 689 
917 854 711 915 309 436 617 289 368 610 1119 999 1291 1253 1971 1897 948 1823 1554 1230 2269 1881 1197 1279 
1456 1114 595 378 318 488 383 240 354 468 509 597 966 1441 1148 1087 1915 2231 1961 2297 1084 1746 1461 1653 
1477 751 786 375 775 671 549 486 363 1017 995 1283 1435 1673 1423 1402 1382 1520 1458 1706 1643 1074 1306 698 
620 1003 917 748 265 580 313 335 880 530 733 1320 795 1238 1901 1698 2108 978 2245 1501 691 1542 527 499 
1283 995 1013 996 562 301 678 244 901 727 621 792 919 1382 1760 2006 2031 619 2068 704 932 713 1873 1748 
416 375 993 801 498 459 704 420 504 291 751 351 969 1516 824 1695 1852 2330 859 2302 1105 700 546 1016 
1560 1289 950 843 614 642 284 264 627 319 367 357 1566 1368 1437 1475 2088 1232 1758 1324 1303 1194 527 736 
1543 1353 428 804 251 539 447 543 700 744 391 410 402 917 1163 1148 1628 840 1109 2063 1208 1222 702 711 
1019 592 1178 762 682 685 587 816 293 937 448 1356 917 849 1787 1214 1230 2199 1626 2147 1553 1507 1807 984 
462 418 809 556 666 346 410 827 665 587 1180 386 405 800 1636 1834 1648 804 1940 2193 1920 957 1186 1142 
807 905 719 985 772 589 619 263 795 890 1035 1139 790 828 1209 785 1545 1984 2119 1900 1769 1867 853 1484 
1544 552 418 649 804 768 511 610 807 581 1059 1218 1237 671 1122 1760 2064 1358 1759 2134 1254 1117 1880 636 
1056 610 740 839 549 826 306 414 544 799 564 996 1423 878 1360 547 874 1560 1459 2354 1817 1481 1587 1804 
418 403 639 626 444 719 397 700 789 934 792 1318 1053 1736 1849 1047 1469 1146 2259 2256 1415 788 1047 556 
1032 350 1074 784 782 708 533 705 307 969 357 545 427 1342 1336 1045 1623 1971 1267 2313 1562 1195 1908 1585 
925 1203 679 1015 854 627 716 657 293 1010 483 361 858 973 582 1324 2265 1215 1447 1412 2129 1200 1518 728 
487 543 327 569 707 638 229 452 573 332 1127 467 1338 1467 866 778 658 1875 1391 2290 1078 1252 1375 1388 
866 1156 374 711 791 345 792 422 469 592 584 986 1054 1470 808 1870 2285 785 1065 1607 864 1863 1878 1641 
1008 997 493 492 834 634 635 475 278 804 392 1077 561 1613 1994 2088 1560 2224 1926 2055 866 687 1396 828 
551 1310 302 569 671 774 503 707 612 361 1109 1084 1591 1068 926 626 1884 1927 1418 1990 1639 1591 1153 1230 
1367 508 767 336 313 717 583 387 294 792 691 883 726 1384 1771 802 1082 2032 1642 1751 2071 1590 915 775 
553 989 1001 778 608 531 353 278 296 835 848 725 914 1345 1934 1713 714 1768 1598 1751 1486 1132 502 1145 
1272 660 352 627 416 681 766 222 787 330 692 372 1235 474 1438 1870 1401 1271 1809 1228 1533 1999 1100 1497 
651 537 373 576 503 682 347 687 814 524 1076 719 918 1683 1616 1822 1382 730 1510 1230 979 942 1898 818 
1516 1241 381 792 546 475 222 821 625 792 709 580 812 878 618 885 1735 1979 1022 1148 604 1791 1028 789 
1188 923 1005 283 811 782 669 457 501 295 1171 1182 1097 1473 729 981 1061 1858 2095 1250 1009 570 822 1025 
525 907 422 421 356 599 598 498 866 717 1009 604 1256 950 500 1342 1996 2257 826 2327 1921 2070 878 1601 
814 1262 376 1012 579 506 552 428 266 750 522 1140 1090 961 1691 1941 2026 1255 1956 668 1286 1304 1444 665 
513 962 392 527 523 623 234 395 758 956 1030 1391 1586 1682 1028 1037 1288 939 2339 1500 1026 1307 612 687 
1442 512 870 501 258 659 760 430 272 390 441 1276 835 739 1270 1449 1554 1655 1184 1053 2264 681 1818 1672 
427 793 671 925 782 819 234 518 548 495 390 1171 595 770 1090 1200 1561 2264 1080 1339 2053 1236 1668 1648 
1193 1258 890 573 424 457 655 283 699 749 680 400 716 1238 1269 1008 730 1072 1582 672 1926 1632 1562 1734 
902 605 415 724 699 687 340 756 886 820 800 1328 599 1591 1702 1017 943 972 1591 881 754 1364 1144 872 
549 971 372 647 504 402 678 811 476 674 439 1328 517 865 1215 1391 1230 1036 1490 945 1150 2120 551 556 
804 1037 365 354 436 587 209 640 868 977 779 789 1585 502 1697 1888 840 1212 1467 1982 1900 1614 987 578 
1303 1008 893 545 903 805 622 507 758 691 1182 1088 769 912 1545 2041 2092 2364 1409 2219 2211 1033 600 710 
989 676 1164 508 830 256 688 354 841 378 1162 852 1363 1237 916 1952 985 1636 2373 1534 591 1716 679 1533 
706 1005 388 978 363 311 306 259 259 383 445 974 500 989 797 2075 1652 935 628 1320 2112 821 1156 1708 
843 890 766 293 764 449 288 504 454 840 717 618 519 843 1888 1970 1380 1854 1277 1468 1379 597 1928 1185 
1221 570 459 930 818 636 253 641 770 431 955 931 985 1219 1793 1308 1199 1256 1049 1563 1400 2016 983 843 
841 1258 850 821 648 215 660 642 774 862 755 780 1356 1377 1027 1470 786 1764 1471 976 1288 646 1351 1291 
1071 982 1091 466 669 744 559 435 447 767 836 1253 1098 1733 1331 1265 1749 1563 2010 1406 941 995 1350 818 
1493 1267 634 264 467 390 668 276 297 767 743 1137 855 1259 808 1382 2099 885 1995 1178 2070 605 1164 630 
1589 622 759 446 313 338 376 746 698 286 926 1148 1061 809 866 1322 823 2046 2311 904 2136 744 1717 1104 
1091 965 582 543 545 265 668 495 472 859 1116 1248 415 1543 968 1813 2245 1248 1466 896 1820 1461 1870 1270 
1367 847 1049 678 872 252 381 422 823 433 385 432 1392 1135 706 1346 1256 627 2239 1040 1974 2128 1425 1497 
665 570 724 833 268 451 779 642 345 355 691 1090 1213 1343 1680 1430 997 1392 1899 1327 2065 961 945 1284 
1208 375 461 405 869 354 454 788 825 1032 414 1229 659 1173 1693 1090 1100 1190 1995 1278 1849 1654 1383 1610 
530 1121 763 374 893 788 358 553 724 972 378 660 743 1392 752 1726 1187 1035 1733 1814 1109 1125 526 1022 
676 1164 829 342 403 552 350 448 810 775 762 1312 424 1425 892 1201 713 2232 1915 674 895 612 1253 1721 
436 954 1089 507 867 732 478 332 865 434 594 629 1375 818 1305 1540 2042 2183 1459 961 1118 1140 1599 1241 
643 703 1129 833 545 566 378 637 393 805 740 1022 600 1215 782 993 1256 1540 897 772 1358 1214 1141 908 
916 534 1094 505 679 363 403 736 596 710 472 911 901 708 1469 1320 1121 1349 2040 1302 1463 1624 1187 1246 
1045 1027 1194 783 711 313 273 644 828 547 1134 788 797 893 1937 1081 1469 860 2028 1371 1934 1113 1783 609 
1040 1017 1080 385 902 772 658 461 403 745 680 1308 1086 886 562 888 1408 1341 1541 1517 650 769 1534 1092 
1023 1011 925 473 781 294 473 684 324 525 717 734 471 1325 1720 1155 1322 1668 2005 1643 1424 916 1732 1401 
965 725 575 617 234 728 710 251 835 820 825 1124 617 759 787 2081 1207 1694 750 1103 1697 1852 1298 1073 
1483 1199 404 489 505 745 390 422 258 513 864 1335 1477 671 1965 987 2236 948 2164 1244 667 1951 544 1137 
879 1022 1143 282 350 786 240 806 545 713 474 861 1254 1522 1409 1642 1236 1565 1605 1486 2029 1254 1734 1217 
437 1325 907 659 271 778 292 603 496 799 1160 932 1019 661 1670 1450 2134 1199 1502 1423 1037 783 1970 1214 
1159 699 1100 658 543 576 417 686 462 957 1061 780 779 1583 1952 1987 1406 846 2018 1794 2292 851 884 776 
1561 968 516 539 510 635 771 339 839 346 415 565 1395 659 1680 662 817 872 2303 799 1216 1600 641 645 
1315 807 1022 277 529 429 377 425 472 999 600 514 1548 1474 881 844 1032 1273 1503 1750 1410 902 1262 1785 
1138 1247 531 668 415 212 423 594 427 370 376 451 555 1222 1877 1495 1896 818 1363 1813 852 987 1752 970 
