50 2 20
36 5
1700 75 77 85 96 112 130 149 169 187 203 214 222 225 222 214 203 187 169 150 130 112 96 85 77 75 77 85 96 112 130 149 169 187 203 214 222 225 222 214 203 187 169 150 130 112 96 85 77 75 77 
100000 5000 5170 5669 6464 7499 8705 9999 11294 12499 13535 14330 14829 15000 14829 14330 13535 12500 11294 10000 8705 7500 6464 5669 5170 5000 5170 5669 6464 7499 8705 9999 11294 12499 13535 14330 14829 15000 14829 14330 13535 12500 11294 10000 8705 7500 6464 5669 5170 5000 5170 
1499 1482 1433 1353 1250 1129 1000 870 750 646 566 517 500 517 566 646 749 870 999 1129 1249 1353 1433 1482 1499 1482 1433 1353 1250 1129 1000 870 750 646 566 517 
510 519 587 653 733 859 1043 1136 1271 1304 1452 1427 1459 1415 
483 526 559 660 765 846 1043 1115 1255 1328 1419 1534 1450 1456 
516 537 591 652 736 850 1042 1121 1187 1299 1450 1448 1455 1534 
519 504 582 651 715 864 982 1164 1219 1380 1403 1476 1484 1531 
504 513 562 661 773 846 963 1106 1284 1291 1504 1508 1437 1551 
