20 2 20
15 100
1700 112 96 85 77 75 77 85 96 112 130 149 169 187 203 214 222 225 222 214 203 
100000 7500 6464 5669 5170 5000 5170 5669 6464 7499 8705 9999 11294 12499 13535 14330 14829 15000 14829 14330 13535 
1249 1353 1433 1482 1499 1482 1433 1353 1250 1129 1000 870 750 646 566 
638 698 230 665 591 
760 614 395 375 565 
225 404 294 852 561 
224 236 413 429 958 
544 744 514 599 934 
320 639 285 799 584 
683 335 576 902 705 
284 312 555 370 319 
276 416 392 706 656 
495 580 257 414 531 
729 578 674 661 708 
447 386 388 390 851 
472 322 600 487 712 
477 569 253 644 1033 
277 591 688 572 688 
533 364 549 309 871 
445 274 731 795 1022 
797 785 275 664 323 
583 268 218 609 281 
338 675 538 757 551 
710 582 731 522 827 
217 201 784 771 878 
676 308 241 489 918 
599 583 450 772 344 
479 558 493 249 870 
652 219 345 520 555 
539 427 506 316 410 
706 559 695 700 653 
248 221 699 394 301 
571 347 584 711 818 
530 649 433 628 476 
733 504 275 271 955 
714 677 326 841 971 
426 379 274 285 596 
537 394 604 440 901 
797 345 768 406 890 
700 753 790 470 395 
543 428 428 591 572 
764 609 428 432 959 
352 203 451 657 770 
825 380 362 842 784 
768 679 350 615 435 
815 663 250 357 420 
353 635 608 856 897 
724 487 604 902 684 
303 601 288 379 694 
220 646 350 523 595 
362 761 391 900 1020 
260 300 403 550 501 
797 693 611 877 894 
776 787 796 518 838 
340 791 408 450 893 
609 430 597 643 864 
590 506 720 743 413 
222 246 783 262 286 
444 738 726 645 911 
769 617 336 244 281 
563 210 644 468 645 
560 793 793 641 1008 
509 638 416 738 704 
263 521 751 468 517 
783 645 468 760 805 
685 207 649 652 640 
601 686 487 629 866 
479 250 776 776 551 
332 731 554 404 884 
376 737 495 535 925 
592 577 556 832 1026 
539 578 712 456 723 
628 382 794 650 890 
802 646 276 365 840 
767 679 422 624 1024 
606 774 226 678 267 
403 578 611 385 603 
685 772 394 844 736 
803 730 609 242 700 
451 581 794 802 523 
645 367 443 675 605 
581 738 360 523 904 
343 470 645 357 409 
620 662 533 667 902 
237 431 824 896 292 
751 546 606 300 825 
404 314 301 613 883 
207 274 719 490 671 
587 391 442 295 589 
758 776 538 546 364 
749 474 693 690 662 
457 252 785 580 634 
605 695 430 781 898 
528 329 492 375 632 
531 231 563 895 584 
746 497 461 656 677 
318 457 769 307 309 
457 551 671 722 336 
459 572 745 291 365 
495 634 753 307 466 
697 285 415 537 355 
304 254 369 330 871 
741 489 368 275 636 
