20 11 20
15 100
170 96 85 77 75 77 85 96 112 130 149 169 187 203 214 222 225 222 214 203 187 
170 129 113 103 100 103 113 129 149 174 199 225 249 270 286 296 300 296 286 270 250 
170 161 141 129 125 129 141 161 187 217 249 282 312 338 358 370 375 370 358 338 312 
170 193 170 155 150 155 170 193 224 261 299 338 374 406 429 444 450 444 429 406 375 
170 226 198 180 175 180 198 226 262 304 349 395 437 473 501 519 525 519 501 473 437 
170 258 226 206 200 206 226 258 299 348 399 451 499 541 573 593 600 593 573 541 500 
170 290 255 232 225 232 255 290 337 391 449 508 562 609 644 667 675 667 644 609 562 
170 323 283 258 250 258 283 323 374 435 499 564 624 676 716 741 750 741 716 676 625 
170 355 311 284 275 284 311 355 412 478 549 621 687 744 788 815 825 815 788 744 687 
170 387 340 310 300 310 340 387 449 522 599 677 749 812 859 889 900 889 859 812 750 
100000 6464 5669 5170 5000 5170 5669 6464 7499 8705 9999 11294 12499 13535 14330 14829 15000 14829 14330 13535 12500 
1353 1433 1482 1499 1482 1433 1353 1250 1129 1000 870 750 646 566 517 
614 484 832 617 656 
254 638 776 413 1017 
397 407 486 384 480 
622 553 725 1014 790 
623 715 575 537 718 
467 465 808 806 770 
714 384 789 923 1148 
358 657 276 498 1039 
773 243 353 350 1194 
201 598 640 353 882 
294 214 816 903 740 
771 508 850 755 821 
470 334 259 295 668 
759 814 339 720 1122 
757 261 321 634 501 
421 374 748 688 519 
717 770 673 614 573 
417 738 578 371 1010 
619 620 575 818 639 
485 664 585 404 620 
313 706 718 921 982 
676 221 273 1018 1101 
446 229 397 923 484 
459 284 799 320 672 
274 685 379 1009 376 
345 258 640 610 719 
708 668 591 576 706 
551 309 689 466 1134 
642 379 387 750 392 
678 599 363 475 449 
329 339 532 676 1148 
232 334 502 1032 928 
525 541 454 997 759 
715 499 885 305 1020 
637 440 229 496 892 
738 563 231 925 974 
538 643 851 813 737 
639 625 374 845 588 
527 343 454 654 405 
396 720 740 825 1111 
489 692 412 697 372 
689 765 847 389 958 
740 690 646 481 688 
755 796 883 517 716 
475 556 735 929 754 
262 676 860 295 448 
663 523 781 432 1075 
417 277 306 861 1181 
638 320 816 813 1126 
332 577 281 954 1036 
756 529 827 399 494 
527 249 241 965 792 
545 595 724 363 1009 
613 546 467 330 1192 
620 590 532 681 1162 
619 700 414 915 864 
636 728 605 905 694 
612 304 492 559 1135 
397 625 674 373 606 
400 500 711 632 1060 
711 633 684 698 1072 
781 501 627 584 925 
325 352 352 686 676 
542 444 270 547 972 
300 492 807 673 649 
322 779 829 480 1015 
742 740 274 973 563 
671 724 616 882 1169 
681 322 433 872 619 
462 702 642 891 989 
353 320 537 431 680 
238 641 729 565 1007 
791 460 330 368 539 
729 671 532 720 702 
459 284 771 979 610 
441 623 875 322 804 
607 647 768 635 881 
671 248 853 547 448 
362 363 687 1031 887 
290 707 378 902 1158 
625 609 864 324 403 
542 294 495 964 772 
646 665 744 483 815 
594 500 699 965 732 
217 432 670 815 1024 
778 784 274 956 359 
746 773 282 416 1189 
548 388 381 333 578 
312 545 468 402 922 
416 681 855 271 711 
304 726 319 790 517 
701 306 696 726 1017 
558 211 884 382 1169 
264 425 270 817 733 
322 771 885 551 821 
596 792 396 365 953 
620 550 340 882 303 
769 410 551 940 769 
428 796 769 341 805 
646 799 445 948 938 
