50 3 20
26 100
850 85 96 112 130 149 169 187 203 214 222 225 222 214 203 187 169 150 130 112 96 85 77 75 77 85 96 112 130 149 169 187 203 214 222 225 222 214 203 187 169 150 130 112 96 85 77 75 77 85 96 
850 113 129 149 174 199 225 249 270 286 296 300 296 286 270 250 225 200 174 150 129 113 103 100 103 113 129 149 174 199 225 249 270 286 296 300 296 286 270 250 225 200 174 150 129 113 103 100 103 113 129 
100000 5669 6464 7499 8705 9999 11294 12499 13535 14330 14829 15000 14829 14330 13535 12500 11294 10000 8705 7500 6464 5669 5170 5000 5170 5669 6464 7499 8705 9999 11294 12499 13535 14330 14829 15000 14829 14330 13535 12500 11294 10000 8705 7500 6464 5669 5170 5000 5170 5669 6464 
1433 1353 1250 1129 1000 870 750 646 566 517 500 517 566 646 749 870 999 1129 1249 1353 1433 1482 1499 1482 1433 1353 
1250 1118 865 815 709 586 495 507 483 463 453 610 856 939 1028 966 1071 1459 1608 1347 1606 1774 1236 1495 
1431 1184 882 782 639 718 557 516 563 416 468 550 719 844 1071 1298 1022 1542 1260 1348 1781 1619 1480 1126 
1253 1221 985 799 737 646 634 437 516 473 505 689 836 697 978 1287 1467 1524 1258 1294 1645 1351 1255 1581 
1383 1026 1056 817 872 608 594 528 487 528 676 666 892 802 817 995 1225 1340 1582 1374 1455 1317 1504 1144 
1420 1200 1186 706 776 519 662 565 581 473 626 525 623 735 1116 903 1171 1495 1472 1327 1556 1225 1518 1363 
1359 990 1015 962 636 766 486 537 474 576 539 622 740 965 869 981 1319 1156 1483 1776 1328 1499 1308 1401 
1240 1043 809 915 604 626 556 472 495 601 653 718 686 953 898 1050 1102 1585 1166 1346 1354 1591 1336 1523 
1486 1140 1096 740 723 539 542 455 590 548 621 600 687 1035 959 1102 1331 1394 1553 1403 1610 1193 1299 1102 
1429 1022 848 974 653 732 653 612 553 544 552 654 629 782 997 1102 1347 1464 1549 1243 1686 1363 1439 1430 
1025 1175 1013 952 724 575 597 454 540 505 549 616 837 794 959 1184 1359 1142 1419 1504 1228 1442 1186 1422 
1250 1292 1000 1031 693 759 661 468 453 593 557 600 878 971 1149 1347 1470 1408 1329 1568 1206 1215 1467 1375 
1189 934 908 933 714 525 609 579 599 615 522 552 861 834 1134 1085 1389 1478 1251 1649 1206 1234 1490 1243 
1315 1049 1114 839 625 551 482 447 426 433 637 706 768 840 805 1229 1331 1288 1653 1227 1750 1281 1478 1554 
1447 903 800 1038 840 632 572 569 532 552 540 707 781 870 1184 1206 1105 1215 1542 1583 1437 1723 1606 1551 
1406 1295 1041 841 664 691 578 454 553 614 634 521 833 766 981 1217 1390 1177 1305 1713 1511 1233 1153 1595 
1345 920 835 937 609 725 659 502 521 558 549 532 862 820 902 1192 1200 1297 1178 1301 1656 1558 1308 1175 
1284 1280 886 820 630 716 528 539 498 509 631 573 889 830 908 1049 1028 1416 1653 1242 1412 1536 1309 1170 
1314 1130 1138 711 874 770 454 611 490 437 578 737 896 852 821 1344 1191 1616 1232 1713 1218 1708 1682 1184 
1003 1270 855 989 734 706 526 507 428 617 643 597 825 863 1082 1151 1352 1601 1273 1361 1283 1748 1384 1138 
1481 1143 858 890 724 645 460 490 430 612 662 732 690 732 861 1319 1232 1084 1313 1755 1274 1374 1470 1167 
1219 1249 1105 988 862 536 622 569 537 516 529 594 791 837 1113 1331 1013 1194 1470 1677 1438 1777 1520 1456 
1486 990 825 758 668 685 647 560 522 498 522 734 856 909 986 1091 1423 1486 1642 1426 1543 1634 1442 1463 
1007 971 1198 973 770 690 631 539 576 548 590 611 782 908 1178 1290 1016 1209 1472 1710 1245 1363 1198 1240 
1292 1182 994 833 728 687 598 444 467 593 619 757 896 821 1046 1008 1128 1595 1691 1273 1286 1355 1314 1607 
1170 926 1147 966 865 736 505 476 576 602 574 773 828 762 1065 1133 1033 1578 1655 1567 1305 1338 1318 1544 
1497 958 1098 822 619 710 556 440 406 442 480 654 892 1025 1033 944 1280 1571 1687 1274 1486 1425 1254 1479 
1056 1038 867 892 896 654 473 509 569 553 502 534 883 707 831 969 1217 1217 1615 1416 1424 1329 1692 1092 
1148 1053 897 708 844 599 659 513 446 517 652 656 789 805 929 1258 1202 1404 1253 1509 1618 1266 1665 1375 
1364 1172 827 978 738 608 504 446 519 498 579 527 708 1016 1045 969 1009 1341 1665 1563 1592 1610 1399 1223 
1051 1044 830 797 775 525 628 529 587 593 580 638 886 1000 954 1046 1412 1521 1483 1641 1230 1281 1253 1528 
1461 1195 1096 746 884 725 674 422 444 568 656 521 662 928 1042 975 1459 1201 1475 1341 1753 1398 1439 1084 
1088 1212 1062 711 647 768 590 482 445 599 559 662 825 914 1019 906 1440 1233 1289 1579 1509 1743 1395 1096 
1195 1027 1197 801 831 602 629 507 539 547 602 751 689 780 1172 1001 1032 1403 1581 1553 1586 1298 1651 1487 
1025 1245 934 828 838 706 537 528 580 439 518 755 675 797 976 1187 1140 1507 1198 1559 1464 1681 1341 1479 
1204 1153 1154 784 764 639 631 533 507 517 668 655 805 1008 1050 1294 1422 1263 1447 1586 1474 1600 1645 1186 
1326 1195 817 934 865 667 472 591 415 429 614 679 819 844 865 1145 1000 1245 1419 1617 1298 1327 1436 1513 
1232 1322 946 811 849 771 569 525 478 467 499 717 686 793 1004 1035 1365 1586 1542 1259 1682 1756 1157 1280 
1467 1089 1158 961 764 658 545 599 568 498 467 743 646 889 1166 1255 1459 1143 1627 1672 1582 1601 1187 1324 
1438 1058 1150 813 816 767 554 524 536 529 631 688 753 896 1129 1105 1453 1485 1409 1494 1532 1647 1561 1485 
1246 978 1131 1028 682 666 522 507 573 417 660 538 834 801 1051 1011 1212 1589 1320 1591 1234 1212 1340 1319 
1214 1069 801 936 750 773 604 615 445 588 597 656 864 912 1134 979 1443 1153 1166 1423 1578 1650 1633 1289 
1098 997 888 795 762 683 597 533 404 451 618 524 842 870 1028 1239 1033 1111 1327 1271 1487 1483 1374 1169 
1490 1044 831 885 675 569 563 534 573 517 655 557 797 706 992 1041 1074 1392 1294 1426 1580 1532 1354 1101 
1405 971 1009 893 731 740 637 562 405 553 559 771 891 809 1199 994 1077 1312 1296 1301 1471 1680 1575 1496 
1053 1071 1127 1009 744 643 466 527 418 615 567 727 742 808 1194 1289 1374 1515 1271 1432 1480 1706 1695 1237 
1310 921 1149 879 691 685 543 583 409 597 505 726 658 843 1103 1226 1201 1530 1201 1260 1584 1454 1679 1241 
1357 1231 1179 957 827 660 457 542 533 597 650 643 884 712 991 932 1478 1577 1657 1578 1778 1526 1532 1443 
1029 1121 1093 1025 701 726 623 513 467 614 648 546 660 705 1169 1228 1269 1609 1702 1569 1470 1514 1228 1516 
1334 1214 1127 762 696 540 475 469 447 451 554 761 693 1012 1053 1166 1436 1362 1582 1696 1501 1737 1447 1508 
1166 1252 1002 964 668 692 597 424 572 606 589 609 642 728 968 948 1472 1424 1633 1190 1589 1325 1647 1343 
1209 1271 814 888 813 741 625 572 596 461 543 740 612 1005 913 1158 1029 1531 1394 1384 1589 1582 1221 1329 
1021 909 864 781 833 581 647 575 583 576 608 769 666 839 1059 1045 1133 1494 1229 1267 1797 1555 1445 1513 
1311 920 838 877 721 743 635 486 446 614 496 769 743 826 818 1266 1080 1528 1304 1269 1659 1246 1334 1520 
1404 1013 1146 705 760 593 652 605 552 553 674 653 696 955 841 1142 1026 1422 1340 1631 1720 1779 1160 1399 
1387 1256 1197 788 727 634 456 484 414 419 510 565 734 794 1183 1291 1265 1270 1167 1298 1586 1342 1609 1317 
1450 1156 1039 810 721 644 556 596 446 617 590 721 787 1025 804 1231 1186 1589 1489 1476 1726 1735 1422 1196 
1412 949 1140 890 892 620 627 464 400 584 581 695 870 759 834 985 1429 1211 1417 1411 1278 1198 1566 1351 
1430 1017 1116 704 687 658 510 479 476 511 584 750 673 725 1176 1287 1219 1595 1386 1207 1503 1403 1591 1446 
1404 1262 1021 1014 616 543 607 600 506 565 524 542 756 844 864 1008 1394 1333 1699 1608 1647 1315 1358 1548 
1062 1315 1174 969 813 598 560 469 418 495 544 643 854 895 975 1315 1117 1413 1279 1330 1635 1669 1266 1479 
1235 1145 946 938 629 690 498 538 564 451 564 665 706 788 882 1178 1277 1211 1234 1437 1389 1650 1549 1198 
1324 1162 888 767 725 759 561 477 540 543 616 718 683 795 1062 961 1073 1455 1171 1340 1572 1436 1211 1104 
1446 1353 1021 784 778 532 510 458 461 575 576 761 734 1039 858 983 1297 1163 1468 1248 1555 1698 1189 1192 
1271 1275 861 1016 609 765 549 545 528 580 665 706 652 939 1183 924 1288 1555 1172 1575 1210 1253 1426 1224 
1053 1339 808 711 811 564 652 477 461 507 674 734 736 704 981 988 1090 1233 1269 1681 1729 1750 1601 1377 
1339 1329 873 951 799 633 651 458 408 501 639 561 784 1041 1029 1198 1287 1581 1291 1508 1265 1615 1499 1191 
1369 1124 1167 957 868 530 639 470 534 530 680 724 682 729 1101 1087 1025 1265 1301 1359 1601 1779 1591 1167 
1165 912 931 958 763 553 549 600 476 617 490 748 817 766 876 1139 1231 1501 1219 1603 1244 1252 1544 1582 
1308 1346 915 844 766 747 496 508 480 419 483 626 799 809 988 1013 1008 1504 1515 1715 1342 1518 1235 1238 
1397 937 1119 868 790 655 530 530 415 435 538 727 692 806 1042 1321 1229 1451 1255 1612 1626 1362 1408 1561 
1203 1063 1068 903 790 586 467 472 452 506 643 635 863 822 971 1292 1304 1588 1507 1726 1380 1716 1674 1424 
1005 991 1050 706 681 527 492 456 429 550 484 535 740 844 937 1336 1150 1263 1526 1235 1233 1525 1604 1111 
1115 968 1096 834 677 572 479 490 483 464 488 765 684 874 997 1047 1341 1151 1448 1542 1576 1251 1451 1333 
1094 1195 913 728 832 543 539 434 562 598 678 558 672 987 906 1206 1439 1611 1193 1388 1207 1564 1377 1103 
1148 1190 1169 937 705 610 510 552 409 572 523 624 895 995 878 1214 1028 1522 1299 1378 1597 1354 1461 1491 
1220 908 925 769 625 596 672 600 425 526 454 535 665 762 889 986 1423 1378 1679 1309 1783 1614 1354 1197 
1261 1347 813 771 680 530 504 534 598 502 530 732 737 831 940 983 1069 1452 1168 1587 1289 1527 1294 1250 
1197 1039 1179 989 711 656 474 576 520 615 535 616 646 906 1062 1277 1130 1506 1293 1594 1465 1605 1612 1533 
1078 1059 1154 929 724 637 512 430 469 584 622 751 649 738 1074 1020 1268 1522 1667 1547 1658 1406 1315 1557 
1414 947 1097 862 806 533 613 531 568 474 455 628 787 966 893 1016 1098 1281 1320 1311 1603 1338 1459 1178 
1204 1354 1171 999 863 713 609 588 422 592 471 547 655 776 987 1263 1348 1499 1404 1516 1641 1419 1299 1237 
1145 1201 878 969 767 697 490 581 429 516 514 614 786 742 988 1155 1188 1104 1222 1630 1364 1742 1516 1437 
1036 1114 1144 998 613 561 578 491 562 597 587 742 850 753 848 978 1261 1487 1358 1519 1481 1680 1367 1387 
1363 929 948 948 791 749 650 618 432 529 561 619 658 1022 945 1096 1395 1476 1288 1746 1711 1391 1203 1593 
1075 1198 907 718 669 560 511 440 422 581 646 678 689 968 1143 1075 1002 1453 1219 1422 1302 1467 1193 1118 
1049 1039 1009 933 692 750 651 533 497 535 587 710 619 840 800 1011 1166 1442 1274 1325 1574 1323 1401 1141 
1239 1334 896 817 690 658 493 545 490 456 537 771 674 858 924 1001 1420 1297 1469 1600 1486 1668 1514 1407 
1012 1109 1094 896 699 740 574 452 461 608 643 759 679 1005 881 995 1207 1365 1331 1766 1229 1556 1357 1477 
1176 1078 1199 772 692 667 518 543 533 514 505 742 741 784 854 1058 1031 1457 1448 1232 1245 1300 1617 1378 
1192 1255 1009 697 733 762 477 558 402 484 523 729 825 1009 852 1117 1295 1372 1223 1528 1470 1753 1348 1094 
1076 1230 1007 1008 628 549 631 448 523 617 613 677 751 1034 1065 1101 1329 1357 1430 1337 1400 1732 1422 1618 
1481 1280 991 821 602 643 539 493 566 417 592 709 608 810 1172 1032 1097 1417 1251 1543 1587 1300 1312 1605 
1482 1175 862 861 881 714 617 570 559 433 654 544 670 812 1001 1049 1102 1095 1262 1297 1752 1421 1261 1536 
1029 1183 1152 1027 787 540 526 418 490 582 563 685 835 875 935 936 1474 1354 1471 1733 1536 1750 1208 1317 
1106 1204 910 700 650 752 594 513 597 496 523 744 765 730 872 939 1243 1514 1296 1296 1459 1326 1668 1600 
1061 1217 932 743 827 714 605 421 527 482 547 574 752 837 929 1174 1301 1542 1475 1675 1719 1557 1374 1249 
1138 1208 1148 936 837 763 478 442 572 577 585 591 885 754 1103 983 1059 1559 1603 1211 1210 1423 1444 1232 
1186 1042 949 848 708 531 586 539 575 421 517 774 635 924 1078 937 1275 1290 1326 1269 1559 1495 1168 1412 
1061 1192 875 1014 635 611 573 481 521 538 680 669 652 950 983 1175 1089 1598 1179 1280 1201 1370 1452 1592 
1213 1136 847 932 752 557 513 581 594 496 670 645 775 959 1099 1035 1228 1091 1340 1407 1669 1759 1615 1420 
