5 6 20
4 100
340 150 130 112 96 85 
340 200 174 150 129 113 
340 250 217 187 161 141 
340 300 261 225 193 170 
340 350 304 262 226 198 
100000 10000 8705 7500 6464 5669 
1000 1129 1249 1353 
1497 
1447 
1361 
1484 
1393 
1419 
1400 
1397 
1436 
1466 
1453 
1362 
1367 
1479 
1424 
1417 
1449 
1474 
1504 
1498 
1430 
1457 
1402 
1493 
1365 
1465 
1363 
1409 
1390 
1408 
1462 
1379 
1387 
1439 
1491 
1489 
1493 
1474 
1376 
1441 
1365 
1438 
1418 
1456 
1479 
1448 
1450 
1427 
1482 
1490 
1487 
1446 
1469 
1387 
1391 
1436 
1488 
1465 
1419 
1431 
1411 
1425 
1443 
1373 
1499 
1414 
1445 
1414 
1502 
1497 
1501 
1444 
1478 
1394 
1412 
1386 
1456 
1400 
1503 
1436 
1424 
1480 
1447 
1483 
1466 
1478 
1363 
1466 
1396 
1409 
1458 
1478 
1431 
1365 
1469 
1504 
1375 
1420 
1473 
1476 
