10 11 20
6 100
170 75 77 85 96 112 130 149 169 187 203 
170 100 103 113 129 149 174 199 225 249 270 
170 125 129 141 161 187 217 249 282 312 338 
170 150 155 170 193 224 261 299 338 374 406 
170 175 180 198 226 262 304 349 395 437 473 
170 200 206 226 258 299 348 399 451 499 541 
170 225 232 255 290 337 391 449 508 562 609 
170 250 258 283 323 374 435 499 564 624 676 
170 275 284 311 355 412 478 549 621 687 744 
170 300 310 340 387 449 522 599 677 749 812 
100000 5000 5170 5669 6464 7499 8705 9999 11294 12499 13535 
1499 1482 1433 1353 1250 1129 
1117 727 682 740 
827 992 879 523 
943 741 650 650 
828 754 725 531 
962 937 885 772 
995 860 780 743 
1140 926 630 631 
831 976 733 608 
1101 990 668 525 
987 1032 750 517 
843 914 613 758 
848 914 770 759 
1197 879 831 574 
1068 805 832 697 
838 905 857 679 
1057 786 896 758 
1045 959 633 566 
1017 743 794 775 
1014 1008 660 710 
927 926 878 618 
915 1036 755 606 
879 722 691 536 
1109 1019 726 642 
1166 868 749 693 
1104 845 862 583 
913 748 830 669 
1067 903 724 612 
871 866 778 738 
1087 874 765 520 
1143 749 827 535 
983 923 750 685 
1080 986 825 523 
1067 758 689 677 
908 699 778 596 
1054 729 691 691 
1120 885 606 708 
1124 802 625 607 
811 752 612 700 
1130 876 790 580 
960 983 858 609 
1163 713 604 553 
1070 1023 662 691 
1062 868 703 521 
1155 861 899 626 
871 785 651 762 
1071 1022 721 771 
1055 1034 664 737 
804 776 689 527 
858 975 750 553 
909 829 609 558 
815 908 851 572 
1093 751 796 581 
1013 1039 810 741 
950 879 733 739 
1101 761 742 653 
849 705 858 620 
853 1012 622 626 
970 1044 850 574 
876 1032 882 661 
888 933 742 655 
1072 985 725 681 
912 766 630 586 
851 716 745 722 
1168 841 811 709 
1090 893 868 580 
835 928 818 586 
1044 980 796 724 
1133 820 683 662 
1007 990 871 583 
859 853 797 545 
1123 763 651 681 
871 982 696 603 
1147 937 890 606 
1124 866 649 694 
1158 741 844 562 
1057 943 668 668 
815 975 777 568 
930 1038 821 583 
1172 1017 687 651 
907 1001 764 623 
1040 1015 643 755 
1095 966 883 732 
1092 904 633 611 
927 867 852 731 
930 764 823 618 
1100 948 694 658 
1094 797 737 613 
862 847 770 563 
820 903 635 684 
1043 720 663 525 
1158 913 621 656 
847 926 888 640 
1024 779 745 580 
1185 981 810 720 
1017 720 635 669 
958 896 871 727 
980 974 727 687 
1101 738 734 664 
907 813 619 602 
1160 838 838 696 
