20 11 20
7 100
170 130 149 169 187 203 214 222 225 222 214 203 187 169 150 130 112 96 85 77 75 
170 174 199 225 249 270 286 296 300 296 286 270 250 225 200 174 150 129 113 103 100 
170 217 249 282 312 338 358 370 375 370 358 338 312 282 250 217 187 161 141 129 125 
170 261 299 338 374 406 429 444 450 444 429 406 375 338 300 261 225 193 170 155 150 
170 304 349 395 437 473 501 519 525 519 501 473 437 395 350 304 262 226 198 180 175 
170 348 399 451 499 541 573 593 600 593 573 541 500 451 400 348 300 258 226 206 200 
170 391 449 508 562 609 644 667 675 667 644 609 562 508 450 391 337 290 255 232 225 
170 435 499 564 624 676 716 741 750 741 716 676 625 564 500 435 375 323 283 258 250 
170 478 549 621 687 744 788 815 825 815 788 744 687 621 550 478 412 355 311 284 275 
170 522 599 677 749 812 859 889 900 889 859 812 750 677 600 522 450 387 340 310 300 
100000 8705 9999 11294 12499 13535 14330 14829 15000 14829 14330 13535 12500 11294 10000 8705 7500 6464 5669 5170 5000 
1129 1000 870 750 646 566 517 
521 523 517 625 755 749 1014 1266 1178 1234 1340 1451 1479 
459 591 540 661 640 891 1165 984 1144 1129 1307 1530 1542 
560 502 525 689 620 885 990 1297 1426 1432 1601 1226 1636 
580 536 525 753 872 982 846 1092 1317 1113 1569 1711 1369 
566 547 502 712 635 852 1040 1331 1138 1269 1166 1552 1434 
512 596 678 586 819 922 1154 1334 1334 1345 1458 1275 1524 
514 592 528 747 882 808 1164 1111 1417 1197 1344 1377 1342 
502 508 511 671 610 996 1136 1087 1039 1524 1299 1590 1414 
474 471 673 613 640 793 1179 1333 1245 1624 1290 1304 1584 
554 529 580 596 842 904 879 1087 1262 1146 1417 1547 1370 
487 543 460 682 803 876 800 1104 1117 1361 1246 1712 1579 
473 594 639 597 655 1038 987 1116 1143 1223 1647 1510 1297 
475 440 549 568 772 981 1182 1106 1114 1438 1695 1277 1327 
559 441 493 616 826 762 872 915 1223 1400 1509 1546 1370 
425 515 610 729 874 927 940 1303 1401 1122 1675 1606 1745 
490 504 675 596 796 904 926 1122 1334 1410 1219 1572 1228 
544 479 568 517 871 973 1018 1288 1148 1245 1433 1219 1211 
491 419 580 524 770 770 1053 1090 1049 1614 1149 1760 1391 
412 493 541 539 754 774 1181 1001 1238 1534 1712 1436 1332 
529 619 523 536 834 974 939 1053 1350 1351 1347 1632 1253 
524 487 614 717 703 862 1050 1273 1005 1386 1573 1516 1753 
453 592 628 693 728 735 1098 1323 1090 1283 1365 1675 1746 
482 443 484 608 714 698 901 1331 1342 1154 1709 1659 1737 
511 509 526 719 746 716 1178 906 1273 1373 1671 1570 1568 
489 537 475 643 883 812 977 963 1494 1203 1677 1578 1328 
577 530 644 605 790 891 910 1111 1490 1368 1174 1187 1238 
442 618 639 734 817 804 852 1170 1464 1530 1568 1576 1238 
498 477 666 562 730 740 823 1124 1125 1142 1537 1353 1650 
485 620 535 743 787 967 1103 913 1257 1623 1551 1475 1663 
504 518 502 642 828 828 1059 1158 1419 1565 1600 1388 1304 
410 479 496 771 804 991 1008 1211 1058 1181 1147 1537 1732 
531 480 459 628 716 829 841 1104 1287 1191 1357 1761 1574 
490 535 635 593 874 972 931 1164 1349 1584 1355 1499 1562 
434 437 632 631 704 980 803 1207 1200 1192 1637 1299 1438 
464 600 591 529 863 706 1153 999 1303 1409 1510 1377 1710 
434 616 506 747 853 788 982 960 1053 1332 1283 1616 1363 
540 508 632 600 795 974 1076 1043 1078 1198 1502 1229 1792 
413 614 558 517 602 914 1132 1174 1489 1512 1691 1663 1425 
481 442 634 723 829 957 908 1065 1217 1524 1393 1218 1240 
597 415 480 564 765 735 1143 1142 1359 1207 1686 1264 1724 
465 533 584 538 676 906 1068 1120 1206 1568 1179 1678 1774 
424 589 669 624 675 1023 888 927 1431 1088 1642 1674 1581 
577 477 512 532 693 774 863 1261 1356 1396 1348 1579 1264 
464 512 626 695 899 717 1040 998 1477 1469 1616 1638 1438 
577 494 460 775 872 971 1048 1021 1376 1158 1478 1417 1389 
544 546 650 662 875 824 981 1082 1476 1471 1622 1540 1499 
433 542 601 655 888 1042 1131 1123 1313 1371 1358 1221 1360 
540 430 636 727 742 776 1127 1251 1236 1116 1476 1529 1349 
554 492 492 775 690 822 1132 1068 1384 1364 1678 1527 1755 
556 550 600 629 756 814 1140 1056 1261 1281 1251 1515 1720 
495 415 624 695 699 934 978 1036 1021 1229 1505 1526 1673 
434 585 506 524 842 1020 1101 1110 1052 1376 1490 1372 1213 
467 538 466 725 648 698 845 990 1127 1169 1540 1376 1480 
458 475 567 710 711 730 1056 1271 1239 1401 1405 1378 1629 
563 470 534 533 792 911 1045 993 1086 1204 1226 1608 1792 
564 600 616 562 696 732 925 1294 1324 1382 1621 1348 1767 
585 498 659 609 689 986 1199 952 1375 1095 1568 1268 1448 
461 511 663 724 842 831 1119 1241 1479 1514 1399 1689 1582 
529 570 601 740 693 999 1032 1140 1130 1334 1590 1252 1642 
432 585 665 772 653 944 1109 984 1488 1445 1409 1520 1268 
514 475 457 523 721 1008 1007 1339 1190 1215 1531 1651 1450 
531 595 639 615 719 778 1030 1314 1296 1487 1390 1299 1369 
597 424 566 562 821 993 1144 911 1386 1092 1548 1218 1386 
501 574 583 589 794 797 1193 1342 1275 1337 1368 1283 1254 
504 443 530 687 678 821 823 1089 1124 1521 1204 1302 1698 
445 510 668 745 728 987 1085 1181 1152 1373 1161 1350 1221 
541 596 479 676 798 708 971 935 1026 1492 1174 1411 1215 
581 435 580 727 724 839 1153 1346 1475 1254 1535 1701 1203 
475 564 522 534 800 933 895 968 1052 1334 1338 1386 1557 
441 445 608 619 767 1041 1196 1116 1482 1623 1649 1334 1674 
530 567 585 725 645 1008 906 1351 1459 1362 1706 1263 1601 
547 609 489 585 754 773 1088 1293 1251 1553 1695 1494 1622 
594 602 625 528 814 904 914 1196 1239 1165 1377 1777 1322 
413 451 615 759 882 725 871 1296 1381 1619 1537 1607 1281 
477 490 622 641 795 934 976 1186 1076 1337 1659 1656 1303 
513 420 546 595 602 986 1114 1072 1298 1351 1155 1501 1239 
564 453 574 657 809 804 1155 1147 1015 1556 1659 1282 1766 
536 459 635 671 812 715 804 1119 1307 1354 1564 1491 1690 
445 555 640 671 609 729 984 994 1186 1301 1162 1451 1501 
469 505 619 574 887 959 1198 1337 1393 1265 1446 1277 1243 
454 441 594 530 698 930 1181 952 1153 1228 1471 1216 1307 
478 509 488 716 629 812 895 1092 1244 1126 1429 1408 1694 
469 465 536 584 645 851 838 1219 1122 1599 1185 1608 1339 
514 527 672 542 846 721 880 1003 1141 1197 1233 1457 1642 
422 501 539 718 754 965 926 963 1321 1505 1264 1431 1706 
473 607 571 582 640 769 957 1077 1481 1379 1364 1759 1753 
508 594 647 736 873 861 963 1200 1251 1310 1210 1652 1668 
490 589 633 760 856 914 1020 1003 1457 1145 1710 1484 1480 
569 595 637 723 718 934 1110 1173 1211 1498 1552 1281 1736 
431 475 592 599 647 911 929 1075 1428 1325 1286 1648 1798 
518 498 592 556 658 798 881 1209 1372 1213 1503 1457 1654 
545 591 641 731 784 1004 1094 944 1077 1356 1444 1585 1776 
471 488 519 684 855 976 1004 1067 1208 1280 1629 1754 1759 
532 452 671 678 619 967 851 1050 1151 1201 1571 1430 1226 
532 502 513 737 828 929 1048 1151 1246 1472 1499 1430 1447 
445 603 500 637 644 952 994 1324 1158 1134 1240 1544 1351 
439 579 634 656 667 899 908 1092 1202 1341 1528 1685 1630 
500 529 616 533 780 939 1017 1006 1044 1383 1226 1502 1284 
549 568 555 585 739 749 831 1027 1223 1138 1603 1596 1585 
538 611 467 554 892 1019 859 1109 1246 1296 1432 1624 1776 
