20 2 20
11 100
1700 112 96 85 77 75 77 85 96 112 130 149 169 187 203 214 222 225 222 214 203 
100000 7500 6464 5669 5170 5000 5170 5669 6464 7499 8705 9999 11294 12499 13535 14330 14829 15000 14829 14330 13535 
1249 1353 1433 1482 1499 1482 1433 1353 1250 1129 1000 
749 531 301 495 640 642 531 709 464 
864 1120 630 514 724 700 686 719 504 
807 426 271 496 754 249 467 474 924 
672 1120 605 688 450 656 461 808 952 
869 743 762 618 626 220 566 756 334 
1008 592 698 753 307 211 654 429 672 
761 474 930 555 667 263 621 426 374 
1261 1079 835 238 571 713 308 415 405 
426 1125 503 634 229 296 241 453 900 
602 456 833 752 544 745 478 581 375 
814 334 424 342 417 662 218 258 976 
434 923 819 388 711 456 817 455 290 
1067 1043 699 363 360 325 643 596 387 
362 680 692 839 561 266 482 427 716 
826 476 751 790 705 474 536 474 804 
1052 1019 879 703 624 256 360 734 464 
868 682 458 866 698 644 382 412 736 
1045 943 355 395 383 238 348 377 502 
1098 531 634 564 326 782 421 668 502 
906 1102 465 782 573 279 815 447 420 
934 972 397 402 434 247 261 467 265 
562 350 971 484 488 549 514 403 839 
940 1084 502 585 780 277 399 867 533 
571 1018 787 388 269 786 375 324 389 
1343 451 953 819 271 510 628 421 880 
1297 436 768 331 810 217 523 261 381 
477 691 394 601 376 280 354 260 394 
1217 424 857 603 594 357 214 672 947 
1032 849 662 442 380 238 222 698 309 
590 417 1027 901 813 407 761 841 718 
1218 592 482 451 304 253 662 856 359 
570 551 576 718 257 425 263 575 1007 
1075 319 759 242 505 688 679 491 776 
499 1082 585 570 691 582 657 823 633 
401 324 298 652 788 494 258 823 489 
975 817 866 858 305 215 580 431 676 
850 501 381 732 643 520 715 496 715 
401 869 450 246 324 537 374 884 1024 
747 1188 913 668 471 234 302 724 560 
1172 605 527 308 576 645 320 839 309 
1204 964 383 683 424 532 275 746 924 
1233 521 965 876 420 329 326 790 784 
1389 787 730 361 737 630 704 575 320 
371 781 752 848 414 695 252 706 696 
958 898 805 311 565 546 515 574 320 
605 782 704 495 603 643 581 247 772 
1011 998 777 278 824 268 653 733 617 
869 865 701 298 742 605 810 495 370 
863 492 690 294 208 479 690 610 1032 
1312 509 464 294 720 426 681 425 829 
903 872 845 828 305 485 348 893 925 
1209 845 480 567 582 200 400 572 394 
1367 1190 826 609 318 583 762 240 333 
985 369 607 307 768 314 715 697 767 
1351 434 815 752 398 304 795 658 793 
622 832 373 415 644 709 222 578 986 
960 854 1027 788 758 288 250 615 789 
1098 593 544 345 750 296 439 421 362 
1015 394 934 405 809 701 736 712 753 
480 354 260 640 226 769 456 653 344 
1335 1016 289 792 594 216 286 534 598 
956 665 1015 370 810 727 381 319 753 
1077 314 619 717 332 407 608 609 892 
504 385 462 738 686 391 288 234 963 
1041 662 750 710 403 216 629 731 934 
1305 1112 905 292 482 540 493 362 723 
800 960 443 616 394 540 793 352 385 
534 900 993 466 481 573 289 720 454 
596 916 504 523 660 383 470 473 804 
960 858 880 855 516 577 290 264 347 
940 777 661 819 516 296 350 401 859 
398 672 437 311 611 330 360 896 867 
720 485 263 865 516 309 356 655 722 
648 1143 924 848 509 473 364 854 835 
600 323 921 423 416 383 236 512 570 
1350 1082 744 705 510 440 454 262 334 
995 817 380 576 379 530 422 694 431 
574 441 970 471 793 629 544 885 642 
807 986 741 327 807 610 455 873 904 
571 854 558 777 732 677 407 527 1024 
463 836 798 818 820 221 333 685 355 
698 381 1000 634 543 694 789 454 707 
431 1032 733 613 256 556 730 489 545 
1039 615 419 574 549 402 483 674 352 
1192 1115 627 664 586 495 443 888 545 
684 821 508 549 576 701 701 838 295 
861 513 276 455 621 491 332 376 354 
1058 566 913 740 596 722 208 355 967 
664 942 603 751 512 761 291 476 585 
1186 459 689 394 314 476 648 351 953 
853 960 927 621 444 686 463 397 531 
398 1166 818 845 543 665 216 894 1034 
1161 941 468 566 612 511 761 553 444 
1341 950 695 532 479 463 383 523 817 
1116 618 426 804 615 502 493 686 682 
928 931 363 591 687 576 326 296 344 
1123 1006 735 517 238 561 429 430 289 
410 301 639 650 389 783 633 443 674 
1106 827 523 702 424 768 732 583 643 
1057 333 367 289 556 409 430 781 819 
