10 11 20
6 10
170 96 112 130 149 169 187 203 214 222 225 
170 129 149 174 199 225 249 270 286 296 300 
170 161 187 217 249 282 312 338 358 370 375 
170 193 224 261 299 338 374 406 429 444 450 
170 226 262 304 349 395 437 473 501 519 525 
170 258 299 348 399 451 499 541 573 593 600 
170 290 337 391 449 508 562 609 644 667 675 
170 323 374 435 499 564 624 676 716 741 750 
170 355 412 478 549 621 687 744 788 815 825 
170 387 449 522 599 677 749 812 859 889 900 
100000 6464 7499 8705 9999 11294 12499 13535 14330 14829 15000 
1353 1250 1129 1000 870 750 
769 606 551 526 
735 582 579 591 
570 662 421 493 
670 494 504 462 
546 644 537 595 
517 602 495 584 
528 507 522 576 
536 555 576 576 
596 530 532 518 
677 462 536 420 
