50 11 20
16 50
170 85 77 75 77 85 96 112 130 149 169 187 203 214 222 225 222 214 203 187 169 150 130 112 96 85 77 75 77 85 96 112 130 149 169 187 203 214 222 225 222 214 203 187 169 150 130 112 96 85 77 
170 113 103 100 103 113 129 149 174 199 225 249 270 286 296 300 296 286 270 250 225 200 174 150 129 113 103 100 103 113 129 149 174 199 225 249 270 286 296 300 296 286 270 250 225 200 174 150 129 113 103 
170 141 129 125 129 141 161 187 217 249 282 312 338 358 370 375 370 358 338 312 282 250 217 187 161 141 129 125 129 141 161 187 217 249 282 312 338 358 370 375 370 358 338 312 282 250 217 187 161 141 129 
170 170 155 150 155 170 193 224 261 299 338 374 406 429 444 450 444 429 406 375 338 300 261 225 193 170 155 150 155 170 193 224 261 299 338 374 406 429 444 450 444 429 406 375 338 300 261 225 193 170 155 
170 198 180 175 180 198 226 262 304 349 395 437 473 501 519 525 519 501 473 437 395 350 304 262 226 198 180 175 180 198 226 262 304 349 395 437 473 501 519 525 519 501 473 437 395 350 304 262 226 198 180 
170 226 206 200 206 226 258 299 348 399 451 499 541 573 593 600 593 573 541 500 451 400 348 300 258 226 206 200 206 226 258 299 348 399 451 499 541 573 593 600 593 573 541 500 451 400 348 300 258 226 206 
170 255 232 225 232 255 290 337 391 449 508 562 609 644 667 675 667 644 609 562 508 450 391 337 290 255 232 225 232 255 290 337 391 449 508 562 609 644 667 675 667 644 609 562 508 450 391 337 290 255 232 
170 283 258 250 258 283 323 374 435 499 564 624 676 716 741 750 741 716 676 625 564 500 435 375 323 283 258 250 258 283 323 374 435 499 564 624 676 716 741 750 741 716 676 625 564 500 435 375 323 283 258 
170 311 284 275 284 311 355 412 478 549 621 687 744 788 815 825 815 788 744 687 621 550 478 412 355 311 284 275 284 311 355 412 478 549 621 687 744 788 815 825 815 788 744 687 621 550 478 412 355 311 284 
170 340 310 300 310 340 387 449 522 599 677 749 812 859 889 900 889 859 812 750 677 600 522 450 387 340 310 300 310 340 387 449 522 599 677 749 812 859 889 900 889 859 812 750 677 600 522 450 387 340 310 
100000 5669 5170 5000 5170 5669 6464 7499 8705 9999 11294 12499 13535 14330 14829 15000 14829 14330 13535 12500 11294 10000 8705 7500 6464 5669 5170 5000 5170 5669 6464 7499 8705 9999 11294 12499 13535 14330 14829 15000 14829 14330 13535 12500 11294 10000 8705 7500 6464 5669 5170 
1433 1482 1499 1482 1433 1353 1250 1129 1000 870 750 646 566 517 500 517 
521 627 821 841 808 1052 1195 1463 1376 1521 1403 1539 1407 1277 1282 1180 1088 827 833 527 595 613 507 599 561 665 860 874 1060 1162 1333 1421 1183 1304 
629 670 763 980 815 1149 1095 1211 1280 1198 1368 1379 1225 1131 1444 1159 1068 813 820 743 541 569 481 475 494 768 758 1012 1026 1274 1484 1355 1356 1582 
613 633 634 872 960 1032 1047 1240 1332 1405 1369 1445 1528 1222 1041 908 1159 712 655 654 504 492 476 593 618 617 814 778 926 983 1372 1456 1190 1325 
532 558 624 806 1134 1094 1142 1161 1595 1222 1553 1533 1348 1513 1340 1144 1008 774 812 575 454 494 485 457 511 567 863 924 943 933 1106 1231 1248 1728 
622 656 775 968 1131 1085 1069 1196 1527 1353 1225 1637 1497 1346 1350 1203 842 989 834 535 631 553 409 592 657 765 863 883 1052 1249 1387 1096 1359 1634 
609 534 777 1040 1028 1343 1184 1444 1677 1377 1319 1274 1575 1371 1069 1274 1067 970 874 562 604 468 417 562 497 566 844 1043 808 1171 1207 1277 1557 1382 
493 732 605 796 1058 1204 1002 1212 1669 1693 1444 1393 1713 1276 1422 1246 1164 762 724 582 593 443 480 508 505 606 755 892 1119 1055 1227 1604 1236 1764 
483 758 872 969 997 1182 1094 1100 1225 1470 1387 1325 1551 1380 1413 1039 922 878 642 528 643 438 457 474 587 702 872 790 1162 1221 1038 1372 1315 1500 
461 550 846 1009 976 996 1060 1152 1281 1679 1720 1228 1541 1178 1037 1186 1109 982 611 591 541 498 454 555 590 604 688 915 978 1233 1299 1377 1364 1421 
600 744 614 1041 902 1063 1174 1149 1236 1524 1497 1533 1248 1594 1049 1115 1108 844 868 609 527 610 442 476 467 559 822 1002 1142 1034 1380 1560 1630 1596 
533 543 648 713 1084 1206 1315 1431 1264 1413 1671 1611 1244 1396 1006 1057 855 1007 668 730 573 525 574 429 547 615 779 1016 986 1117 1248 1522 1529 1387 
492 763 857 919 1023 1009 1377 1367 1599 1195 1506 1384 1700 1183 1207 1295 869 859 844 773 589 512 575 566 471 628 675 922 1167 932 1142 1409 1343 1572 
631 718 728 912 816 930 1400 1494 1209 1489 1229 1453 1716 1207 1039 1305 1123 772 704 728 570 526 453 550 531 642 790 910 980 1303 1226 1391 1696 1447 
667 628 881 739 859 1227 1215 1343 1662 1765 1269 1196 1477 1591 1355 1066 972 1010 807 642 645 476 487 546 543 768 716 790 1196 1347 1158 1386 1169 1562 
517 763 863 866 958 998 1186 1592 1709 1399 1212 1368 1255 1167 1193 1295 1087 816 669 745 610 494 432 618 519 759 650 697 906 1209 1427 1379 1651 1704 
625 654 722 785 1017 1298 1384 1345 1421 1501 1432 1743 1700 1193 1447 1353 1016 965 821 668 481 592 462 447 661 669 802 1016 1102 1277 1255 1249 1302 1265 
529 715 812 919 1047 1226 1371 1620 1667 1561 1288 1626 1420 1303 1311 988 1073 928 804 553 585 478 577 526 656 518 697 862 1166 1253 1312 1320 1434 1478 
538 634 794 856 928 1317 1417 1492 1214 1572 1618 1567 1168 1185 1045 1212 981 938 659 735 554 520 545 466 536 733 843 1002 1095 1096 1359 1501 1306 1703 
664 576 732 824 1083 1095 1146 1326 1576 1693 1243 1591 1719 1230 1143 1248 889 806 802 773 557 534 579 538 652 601 676 1018 903 1147 1183 1513 1444 1558 
465 585 763 816 920 904 1403 1243 1561 1433 1750 1579 1282 1577 1347 1072 955 802 849 642 488 580 553 601 574 672 858 808 1124 1113 1217 1269 1611 1396 
641 727 896 873 1199 1043 1356 1612 1615 1588 1549 1223 1497 1495 1052 1190 828 716 779 728 476 521 530 614 620 578 898 860 1064 981 1053 1213 1437 1618 
549 651 729 811 990 1267 1073 1481 1616 1465 1769 1371 1186 1084 1429 1354 1162 823 739 555 547 494 511 414 573 709 646 1041 816 1070 1003 1395 1657 1738 
494 748 651 758 1126 1286 1333 1482 1515 1754 1345 1348 1348 1401 1487 1133 968 997 698 532 562 605 446 528 644 718 730 704 884 1102 1448 1610 1308 1554 
607 573 662 912 822 1272 1303 1472 1320 1278 1304 1606 1670 1439 1244 1285 1052 705 635 752 488 523 522 538 641 603 745 1043 866 1007 1376 1207 1480 1716 
492 582 641 1042 1086 1226 1327 1191 1385 1677 1235 1521 1242 1273 1140 981 1020 853 767 680 528 545 495 470 600 649 791 913 1027 1145 1103 1089 1162 1503 
519 750 844 750 964 1268 1320 1091 1697 1378 1751 1628 1689 1211 1169 1190 1167 752 848 549 536 551 400 589 561 625 803 851 1030 1007 1281 1545 1202 1498 
617 606 723 770 1150 1323 1195 1285 1247 1470 1213 1657 1432 1163 1469 1251 1161 844 654 561 523 510 411 461 679 763 733 711 813 990 1187 1181 1272 1589 
501 646 787 984 934 1129 1170 1136 1499 1342 1514 1345 1455 1328 1162 1347 936 797 840 624 675 416 482 446 517 722 649 739 858 1147 1030 1437 1193 1543 
646 659 601 984 1113 1014 1278 1573 1361 1699 1713 1511 1621 1264 1491 1073 873 814 618 534 629 464 455 551 488 727 797 907 1187 1290 1009 1237 1714 1509 
640 730 851 924 956 1278 1239 1300 1286 1623 1273 1255 1694 1419 1310 1117 936 705 874 644 529 557 532 419 539 707 788 1031 1093 978 1475 1539 1398 1369 
639 556 716 1040 1092 1327 1140 1105 1650 1216 1699 1224 1581 1437 1035 1303 1047 794 623 709 638 437 598 542 613 709 796 941 842 937 1356 1319 1718 1577 
574 562 750 741 1103 1281 1371 1602 1662 1532 1621 1367 1562 1608 1323 936 1142 883 666 524 544 478 564 428 665 568 688 856 1092 1224 1310 1186 1446 1201 
595 572 806 985 930 1245 1084 1572 1163 1450 1796 1754 1564 1319 1366 1189 1179 804 817 565 584 600 487 578 642 729 837 1036 1160 1292 1395 1097 1376 1209 
522 537 662 853 946 1172 1392 1454 1599 1697 1538 1200 1425 1316 1265 947 922 1035 761 593 624 515 499 529 548 625 606 998 988 1129 1302 1100 1178 1770 
666 553 881 719 993 1011 1121 1106 1616 1533 1572 1296 1706 1147 1352 1240 893 833 655 547 575 555 469 533 483 648 727 912 990 1005 1304 1240 1169 1199 
464 665 632 1009 1080 998 1064 1604 1348 1770 1658 1601 1546 1581 1085 1103 1103 817 801 722 575 481 470 449 506 619 817 778 1141 942 1497 1291 1480 1316 
478 533 818 838 839 948 1311 1496 1623 1635 1370 1337 1615 1503 1107 1222 834 722 649 746 629 485 438 555 573 589 868 974 903 1179 1070 1593 1382 1614 
479 525 689 703 834 1040 1298 1516 1533 1692 1571 1676 1156 1383 1217 1045 1049 982 736 674 525 453 507 447 467 570 677 757 818 1144 1201 1327 1642 1670 
515 737 635 774 1175 1328 1154 1171 1707 1253 1407 1249 1629 1566 1265 920 966 914 703 635 649 474 577 502 541 685 700 912 1175 1099 1100 1537 1451 1668 
639 774 662 999 1135 1343 1138 1221 1203 1429 1741 1649 1557 1509 1327 980 1091 999 628 688 487 604 401 558 628 692 704 846 1025 1142 1277 1199 1715 1734 
505 746 640 843 1144 1338 1448 1280 1533 1509 1341 1582 1223 1135 1320 1204 913 995 844 647 554 430 565 419 550 727 784 922 1115 1114 1089 1173 1306 1704 
518 771 613 710 829 1223 1344 1269 1349 1552 1673 1399 1704 1580 1475 935 836 806 601 683 612 584 488 523 507 597 795 719 1049 1228 1061 1252 1492 1472 
478 617 805 705 1177 1325 1281 1580 1443 1189 1401 1510 1197 1120 1197 1289 1182 813 692 538 480 442 504 614 573 673 689 844 1193 1028 1308 1127 1327 1776 
568 709 872 926 1028 993 1096 1176 1179 1373 1295 1321 1356 1601 1265 990 911 920 799 719 633 501 554 573 655 768 766 848 828 1036 1438 1595 1164 1267 
571 637 690 845 1060 947 1092 1532 1195 1490 1714 1663 1684 1271 1485 996 1101 764 776 729 614 485 561 595 453 529 879 1034 1194 1095 1234 1253 1249 1708 
658 755 809 733 994 1148 1134 1343 1688 1734 1412 1203 1404 1246 1258 1224 1061 918 787 571 493 523 590 614 540 597 841 941 1100 1011 1381 1104 1570 1385 
479 678 733 956 1029 1031 1462 1181 1672 1516 1505 1374 1472 1221 1483 1224 1115 809 852 553 568 548 565 590 557 554 758 944 1045 1202 1196 1446 1514 1282 
514 668 701 929 922 1261 1371 1267 1522 1466 1790 1393 1559 1197 1210 1242 945 962 671 552 655 513 407 457 491 615 762 719 1065 1028 1497 1262 1646 1206 
535 768 846 804 1165 1307 1059 1536 1323 1247 1395 1575 1562 1434 1012 1042 873 717 723 627 593 509 550 565 641 558 771 989 1141 1280 1452 1582 1670 1265 
549 682 742 980 1136 1049 1278 1204 1382 1724 1720 1346 1621 1364 1423 1197 978 787 668 657 474 435 444 506 535 619 862 859 1089 1319 1370 1447 1303 1197 
