20 2 20
15 50
1700 130 112 96 85 77 75 77 85 96 112 130 149 169 187 203 214 222 225 222 214 
100000 8705 7500 6464 5669 5170 5000 5170 5669 6464 7499 8705 9999 11294 12499 13535 14330 14829 15000 14829 14330 
1129 1249 1353 1433 1482 1499 1482 1433 1353 1250 1129 1000 870 750 646 
586 506 504 537 573 
567 504 482 505 555 
545 512 512 510 544 
540 515 522 508 586 
560 529 506 493 551 
588 492 509 525 567 
562 535 477 497 583 
562 522 487 527 579 
572 518 495 496 554 
584 539 499 518 554 
585 539 493 517 586 
569 534 476 504 567 
544 515 519 522 560 
544 535 480 521 569 
592 510 524 516 573 
585 512 493 518 543 
576 529 511 515 587 
548 504 520 518 579 
556 515 482 514 586 
556 530 488 518 573 
561 519 489 496 550 
576 541 507 529 544 
570 523 487 494 569 
578 536 494 525 567 
595 527 511 530 540 
566 540 506 538 544 
544 531 488 512 540 
575 535 477 506 585 
546 542 513 523 564 
564 511 480 531 581 
591 512 512 499 574 
581 508 502 492 592 
564 520 497 524 579 
552 523 496 510 543 
595 535 519 492 594 
558 505 506 539 557 
557 535 477 513 547 
584 528 479 491 572 
591 511 517 493 543 
567 526 479 522 573 
540 525 480 515 573 
546 497 513 522 579 
566 505 503 505 544 
542 511 512 507 569 
556 520 507 529 558 
564 494 519 510 540 
572 495 521 501 550 
572 502 486 503 568 
545 509 520 495 590 
569 505 503 518 574 
