50 3 20
26 10
850 112 96 85 77 75 77 85 96 112 130 149 169 187 203 214 222 225 222 214 203 187 169 150 130 112 96 85 77 75 77 85 96 112 130 149 169 187 203 214 222 225 222 214 203 187 169 150 130 112 96 
850 150 129 113 103 100 103 113 129 149 174 199 225 249 270 286 296 300 296 286 270 250 225 200 174 150 129 113 103 100 103 113 129 149 174 199 225 249 270 286 296 300 296 286 270 250 225 200 174 150 129 
100000 7500 6464 5669 5170 5000 5170 5669 6464 7499 8705 9999 11294 12499 13535 14330 14829 15000 14829 14330 13535 12500 11294 10000 8705 7500 6464 5669 5170 5000 5170 5669 6464 7499 8705 9999 11294 12499 13535 14330 14829 15000 14829 14330 13535 12500 11294 10000 8705 7500 6464 
1249 1353 1433 1482 1499 1482 1433 1353 1250 1129 1000 870 750 646 566 517 500 517 566 646 749 870 999 1129 1249 1353 
1739 938 2220 1571 928 844 1389 786 912 1052 687 715 617 528 579 211 615 870 1172 1126 1036 642 518 2136 
1841 1874 2022 1890 1192 2067 1754 1231 1080 1366 368 950 434 402 523 562 523 439 620 1313 952 1099 514 1803 
1505 745 1163 1360 668 1530 623 1154 846 1009 1169 552 298 771 448 235 592 1010 508 792 924 1159 1587 1812 
2284 1550 2139 787 734 1044 1137 1088 1157 725 947 983 302 542 562 313 383 371 776 676 1202 1018 1115 815 
1969 1057 2165 1294 1637 1365 1680 1415 820 976 876 844 491 220 561 618 810 497 1075 1377 710 1804 709 562 
2042 1267 2153 822 590 1077 1959 799 648 506 1050 268 879 638 325 616 458 765 990 811 823 916 665 1195 
2009 2079 1965 1092 838 1782 637 1235 858 1053 926 560 352 351 254 261 316 383 583 832 1191 759 973 1199 
1262 851 1745 1878 724 1707 1040 726 1324 425 992 636 599 417 624 748 596 718 389 1006 808 1038 1399 2025 
1587 644 2121 2190 605 2106 915 700 1068 1126 1192 345 762 399 564 235 542 546 840 599 738 1730 621 1151 
1711 2211 1483 1220 1810 2090 762 1062 614 1091 571 595 516 505 264 645 519 523 1129 450 1290 461 1930 1165 
