10 3 20
6 100
850 85 96 112 130 149 169 187 203 214 222 
850 113 129 149 174 199 225 249 270 286 296 
100000 5669 6464 7499 8705 9999 11294 12499 13535 14330 14829 
1433 1353 1250 1129 1000 870 
689 452 546 548 
594 804 664 559 
501 638 842 695 
1164 945 590 537 
803 520 338 504 
1018 726 739 573 
996 992 456 666 
656 665 412 748 
572 670 352 222 
433 403 458 254 
970 414 686 550 
324 847 350 413 
563 768 826 582 
939 782 292 779 
788 848 401 631 
365 374 854 762 
911 1024 426 555 
352 695 821 541 
328 839 599 329 
1136 819 742 667 
308 720 251 534 
1094 260 610 344 
669 482 241 294 
343 529 516 598 
392 838 336 710 
1075 393 884 539 
376 938 250 778 
1026 346 233 376 
1130 463 256 677 
785 772 683 628 
794 845 700 626 
646 795 786 642 
710 962 396 294 
482 904 860 746 
525 489 734 609 
876 826 414 614 
828 836 507 530 
975 414 590 646 
728 541 522 560 
1187 427 739 795 
1172 671 302 602 
815 891 690 555 
496 798 489 220 
531 919 559 729 
1114 325 732 681 
683 748 811 786 
348 475 558 717 
838 592 529 473 
493 767 496 272 
574 938 715 733 
317 819 737 454 
594 424 348 207 
406 496 723 301 
589 597 870 336 
737 750 361 303 
1033 495 718 469 
396 477 802 251 
819 435 322 324 
329 1031 723 740 
626 279 541 527 
1034 563 338 249 
333 701 695 578 
589 674 229 210 
363 482 230 471 
1114 554 428 688 
668 693 661 369 
1178 340 435 331 
948 1011 266 826 
1136 493 856 588 
314 609 618 448 
707 302 522 536 
880 485 433 303 
492 952 686 319 
901 279 565 802 
1124 731 609 790 
843 407 412 374 
959 1001 901 587 
790 1011 695 259 
404 442 306 583 
893 800 377 543 
1182 824 232 808 
355 452 632 453 
534 283 679 401 
349 496 231 439 
1061 455 520 580 
978 635 705 461 
1101 327 750 719 
373 534 879 668 
744 851 505 540 
428 510 504 769 
983 933 826 375 
1166 568 743 564 
508 299 506 729 
855 896 832 396 
930 716 365 520 
950 711 437 286 
650 914 290 209 
576 887 905 232 
758 713 615 510 
354 277 646 427 
