5 6 20
3 100
340 112 130 149 169 187 
340 149 174 199 225 249 
340 187 217 249 282 312 
340 224 261 299 338 374 
340 262 304 349 395 437 
100000 7499 8705 9999 11294 12499 
1250 1129 1000 
831 738 
910 727 
904 730 
866 714 
843 778 
856 771 
838 723 
842 780 
873 765 
910 760 
864 763 
853 780 
854 727 
867 752 
863 713 
861 749 
895 756 
859 745 
876 759 
848 730 
854 754 
830 763 
887 772 
898 723 
858 744 
873 743 
865 731 
911 736 
859 748 
849 753 
873 737 
838 722 
865 772 
876 716 
908 751 
893 758 
827 748 
845 757 
908 729 
897 739 
847 725 
886 754 
828 719 
903 764 
865 712 
858 743 
887 760 
868 735 
854 779 
880 755 
840 726 
907 723 
912 731 
896 748 
896 733 
852 774 
829 712 
911 723 
885 744 
843 738 
858 716 
887 720 
891 727 
855 720 
903 720 
877 757 
836 769 
835 745 
841 773 
886 736 
911 764 
906 745 
903 736 
906 740 
882 734 
871 724 
841 731 
842 765 
845 724 
830 727 
904 714 
866 778 
860 727 
839 765 
889 746 
894 732 
902 787 
892 761 
835 777 
828 748 
902 755 
907 760 
837 754 
882 739 
858 748 
866 777 
850 754 
845 728 
853 736 
859 767 
