50 6 20
36 50
340 130 149 169 187 203 214 222 225 222 214 203 187 169 150 130 112 96 85 77 75 77 85 96 112 130 149 169 187 203 214 222 225 222 214 203 187 169 150 130 112 96 85 77 75 77 85 96 112 130 149 
340 174 199 225 249 270 286 296 300 296 286 270 250 225 200 174 150 129 113 103 100 103 113 129 149 174 199 225 249 270 286 296 300 296 286 270 250 225 200 174 150 129 113 103 100 103 113 129 149 174 199 
340 217 249 282 312 338 358 370 375 370 358 338 312 282 250 217 187 161 141 129 125 129 141 161 187 217 249 282 312 338 358 370 375 370 358 338 312 282 250 217 187 161 141 129 125 129 141 161 187 217 249 
340 261 299 338 374 406 429 444 450 444 429 406 375 338 300 261 225 193 170 155 150 155 170 193 224 261 299 338 374 406 429 444 450 444 429 406 375 338 300 261 225 193 170 155 150 155 170 193 224 261 299 
340 304 349 395 437 473 501 519 525 519 501 473 437 395 350 304 262 226 198 180 175 180 198 226 262 304 349 395 437 473 501 519 525 519 501 473 437 395 350 304 262 226 198 180 175 180 198 226 262 304 349 
100000 8705 9999 11294 12499 13535 14330 14829 15000 14829 14330 13535 12500 11294 10000 8705 7500 6464 5669 5170 5000 5170 5669 6464 7499 8705 9999 11294 12499 13535 14330 14829 15000 14829 14330 13535 12500 11294 10000 8705 7500 6464 5669 5170 5000 5170 5669 6464 7499 8705 9999 
1129 1000 870 750 646 566 517 500 517 566 646 749 870 999 1129 1249 1353 1433 1482 1499 1482 1433 1353 1250 1129 1000 870 750 646 566 517 500 517 566 646 749 
1256 672 1802 675 696 1882 1678 753 1337 866 649 810 1729 1400 
1027 1443 856 1978 1832 2076 1075 955 1478 1560 979 1019 873 729 
1379 418 451 1450 680 1969 1424 1083 1042 1548 592 924 1101 1459 
1040 1544 1668 1995 953 1035 623 1386 1556 1541 1707 1146 1468 1531 
1212 1044 1222 1617 1579 1390 1557 1906 962 1628 1319 822 1487 506 
1361 1534 594 537 1516 1916 1102 2084 2304 668 1307 1984 524 1299 
645 947 672 830 1345 2114 2063 1858 1293 2242 2089 925 1402 1583 
1103 1162 915 1910 1077 758 2267 1339 927 1464 1150 902 1362 744 
597 1202 459 741 1424 1107 1261 1027 1530 1279 1962 1267 1639 848 
730 1196 792 1438 1933 1097 1335 1644 1455 1258 1921 797 1401 502 
504 546 1468 1422 719 2022 666 1709 1989 2078 1346 1129 988 891 
845 1181 1035 1101 1160 1974 1945 1633 1500 724 765 968 827 448 
1304 1467 972 1249 1050 616 648 1116 769 958 1796 545 472 1448 
453 1344 1530 1350 1122 1741 809 1702 711 1053 1109 823 827 1536 
737 738 476 1773 1255 1140 1396 2163 1106 1362 1870 711 1043 1443 
1163 892 1756 1812 924 2209 1725 2219 982 1007 1726 1119 1753 632 
725 733 1434 1904 1691 1398 1462 1021 2268 1790 679 1093 746 1300 
1271 1132 1229 768 1538 2048 725 1121 1333 781 618 1653 1435 544 
1138 459 547 932 1114 2005 1280 966 1392 1843 2062 800 669 1068 
804 853 1752 602 1303 1817 909 2213 2001 1549 1375 1062 1297 514 
742 1456 1148 689 1225 1630 2142 2197 777 1084 1782 1985 1292 1284 
431 812 526 1631 1557 926 760 1367 1097 745 764 664 1536 1394 
520 674 873 903 854 1056 927 975 1771 646 1038 1862 1279 916 
693 1160 1758 1992 711 2047 2019 1535 1910 1195 2032 1522 1136 1546 
930 700 582 535 1565 1939 1304 1734 1092 1200 1061 1095 636 536 
1171 1434 571 1001 1394 1538 2272 2180 1778 1474 1831 1126 1588 910 
816 1042 1510 646 1782 733 778 1730 1003 2051 992 1641 1325 1439 
821 1379 748 1173 866 2043 2322 1423 1939 1085 1739 1393 1654 1268 
1025 827 1734 602 1223 1488 1000 2271 1127 1874 893 819 459 465 
1187 1402 1141 1800 699 1752 602 1529 2180 1580 2025 1385 997 951 
605 638 942 1143 858 1582 697 698 1103 676 1242 1166 1710 1245 
1179 930 1419 1780 1035 1647 1153 2020 1894 1118 1042 1438 1375 815 
1170 1440 1550 1635 682 1579 860 969 1461 1785 766 867 751 822 
811 680 1306 1613 822 696 2076 1634 1617 1416 1717 1100 1540 539 
1037 1517 1614 535 1646 1890 1118 2391 1653 1423 1813 818 1530 1179 
472 1109 607 1224 1818 1401 1671 636 1746 2215 1450 1070 1646 868 
991 1374 1441 1375 1045 1312 909 776 2202 760 768 608 1576 1011 
618 645 1276 1556 2005 814 1621 1271 1395 2231 985 548 1113 443 
1191 730 1747 1811 684 1396 2190 1162 1002 2232 1947 1465 1789 475 
972 1575 1213 588 614 1483 1719 1492 1224 629 2066 1679 1668 462 
630 1140 1714 1030 882 760 594 756 1409 916 1612 1984 596 664 
991 793 1366 703 1986 1954 1101 1343 731 792 1834 1990 883 1002 
604 794 526 1565 1277 2214 919 673 806 1561 1655 1649 808 539 
702 875 922 1587 1502 1282 2255 926 961 1815 886 1531 1485 1040 
602 1015 1264 1815 970 1350 1161 1495 2189 1553 1220 985 1276 651 
505 693 799 1572 911 1273 731 2135 1347 1867 2081 1095 1410 413 
633 1409 1770 1815 1091 1796 2326 1642 1446 1347 1447 1347 1664 800 
1162 1025 1082 1092 548 1340 1326 2086 1636 2277 772 1729 741 1356 
474 788 1156 552 729 1735 683 2183 1775 1589 844 684 582 955 
456 1191 1752 1185 1156 658 946 1236 1167 2106 2038 1433 1325 652 
