5 6 20
3 50
340 112 130 149 169 187 
340 149 174 199 225 249 
340 187 217 249 282 312 
340 224 261 299 338 374 
340 262 304 349 395 437 
100000 7499 8705 9999 11294 12499 
1250 1129 1000 
740 748 
947 862 
1032 724 
798 688 
1015 636 
1034 742 
1016 854 
825 630 
998 793 
952 837 
808 610 
797 886 
817 739 
807 713 
738 691 
873 638 
896 842 
851 871 
966 853 
973 706 
789 826 
738 766 
726 652 
966 644 
932 651 
1006 687 
842 754 
1003 899 
1042 747 
856 890 
797 600 
920 738 
735 719 
932 712 
811 840 
831 624 
973 704 
1016 630 
914 627 
798 673 
763 602 
984 690 
846 871 
977 856 
958 762 
848 701 
788 864 
865 876 
867 829 
929 689 
