20 6 20
7 5
340 77 75 77 85 96 112 130 149 169 187 203 214 222 225 222 214 203 187 169 150 
340 103 100 103 113 129 149 174 199 225 249 270 286 296 300 296 286 270 250 225 200 
340 129 125 129 141 161 187 217 249 282 312 338 358 370 375 370 358 338 312 282 250 
340 155 150 155 170 193 224 261 299 338 374 406 429 444 450 444 429 406 375 338 300 
340 180 175 180 198 226 262 304 349 395 437 473 501 519 525 519 501 473 437 395 350 
100000 5170 5000 5170 5669 6464 7499 8705 9999 11294 12499 13535 14330 14829 15000 14829 14330 13535 12500 11294 10000 
1482 1499 1482 1433 1353 1250 1129 
974 829 760 641 554 516 518 495 543 651 762 908 994 
1009 868 718 638 554 519 482 512 540 672 767 859 970 
1005 833 715 642 556 499 516 536 590 647 724 873 951 
1038 877 739 654 591 496 495 525 560 620 765 833 1007 
961 837 732 671 587 534 495 493 583 665 720 886 1013 
