20 2 20
7 5
1700 77 75 77 85 96 112 130 149 169 187 203 214 222 225 222 214 203 187 169 150 
100000 5170 5000 5170 5669 6464 7499 8705 9999 11294 12499 13535 14330 14829 15000 14829 14330 13535 12500 11294 10000 
1482 1499 1482 1433 1353 1250 1129 
1022 786 711 609 675 457 443 527 594 601 785 891 1048 
922 890 798 751 582 556 527 503 650 618 890 853 1160 
1117 731 773 617 544 614 422 541 540 656 696 998 845 
1001 744 825 537 674 423 574 564 513 662 848 834 1026 
834 1035 844 699 570 615 482 557 558 659 867 809 952 
