50 2 20
36 100
1700 85 77 75 77 85 96 112 130 149 169 187 203 214 222 225 222 214 203 187 169 150 130 112 96 85 77 75 77 85 96 112 130 149 169 187 203 214 222 225 222 214 203 187 169 150 130 112 96 85 77 
100000 5669 5170 5000 5170 5669 6464 7499 8705 9999 11294 12499 13535 14330 14829 15000 14829 14330 13535 12500 11294 10000 8705 7500 6464 5669 5170 5000 5170 5669 6464 7499 8705 9999 11294 12499 13535 14330 14829 15000 14829 14330 13535 12500 11294 10000 8705 7500 6464 5669 5170 
1433 1482 1499 1482 1433 1353 1250 1129 1000 870 750 646 566 517 500 517 566 646 749 870 999 1129 1249 1353 1433 1482 1499 1482 1433 1353 1250 1129 1000 870 750 646 
574 478 450 384 568 389 653 395 1138 896 1115 1415 1281 1262 
337 807 768 613 631 322 952 1296 670 1243 1025 1658 1924 1667 
891 450 200 649 325 357 1088 811 527 607 993 1807 933 2173 
564 575 485 807 621 646 1131 605 1073 550 1631 1847 1659 2262 
903 436 612 617 687 371 954 1331 591 749 1235 603 1750 1083 
364 795 652 721 731 460 692 1080 513 686 752 2086 1305 1746 
356 822 573 306 336 330 881 370 491 455 1306 1721 698 2213 
515 409 332 487 472 458 1097 1386 842 1303 1648 2000 1409 1312 
352 214 327 508 738 312 439 484 1565 785 856 1668 2094 1632 
445 303 423 509 609 573 449 390 849 1475 811 1061 1111 1718 
505 504 650 797 528 851 898 460 1149 758 1109 650 1451 1154 
745 540 368 271 350 770 761 699 1008 753 1163 582 618 2077 
425 727 339 239 758 998 392 1308 861 1317 866 1966 1370 1034 
752 538 703 751 386 454 1119 737 936 472 1880 2050 1568 1591 
524 821 393 349 691 782 753 882 1313 1033 1967 1767 1291 872 
315 209 435 525 815 600 1182 979 868 971 1837 1826 1706 1198 
898 727 690 239 233 345 735 370 1465 514 831 1312 1778 1664 
246 360 752 787 379 678 303 1388 1024 501 1898 966 1748 1161 
776 427 548 267 278 823 1183 527 985 666 1934 1571 1241 1067 
360 364 451 682 314 671 516 1066 569 973 1038 963 1927 2229 
673 646 371 388 711 766 472 445 1019 932 1323 925 1717 1470 
497 724 578 665 881 260 482 1193 838 572 1535 890 951 1081 
898 495 762 223 284 954 381 743 552 1633 1541 1317 1621 1608 
713 460 684 251 696 827 330 1359 1324 1425 1714 881 659 1906 
604 465 509 699 831 543 712 1020 544 1636 1560 1349 649 1991 
571 668 573 405 495 797 883 814 1515 1516 1973 1422 1586 1026 
542 232 626 607 287 480 1020 734 1037 875 587 1182 1659 1981 
541 462 753 681 406 826 1014 1018 666 1729 1082 1775 1321 1999 
790 300 264 369 813 1013 384 683 1013 1680 1354 988 2033 1023 
679 362 474 734 503 825 922 1159 1391 1294 991 1628 1517 2098 
702 672 644 758 838 705 957 666 596 812 747 1544 595 1410 
250 593 349 635 513 667 665 777 766 1674 1620 1155 1029 2261 
498 596 467 791 715 841 843 943 978 1388 1380 1747 577 1972 
300 661 652 341 311 549 843 1170 1233 1645 878 1978 1678 990 
877 653 725 547 330 908 933 986 467 1383 1992 1613 2017 1420 
580 699 486 796 449 418 1073 919 987 899 884 954 685 1151 
731 694 573 722 671 685 453 1047 1238 1419 1746 666 1930 730 
299 414 320 802 289 659 443 1217 932 1704 1142 2016 1428 836 
239 459 401 313 626 821 452 1088 1169 732 1821 1929 777 1951 
263 460 477 228 466 343 988 694 1102 1559 627 638 1084 796 
583 738 340 383 341 381 772 497 967 1000 1885 1648 905 1704 
877 209 477 570 443 660 381 625 830 1601 1546 1889 575 1380 
744 741 769 422 351 290 755 460 949 462 1810 966 656 1698 
393 467 229 411 611 540 973 1266 749 670 735 657 2251 1934 
317 702 235 817 337 306 908 913 885 724 1756 1811 748 691 
797 767 760 371 370 596 678 811 515 1154 1943 1238 1182 2258 
643 421 362 439 347 782 477 1264 1281 559 1961 2090 853 905 
547 411 672 822 292 871 946 682 1146 570 1975 1644 839 1308 
268 281 566 384 825 706 775 979 1484 1794 1358 1192 1241 2238 
608 323 438 759 476 736 903 454 1051 1785 1937 1944 2280 1618 
830 422 539 385 886 979 1092 869 1415 1600 880 1642 1179 1249 
267 627 504 332 477 408 313 737 649 926 1059 969 1073 2184 
349 249 535 793 734 528 635 1179 1096 1705 1555 1685 2070 2074 
343 315 520 535 400 781 1147 466 1063 801 1845 1737 1246 742 
899 796 604 376 825 413 546 437 1175 693 1757 1984 1873 1077 
458 751 668 703 377 275 686 644 965 725 512 1269 1404 624 
830 326 222 339 280 435 520 572 1024 1286 1716 1721 814 2243 
528 747 396 347 747 907 1084 990 1079 1104 1978 1414 1844 2219 
565 575 650 486 772 295 1181 1371 1208 1476 1657 800 1490 1964 
608 483 350 379 831 566 384 496 1212 779 1860 1731 1578 892 
307 387 686 397 678 672 449 1265 908 1396 1663 1295 1039 1996 
392 758 392 337 657 772 721 880 511 1070 1734 1292 1413 1662 
309 333 725 229 713 754 439 1105 681 1585 1633 2111 1445 1721 
702 576 703 313 818 670 527 948 1429 1318 1629 1338 903 1285 
398 657 400 369 373 781 530 748 1155 1491 1939 1112 1266 1792 
748 657 663 482 731 372 1033 713 492 1206 1499 1514 1918 1455 
589 632 526 750 287 697 359 785 832 966 1643 1925 1747 2296 
316 340 699 706 679 653 1119 1192 1141 1442 652 1118 1447 1978 
819 275 603 299 706 379 950 1331 406 1412 883 715 909 867 
668 473 601 568 430 406 887 961 563 467 1368 1350 1873 2029 
277 713 217 427 322 282 762 794 1164 1196 1284 2092 1684 2327 
357 336 697 468 490 602 612 467 1364 1798 1198 2112 712 1085 
503 442 383 627 618 1001 950 1172 1267 960 515 2096 851 797 
877 597 574 378 828 605 1054 559 1207 1224 1171 723 1793 921 
458 510 573 633 901 581 421 859 1499 1256 1834 2042 1998 1044 
624 344 550 635 399 274 765 998 470 983 901 717 1285 2060 
681 351 679 310 780 483 390 1364 1474 1346 1744 918 2080 832 
261 797 585 745 483 682 906 1090 1438 1170 1816 726 853 1400 
657 422 645 559 685 435 815 544 1473 585 613 872 1697 1056 
700 665 623 568 869 570 581 886 698 587 1512 868 1365 2194 
378 793 416 757 850 816 303 879 523 1723 874 1095 669 1019 
448 701 662 491 743 792 407 911 1035 660 1943 1492 1911 2191 
427 693 755 342 254 574 782 1178 1084 1289 1651 1663 1532 1130 
749 554 345 598 802 655 943 965 1312 1266 958 853 2260 1354 
688 556 357 700 712 781 632 1307 1342 1644 936 731 1459 652 
783 522 567 424 761 743 1080 1166 1425 1063 1892 682 850 2091 
852 409 617 694 579 279 947 866 1093 1370 669 1796 2090 2090 
871 604 284 545 337 800 1026 566 1214 666 1718 1844 1920 705 
784 497 286 591 283 509 557 493 1010 1328 1825 1420 578 948 
704 766 634 740 596 1033 574 693 425 911 1480 696 1501 1707 
517 447 371 292 748 533 845 1379 870 657 1378 1738 1680 930 
368 406 544 351 839 853 907 977 1405 1350 1002 797 2013 2114 
656 406 309 417 587 903 512 1193 538 1066 748 1906 2129 1270 
666 315 732 525 815 311 611 735 1224 690 595 1879 1105 2288 
244 448 363 215 354 486 426 819 894 477 1583 1443 884 1610 
335 777 291 311 729 564 455 945 1297 1614 1758 1829 1024 1089 
356 440 292 224 663 1022 485 1314 1286 1146 1494 2101 1995 1363 
263 330 348 583 665 885 420 629 820 1367 1100 1209 1373 1677 
256 379 227 559 446 416 556 1287 1501 1117 1603 615 1727 1607 
716 645 200 297 744 962 812 923 871 1717 973 590 899 1743 
