50 6 20
16 50
340 130 149 169 187 203 214 222 225 222 214 203 187 169 150 130 112 96 85 77 75 77 85 96 112 130 149 169 187 203 214 222 225 222 214 203 187 169 150 130 112 96 85 77 75 77 85 96 112 130 149 
340 174 199 225 249 270 286 296 300 296 286 270 250 225 200 174 150 129 113 103 100 103 113 129 149 174 199 225 249 270 286 296 300 296 286 270 250 225 200 174 150 129 113 103 100 103 113 129 149 174 199 
340 217 249 282 312 338 358 370 375 370 358 338 312 282 250 217 187 161 141 129 125 129 141 161 187 217 249 282 312 338 358 370 375 370 358 338 312 282 250 217 187 161 141 129 125 129 141 161 187 217 249 
340 261 299 338 374 406 429 444 450 444 429 406 375 338 300 261 225 193 170 155 150 155 170 193 224 261 299 338 374 406 429 444 450 444 429 406 375 338 300 261 225 193 170 155 150 155 170 193 224 261 299 
340 304 349 395 437 473 501 519 525 519 501 473 437 395 350 304 262 226 198 180 175 180 198 226 262 304 349 395 437 473 501 519 525 519 501 473 437 395 350 304 262 226 198 180 175 180 198 226 262 304 349 
100000 8705 9999 11294 12499 13535 14330 14829 15000 14829 14330 13535 12500 11294 10000 8705 7500 6464 5669 5170 5000 5170 5669 6464 7499 8705 9999 11294 12499 13535 14330 14829 15000 14829 14330 13535 12500 11294 10000 8705 7500 6464 5669 5170 5000 5170 5669 6464 7499 8705 9999 
1129 1000 870 750 646 566 517 500 517 566 646 749 870 999 1129 1249 
1189 1202 1346 1698 1365 1588 1170 1373 1252 1087 779 843 652 472 591 421 488 640 652 725 886 1150 1282 1130 1094 1315 1420 1249 1371 1446 1279 1181 1115 944 
1604 1196 1258 1633 1520 1333 1106 1394 1171 939 780 792 525 464 413 593 551 472 749 880 974 1007 992 1423 1482 1352 1575 1574 1571 1603 1166 1385 939 1003 
1170 1639 1695 1721 1474 1245 1384 1207 1023 1024 791 713 700 487 604 538 519 664 718 670 847 1163 1114 1362 1093 1620 1267 1249 1725 1204 1103 1289 1228 819 
1191 1530 1759 1205 1455 1606 1614 1223 1131 830 808 788 587 473 539 591 461 637 587 783 1026 1130 996 1238 1381 1605 1622 1258 1396 1435 1586 1311 1054 896 
1459 1382 1598 1212 1549 1362 1214 1164 908 1053 964 851 580 587 453 574 537 464 682 609 995 953 996 1377 1612 1419 1564 1324 1648 1368 1407 1156 1008 985 
1510 1315 1319 1736 1544 1462 1242 1182 1164 886 808 860 596 511 544 457 433 550 639 848 700 1185 1051 1457 1402 1333 1239 1568 1738 1625 1341 1105 1055 1029 
1479 1155 1359 1422 1204 1713 1591 1115 1172 917 975 606 765 535 614 563 491 580 639 800 980 827 908 1112 1370 1171 1692 1787 1585 1532 1101 1260 1305 889 
1413 1511 1439 1583 1305 1488 1434 1421 1127 980 865 681 517 618 568 559 555 527 729 766 970 1192 1183 1442 1347 1220 1427 1703 1583 1443 1243 1234 1108 966 
1099 1388 1661 1651 1733 1696 1523 1018 1116 1197 704 719 675 503 484 522 426 672 750 717 944 1127 1153 1446 1413 1526 1260 1602 1422 1246 1249 1497 1236 963 
1227 1638 1598 1535 1639 1430 1366 1231 1341 1119 986 897 704 549 537 570 504 674 518 897 819 838 1156 1034 1286 1603 1469 1336 1337 1649 1503 1321 1006 1114 
1129 1158 1750 1658 1535 1485 1547 1300 957 1091 945 860 736 623 530 591 527 457 721 833 1000 1180 1127 1219 1443 1712 1762 1672 1622 1223 1299 1066 932 878 
1394 1715 1752 1354 1667 1265 1093 1264 1259 915 891 642 659 523 461 596 488 500 650 651 921 1141 1328 1140 1475 1528 1502 1716 1540 1267 1322 1200 1097 1021 
1222 1320 1206 1642 1740 1692 1084 1114 1275 1000 956 806 718 553 446 572 576 581 538 605 737 961 1075 1337 1319 1589 1614 1232 1702 1392 1569 1019 1118 1019 
1535 1160 1246 1217 1201 1412 1127 1128 1180 996 965 723 739 554 484 584 446 596 739 636 833 877 930 1392 1503 1381 1689 1519 1759 1294 1587 1386 1180 1050 
1410 1293 1248 1787 1257 1610 1458 1414 1188 956 956 860 563 456 480 420 552 604 728 846 820 1113 1289 1374 1470 1397 1306 1341 1358 1567 1547 1408 1072 1041 
1132 1711 1223 1518 1559 1450 1417 1167 1213 910 914 774 545 583 600 547 473 538 678 786 746 904 1201 1169 1503 1274 1519 1289 1278 1484 1179 1252 1096 1162 
1288 1580 1277 1284 1684 1532 1162 1010 1071 932 748 866 709 568 425 577 518 482 755 855 943 1159 1107 1341 1136 1554 1295 1592 1562 1643 1161 1195 1303 1118 
1134 1679 1333 1380 1296 1535 1319 1466 981 1048 779 784 761 594 617 416 531 486 707 675 898 919 1174 1038 1472 1399 1303 1237 1704 1317 1482 1463 1072 1151 
1427 1483 1455 1225 1301 1165 1623 1031 1021 868 829 611 620 512 527 498 508 678 545 893 732 1150 1187 1050 1176 1683 1681 1628 1447 1370 1087 1347 1195 945 
1190 1219 1396 1345 1507 1273 1375 1376 1077 1135 840 713 627 668 504 438 535 643 774 811 999 1000 1223 1398 1541 1685 1682 1441 1249 1605 1491 1468 1019 864 
1609 1227 1665 1693 1566 1376 1391 1466 926 856 994 689 536 542 444 444 414 482 645 669 971 970 1047 1248 1145 1230 1701 1400 1359 1191 1118 1297 1107 912 
1569 1327 1764 1580 1270 1403 1445 1107 1169 817 911 779 652 609 455 535 550 587 582 621 784 848 1269 1385 1404 1237 1439 1216 1571 1203 1371 1089 908 1144 
1515 1395 1721 1640 1764 1279 1336 1201 974 912 709 603 517 647 538 521 574 556 581 831 975 958 1207 1425 1175 1429 1560 1535 1367 1331 1316 1173 1000 901 
1215 1351 1194 1680 1441 1327 1425 1194 1175 878 754 641 688 459 595 550 516 595 595 633 901 1084 1076 1328 1203 1193 1305 1300 1508 1360 1169 1006 974 842 
1181 1428 1486 1462 1672 1337 1480 1226 1264 1185 787 690 757 596 575 416 596 674 754 825 962 866 1008 1496 1620 1225 1674 1356 1439 1203 1202 1490 1000 1138 
1527 1230 1389 1797 1505 1270 1268 1369 1322 1048 742 661 641 622 506 402 483 615 739 639 719 1134 1266 1313 1537 1175 1567 1424 1549 1264 1185 1188 1172 1013 
1444 1562 1608 1283 1538 1630 1231 1441 1148 828 895 736 582 503 538 408 424 486 702 711 728 1198 1020 1249 1236 1239 1246 1335 1502 1468 1157 1207 951 938 
1380 1201 1592 1574 1196 1548 1113 1146 1180 905 1006 766 668 662 534 450 573 585 688 773 988 833 1204 1130 1109 1548 1192 1708 1694 1330 1520 1069 1326 869 
1132 1373 1754 1449 1430 1373 1498 1218 1037 1183 776 669 652 676 501 533 552 606 627 601 1028 1173 1090 1254 1480 1520 1334 1501 1646 1642 1273 1342 1192 976 
1621 1193 1302 1429 1656 1414 1495 1162 1168 1035 972 697 630 464 540 509 614 492 556 873 956 1100 974 1181 1577 1679 1690 1649 1704 1235 1349 1006 957 988 
1533 1558 1204 1237 1724 1449 1511 1160 973 1095 763 707 599 552 519 444 436 544 566 822 724 932 1144 1145 1469 1424 1284 1399 1280 1338 1310 1040 1172 935 
1313 1230 1604 1443 1235 1419 1200 1074 1197 982 1035 764 563 567 520 413 513 457 683 864 1006 1197 1309 1117 1348 1250 1479 1556 1229 1214 1406 1325 1135 1146 
1336 1584 1653 1691 1441 1695 1283 1207 949 822 766 627 754 466 611 466 482 522 739 648 966 1052 1221 1444 1459 1692 1395 1509 1660 1449 1309 1292 1290 952 
1259 1625 1238 1217 1484 1451 1393 1053 1307 1110 934 891 656 604 617 572 498 598 662 831 784 1141 1040 1267 1422 1676 1187 1387 1700 1654 1555 1499 1000 1091 
1261 1545 1657 1389 1541 1610 1448 1030 924 1155 955 660 714 631 538 598 479 505 564 810 766 976 1063 1354 1545 1613 1289 1543 1695 1337 1117 1212 966 1106 
1399 1433 1623 1347 1216 1248 1122 1178 1215 941 763 679 670 567 610 407 440 515 676 819 728 1182 1284 1157 1217 1525 1486 1240 1526 1467 1267 1253 1268 813 
1563 1413 1555 1243 1585 1370 1128 1376 961 990 917 650 569 614 480 525 439 554 642 742 802 1025 1172 1197 1541 1633 1508 1498 1544 1526 1619 1043 1035 994 
1129 1379 1543 1482 1318 1287 1505 1274 934 1083 928 664 669 461 545 516 470 631 624 832 805 891 1020 1151 1549 1327 1448 1465 1336 1171 1376 1147 1007 1026 
1332 1461 1187 1740 1598 1484 1261 1282 1256 800 815 601 624 479 476 426 453 598 540 851 856 805 1135 1405 1198 1446 1370 1508 1521 1631 1589 1327 1215 819 
1575 1148 1639 1602 1751 1658 1528 1489 1171 897 719 894 645 561 519 462 457 481 651 761 896 1000 956 1026 1337 1330 1565 1240 1293 1427 1397 1429 916 823 
1203 1625 1518 1540 1728 1449 1597 1345 1143 837 1001 750 535 546 528 438 587 545 574 786 766 1059 1191 1253 1289 1634 1206 1568 1341 1338 1100 1394 1199 836 
1554 1251 1199 1502 1549 1431 1138 1162 1155 1041 845 609 672 540 449 421 561 482 607 718 802 935 1244 1029 1440 1309 1605 1383 1301 1225 1613 1210 1219 821 
1601 1273 1405 1220 1433 1448 1491 1449 1344 1095 838 672 677 479 499 537 475 645 662 687 719 1008 1047 1239 1479 1184 1407 1359 1464 1587 1596 1106 1072 988 
1413 1658 1454 1507 1644 1277 1601 1278 1190 1017 910 854 717 610 541 404 433 469 767 611 820 1157 905 1190 1096 1462 1618 1233 1553 1380 1499 1253 1046 1153 
1368 1183 1190 1286 1457 1713 1374 1137 1329 1087 815 676 707 547 450 518 506 538 574 882 705 993 996 1296 1471 1240 1664 1267 1474 1178 1113 1016 1044 1174 
1597 1675 1423 1200 1760 1516 1477 1046 1245 882 1013 894 693 679 589 455 507 626 554 623 889 883 1234 1475 1458 1438 1606 1387 1189 1484 1522 1425 989 1022 
1385 1163 1400 1247 1450 1322 1490 1046 1016 861 722 789 737 553 555 439 528 528 598 730 841 893 1159 1255 1334 1684 1731 1209 1414 1431 1301 1377 1150 1191 
1490 1274 1723 1603 1279 1247 1464 1414 1089 833 863 763 682 641 475 576 477 572 712 843 974 1095 1187 1033 1166 1719 1615 1520 1403 1691 1528 1112 1253 1176 
1227 1411 1715 1468 1228 1359 1269 1068 949 892 744 882 581 644 614 590 429 553 738 761 1016 918 1201 1221 1554 1484 1745 1375 1597 1493 1432 1157 918 1169 
1610 1494 1771 1570 1258 1611 1316 1058 946 1017 743 836 600 547 425 569 475 675 747 809 1037 986 998 1129 1134 1518 1363 1462 1296 1517 1108 1134 1134 831 
