10 6 20
6 50
340 112 96 85 77 75 77 85 96 112 130 
340 150 129 113 103 100 103 113 129 149 174 
340 187 161 141 129 125 129 141 161 187 217 
340 225 193 170 155 150 155 170 193 224 261 
340 262 226 198 180 175 180 198 226 262 304 
100000 7500 6464 5669 5170 5000 5170 5669 6464 7499 8705 
1249 1353 1433 1482 1499 1482 
883 1917 1399 532 
751 1313 529 982 
1968 1822 663 463 
1234 1473 1894 1758 
1318 820 1143 1801 
1453 739 1842 488 
2269 1224 1321 821 
722 948 1588 1201 
1173 1388 1466 1663 
879 642 780 486 
1845 1864 1562 1607 
2139 1945 958 1146 
1424 1618 1307 576 
1317 985 585 1289 
951 2156 668 988 
1008 859 1129 866 
1121 1710 999 647 
2218 1651 1720 1262 
2110 586 724 1748 
1081 1619 1856 653 
617 1433 579 719 
1697 1429 1681 1391 
1298 1197 1922 950 
2094 1682 1328 960 
1345 728 1099 945 
1482 1871 809 1728 
1488 1200 877 1287 
1264 757 1988 1564 
2174 1944 1440 586 
1538 1406 600 543 
2114 1331 941 749 
1678 1419 1343 712 
904 701 1127 1231 
1568 816 523 1611 
581 1587 1514 1260 
1754 1598 773 1055 
937 1119 1637 525 
805 606 825 1163 
644 1835 853 1060 
1913 1678 848 666 
738 1807 1714 815 
1231 1603 851 597 
1875 797 1892 627 
918 1866 1141 1682 
2225 1346 1681 1520 
2205 699 1853 1560 
1173 1531 1548 484 
819 1171 1535 1323 
1948 2145 1754 998 
1969 1205 801 1040 
