10 11 20
8 5
170 112 96 85 77 75 77 85 96 112 130 
170 150 129 113 103 100 103 113 129 149 174 
170 187 161 141 129 125 129 141 161 187 217 
170 225 193 170 155 150 155 170 193 224 261 
170 262 226 198 180 175 180 198 226 262 304 
170 300 258 226 206 200 206 226 258 299 348 
170 337 290 255 232 225 232 255 290 337 391 
170 375 323 283 258 250 258 283 323 374 435 
170 412 355 311 284 275 284 311 355 412 478 
170 450 387 340 310 300 310 340 387 449 522 
100000 7500 6464 5669 5170 5000 5170 5669 6464 7499 8705 
1249 1353 1433 1482 1499 1482 1433 1353 
1132 1168 
1218 1039 
1197 1236 
1140 957 
1084 1306 
