50 3 20
16 50
850 112 130 149 169 187 203 214 222 225 222 214 203 187 169 150 130 112 96 85 77 75 77 85 96 112 130 149 169 187 203 214 222 225 222 214 203 187 169 150 130 112 96 85 77 75 77 85 96 112 130 
850 149 174 199 225 249 270 286 296 300 296 286 270 250 225 200 174 150 129 113 103 100 103 113 129 149 174 199 225 249 270 286 296 300 296 286 270 250 225 200 174 150 129 113 103 100 103 113 129 149 174 
100000 7499 8705 9999 11294 12499 13535 14330 14829 15000 14829 14330 13535 12500 11294 10000 8705 7500 6464 5669 5170 5000 5170 5669 6464 7499 8705 9999 11294 12499 13535 14330 14829 15000 14829 14330 13535 12500 11294 10000 8705 7500 6464 5669 5170 5000 5170 5669 6464 7499 8705 
1250 1129 1000 870 750 646 566 517 500 517 566 646 749 870 999 1129 
870 1141 2034 1329 1616 1498 930 1928 761 1083 696 542 547 680 812 718 692 685 764 708 1026 793 1500 643 1478 946 1465 1811 1135 1550 2029 1394 632 1624 
1770 1067 660 1720 1288 2001 1686 820 1702 949 1135 991 466 914 876 375 276 461 718 794 647 403 1155 678 890 1900 800 2179 615 2345 653 1290 788 789 
965 2134 1011 1555 2351 1409 909 995 521 1443 1216 811 372 743 519 686 642 564 385 344 597 797 909 915 559 1574 872 2194 1029 1586 1313 1041 1607 615 
1796 1730 589 1487 1773 598 2273 718 1163 567 1057 899 620 612 383 640 414 434 462 266 1061 820 416 1179 1695 1611 1000 864 1181 2307 1768 1706 1955 1590 
624 660 1627 2303 627 702 1059 674 763 822 1328 971 792 856 483 652 643 501 617 849 316 822 460 1121 694 1895 2037 630 1522 1531 657 838 1984 1175 
1609 2036 1507 2362 1921 1637 1008 1757 1663 1362 402 970 864 960 252 816 728 337 897 522 1042 850 885 1515 824 1567 1414 1310 1134 2234 2281 1906 1866 1797 
1982 1202 654 1658 1564 1363 1725 1360 1821 548 596 882 518 481 399 258 690 356 724 677 358 1166 1402 843 1842 1011 1654 706 2090 1560 961 1569 1604 1663 
788 2097 1002 1306 2374 1053 1320 850 1643 1757 1384 1119 662 261 486 391 259 475 613 413 611 1216 1558 756 1517 1283 1768 1995 602 1730 815 772 1784 926 
632 1061 1379 1385 2194 660 2144 1406 1561 822 702 1333 768 836 889 684 707 826 639 598 1116 705 1357 1528 898 1047 1902 867 1546 2251 1342 1037 822 1064 
628 2031 1302 2005 2096 1189 1103 1240 1921 746 445 1298 412 1033 425 666 613 601 835 931 352 989 1214 1056 944 1619 888 840 762 940 1022 1599 530 1633 
812 1728 1337 1178 1496 1192 2041 1325 1567 740 441 782 997 703 831 389 242 281 396 487 788 470 1052 1803 1058 1728 1656 1013 1188 1248 1734 1921 1050 745 
1104 1054 1635 1865 1595 1912 1065 820 1861 667 1153 605 945 744 599 527 728 245 861 913 937 692 788 1496 1444 1337 2260 1740 1812 1901 2285 1696 612 1730 
1218 1972 2030 1195 1456 1294 1719 884 1483 584 1487 541 665 693 347 817 438 665 362 396 510 781 845 1616 894 731 2042 1939 887 1962 1512 1680 1044 1462 
1635 2107 2227 1631 2315 1300 796 641 1109 1636 1235 1243 378 1013 873 523 589 455 411 965 1069 444 1212 473 917 1330 2108 662 1721 2235 602 1859 1280 1333 
1093 1412 792 1283 2024 1774 1236 2060 1154 585 728 1168 366 614 841 334 541 581 772 864 480 520 666 1588 797 968 1998 1991 1787 907 1596 1799 1096 644 
902 1671 2034 640 1017 2296 1627 664 682 474 1263 845 327 368 386 785 589 430 414 1020 465 426 457 825 1110 1046 2252 1539 1785 693 1529 1169 759 1371 
1975 1943 1519 2143 927 1784 1833 726 962 523 779 452 604 588 602 274 690 503 824 877 642 355 782 944 684 804 1614 1591 1371 1210 1188 1412 1010 1106 
750 2088 690 2118 2271 1238 1829 978 898 878 1507 1087 651 374 367 367 344 798 298 631 520 1030 1267 1734 1325 1671 1503 939 705 1153 1495 1821 687 1562 
747 1691 999 2182 1218 2019 1607 1141 1999 1127 1305 818 563 665 514 724 261 711 624 825 1081 720 1390 739 1082 857 966 2198 1779 1080 1755 1248 1000 976 
1925 1645 2248 2228 1078 922 1512 1533 1940 1563 874 416 1017 316 372 340 473 823 308 614 1183 563 920 1409 1310 590 1004 646 1202 781 1271 786 518 1185 
1878 1328 1295 646 1520 2282 640 2024 953 817 1546 1028 532 1027 700 629 506 774 764 349 399 540 862 824 1018 1743 1892 1450 926 1218 797 766 1911 1745 
1165 1377 1969 1507 1934 997 1038 732 1556 1654 423 911 1073 939 591 811 344 658 784 392 1086 407 917 1374 1854 1445 1309 1363 1894 2334 1045 1159 1901 1258 
1000 1188 1495 778 644 916 700 1269 872 928 663 881 448 638 594 308 757 400 795 753 719 1103 1456 1357 1823 2060 2142 1322 1717 1316 1794 1465 1895 1522 
1418 1726 1879 1716 1159 1204 1720 564 1656 927 1400 1286 402 955 758 416 689 285 824 516 350 868 701 1116 1343 1557 832 1072 2052 732 1304 2117 1815 629 
707 909 2087 2242 2339 960 959 563 1171 772 1131 1124 911 319 283 500 540 557 228 313 487 1209 687 1349 1256 1844 1396 788 1697 1150 2216 839 936 890 
1200 1994 1957 1839 619 2297 1226 757 1833 1612 1483 822 859 625 837 253 509 676 497 846 511 767 1346 1035 799 2154 993 1104 946 1664 1982 1956 1959 841 
1715 1132 1052 1456 1451 2034 635 1744 1541 1102 562 1145 933 343 640 372 458 333 604 698 822 528 1193 996 588 1281 1692 2279 2026 1326 1469 1339 1367 665 
1845 1748 639 741 1234 1021 1034 974 570 1571 748 874 759 768 830 313 757 657 857 757 997 717 1301 1093 669 1554 1857 740 1413 1007 1734 762 1176 1428 
1784 1131 1188 1565 2053 621 1428 2148 1142 1393 1206 693 587 848 773 388 404 235 682 420 1188 442 495 1641 1535 1537 1130 1633 1742 1389 998 949 762 1337 
1687 850 1368 636 1225 1342 1190 1691 1643 489 693 522 606 662 775 321 616 624 501 375 993 1187 517 895 1874 2105 2222 1186 1157 617 1799 1437 1416 518 
1030 1650 875 834 2025 887 1722 1903 723 1372 911 881 998 609 509 699 562 573 310 517 1122 497 670 623 679 752 1228 1533 1780 1035 2281 1100 1353 1096 
919 2148 2131 1092 1493 937 1413 1645 1491 727 601 1223 857 1007 336 481 676 360 601 702 719 535 1068 812 1884 802 1704 1535 1200 1728 858 2132 1513 1378 
1022 1941 1555 2137 1839 1740 1204 1172 1061 1700 773 1311 855 902 336 312 734 653 276 698 912 625 538 612 1766 1795 994 2087 907 2137 743 1780 852 875 
1155 2134 817 851 1651 1831 1005 1969 1571 1460 979 1363 585 698 419 383 620 258 816 836 1073 823 1368 1739 1342 867 1569 2202 605 1689 832 1559 1784 1799 
816 1911 694 1658 829 1448 1036 1931 854 696 490 1128 792 691 376 739 477 464 750 310 846 1005 800 880 1030 2083 1538 1437 867 1297 1965 1703 838 1127 
955 1217 1943 751 1750 635 1135 1942 1952 1624 1566 797 948 549 760 256 311 637 754 1009 1049 480 912 1745 1496 1215 1865 2019 1494 1116 1409 2102 1218 871 
1287 1614 1780 1231 907 1512 997 2035 969 963 1014 820 402 753 337 776 385 655 598 967 930 1359 1506 934 1924 1552 1154 991 1070 906 1454 1005 567 1463 
1335 1055 837 1903 2183 1931 1941 1314 685 799 1247 433 726 390 687 354 310 395 256 358 898 414 643 760 1953 1098 1927 917 665 935 1532 1338 1281 1393 
1444 881 1528 677 805 1292 1091 1025 1670 1124 1134 1098 1034 613 683 373 376 623 865 368 695 958 696 1580 905 724 1268 1881 1923 1716 796 1575 1881 1423 
1522 1084 1315 1286 619 1357 1481 641 1683 1371 555 1304 437 352 405 780 506 233 266 450 522 575 1461 713 1529 1217 1804 1483 848 1710 1124 758 1074 1788 
1069 1063 1323 2102 794 682 2181 558 1237 1453 1592 892 949 498 815 245 753 437 404 543 996 1125 1206 1333 662 577 1466 1479 759 1354 1440 897 586 1315 
1971 694 1686 2069 1861 1510 995 1600 1664 1086 901 704 486 519 478 643 682 513 261 397 1083 1027 1587 1424 1198 1225 1354 1770 1697 760 635 1158 900 523 
864 1938 1351 2088 964 2320 1092 1042 596 1304 949 1235 481 708 639 302 676 210 573 635 1113 1078 865 1691 1422 2151 2258 1508 1233 924 804 2088 1940 1395 
915 1313 1677 1668 1663 1896 1164 1963 890 1029 1228 1325 855 451 264 719 520 247 817 780 1124 1224 1286 1354 1424 911 1453 1101 1757 1242 2005 2143 1970 1473 
970 632 2090 1965 2233 2155 2247 1739 1367 854 406 369 1067 517 641 299 418 790 837 568 1163 379 686 1572 1237 1358 694 958 2154 1433 722 1926 1150 1027 
1451 1845 1217 1528 1818 1119 699 1818 737 529 607 681 408 516 460 452 440 296 487 662 556 1127 1282 797 1871 1733 613 2354 2109 2006 1759 1192 1284 1192 
1001 1847 860 1408 2139 801 1748 1013 1956 1351 600 411 503 666 710 806 248 621 847 463 439 927 1466 1202 880 1301 913 1381 1024 1072 1335 652 1016 1522 
1942 1232 695 1657 1328 2365 868 1100 1356 1291 1484 781 600 337 291 267 796 520 317 262 1136 987 954 1712 1767 1366 1770 2209 1518 1971 2171 1606 942 781 
1004 754 1201 2002 1804 1359 2074 769 1599 1448 1588 483 694 668 314 476 511 707 355 412 773 864 614 1184 745 1826 668 1335 1654 1779 781 1840 1604 739 
1743 1582 1132 747 1195 1656 1504 1773 1436 1771 503 1154 865 927 657 673 223 795 426 545 586 1328 638 1784 1446 691 1908 915 803 2063 1989 2053 913 1603 
