50 3 20
26 10
850 130 112 96 85 77 75 77 85 96 112 130 149 169 187 203 214 222 225 222 214 203 187 169 150 130 112 96 85 77 75 77 85 96 112 130 149 169 187 203 214 222 225 222 214 203 187 169 150 130 112 
850 174 150 129 113 103 100 103 113 129 149 174 199 225 249 270 286 296 300 296 286 270 250 225 200 174 150 129 113 103 100 103 113 129 149 174 199 225 249 270 286 296 300 296 286 270 250 225 200 174 150 
100000 8705 7500 6464 5669 5170 5000 5170 5669 6464 7499 8705 9999 11294 12499 13535 14330 14829 15000 14829 14330 13535 12500 11294 10000 8705 7500 6464 5669 5170 5000 5170 5669 6464 7499 8705 9999 11294 12499 13535 14330 14829 15000 14829 14330 13535 12500 11294 10000 8705 7500 
1129 1249 1353 1433 1482 1499 1482 1433 1353 1250 1129 1000 870 750 646 566 517 500 517 566 646 749 870 999 1129 1249 
1305 1432 1509 1457 1480 1365 1419 1311 1162 966 879 738 632 567 521 522 542 567 639 753 883 979 1097 1243 
1348 1453 1536 1434 1553 1489 1296 1248 1130 1035 877 762 639 569 528 516 518 591 619 724 853 1004 1155 1201 
1361 1476 1535 1469 1512 1395 1298 1254 1126 1001 856 784 646 544 524 508 506 578 654 775 884 990 1100 1292 
1316 1410 1439 1478 1432 1383 1413 1285 1139 1037 867 721 673 563 537 509 524 582 621 760 876 966 1102 1276 
1329 1419 1483 1484 1413 1372 1408 1269 1162 988 891 744 621 555 492 488 535 545 664 721 897 966 1144 1277 
1336 1494 1457 1500 1504 1412 1404 1263 1112 989 882 777 662 573 507 486 496 546 623 766 903 1007 1074 1215 
1304 1367 1419 1455 1458 1395 1352 1277 1077 1015 896 774 660 570 522 510 497 550 623 755 870 1015 1106 1292 
1288 1479 1500 1486 1506 1382 1306 1271 1088 971 856 723 674 545 538 483 541 576 617 765 843 974 1165 1270 
1331 1429 1543 1533 1479 1423 1404 1205 1114 1019 831 752 621 582 537 523 519 556 632 755 871 1032 1132 1299 
1353 1476 1467 1441 1551 1426 1298 1253 1148 1042 867 738 633 583 507 481 539 546 619 785 859 1029 1179 1288 
