50 11 20
16 5
170 96 85 77 75 77 85 96 112 130 149 169 187 203 214 222 225 222 214 203 187 169 150 130 112 96 85 77 75 77 85 96 112 130 149 169 187 203 214 222 225 222 214 203 187 169 150 130 112 96 85 
170 129 113 103 100 103 113 129 149 174 199 225 249 270 286 296 300 296 286 270 250 225 200 174 150 129 113 103 100 103 113 129 149 174 199 225 249 270 286 296 300 296 286 270 250 225 200 174 150 129 113 
170 161 141 129 125 129 141 161 187 217 249 282 312 338 358 370 375 370 358 338 312 282 250 217 187 161 141 129 125 129 141 161 187 217 249 282 312 338 358 370 375 370 358 338 312 282 250 217 187 161 141 
170 193 170 155 150 155 170 193 224 261 299 338 374 406 429 444 450 444 429 406 375 338 300 261 225 193 170 155 150 155 170 193 224 261 299 338 374 406 429 444 450 444 429 406 375 338 300 261 225 193 170 
170 226 198 180 175 180 198 226 262 304 349 395 437 473 501 519 525 519 501 473 437 395 350 304 262 226 198 180 175 180 198 226 262 304 349 395 437 473 501 519 525 519 501 473 437 395 350 304 262 226 198 
170 258 226 206 200 206 226 258 299 348 399 451 499 541 573 593 600 593 573 541 500 451 400 348 300 258 226 206 200 206 226 258 299 348 399 451 499 541 573 593 600 593 573 541 500 451 400 348 300 258 226 
170 290 255 232 225 232 255 290 337 391 449 508 562 609 644 667 675 667 644 609 562 508 450 391 337 290 255 232 225 232 255 290 337 391 449 508 562 609 644 667 675 667 644 609 562 508 450 391 337 290 255 
170 323 283 258 250 258 283 323 374 435 499 564 624 676 716 741 750 741 716 676 625 564 500 435 375 323 283 258 250 258 283 323 374 435 499 564 624 676 716 741 750 741 716 676 625 564 500 435 375 323 283 
170 355 311 284 275 284 311 355 412 478 549 621 687 744 788 815 825 815 788 744 687 621 550 478 412 355 311 284 275 284 311 355 412 478 549 621 687 744 788 815 825 815 788 744 687 621 550 478 412 355 311 
170 387 340 310 300 310 340 387 449 522 599 677 749 812 859 889 900 889 859 812 750 677 600 522 450 387 340 310 300 310 340 387 449 522 599 677 749 812 859 889 900 889 859 812 750 677 600 522 450 387 340 
100000 6464 5669 5170 5000 5170 5669 6464 7499 8705 9999 11294 12499 13535 14330 14829 15000 14829 14330 13535 12500 11294 10000 8705 7500 6464 5669 5170 5000 5170 5669 6464 7499 8705 9999 11294 12499 13535 14330 14829 15000 14829 14330 13535 12500 11294 10000 8705 7500 6464 5669 
1353 1433 1482 1499 1482 1433 1353 1250 1129 1000 870 750 646 566 517 500 
502 563 655 740 900 1023 1155 1275 1321 1422 1435 1493 1516 1494 1412 1268 1073 1039 867 722 631 550 524 490 531 541 633 769 913 962 1149 1238 1392 1406 
499 572 625 778 870 1021 1113 1271 1319 1435 1485 1459 1432 1370 1290 1229 1129 971 888 780 626 578 519 514 508 579 666 736 860 1046 1151 1216 1336 1397 
520 580 641 741 830 992 1080 1260 1366 1470 1472 1449 1486 1479 1295 1267 1116 964 850 713 678 546 522 500 503 545 670 738 869 980 1151 1300 1295 1496 
510 589 647 770 838 1037 1079 1310 1299 1455 1428 1448 1489 1362 1314 1310 1125 973 908 740 623 591 529 520 529 571 674 712 868 972 1122 1307 1374 1365 
503 545 674 764 889 970 1183 1290 1383 1429 1448 1430 1527 1407 1400 1303 1121 958 904 774 646 590 492 486 491 545 616 785 839 961 1081 1203 1404 1395 
