10 3 20
4 50
850 85 77 75 77 85 96 112 130 149 169 
850 113 103 100 103 113 129 149 174 199 225 
100000 5669 5170 5000 5170 5669 6464 7499 8705 9999 11294 
1433 1482 1499 1482 
668 1557 1262 1452 1533 919 
2019 1923 586 1119 681 1107 
611 1443 1968 848 578 377 
622 1629 1446 669 1152 1043 
2178 1183 1187 1388 1511 677 
1741 621 1832 486 1193 428 
2214 821 1693 594 539 697 
920 1689 1027 1797 1227 554 
2278 1854 1703 1624 1500 785 
1096 1985 1499 1092 1535 790 
683 752 1773 1552 948 1110 
1194 1190 715 1627 1264 1303 
762 1473 1059 1656 1171 1223 
1076 674 1901 695 563 742 
1018 1340 1384 630 1380 1259 
1846 1226 1774 1362 1389 542 
753 1290 784 1410 709 501 
1981 1219 1058 1748 710 856 
587 1362 943 681 464 1039 
956 1159 1828 1050 455 821 
2214 1575 1195 1223 854 769 
2248 1868 1465 1176 1539 710 
589 1546 522 1259 1249 1207 
1590 629 1294 1131 1511 901 
2110 1138 1209 981 1594 792 
2215 1772 676 995 1546 447 
1805 1967 1077 716 822 1247 
1708 551 621 1791 1539 636 
1240 713 980 1120 706 795 
796 658 1205 455 1019 630 
1870 1664 976 1526 1375 762 
1048 1469 1845 1459 1433 1032 
2258 2074 1340 1425 549 400 
2263 748 730 902 1137 398 
923 2134 1358 1203 719 1256 
918 902 949 1244 1423 506 
597 1267 1554 1689 1507 1124 
2168 1147 1616 1644 530 1247 
1879 1671 790 1351 657 999 
2054 1036 1044 1736 1163 950 
974 1940 1391 1531 1280 913 
573 975 751 1766 1280 746 
1891 1695 1741 954 798 725 
2260 790 1361 1683 854 600 
1003 1669 1500 717 1225 569 
1303 1481 1688 1083 1578 1273 
797 692 1873 1020 621 1369 
715 1478 1050 1233 1026 884 
2115 1634 609 1346 551 1150 
668 642 1110 1606 1427 1389 
