50 6 20
16 100
340 96 85 77 75 77 85 96 112 130 149 169 187 203 214 222 225 222 214 203 187 169 150 130 112 96 85 77 75 77 85 96 112 130 149 169 187 203 214 222 225 222 214 203 187 169 150 130 112 96 85 
340 129 113 103 100 103 113 129 149 174 199 225 249 270 286 296 300 296 286 270 250 225 200 174 150 129 113 103 100 103 113 129 149 174 199 225 249 270 286 296 300 296 286 270 250 225 200 174 150 129 113 
340 161 141 129 125 129 141 161 187 217 249 282 312 338 358 370 375 370 358 338 312 282 250 217 187 161 141 129 125 129 141 161 187 217 249 282 312 338 358 370 375 370 358 338 312 282 250 217 187 161 141 
340 193 170 155 150 155 170 193 224 261 299 338 374 406 429 444 450 444 429 406 375 338 300 261 225 193 170 155 150 155 170 193 224 261 299 338 374 406 429 444 450 444 429 406 375 338 300 261 225 193 170 
340 226 198 180 175 180 198 226 262 304 349 395 437 473 501 519 525 519 501 473 437 395 350 304 262 226 198 180 175 180 198 226 262 304 349 395 437 473 501 519 525 519 501 473 437 395 350 304 262 226 198 
100000 6464 5669 5170 5000 5170 5669 6464 7499 8705 9999 11294 12499 13535 14330 14829 15000 14829 14330 13535 12500 11294 10000 8705 7500 6464 5669 5170 5000 5170 5669 6464 7499 8705 9999 11294 12499 13535 14330 14829 15000 14829 14330 13535 12500 11294 10000 8705 7500 6464 5669 
1353 1433 1482 1499 1482 1433 1353 1250 1129 1000 870 750 646 566 517 500 
456 617 719 751 713 998 1243 1114 1315 1337 1439 1348 1436 1533 1109 1321 1285 952 890 760 530 633 474 462 431 581 610 889 917 904 1222 1087 1367 1257 
523 564 566 724 742 868 1309 1200 1478 1182 1247 1420 1443 1196 1502 1335 1304 1069 706 683 706 629 603 558 501 621 699 887 893 1092 1133 1080 1246 1660 
538 649 746 621 788 983 904 1069 1345 1424 1755 1720 1427 1558 1259 1176 1270 827 735 857 652 625 434 443 421 627 616 764 796 1194 1245 1242 1508 1202 
417 603 540 774 967 1050 1299 1428 1558 1710 1473 1235 1197 1645 1223 1165 1210 1037 895 660 752 587 579 587 443 550 572 711 881 837 1335 1102 1086 1294 
444 494 661 830 800 865 1312 1018 1604 1470 1239 1569 1751 1191 1156 1300 1333 885 815 643 745 583 475 552 589 537 577 797 716 848 1261 1394 1321 1158 
582 657 645 878 776 887 912 1231 1421 1188 1296 1301 1581 1200 1500 1110 1287 907 1001 784 715 577 618 473 502 502 708 786 971 1104 984 1101 1620 1401 
605 569 647 693 713 924 1211 1410 1611 1320 1729 1729 1395 1146 1547 1217 951 1141 1023 706 679 477 551 576 493 529 745 683 975 869 1126 1467 1504 1217 
589 610 689 606 797 1012 931 1012 1623 1356 1329 1603 1637 1268 1414 1458 1207 947 1042 798 634 654 431 545 499 462 765 816 940 1192 1330 1408 1551 1340 
559 644 630 889 1007 1089 1130 1271 1189 1546 1731 1360 1277 1306 1242 1175 1142 984 790 760 685 477 457 468 521 677 764 688 711 996 1178 1406 1198 1360 
433 677 683 789 862 801 995 1441 1442 1351 1309 1355 1544 1530 1566 1134 1158 893 912 787 662 468 534 489 533 609 624 864 908 910 1113 1275 1186 1461 
455 640 633 878 856 952 1036 1166 1608 1156 1696 1368 1759 1260 1489 1240 1011 912 771 809 634 661 589 409 436 583 741 745 1026 1062 1187 1348 1182 1273 
497 475 617 804 724 855 1064 1280 1515 1566 1689 1621 1315 1647 1341 1460 1086 922 925 770 522 537 600 598 589 630 612 696 792 1028 1316 1293 1521 1648 
541 595 584 844 1043 1096 1185 1085 1544 1479 1374 1259 1201 1275 1525 1281 1329 1164 807 822 593 547 516 421 549 569 768 721 850 1010 1169 1117 1089 1371 
420 565 581 673 696 933 1138 1488 1285 1682 1357 1635 1555 1563 1232 1398 1323 937 866 885 570 454 610 509 522 572 655 747 744 1091 1193 1253 1398 1374 
450 593 536 765 905 949 1210 1129 1295 1601 1450 1592 1685 1388 1089 1223 1091 1025 993 777 678 471 560 471 553 630 601 753 976 1136 924 1425 1397 1279 
506 624 535 781 868 815 986 1323 1294 1601 1210 1397 1599 1386 1477 1025 1258 1038 784 633 588 547 427 504 513 528 519 781 883 907 1336 1157 1191 1408 
438 644 529 700 773 937 916 1093 1352 1376 1231 1631 1656 1181 1521 1168 1192 1196 1019 690 681 614 500 504 618 534 552 646 885 1175 1301 1386 1171 1489 
524 523 722 836 833 989 926 1434 1201 1664 1599 1250 1310 1558 1519 1203 1064 1091 704 649 620 458 557 598 598 479 589 602 869 964 1276 1371 1151 1262 
598 619 773 864 961 919 974 1310 1215 1407 1618 1348 1774 1370 1195 1245 1167 1022 756 706 592 625 584 567 585 518 656 800 1030 989 1336 1182 1216 1583 
579 506 751 783 1008 1044 1337 1174 1401 1159 1573 1392 1248 1419 1299 1198 1329 1058 756 673 755 479 534 473 610 554 679 703 741 892 1034 1157 1225 1690 
616 468 621 813 727 1115 1118 1365 1334 1672 1562 1601 1347 1173 1294 1302 1326 952 744 849 682 610 447 444 438 509 703 700 758 1068 1036 1020 1465 1299 
541 646 669 791 885 1064 1050 1121 1275 1231 1607 1622 1579 1456 1307 1221 1083 1185 981 766 531 473 608 482 571 520 721 886 792 844 908 1078 1330 1177 
443 591 624 807 817 1082 1261 1042 1599 1383 1409 1415 1570 1173 1404 1289 1202 832 1041 813 727 549 471 567 562 482 530 708 714 811 1260 1217 1163 1289 
451 519 740 618 849 1098 1335 1033 1414 1463 1719 1295 1536 1628 1312 1123 1263 946 931 661 578 627 470 400 610 586 567 755 859 882 1231 1478 1306 1450 
501 544 714 746 832 956 1322 1105 1434 1193 1313 1205 1237 1645 1498 1457 1216 809 903 899 645 507 569 432 421 590 595 801 943 1189 962 1032 1519 1240 
453 627 684 890 816 807 1173 1234 1228 1395 1390 1568 1583 1612 1214 1245 1022 1009 741 696 702 472 493 520 430 505 686 714 987 861 1350 1067 1154 1218 
586 501 608 676 928 925 1139 1280 1413 1708 1620 1268 1734 1467 1152 1219 1193 1041 895 874 587 495 528 474 587 478 644 791 761 976 1332 1103 1507 1369 
602 631 772 885 943 1171 913 1161 1439 1408 1515 1519 1213 1680 1205 1132 1132 1129 1021 708 632 608 466 585 526 672 730 765 1039 1097 923 1303 1327 1191 
604 468 655 650 845 1132 1184 1042 1175 1173 1682 1370 1654 1340 1183 1288 1285 993 850 854 674 555 598 432 526 516 657 770 1002 1125 1295 1096 1106 1536 
554 455 620 763 786 1131 915 1045 1242 1644 1752 1616 1626 1448 1454 1123 995 1052 812 640 752 650 457 556 600 588 587 842 879 1111 969 1083 1505 1299 
461 531 692 633 903 1198 984 1077 1119 1173 1646 1573 1401 1544 1277 1453 1166 914 849 689 753 582 477 568 606 504 585 624 779 893 1107 1430 1583 1690 
508 670 663 729 773 1082 989 1480 1275 1378 1776 1325 1485 1508 1200 1026 1261 907 1027 742 768 549 470 509 492 667 660 882 792 1117 999 1467 1431 1702 
590 549 547 652 733 1135 911 1007 1582 1445 1308 1717 1678 1387 1488 1096 1282 1078 723 760 633 477 548 558 526 609 723 651 883 1083 1241 1182 1402 1330 
523 525 598 878 965 871 1222 1350 1621 1573 1614 1335 1518 1187 1255 1382 1254 990 805 619 599 604 595 443 525 495 533 757 959 1175 956 1418 1139 1702 
421 526 540 666 739 865 1073 1261 1580 1229 1744 1502 1393 1464 1183 1319 1103 974 727 651 632 593 618 424 554 564 547 626 698 807 1101 1037 1197 1691 
603 467 562 801 981 1013 977 1349 1124 1536 1248 1372 1422 1435 1156 1040 968 1013 816 695 672 537 617 507 570 635 528 677 732 1064 1126 1299 1445 1266 
427 527 715 660 1016 901 1186 1192 1615 1449 1464 1592 1430 1547 1150 1279 1312 839 975 721 594 558 425 531 461 519 684 855 786 1154 1005 1386 1214 1473 
543 465 611 604 943 1199 1173 1092 1311 1579 1188 1701 1277 1516 1446 1036 1345 1117 927 866 746 642 577 438 532 650 672 684 1022 978 1062 1101 1503 1551 
496 462 755 747 968 1003 1019 1289 1280 1650 1668 1675 1426 1551 1352 1100 1280 918 891 629 561 543 489 404 483 474 677 758 789 941 1157 1435 1430 1274 
480 551 668 628 1021 1191 1206 1029 1166 1484 1237 1683 1596 1367 1241 1000 1301 1125 706 799 639 616 619 494 530 657 537 750 800 940 1096 1151 1322 1705 
471 653 616 872 978 982 1221 1109 1578 1445 1694 1318 1324 1240 1144 1469 1013 842 804 738 731 550 522 408 433 559 587 613 979 1145 1030 1440 1273 1234 
520 548 618 895 853 983 1044 1172 1224 1479 1524 1675 1772 1159 1578 1088 1021 1134 977 836 706 461 588 484 565 667 665 700 802 997 1134 1268 1185 1516 
568 547 737 803 1014 846 969 1288 1589 1568 1605 1326 1399 1535 1452 1267 1182 898 1001 760 536 650 600 426 454 676 633 826 935 801 1016 1412 1583 1344 
587 645 666 604 944 927 1212 1342 1592 1284 1252 1650 1718 1341 1442 1163 958 1126 957 798 768 633 599 586 438 498 522 859 871 914 1214 1116 1522 1440 
491 582 552 608 1005 871 1279 1222 1585 1650 1301 1274 1232 1379 1135 1362 928 801 731 659 675 482 453 591 594 630 704 734 879 948 1188 1418 1408 1514 
530 460 603 778 1039 1098 1256 1447 1536 1636 1601 1620 1723 1555 1296 1214 1091 1085 1037 715 519 622 586 550 549 640 681 869 917 1025 1251 1225 1139 1569 
523 490 640 800 997 1189 928 1298 1134 1300 1254 1694 1417 1618 1090 1399 1073 937 828 866 699 482 417 406 609 634 678 609 910 1021 1282 1328 1465 1689 
590 526 669 788 711 1001 1149 1008 1496 1543 1708 1450 1755 1153 1560 1246 1167 916 871 777 644 627 433 578 593 492 537 853 981 955 1268 1430 1156 1381 
533 617 768 848 713 1075 1065 1275 1583 1594 1356 1799 1368 1244 1283 1228 1113 871 947 847 632 647 438 503 483 583 532 788 870 1063 1264 1119 1456 1409 
615 659 601 864 1001 888 1266 1416 1624 1434 1289 1530 1755 1423 1111 1132 1054 841 723 658 666 494 573 464 526 491 559 882 973 1080 1349 1194 1166 1254 
583 459 712 637 700 1131 934 1179 1475 1523 1206 1238 1744 1475 1578 1290 1257 909 1017 865 774 460 463 576 600 487 659 685 958 961 1169 1098 1451 1375 
602 514 585 712 847 997 1320 1176 1489 1422 1201 1299 1199 1339 1127 1145 1039 1172 984 889 534 625 525 514 610 469 645 821 805 1022 1259 1065 1480 1294 
516 548 517 880 852 939 1235 1308 1309 1405 1294 1524 1310 1312 1263 1113 1044 1099 1014 857 676 530 486 546 607 674 606 895 952 873 931 1147 1551 1287 
549 634 697 658 723 1175 1109 1091 1564 1411 1256 1296 1246 1298 1469 1171 1195 938 830 727 668 576 417 407 549 521 733 710 773 868 1236 1247 1211 1313 
577 518 604 755 935 980 1177 1228 1343 1510 1280 1282 1491 1178 1133 1242 1277 1059 1025 709 751 496 455 480 438 530 774 681 941 858 1157 1361 1390 1644 
526 455 745 810 964 1191 1215 1144 1368 1447 1430 1521 1219 1502 1427 1335 990 1061 1035 612 747 520 484 518 546 584 665 754 841 995 1164 1010 1194 1530 
420 615 717 772 994 1016 1219 1353 1259 1591 1366 1320 1322 1718 1389 1231 1273 1021 911 620 768 560 597 533 491 515 660 624 731 1068 1030 1173 1269 1497 
619 654 725 796 916 1021 1081 1058 1391 1584 1625 1786 1640 1393 1225 1011 1007 1164 763 648 757 612 488 486 556 472 549 777 769 992 1013 1436 1498 1516 
431 621 713 758 1034 895 1158 1471 1093 1607 1755 1680 1388 1197 1382 1052 1317 1077 845 732 773 529 521 436 488 543 748 632 827 922 1085 1340 1606 1574 
614 610 681 649 1030 985 1192 1258 1510 1377 1368 1644 1411 1160 1496 1467 1134 899 1026 806 699 486 464 509 560 647 673 620 756 1165 1098 1233 1427 1542 
449 514 620 643 1005 1196 1067 1331 1425 1321 1463 1282 1235 1493 1505 1033 966 1012 998 851 756 531 516 588 416 604 600 708 760 1016 1171 1388 1412 1293 
516 658 717 887 786 1039 909 1229 1379 1150 1742 1359 1369 1400 1452 1121 1176 889 789 879 664 497 600 588 428 483 684 735 745 1115 977 1094 1531 1572 
419 675 651 847 821 887 1047 1144 1140 1329 1561 1506 1733 1466 1344 1178 1290 920 943 602 723 473 536 484 612 572 530 647 797 986 1332 1384 1134 1415 
550 577 722 882 851 1093 945 1007 1491 1146 1433 1527 1208 1366 1083 1144 976 960 846 789 529 576 617 585 531 660 687 848 826 869 965 1341 1442 1471 
553 530 663 654 736 976 973 1118 1593 1502 1642 1530 1616 1472 1432 1480 1248 981 887 861 596 606 496 534 445 537 670 674 709 1088 1348 1139 1389 1407 
472 583 546 761 967 854 1128 1272 1163 1254 1642 1598 1391 1652 1608 1387 987 1158 769 787 704 601 596 503 425 537 621 758 885 1067 1017 1341 1173 1685 
567 471 525 663 800 968 1182 1365 1405 1684 1732 1770 1452 1236 1092 1097 1228 990 763 798 562 463 453 404 527 654 704 696 953 1103 1249 1202 1288 1542 
579 582 718 808 900 1078 1078 1301 1347 1458 1666 1506 1227 1399 1391 1388 1317 841 894 622 620 628 521 486 494 546 580 829 900 874 956 1419 1319 1665 
535 489 627 811 711 1083 1196 1317 1563 1194 1386 1439 1312 1670 1342 1485 1277 826 706 684 536 597 593 541 459 480 544 778 965 1134 1245 1257 1409 1687 
515 559 562 644 855 1115 1235 1238 1507 1677 1673 1271 1743 1636 1588 1414 1093 923 936 843 764 583 479 518 573 463 742 849 713 913 1316 1266 1135 1598 
440 605 632 649 912 1049 1058 1488 1239 1414 1670 1763 1238 1439 1553 1353 1154 852 1013 888 627 521 415 404 552 640 535 807 984 1098 1138 1281 1598 1633 
540 571 526 843 1014 1039 1004 1440 1137 1146 1605 1564 1568 1387 1404 1296 1115 971 918 806 567 483 441 532 422 637 742 824 703 1114 1095 1059 1313 1260 
555 604 611 878 1028 848 1017 1204 1314 1694 1769 1493 1444 1174 1534 1058 1025 1025 935 616 764 458 551 462 578 464 727 763 708 1099 1275 1071 1351 1236 
525 500 653 838 766 852 952 1368 1132 1170 1442 1315 1587 1584 1548 1030 1268 1031 884 730 543 556 530 500 432 456 775 855 768 1154 1181 1299 1214 1578 
561 534 605 817 983 990 968 1154 1437 1466 1265 1621 1281 1531 1542 1285 908 910 1038 629 610 523 416 493 463 541 634 768 837 1059 1016 1498 1621 1200 
526 530 741 612 795 1043 1308 1265 1524 1636 1274 1334 1227 1148 1199 1380 1085 1074 902 600 701 516 500 432 600 654 633 692 802 979 1163 1076 1158 1560 
568 600 678 706 926 931 1264 1372 1089 1657 1602 1763 1610 1691 1589 1131 1298 988 793 870 748 639 489 436 527 663 549 815 828 1005 1325 1107 1193 1633 
463 466 563 607 915 993 978 1096 1592 1452 1657 1649 1553 1413 1110 1471 1254 1157 959 853 550 533 564 437 494 569 528 899 765 1099 984 1274 1187 1324 
495 574 599 832 779 1194 1335 1017 1326 1663 1755 1514 1293 1713 1214 1450 1267 1031 1021 871 573 482 568 524 606 517 690 855 991 1194 1124 1408 1611 1490 
487 663 536 743 1002 1115 1086 1002 1587 1297 1508 1516 1590 1527 1392 1098 1355 1174 864 636 730 666 439 574 530 599 669 825 739 945 1040 1416 1454 1618 
568 503 728 669 729 995 1346 1050 1425 1614 1221 1215 1362 1558 1090 1068 991 1156 769 735 625 483 529 568 417 629 529 849 863 1069 1235 1480 1374 1202 
588 656 693 790 702 818 978 1229 1256 1667 1745 1206 1263 1600 1220 1250 1108 892 810 677 723 623 610 467 451 498 601 722 831 966 1334 1176 1083 1375 
420 581 627 811 723 961 1072 1169 1184 1594 1764 1668 1642 1352 1129 1227 942 918 1009 681 631 464 503 506 492 490 519 860 946 1025 1037 1234 1489 1287 
425 517 652 881 729 972 1098 1291 1428 1477 1232 1329 1543 1368 1435 1068 1331 1163 956 863 685 453 601 584 500 586 716 795 944 1165 968 1245 1204 1467 
593 611 602 719 973 1124 1211 1122 1476 1241 1462 1430 1597 1438 1352 1371 1059 851 930 857 744 565 602 486 470 654 567 792 782 1179 1229 1466 1466 1526 
599 577 545 811 743 977 1125 1325 1141 1663 1545 1794 1523 1410 1592 1225 1036 982 1041 763 585 648 539 575 550 600 726 636 975 951 1288 1077 1396 1300 
607 533 646 728 820 980 1323 1242 1352 1147 1574 1403 1454 1627 1237 1119 1201 1032 938 877 612 586 619 405 475 532 567 740 810 1135 961 1030 1377 1534 
566 464 654 809 802 1110 992 1402 1468 1288 1195 1579 1414 1575 1093 1475 1317 908 827 689 530 674 601 563 432 538 615 817 788 1003 1323 1226 1241 1569 
505 647 663 751 784 1002 981 1327 1617 1439 1361 1569 1732 1631 1132 1065 1204 1067 925 827 656 578 444 571 512 490 693 686 976 916 932 1270 1481 1572 
418 568 757 617 1020 1045 1328 1249 1457 1470 1742 1383 1699 1342 1348 1338 1175 1105 982 729 649 515 475 571 420 493 671 796 845 831 1028 1258 1599 1544 
458 511 608 834 930 1187 1002 1210 1275 1266 1389 1396 1380 1520 1431 1227 947 867 964 769 712 644 610 407 508 644 575 773 746 1071 1175 1044 1522 1568 
471 544 567 788 867 837 988 1141 1137 1208 1698 1363 1491 1371 1316 1162 1353 913 1031 750 525 643 466 400 572 647 682 621 759 1119 967 1491 1085 1324 
565 575 538 777 751 836 988 1147 1090 1462 1726 1341 1545 1321 1477 1279 1022 1028 988 786 665 482 587 463 473 655 743 607 817 928 1042 1473 1488 1199 
527 456 701 614 736 838 1312 1426 1352 1566 1257 1413 1763 1217 1200 1057 1312 1018 946 613 694 673 584 532 585 468 591 875 844 934 1310 1021 1303 1467 
417 546 741 693 1006 1151 1317 1364 1187 1472 1307 1382 1543 1463 1481 1424 1227 974 703 722 571 514 449 462 525 633 534 629 724 988 967 1258 1601 1304 
599 529 654 803 962 863 1249 1439 1281 1154 1432 1586 1662 1643 1250 1411 919 1130 910 877 772 509 497 559 499 555 618 843 770 906 963 1293 1150 1234 
540 600 677 616 867 826 1299 1383 1553 1428 1509 1217 1755 1472 1290 1003 1102 879 811 733 750 597 437 438 447 644 527 685 997 852 1327 1176 1162 1443 
418 576 710 825 908 1067 1085 1271 1282 1639 1688 1729 1298 1335 1245 1499 1007 1034 960 854 590 620 606 534 417 486 567 762 764 842 1062 1185 1344 1625 
544 545 755 725 928 1034 1200 1487 1553 1615 1212 1660 1200 1475 1452 1213 1098 1131 872 622 638 629 519 501 595 518 575 654 930 1052 1120 1126 1599 1337 
543 522 654 827 958 834 1195 1134 1088 1654 1580 1512 1571 1623 1135 1403 1279 1119 957 885 737 482 495 538 583 668 714 618 857 878 1014 1346 1090 1272 
