20 3 20
15 10
850 112 130 149 169 187 203 214 222 225 222 214 203 187 169 150 130 112 96 85 77 
850 149 174 199 225 249 270 286 296 300 296 286 270 250 225 200 174 150 129 113 103 
100000 7499 8705 9999 11294 12499 13535 14330 14829 15000 14829 14330 13535 12500 11294 10000 8705 7500 6464 5669 5170 
1250 1129 1000 870 750 646 566 517 500 517 566 646 749 870 999 
953 1269 1224 1312 1462 
941 1267 1376 1195 1372 
1309 1157 1151 1329 1729 
1309 1122 1093 1524 1240 
1134 1152 1437 1277 1602 
920 1129 1579 1397 1479 
1214 1424 1163 1361 1420 
1133 1157 1584 1177 1265 
1346 1157 1533 1576 1757 
1270 1090 1449 1599 1728 
