20 6 20
11 100
340 96 112 130 149 169 187 203 214 222 225 222 214 203 187 169 150 130 112 96 85 
340 129 149 174 199 225 249 270 286 296 300 296 286 270 250 225 200 174 150 129 113 
340 161 187 217 249 282 312 338 358 370 375 370 358 338 312 282 250 217 187 161 141 
340 193 224 261 299 338 374 406 429 444 450 444 429 406 375 338 300 261 225 193 170 
340 226 262 304 349 395 437 473 501 519 525 519 501 473 437 395 350 304 262 226 198 
100000 6464 7499 8705 9999 11294 12499 13535 14330 14829 15000 14829 14330 13535 12500 11294 10000 8705 7500 6464 5669 
1353 1250 1129 1000 870 750 646 566 517 500 517 
670 644 580 740 986 784 722 623 1652 
356 785 302 551 447 489 1449 832 1851 
280 707 564 1184 1524 746 1746 1433 1320 
236 262 325 1304 462 1437 1273 549 1593 
433 508 829 361 403 1740 1583 2083 2265 
363 792 317 904 787 1684 1889 690 1958 
880 515 342 1289 840 864 1598 1308 1329 
714 750 536 1224 892 797 771 708 1418 
640 790 1068 966 1372 1646 1843 1253 1865 
501 985 820 646 1229 635 1404 2074 1856 
366 809 850 1359 746 1750 729 788 1131 
255 605 535 475 1538 1544 577 1933 1131 
389 367 506 1296 1045 1309 1956 1940 1692 
826 988 618 670 970 1172 854 1155 671 
626 376 1114 414 1082 1703 990 2123 860 
611 884 454 465 1314 689 502 1128 853 
522 356 670 679 766 1497 1916 1552 1900 
870 662 395 464 702 1204 1090 1123 1172 
409 807 916 1073 1428 775 1495 1577 1590 
728 936 714 406 1187 1581 1204 957 1792 
711 818 1029 524 1369 1110 1915 1778 978 
247 649 745 1206 1390 1423 897 1606 1897 
840 715 544 883 1432 859 1892 1324 870 
608 1005 944 446 421 1372 595 1023 1380 
726 949 445 1250 1021 1590 1759 2147 1347 
759 880 919 1098 1018 594 1927 1143 1130 
281 820 550 1390 1197 1493 1852 1169 758 
529 533 387 614 1265 1420 1133 757 1076 
273 335 355 479 689 1776 503 1004 1764 
373 542 644 917 487 455 1242 877 2135 
619 948 811 842 490 1003 849 686 1655 
796 842 1035 773 574 917 787 1781 2077 
251 750 652 958 1295 617 1515 1606 954 
380 1015 589 703 501 522 878 1720 1321 
476 679 436 639 951 1065 1548 988 793 
730 368 725 1009 1510 1157 1169 1580 1144 
491 613 410 623 1207 1427 1913 755 1690 
474 509 1114 1374 641 1736 1560 1016 2068 
824 971 521 837 441 1283 1405 972 1347 
691 432 820 354 994 1091 1116 1974 1293 
235 1002 691 420 938 1204 1578 1535 1927 
341 550 1178 537 445 601 961 2052 1492 
538 660 495 1247 509 824 1277 1613 1169 
401 409 427 588 461 722 1725 1489 1429 
496 594 893 1247 925 727 1706 1587 1751 
856 628 667 487 499 892 1144 1858 1468 
582 680 858 1177 532 480 644 1805 1488 
777 287 873 463 401 1119 1615 1615 2042 
274 755 1179 580 421 1327 1088 1726 709 
356 377 784 932 967 1548 582 1501 1513 
458 575 355 782 699 536 755 916 1143 
485 324 479 696 1018 1355 923 923 1334 
727 475 627 868 1402 996 586 957 2257 
849 340 379 696 1550 1362 891 1060 779 
864 954 381 1264 588 1341 1791 1327 1223 
556 301 662 882 705 1453 1814 2152 1710 
441 827 968 569 1518 473 1491 1591 1598 
590 519 873 809 1509 780 675 753 1133 
288 310 1068 606 1111 618 1854 1744 1145 
789 469 707 1363 1459 821 1498 1371 1011 
650 964 1037 815 1564 790 736 1865 1164 
793 962 522 837 1352 762 607 1258 762 
817 653 952 878 1384 1192 1881 2162 733 
598 497 437 615 942 1263 1551 571 2173 
833 685 797 652 742 1558 1652 1405 787 
884 463 610 706 1192 704 1160 1966 1228 
695 274 856 836 686 1474 1796 1539 1373 
287 843 716 1172 702 1317 1019 1409 1918 
818 890 978 1321 1557 453 1221 1814 1644 
536 745 690 935 1010 785 611 1579 1921 
487 513 505 1330 665 1359 985 924 1872 
422 518 319 1086 666 511 1604 1983 791 
701 662 981 871 1227 482 1042 1716 1988 
571 565 975 977 1411 1262 1710 1402 1412 
362 971 1098 381 1164 1308 1918 1232 1035 
745 335 714 648 1020 1637 1424 1461 1999 
427 922 889 623 1059 1073 1447 1047 1381 
570 294 704 1126 501 1357 1666 1141 2000 
393 723 554 1264 415 1505 1503 1892 851 
376 952 1065 1365 785 1173 1126 1949 1823 
548 971 339 598 1058 1268 1979 921 1761 
244 640 667 386 1093 1110 829 2163 855 
449 922 959 1044 1380 548 1991 953 1674 
735 913 428 817 1006 680 1864 1055 975 
559 982 992 1241 434 556 689 847 1434 
357 537 520 967 1052 709 1711 1534 1860 
669 745 533 686 1382 580 517 1240 2206 
708 303 1129 1107 655 838 900 1905 1826 
407 623 860 1098 1259 1209 1938 776 1270 
730 395 895 1362 1396 662 746 1543 621 
469 702 445 1029 409 674 1104 2027 821 
440 471 605 1117 1584 1467 1862 1557 1971 
894 671 725 460 1146 1738 1181 1617 1986 
657 968 904 1224 1364 1394 1410 1783 821 
470 585 580 679 441 1665 706 1935 732 
556 781 804 736 1012 1722 1900 833 640 
412 904 1006 638 1019 1600 1416 1942 1499 
604 933 1059 1011 659 1576 1620 1735 619 
536 669 1110 866 1160 1522 615 650 1766 
270 703 801 825 1079 762 1283 1390 903 
