5 2 20
4 100
1700 130 149 169 187 203 
100000 8705 9999 11294 12499 13535 
1129 1000 870 750 
583 
590 
767 
608 
565 
585 
564 
743 
589 
678 
607 
539 
545 
767 
575 
659 
773 
716 
667 
735 
538 
646 
712 
580 
541 
720 
767 
576 
716 
631 
567 
555 
689 
636 
519 
550 
608 
716 
565 
679 
680 
766 
630 
672 
744 
691 
543 
723 
532 
743 
556 
544 
660 
718 
611 
630 
614 
666 
771 
552 
739 
706 
700 
599 
630 
527 
618 
571 
666 
564 
584 
740 
642 
770 
773 
582 
689 
542 
656 
577 
762 
612 
769 
599 
525 
646 
593 
706 
563 
608 
621 
707 
557 
656 
582 
684 
771 
652 
613 
671 
