50 11 20
36 50
170 85 96 112 130 149 169 187 203 214 222 225 222 214 203 187 169 150 130 112 96 85 77 75 77 85 96 112 130 149 169 187 203 214 222 225 222 214 203 187 169 150 130 112 96 85 77 75 77 85 96 
170 113 129 149 174 199 225 249 270 286 296 300 296 286 270 250 225 200 174 150 129 113 103 100 103 113 129 149 174 199 225 249 270 286 296 300 296 286 270 250 225 200 174 150 129 113 103 100 103 113 129 
170 141 161 187 217 249 282 312 338 358 370 375 370 358 338 312 282 250 217 187 161 141 129 125 129 141 161 187 217 249 282 312 338 358 370 375 370 358 338 312 282 250 217 187 161 141 129 125 129 141 161 
170 170 193 224 261 299 338 374 406 429 444 450 444 429 406 375 338 300 261 225 193 170 155 150 155 170 193 224 261 299 338 374 406 429 444 450 444 429 406 375 338 300 261 225 193 170 155 150 155 170 193 
170 198 226 262 304 349 395 437 473 501 519 525 519 501 473 437 395 350 304 262 226 198 180 175 180 198 226 262 304 349 395 437 473 501 519 525 519 501 473 437 395 350 304 262 226 198 180 175 180 198 226 
170 226 258 299 348 399 451 499 541 573 593 600 593 573 541 500 451 400 348 300 258 226 206 200 206 226 258 299 348 399 451 499 541 573 593 600 593 573 541 500 451 400 348 300 258 226 206 200 206 226 258 
170 255 290 337 391 449 508 562 609 644 667 675 667 644 609 562 508 450 391 337 290 255 232 225 232 255 290 337 391 449 508 562 609 644 667 675 667 644 609 562 508 450 391 337 290 255 232 225 232 255 290 
170 283 323 374 435 499 564 624 676 716 741 750 741 716 676 625 564 500 435 375 323 283 258 250 258 283 323 374 435 499 564 624 676 716 741 750 741 716 676 625 564 500 435 375 323 283 258 250 258 283 323 
170 311 355 412 478 549 621 687 744 788 815 825 815 788 744 687 621 550 478 412 355 311 284 275 284 311 355 412 478 549 621 687 744 788 815 825 815 788 744 687 621 550 478 412 355 311 284 275 284 311 355 
170 340 387 449 522 599 677 749 812 859 889 900 889 859 812 750 677 600 522 450 387 340 310 300 310 340 387 449 522 599 677 749 812 859 889 900 889 859 812 750 677 600 522 450 387 340 310 300 310 340 387 
100000 5669 6464 7499 8705 9999 11294 12499 13535 14330 14829 15000 14829 14330 13535 12500 11294 10000 8705 7500 6464 5669 5170 5000 5170 5669 6464 7499 8705 9999 11294 12499 13535 14330 14829 15000 14829 14330 13535 12500 11294 10000 8705 7500 6464 5669 5170 5000 5170 5669 6464 
1433 1353 1250 1129 1000 870 750 646 566 517 500 517 566 646 749 870 999 1129 1249 1353 1433 1482 1499 1482 1433 1353 1250 1129 1000 870 750 646 566 517 500 517 
667 602 615 830 1175 1344 1092 1522 1154 1277 1211 1478 1492 1583 
624 549 666 852 925 1025 1352 1154 1280 1500 1246 1716 1292 1452 
572 552 838 739 975 1130 1018 1332 1702 1200 1717 1559 1222 1492 
525 597 855 866 1152 940 1476 1418 1252 1209 1555 1660 1420 1276 
459 627 747 875 909 1178 1487 1407 1468 1567 1543 1502 1189 1441 
522 648 890 870 935 1154 1038 1284 1309 1489 1412 1487 1568 1244 
554 584 678 975 961 1285 1293 1204 1718 1353 1292 1339 1494 1416 
637 748 637 709 1134 1013 1448 1618 1148 1301 1266 1681 1680 1224 
599 571 723 853 1123 1192 1477 1360 1150 1476 1359 1424 1547 1572 
645 595 813 959 999 928 1166 1224 1644 1386 1289 1367 1625 1311 
482 544 865 1007 1149 1039 1128 1146 1468 1208 1210 1695 1424 1176 
644 735 817 761 1065 1198 1430 1552 1704 1631 1351 1431 1668 1093 
632 773 883 922 1058 1076 1151 1455 1695 1670 1744 1269 1682 1363 
453 756 698 757 888 1163 1380 1522 1322 1752 1727 1318 1243 1584 
632 657 768 778 1092 930 1018 1356 1446 1681 1459 1570 1513 1223 
588 665 750 736 1022 1139 1434 1216 1671 1679 1705 1444 1474 1389 
552 662 784 959 871 1206 1259 1436 1564 1777 1450 1683 1700 1404 
594 644 753 908 855 1221 1088 1532 1390 1286 1371 1543 1156 1121 
532 690 705 893 817 946 1213 1418 1154 1648 1542 1573 1365 1491 
675 702 757 963 919 1200 1004 1249 1698 1199 1331 1563 1399 1141 
589 757 665 1034 1197 953 1313 1488 1181 1482 1395 1264 1275 1531 
589 604 640 958 881 1095 1044 1313 1148 1365 1445 1345 1189 1215 
506 639 761 802 1070 1075 1402 1314 1632 1370 1486 1564 1540 1583 
593 546 626 955 1031 1141 1136 1558 1249 1464 1737 1549 1350 1246 
643 743 624 803 865 1016 1367 1319 1273 1532 1591 1514 1327 1514 
470 636 890 1039 880 1177 1111 1306 1480 1639 1757 1478 1480 1392 
572 604 623 784 902 1343 1090 1278 1320 1686 1289 1722 1600 1423 
507 693 644 719 1074 983 1397 1497 1476 1706 1554 1603 1590 1247 
470 626 803 931 1160 1164 1489 1334 1422 1712 1299 1648 1311 1136 
678 730 834 724 1049 1066 1223 1397 1528 1457 1736 1673 1621 1301 
566 631 722 740 1011 1338 1166 1590 1312 1355 1779 1763 1240 1299 
549 556 627 987 1028 920 1214 1604 1416 1403 1586 1645 1417 1457 
645 561 794 1005 1037 1099 1420 1585 1693 1706 1200 1627 1320 1285 
462 652 840 965 1172 1034 1020 1534 1306 1241 1691 1649 1166 1453 
572 528 794 1041 827 1043 1152 1216 1646 1448 1507 1257 1636 1299 
619 695 869 951 916 1170 1368 1477 1300 1316 1678 1689 1496 1228 
653 645 648 878 886 1248 1418 1183 1619 1301 1604 1554 1531 1193 
672 734 774 777 869 1170 1183 1197 1667 1401 1292 1460 1489 1184 
538 671 645 890 954 1152 1145 1250 1255 1347 1661 1673 1274 1220 
503 610 802 845 1131 1327 1164 1378 1469 1474 1415 1563 1247 1485 
472 681 805 926 848 1254 1291 1445 1688 1687 1475 1594 1294 1555 
515 559 663 830 1199 925 1453 1509 1622 1770 1278 1767 1566 1422 
647 723 739 821 958 1074 1441 1256 1570 1210 1605 1208 1159 1492 
520 652 774 991 910 995 1295 1600 1526 1466 1640 1735 1600 1230 
650 682 631 866 876 1109 1122 1384 1610 1362 1283 1230 1299 1092 
520 726 874 739 808 1309 1328 1317 1597 1564 1796 1660 1410 1433 
650 634 787 977 907 951 1350 1496 1166 1387 1245 1421 1653 1328 
680 527 626 803 962 1287 1387 1224 1406 1253 1401 1691 1672 1565 
658 573 668 976 948 1335 1169 1254 1660 1437 1280 1401 1378 1163 
593 688 607 832 1038 1157 1466 1337 1181 1632 1552 1749 1147 1456 
