50 11 20
36 50
170 130 149 169 187 203 214 222 225 222 214 203 187 169 150 130 112 96 85 77 75 77 85 96 112 130 149 169 187 203 214 222 225 222 214 203 187 169 150 130 112 96 85 77 75 77 85 96 112 130 149 
170 174 199 225 249 270 286 296 300 296 286 270 250 225 200 174 150 129 113 103 100 103 113 129 149 174 199 225 249 270 286 296 300 296 286 270 250 225 200 174 150 129 113 103 100 103 113 129 149 174 199 
170 217 249 282 312 338 358 370 375 370 358 338 312 282 250 217 187 161 141 129 125 129 141 161 187 217 249 282 312 338 358 370 375 370 358 338 312 282 250 217 187 161 141 129 125 129 141 161 187 217 249 
170 261 299 338 374 406 429 444 450 444 429 406 375 338 300 261 225 193 170 155 150 155 170 193 224 261 299 338 374 406 429 444 450 444 429 406 375 338 300 261 225 193 170 155 150 155 170 193 224 261 299 
170 304 349 395 437 473 501 519 525 519 501 473 437 395 350 304 262 226 198 180 175 180 198 226 262 304 349 395 437 473 501 519 525 519 501 473 437 395 350 304 262 226 198 180 175 180 198 226 262 304 349 
170 348 399 451 499 541 573 593 600 593 573 541 500 451 400 348 300 258 226 206 200 206 226 258 299 348 399 451 499 541 573 593 600 593 573 541 500 451 400 348 300 258 226 206 200 206 226 258 299 348 399 
170 391 449 508 562 609 644 667 675 667 644 609 562 508 450 391 337 290 255 232 225 232 255 290 337 391 449 508 562 609 644 667 675 667 644 609 562 508 450 391 337 290 255 232 225 232 255 290 337 391 449 
170 435 499 564 624 676 716 741 750 741 716 676 625 564 500 435 375 323 283 258 250 258 283 323 374 435 499 564 624 676 716 741 750 741 716 676 625 564 500 435 375 323 283 258 250 258 283 323 374 435 499 
170 478 549 621 687 744 788 815 825 815 788 744 687 621 550 478 412 355 311 284 275 284 311 355 412 478 549 621 687 744 788 815 825 815 788 744 687 621 550 478 412 355 311 284 275 284 311 355 412 478 549 
170 522 599 677 749 812 859 889 900 889 859 812 750 677 600 522 450 387 340 310 300 310 340 387 449 522 599 677 749 812 859 889 900 889 859 812 750 677 600 522 450 387 340 310 300 310 340 387 449 522 599 
100000 8705 9999 11294 12499 13535 14330 14829 15000 14829 14330 13535 12500 11294 10000 8705 7500 6464 5669 5170 5000 5170 5669 6464 7499 8705 9999 11294 12499 13535 14330 14829 15000 14829 14330 13535 12500 11294 10000 8705 7500 6464 5669 5170 5000 5170 5669 6464 7499 8705 9999 
1129 1000 870 750 646 566 517 500 517 566 646 749 870 999 1129 1249 1353 1433 1482 1499 1482 1433 1353 1250 1129 1000 870 750 646 566 517 500 517 566 646 749 
642 1443 596 1473 2145 1264 1292 1750 2332 632 943 748 593 1132 
781 1197 1196 1427 1929 1396 796 1797 945 2074 609 1112 1557 626 
801 1204 949 1388 1961 2191 848 1313 1208 586 673 1124 503 1486 
1146 796 634 1896 976 1462 906 2258 935 1152 700 1289 1433 787 
898 1227 544 882 1246 667 773 1646 1926 1470 1483 741 456 1199 
1139 1349 1300 863 1761 1417 2309 1482 1465 591 1571 1195 1284 1041 
647 518 640 563 1181 986 1042 1154 836 1171 655 1985 1801 515 
1093 1359 640 1388 1399 907 942 1368 2033 1588 1378 913 1627 1046 
866 731 1505 1776 693 2108 1765 843 745 1415 1886 1569 716 800 
1047 860 1360 862 1453 594 1304 1669 1869 1263 823 1903 804 898 
532 1443 998 1754 1034 1406 694 2236 1304 599 1704 573 464 1554 
1369 1213 1448 1087 1372 1722 2018 1733 2121 1166 2005 611 1629 1037 
1341 805 647 1394 1849 1341 1167 2371 1602 1100 1430 764 1204 597 
1356 1087 1187 910 1512 1014 1213 1488 1359 740 1159 539 531 622 
587 433 1462 569 1988 1087 983 1695 1892 1909 649 1108 1490 465 
413 1553 967 1448 992 2022 653 844 1143 1164 696 808 1098 718 
738 747 905 1649 1249 650 1178 1955 1168 1562 2105 1653 1461 668 
657 1441 924 702 759 1293 882 1152 1917 1152 1834 1027 1057 1216 
878 1226 1701 667 1698 1216 1620 893 671 1104 1870 1702 1195 422 
944 688 608 1614 1989 1401 1895 684 615 1514 1609 1500 1364 1451 
467 1385 542 1775 1487 1768 1045 2254 1123 1132 1185 943 512 1115 
1009 1223 1583 1360 2098 621 1616 2195 2284 1780 1029 1077 1357 624 
443 1344 1257 1441 932 1492 2270 1105 1996 1557 836 972 452 740 
475 1512 1668 918 1206 992 1340 1103 1944 2260 1067 1695 1522 793 
775 1401 1519 536 797 1149 1044 779 1300 1567 1464 863 535 715 
1006 723 1344 1224 1842 1717 1538 1177 601 1702 1367 903 891 1351 
384 655 1734 1252 1159 880 1981 1659 628 1558 1542 720 1500 558 
509 1421 1544 950 1752 738 733 1054 949 2225 1097 919 1120 939 
635 1321 1436 500 1914 1375 903 1876 1494 1073 1791 876 871 825 
1253 1558 1169 1203 1567 684 2190 2065 2180 1353 603 518 1541 529 
554 770 681 1236 1944 739 1936 2370 1241 1404 1267 1669 516 567 
976 675 623 694 1205 737 2001 2319 1749 1753 1640 1289 1335 812 
641 734 1558 867 1242 837 1562 2389 1279 1723 2031 1951 1358 1339 
1348 1465 767 1682 1902 1578 664 2294 2129 1300 1607 579 1232 835 
1346 1304 1572 667 1388 1708 878 1239 2100 837 1112 1272 1702 1590 
809 424 864 1216 727 1519 1057 1304 1948 949 684 1138 549 610 
546 778 1126 1374 564 1269 1371 1404 1378 2052 1316 895 1423 690 
911 1545 1161 1501 986 666 1102 1093 1571 1654 1026 799 958 1457 
1160 1375 577 1887 1233 1245 983 1825 1663 2266 1713 1072 1389 1210 
480 1168 1511 1919 989 1528 962 1304 733 1989 697 1210 601 792 
849 1067 984 744 676 2166 957 1656 1245 610 973 1751 1718 1107 
492 752 1662 1993 846 2290 1041 1296 2282 2131 2101 1926 777 1514 
1065 1563 1623 791 2021 2119 1053 1499 1393 891 2010 1132 1784 451 
1267 476 1400 1867 1132 2124 1722 2049 1409 1769 1849 917 677 1525 
1120 675 1617 1718 1318 1005 767 821 1774 1877 746 754 1521 1119 
1296 437 745 1077 579 978 687 1024 1114 1041 1308 773 1068 1518 
963 1515 1470 1888 1300 922 1944 1970 1234 1260 1051 1024 1509 1310 
1259 755 1107 1663 782 1199 2329 727 1262 671 1543 1159 506 1374 
1322 758 1010 1630 897 990 1925 1479 662 2193 1317 1859 1389 508 
596 943 818 1428 690 2028 1275 2240 1980 1795 765 824 909 498 
