10 11 20
4 100
170 85 96 112 130 149 169 187 203 214 222 
170 113 129 149 174 199 225 249 270 286 296 
170 141 161 187 217 249 282 312 338 358 370 
170 170 193 224 261 299 338 374 406 429 444 
170 198 226 262 304 349 395 437 473 501 519 
170 226 258 299 348 399 451 499 541 573 593 
170 255 290 337 391 449 508 562 609 644 667 
170 283 323 374 435 499 564 624 676 716 741 
170 311 355 412 478 549 621 687 744 788 815 
170 340 387 449 522 599 677 749 812 859 889 
100000 5669 6464 7499 8705 9999 11294 12499 13535 14330 14829 
1433 1353 1250 1129 
1119 858 996 919 862 767 
844 629 1099 988 899 774 
834 889 784 707 872 511 
457 1288 338 420 472 305 
1447 656 468 259 690 813 
957 576 990 909 578 306 
1144 654 1164 947 801 625 
1403 1017 406 454 866 662 
1459 371 1028 624 906 597 
813 503 364 452 586 689 
1216 1172 492 724 377 349 
937 1370 820 633 433 694 
828 948 919 924 826 528 
504 1005 914 825 721 527 
1243 656 407 394 851 808 
940 553 851 436 763 424 
421 597 830 1017 590 235 
924 974 531 950 588 429 
430 1333 1067 561 704 392 
998 1073 1135 753 324 588 
449 679 398 671 498 384 
1584 1223 1029 767 439 705 
769 629 517 598 888 270 
1233 1292 317 932 875 592 
1469 1007 447 749 595 707 
1265 671 898 550 232 225 
465 1038 699 951 800 514 
795 418 1032 384 526 751 
1024 1287 1067 430 517 430 
1540 757 1012 917 300 782 
1005 1046 1197 700 637 484 
1589 1294 920 861 664 717 
1550 1381 926 529 267 487 
1123 1357 762 405 241 213 
1482 556 521 442 595 388 
471 501 1083 886 881 316 
719 403 524 521 570 688 
1492 764 828 713 779 330 
574 959 426 426 336 272 
1076 1328 476 946 287 308 
1443 893 380 894 762 540 
938 743 893 979 440 505 
1360 889 673 925 742 799 
907 489 540 821 437 586 
713 1387 464 754 329 604 
1086 1027 389 503 645 487 
998 1262 422 950 484 229 
474 823 1167 710 343 776 
508 1376 853 758 712 677 
648 978 488 588 858 652 
1247 768 865 753 329 621 
873 887 604 697 596 768 
1138 921 943 526 552 372 
442 1132 1020 862 785 320 
1440 644 1000 346 902 319 
629 1129 1101 898 252 541 
1040 1182 778 607 728 250 
445 423 438 928 795 338 
1510 960 937 262 699 618 
1377 532 483 743 778 535 
633 630 938 468 790 385 
908 597 618 365 549 617 
661 942 1043 658 481 574 
799 431 1177 473 727 701 
612 540 943 270 427 715 
1518 1091 1190 966 608 700 
1289 1270 527 323 437 418 
413 903 657 1005 881 721 
697 945 712 991 492 698 
1007 1093 518 336 897 246 
1363 1004 857 1023 326 549 
605 1187 1145 587 794 762 
1233 640 550 572 897 745 
811 426 607 917 776 684 
440 666 525 882 553 452 
917 1031 737 667 355 298 
434 1234 576 833 790 481 
786 1350 654 292 739 577 
1345 997 935 864 781 639 
782 857 1071 806 257 575 
490 628 483 322 359 648 
1365 829 834 788 280 223 
1490 548 943 285 832 791 
712 757 932 475 660 795 
905 980 548 1033 843 583 
1371 425 1022 365 769 590 
1450 451 723 770 492 301 
1529 394 996 754 808 421 
705 875 1165 290 717 588 
1075 392 757 475 435 314 
785 698 576 802 250 605 
457 870 809 506 251 793 
1078 949 923 373 302 500 
911 960 440 628 478 683 
1515 476 978 259 238 608 
855 1237 604 986 326 459 
1281 1013 423 981 498 658 
634 1383 1069 636 551 617 
1242 453 1162 971 809 718 
802 1143 756 268 449 348 
