20 6 20
7 5
340 77 75 77 85 96 112 130 149 169 187 203 214 222 225 222 214 203 187 169 150 
340 103 100 103 113 129 149 174 199 225 249 270 286 296 300 296 286 270 250 225 200 
340 129 125 129 141 161 187 217 249 282 312 338 358 370 375 370 358 338 312 282 250 
340 155 150 155 170 193 224 261 299 338 374 406 429 444 450 444 429 406 375 338 300 
340 180 175 180 198 226 262 304 349 395 437 473 501 519 525 519 501 473 437 395 350 
100000 5170 5000 5170 5669 6464 7499 8705 9999 11294 12499 13535 14330 14829 15000 14829 14330 13535 12500 11294 10000 
1482 1499 1482 1433 1353 1250 1129 
828 791 649 772 576 559 513 414 642 712 845 850 1069 
1013 782 870 528 524 592 456 597 631 660 785 888 841 
1087 877 680 731 555 417 513 428 645 765 869 1025 1033 
1091 833 822 592 561 417 555 587 589 527 727 756 1067 
832 781 810 658 609 571 592 597 603 713 752 964 826 
