50 2 20
26 5
1700 112 96 85 77 75 77 85 96 112 130 149 169 187 203 214 222 225 222 214 203 187 169 150 130 112 96 85 77 75 77 85 96 112 130 149 169 187 203 214 222 225 222 214 203 187 169 150 130 112 96 
100000 7500 6464 5669 5170 5000 5170 5669 6464 7499 8705 9999 11294 12499 13535 14330 14829 15000 14829 14330 13535 12500 11294 10000 8705 7500 6464 5669 5170 5000 5170 5669 6464 7499 8705 9999 11294 12499 13535 14330 14829 15000 14829 14330 13535 12500 11294 10000 8705 7500 6464 
1249 1353 1433 1482 1499 1482 1433 1353 1250 1129 1000 870 750 646 566 517 500 517 566 646 749 870 999 1129 1249 1353 
1461 1441 1623 1735 1267 1475 1472 1312 1180 756 768 608 497 457 511 576 530 593 633 888 884 1318 1190 1512 
1703 1319 1500 1698 1635 1204 1433 1264 1010 701 698 559 565 416 468 605 523 692 814 915 1190 1199 1009 1360 
1367 1693 1354 1716 1223 1294 1447 1100 1016 1004 853 667 506 429 498 588 486 577 709 765 898 1039 1259 1212 
1651 1362 1364 1431 1162 1559 1178 1326 940 903 615 702 535 565 493 603 580 598 753 849 1148 959 1321 1096 
1296 1346 1214 1283 1614 1237 1074 1166 878 758 769 643 625 500 546 480 499 612 804 764 842 928 1252 1497 
