50 2 20
36 5
1700 130 112 96 85 77 75 77 85 96 112 130 149 169 187 203 214 222 225 222 214 203 187 169 150 130 112 96 85 77 75 77 85 96 112 130 149 169 187 203 214 222 225 222 214 203 187 169 150 130 112 
100000 8705 7500 6464 5669 5170 5000 5170 5669 6464 7499 8705 9999 11294 12499 13535 14330 14829 15000 14829 14330 13535 12500 11294 10000 8705 7500 6464 5669 5170 5000 5170 5669 6464 7499 8705 9999 11294 12499 13535 14330 14829 15000 14829 14330 13535 12500 11294 10000 8705 7500 
1129 1249 1353 1433 1482 1499 1482 1433 1353 1250 1129 1000 870 750 646 566 517 500 517 566 646 749 870 999 1129 1249 1353 1433 1482 1499 1482 1433 1353 1250 1129 1000 
679 370 798 409 442 644 527 396 612 644 563 1231 1196 1967 
712 1019 781 320 629 292 321 877 971 412 1354 831 561 1608 
493 1018 881 669 574 571 567 404 990 1174 799 1141 793 1376 
1329 441 372 404 295 746 573 523 451 519 380 1156 1296 1622 
462 447 298 467 641 769 648 409 603 959 1227 1419 1192 1401 
