20 2 20
15 50
1700 96 112 130 149 169 187 203 214 222 225 222 214 203 187 169 150 130 112 96 85 
100000 6464 7499 8705 9999 11294 12499 13535 14330 14829 15000 14829 14330 13535 12500 11294 10000 8705 7500 6464 5669 
1353 1250 1129 1000 870 750 646 566 517 500 517 566 646 749 870 
1375 914 1352 1214 2142 
1554 1428 1394 1175 1652 
1503 1734 1869 710 679 
1212 1304 623 822 2153 
432 1772 1833 1602 2282 
530 1459 833 824 643 
534 1636 814 863 834 
769 1762 1365 1501 1782 
805 1414 1535 841 1802 
1153 787 803 1717 614 
1560 1524 978 1113 649 
623 1568 600 1063 1849 
432 1445 1754 1611 2124 
657 617 1169 661 1727 
527 1296 1405 1468 2174 
1127 714 1172 1464 1023 
890 1288 1318 684 578 
1079 1329 1245 2085 992 
1504 677 899 2108 2012 
1509 749 722 2095 827 
436 1275 1891 741 1666 
1138 686 1046 1575 1347 
534 904 1996 1624 997 
1056 1277 1666 2115 1477 
766 1255 1146 1468 1286 
1504 877 1732 1293 2035 
1421 1229 648 1100 2180 
776 1605 1013 1626 1359 
1361 608 785 933 1905 
484 621 1630 763 1844 
998 1203 1684 801 1371 
1449 1080 1064 1657 2023 
1480 812 1579 1726 598 
916 757 1475 1572 1170 
861 1435 1867 1381 1139 
579 1798 1730 2092 804 
463 1534 1914 883 1043 
503 924 1762 1958 1782 
1111 1573 1652 1246 911 
958 1777 516 732 2173 
809 880 516 1931 1714 
787 827 1351 1962 576 
675 1754 941 1998 967 
957 1259 1408 756 709 
1083 1625 1830 2094 1042 
984 1311 1211 1614 1990 
576 856 939 590 2215 
851 747 1692 2164 1174 
1130 1529 740 1107 1028 
1083 1133 1444 1456 651 
