50 3 20
26 50
850 75 77 85 96 112 130 149 169 187 203 214 222 225 222 214 203 187 169 150 130 112 96 85 77 75 77 85 96 112 130 149 169 187 203 214 222 225 222 214 203 187 169 150 130 112 96 85 77 75 77 
850 100 103 113 129 149 174 199 225 249 270 286 296 300 296 286 270 250 225 200 174 150 129 113 103 100 103 113 129 149 174 199 225 249 270 286 296 300 296 286 270 250 225 200 174 150 129 113 103 100 103 
100000 5000 5170 5669 6464 7499 8705 9999 11294 12499 13535 14330 14829 15000 14829 14330 13535 12500 11294 10000 8705 7500 6464 5669 5170 5000 5170 5669 6464 7499 8705 9999 11294 12499 13535 14330 14829 15000 14829 14330 13535 12500 11294 10000 8705 7500 6464 5669 5170 5000 5170 
1499 1482 1433 1353 1250 1129 1000 870 750 646 566 517 500 517 566 646 749 870 999 1129 1249 1353 1433 1482 1499 1482 
1702 1254 1255 1054 1136 817 714 566 630 458 409 481 483 627 890 1028 1169 1098 1285 1585 1574 1473 1567 1747 
1189 1597 1040 1023 1188 914 643 571 557 616 458 445 550 727 664 773 961 1044 1276 1310 1177 1731 1265 1428 
1571 1119 1291 1188 1189 751 737 530 481 583 424 449 501 749 840 896 865 947 1218 1469 1320 1689 1228 1288 
1436 1213 1358 931 1114 909 835 740 618 549 464 486 576 677 748 1001 852 1105 1464 1443 1158 1452 1571 1445 
1388 1292 1271 1341 950 865 751 752 508 477 475 511 546 518 672 813 1035 1286 1311 1266 1408 1536 1403 1382 
1214 1383 1040 1249 838 1029 698 610 521 497 535 508 626 546 657 833 989 1202 1422 1341 1276 1744 1613 1741 
1573 1144 1394 1098 1183 738 770 626 636 561 524 431 532 629 787 696 1033 1157 1190 1257 1606 1457 1598 1590 
1598 1239 1450 1120 1102 910 694 741 530 575 518 426 565 675 819 784 1056 1053 1034 1533 1662 1333 1306 1250 
1586 1138 1329 1033 824 903 738 754 566 418 559 513 620 660 679 844 892 915 1138 1220 1565 1665 1409 1197 
1598 1443 1201 1267 843 730 786 652 470 437 597 554 523 758 624 817 1047 1149 1121 1129 1218 1566 1597 1778 
1719 1547 1273 1189 1022 973 872 518 483 582 414 496 575 526 767 762 976 1147 1154 1306 1462 1329 1201 1365 
1661 1285 1216 1121 840 728 778 536 667 440 517 499 471 519 858 905 910 1231 1003 1409 1703 1455 1538 1264 
1448 1165 1019 904 1198 910 798 572 634 594 403 507 467 639 636 775 830 1153 1019 1300 1501 1317 1582 1350 
1454 1181 1294 1354 967 726 654 640 613 533 411 528 472 648 739 908 997 1018 1061 1287 1497 1595 1360 1265 
1223 1441 1010 904 1090 888 788 673 670 581 535 570 475 520 874 851 827 1031 1356 1496 1411 1603 1676 1245 
1656 1391 1169 1007 1036 1043 608 660 583 589 423 456 489 636 658 782 918 947 1300 1438 1406 1578 1350 1392 
1396 1394 1413 1321 802 815 897 620 590 561 545 532 465 772 709 818 1025 1061 1192 1412 1661 1636 1600 1759 
1164 1272 1076 927 858 972 790 669 529 540 537 605 636 749 713 804 1187 1096 1411 1393 1296 1543 1325 1468 
1718 1209 1170 1080 858 902 704 674 534 565 520 600 466 652 744 930 807 1078 1025 1215 1243 1302 1339 1619 
1172 1241 1310 1345 1084 739 740 769 563 501 595 481 526 635 750 737 874 1017 1337 1496 1309 1367 1307 1296 
1407 1486 1070 1336 1050 836 842 686 590 566 517 442 477 563 601 1040 941 1212 1379 1513 1180 1300 1421 1506 
1236 1493 1289 1252 856 1023 623 729 529 490 530 564 662 523 699 754 854 921 1329 1620 1360 1623 1597 1632 
1521 1419 1303 1243 887 1037 646 517 594 608 596 551 491 662 752 820 824 1262 1375 1530 1160 1728 1791 1451 
1637 1249 1121 938 1064 736 673 670 487 555 584 571 651 604 609 950 1057 1058 1013 1508 1214 1582 1652 1583 
1582 1292 1031 947 846 791 880 715 611 516 442 521 528 767 759 1021 931 981 1286 1609 1327 1270 1287 1213 
1158 1267 1159 925 1185 724 624 705 517 489 538 619 589 682 691 868 920 1093 1453 1108 1698 1362 1360 1355 
1371 1202 1444 963 823 906 782 611 512 446 586 615 657 769 814 902 872 1260 1104 1388 1203 1718 1314 1240 
1170 1469 1070 1341 945 853 649 585 513 581 535 533 643 588 749 762 1035 1294 1210 1453 1337 1704 1713 1435 
1573 1389 1324 1101 981 792 797 545 454 594 438 454 578 547 871 893 1034 1251 1103 1217 1486 1224 1719 1261 
1690 1284 1395 1299 1158 915 800 635 674 504 503 588 617 606 823 766 1197 1008 1407 1212 1584 1380 1283 1774 
1556 1498 1110 1204 1001 769 819 741 455 504 505 590 552 634 687 715 1035 904 1396 1415 1251 1200 1468 1248 
1453 1605 1110 989 984 856 746 628 620 479 586 610 669 594 623 767 861 1200 1293 1359 1159 1713 1697 1569 
1160 1456 1459 976 933 894 822 687 650 433 419 566 525 578 762 997 975 1253 1005 1528 1458 1343 1719 1197 
1423 1340 1192 1054 1175 986 705 713 553 575 561 516 654 668 770 970 1184 1123 1301 1175 1278 1612 1712 1409 
1344 1269 1306 1168 843 829 605 590 639 451 562 498 609 651 869 704 1083 1084 1418 1204 1594 1199 1698 1494 
1426 1543 1178 1069 925 806 886 552 609 427 469 443 608 587 728 721 1079 1311 1114 1304 1718 1498 1492 1278 
1391 1360 1430 1150 867 754 723 767 646 565 490 579 657 718 701 837 969 1280 1152 1619 1453 1715 1773 1512 
1366 1415 1229 1175 1123 968 627 766 659 605 440 466 548 686 647 817 866 1148 1226 1372 1453 1307 1479 1510 
1274 1286 1017 1001 858 888 730 767 646 441 559 590 516 659 799 822 874 1040 1320 1480 1217 1460 1729 1756 
1301 1356 1193 1007 1199 706 831 520 561 469 512 518 501 750 798 935 1118 960 1007 1418 1600 1448 1269 1391 
1151 1154 1219 1340 837 1014 710 570 617 561 551 442 515 527 796 817 918 1324 1187 1157 1520 1741 1444 1271 
1510 1134 1169 1332 1177 840 701 519 645 570 464 522 533 691 711 895 1117 944 1261 1144 1472 1400 1492 1302 
1439 1423 1217 1346 1043 1041 722 744 566 494 494 514 578 714 653 883 1154 1069 1239 1396 1234 1634 1566 1571 
1418 1305 1063 1171 924 857 782 591 604 510 434 516 551 710 711 880 896 994 1292 1340 1521 1265 1480 1313 
1166 1617 1288 1304 1183 873 833 546 563 473 494 539 487 558 696 855 812 1084 1239 1488 1548 1323 1781 1671 
1394 1391 1159 1238 1001 874 897 623 662 515 549 580 556 679 758 954 897 985 1467 1511 1685 1549 1745 1552 
1482 1201 1362 1078 882 979 853 662 536 491 556 560 583 575 753 906 1155 1173 1295 1238 1454 1281 1497 1422 
1667 1295 1176 1069 1108 807 783 720 462 530 548 549 672 569 783 934 817 1057 1274 1302 1463 1747 1656 1391 
1718 1550 1087 1296 934 865 681 528 532 427 408 443 667 549 792 723 1125 1317 1419 1298 1262 1458 1711 1293 
1259 1101 1332 1100 943 938 729 593 461 557 407 556 496 603 726 951 856 992 1389 1376 1707 1316 1310 1596 
