20 6 20
7 10
340 96 112 130 149 169 187 203 214 222 225 222 214 203 187 169 150 130 112 96 85 
340 129 149 174 199 225 249 270 286 296 300 296 286 270 250 225 200 174 150 129 113 
340 161 187 217 249 282 312 338 358 370 375 370 358 338 312 282 250 217 187 161 141 
340 193 224 261 299 338 374 406 429 444 450 444 429 406 375 338 300 261 225 193 170 
340 226 262 304 349 395 437 473 501 519 525 519 501 473 437 395 350 304 262 226 198 
100000 6464 7499 8705 9999 11294 12499 13535 14330 14829 15000 14829 14330 13535 12500 11294 10000 8705 7500 6464 5669 
1353 1250 1129 1000 870 750 646 
626 723 565 763 375 319 660 457 808 1805 776 1960 1223 
721 735 300 227 816 1010 899 1017 1363 1416 996 1075 1582 
293 266 707 736 298 942 630 1128 1327 1357 745 1057 2075 
801 478 420 373 590 414 484 884 573 1154 913 1882 2004 
890 302 204 284 701 913 666 766 1334 1631 1285 1280 1367 
310 416 722 765 859 1021 666 1257 787 1559 695 931 2230 
580 520 554 640 430 383 1002 577 1352 1206 1739 1818 1890 
402 794 495 329 263 334 325 1239 1140 1591 1148 2049 2202 
852 684 720 390 457 440 1143 1188 807 1302 1506 1457 702 
694 673 398 429 388 604 843 663 1140 693 917 900 1219 
