20 6 20
11 100
340 77 85 96 112 130 149 169 187 203 214 222 225 222 214 203 187 169 150 130 112 
340 103 113 129 149 174 199 225 249 270 286 296 300 296 286 270 250 225 200 174 150 
340 129 141 161 187 217 249 282 312 338 358 370 375 370 358 338 312 282 250 217 187 
340 155 170 193 224 261 299 338 374 406 429 444 450 444 429 406 375 338 300 261 225 
340 180 198 226 262 304 349 395 437 473 501 519 525 519 501 473 437 395 350 304 262 
100000 5170 5669 6464 7499 8705 9999 11294 12499 13535 14330 14829 15000 14829 14330 13535 12500 11294 10000 8705 7500 
1482 1433 1353 1250 1129 1000 870 750 646 566 517 
506 513 582 651 784 833 976 1149 1244 
514 493 542 636 776 889 977 1160 1234 
522 526 585 669 731 843 1038 1103 1204 
506 540 577 645 750 888 968 1105 1257 
476 491 569 621 761 882 996 1099 1277 
514 527 590 674 718 907 977 1080 1219 
490 539 558 664 731 884 1035 1156 1200 
490 499 577 671 727 857 1003 1075 1200 
511 497 541 662 746 866 970 1084 1209 
491 541 564 622 741 866 988 1142 1189 
504 530 558 656 724 894 1022 1132 1259 
489 505 556 641 731 884 966 1151 1277 
524 503 577 623 740 846 1012 1117 1224 
483 528 552 634 782 835 1036 1106 1261 
521 533 563 631 743 856 953 1129 1191 
494 526 579 637 784 879 953 1102 1254 
513 531 567 675 764 912 1022 1126 1235 
495 531 577 641 725 851 1004 1153 1243 
503 522 574 660 770 875 992 1149 1205 
475 514 551 651 787 908 950 1109 1276 
489 526 574 627 720 859 1024 1139 1223 
498 527 555 634 753 855 951 1184 1194 
481 491 587 672 726 838 997 1141 1303 
498 532 589 672 712 904 1009 1102 1290 
481 523 551 660 732 834 974 1141 1228 
476 492 553 666 715 843 973 1105 1212 
512 506 568 646 724 838 1014 1117 1206 
517 498 566 678 780 865 1049 1131 1301 
505 491 571 631 727 855 963 1155 1274 
511 524 591 637 742 842 970 1100 1269 
511 509 541 640 717 829 1007 1145 1287 
488 508 553 615 765 861 1026 1182 1219 
510 535 549 648 716 877 1026 1076 1195 
487 539 554 623 735 888 1022 1185 1292 
511 541 566 663 732 908 999 1095 1216 
494 520 555 629 770 912 1046 1166 1247 
482 521 562 656 768 871 1004 1144 1259 
483 527 542 664 752 856 1038 1084 1193 
502 499 591 646 766 910 1036 1081 1293 
487 516 595 665 723 834 964 1082 1207 
478 535 575 623 766 860 1048 1119 1190 
490 500 577 641 725 864 990 1184 1298 
484 496 591 677 774 857 953 1103 1300 
514 533 548 666 721 835 1048 1182 1232 
506 523 559 615 767 910 1011 1182 1228 
487 503 558 637 786 860 978 1097 1235 
514 538 583 617 719 860 964 1075 1219 
492 499 568 635 756 842 1047 1105 1234 
486 504 545 621 753 905 1043 1176 1200 
497 500 574 615 723 912 953 1102 1262 
493 524 578 648 761 899 1048 1085 1266 
516 496 540 663 723 843 1040 1102 1207 
506 500 542 626 757 901 1005 1073 1249 
502 501 539 632 720 901 1048 1182 1189 
517 533 574 633 780 896 1043 1165 1236 
488 523 574 658 779 911 1012 1158 1256 
503 531 570 614 759 863 1036 1113 1193 
513 528 570 631 730 852 1024 1129 1269 
486 541 545 669 742 901 1041 1082 1206 
516 534 552 662 752 833 1025 1109 1304 
487 540 593 667 718 891 979 1096 1284 
497 542 555 635 764 897 998 1176 1206 
503 504 580 672 749 842 979 1131 1232 
521 519 554 620 774 830 1040 1087 1233 
488 497 592 648 750 856 1006 1111 1212 
519 539 552 640 721 855 954 1091 1275 
507 535 556 639 751 890 1025 1166 1215 
495 518 564 647 724 900 953 1094 1290 
490 496 552 614 754 889 1047 1166 1253 
510 523 538 651 715 884 1006 1145 1220 
510 498 582 668 722 839 955 1100 1304 
505 509 567 650 719 904 988 1164 1261 
484 521 562 651 719 853 956 1088 1276 
498 524 575 673 715 833 1011 1081 1279 
491 502 587 640 769 852 1019 1137 1283 
478 532 555 658 762 842 1039 1169 1252 
510 529 584 657 761 869 1032 1095 1264 
477 506 583 642 778 866 1004 1182 1254 
522 495 546 628 754 846 991 1119 1296 
524 491 539 673 744 901 988 1145 1192 
515 521 567 617 714 836 1015 1134 1188 
505 501 579 633 763 832 951 1104 1242 
514 528 593 666 783 871 998 1102 1233 
513 535 595 673 780 911 970 1083 1277 
490 518 541 677 730 849 988 1082 1260 
494 506 559 616 722 864 993 1135 1312 
480 515 581 675 717 890 1037 1169 1261 
483 503 582 619 747 868 954 1181 1234 
524 496 589 659 742 883 986 1142 1278 
486 517 538 618 785 835 976 1108 1228 
522 503 590 659 728 905 955 1146 1199 
487 509 589 643 734 860 989 1155 1228 
483 539 575 644 783 876 966 1156 1223 
484 508 569 614 761 833 1043 1165 1276 
521 513 551 628 771 893 1012 1160 1214 
497 541 559 677 748 843 967 1079 1296 
509 491 575 659 773 876 1023 1090 1312 
480 519 547 632 756 870 979 1176 1286 
522 512 586 667 748 900 1007 1094 1288 
492 519 582 623 783 848 984 1104 1267 
