5 11 20
2 100
170 130 112 96 85 77 
170 174 150 129 113 103 
170 217 187 161 141 129 
170 261 225 193 170 155 
170 304 262 226 198 180 
170 348 300 258 226 206 
170 391 337 290 255 232 
170 435 375 323 283 258 
170 478 412 355 311 284 
170 522 450 387 340 310 
100000 8705 7500 6464 5669 5170 
1129 1249 
1366 1468 1530 
1410 1434 1422 
1383 1491 1421 
1415 1471 1503 
1396 1401 1463 
1394 1431 1501 
1361 1443 1433 
1368 1445 1457 
1404 1388 1415 
1364 1455 1536 
1413 1383 1414 
1384 1444 1548 
1348 1421 1483 
1336 1492 1523 
1350 1494 1432 
1331 1464 1519 
1399 1441 1460 
1386 1495 1518 
1320 1403 1510 
1365 1416 1529 
1373 1441 1503 
1331 1484 1498 
1339 1430 1528 
1385 1476 1530 
1314 1495 1535 
1295 1410 1517 
1354 1376 1523 
1311 1461 1453 
1334 1420 1502 
1293 1420 1466 
1301 1377 1510 
1332 1412 1489 
1331 1414 1420 
1402 1407 1475 
1309 1408 1480 
1379 1489 1532 
1389 1362 1532 
1327 1473 1527 
1357 1394 1441 
1297 1380 1425 
1324 1451 1532 
1345 1455 1456 
1362 1378 1436 
1366 1454 1519 
1390 1366 1540 
1398 1461 1541 
1395 1412 1528 
1393 1437 1500 
1397 1396 1553 
1405 1397 1453 
1404 1477 1409 
1416 1413 1422 
1342 1457 1475 
1319 1446 1475 
1335 1381 1538 
1298 1496 1423 
1324 1502 1412 
1300 1475 1533 
1305 1380 1458 
1286 1417 1546 
1307 1459 1517 
1333 1468 1503 
1385 1462 1524 
1377 1494 1550 
1318 1460 1510 
1340 1406 1452 
1293 1467 1431 
1285 1388 1541 
1292 1499 1549 
1396 1391 1428 
1333 1418 1499 
1416 1399 1523 
1306 1427 1439 
1322 1439 1514 
1368 1378 1444 
1377 1404 1443 
1388 1421 1503 
1314 1457 1492 
1306 1488 1532 
1298 1493 1476 
1395 1400 1505 
1375 1398 1551 
1388 1496 1455 
1404 1397 1426 
1350 1397 1535 
1347 1390 1460 
1300 1457 1531 
1330 1484 1531 
1379 1490 1410 
1363 1418 1443 
1389 1460 1552 
1378 1405 1471 
1382 1445 1442 
1366 1479 1542 
1362 1494 1452 
1400 1464 1486 
1313 1399 1442 
1298 1378 1554 
1363 1465 1486 
1397 1370 1529 
