20 2 20
15 10
1700 130 149 169 187 203 214 222 225 222 214 203 187 169 150 130 112 96 85 77 75 
100000 8705 9999 11294 12499 13535 14330 14829 15000 14829 14330 13535 12500 11294 10000 8705 7500 6464 5669 5170 5000 
1129 1000 870 750 646 566 517 500 517 566 646 749 870 999 1129 
1228 1349 1423 1543 1456 
1204 1331 1497 1491 1501 
1235 1410 1416 1503 1531 
1208 1397 1367 1479 1505 
1309 1292 1403 1536 1541 
1197 1388 1405 1457 1499 
1217 1408 1458 1431 1518 
1202 1357 1389 1455 1543 
1286 1313 1379 1446 1501 
1225 1334 1372 1425 1472 
