20 6 20
7 50
340 77 85 96 112 130 149 169 187 203 214 222 225 222 214 203 187 169 150 130 112 
340 103 113 129 149 174 199 225 249 270 286 296 300 296 286 270 250 225 200 174 150 
340 129 141 161 187 217 249 282 312 338 358 370 375 370 358 338 312 282 250 217 187 
340 155 170 193 224 261 299 338 374 406 429 444 450 444 429 406 375 338 300 261 225 
340 180 198 226 262 304 349 395 437 473 501 519 525 519 501 473 437 395 350 304 262 
100000 5170 5669 6464 7499 8705 9999 11294 12499 13535 14330 14829 15000 14829 14330 13535 12500 11294 10000 8705 7500 
1482 1433 1353 1250 1129 1000 870 
712 663 577 514 515 520 589 632 784 897 1036 1150 1212 
746 663 584 526 503 504 553 629 737 841 954 1148 1219 
714 677 548 514 509 512 554 670 781 872 1005 1105 1189 
734 671 586 503 479 501 547 631 728 851 1005 1117 1200 
730 654 574 535 507 525 575 651 770 904 989 1077 1285 
746 644 570 527 519 507 561 656 781 909 985 1091 1245 
745 626 565 530 521 520 544 631 731 890 952 1112 1213 
721 640 571 500 517 514 561 638 724 851 953 1130 1211 
734 655 585 527 479 500 575 639 720 856 969 1107 1255 
780 665 542 502 509 507 565 630 773 912 1032 1079 1195 
736 620 574 510 495 540 578 622 732 882 978 1078 1230 
722 673 588 499 487 521 548 621 716 876 1003 1094 1276 
771 667 583 526 488 506 567 638 750 872 1045 1149 1259 
784 635 585 513 515 496 567 644 745 858 999 1141 1269 
726 647 549 500 507 498 588 667 766 898 1005 1117 1289 
731 674 541 498 480 517 548 653 727 876 966 1138 1223 
723 651 591 511 492 539 542 619 719 863 961 1105 1274 
712 678 561 504 481 524 547 635 752 831 1018 1174 1225 
736 670 540 530 501 540 550 632 758 872 1038 1133 1298 
714 620 566 521 519 531 567 671 734 872 1023 1079 1281 
744 643 589 520 475 507 553 626 752 850 1027 1158 1280 
715 660 575 523 523 537 561 672 721 883 1039 1075 1245 
771 617 559 539 507 540 556 634 785 884 1043 1148 1288 
768 621 553 505 505 526 583 624 768 855 1018 1122 1302 
712 645 566 516 506 540 550 678 762 906 1013 1167 1239 
755 656 569 522 488 541 555 625 736 831 969 1166 1306 
746 618 544 498 522 494 582 630 782 832 964 1076 1274 
721 621 555 534 512 518 575 641 753 900 1003 1110 1294 
747 678 552 536 513 511 579 615 741 892 1042 1185 1241 
752 634 551 517 511 539 548 630 727 883 971 1158 1305 
775 659 552 507 477 524 540 664 715 890 950 1127 1267 
732 677 589 542 506 492 591 654 774 911 954 1151 1262 
746 628 542 492 503 533 570 665 735 906 1041 1087 1229 
725 664 571 533 476 517 576 615 779 903 1009 1121 1250 
745 672 544 539 516 521 594 641 763 838 1026 1140 1233 
732 635 546 505 521 497 573 669 785 860 981 1098 1230 
785 619 560 501 496 531 589 661 777 856 978 1073 1298 
735 657 580 516 504 496 557 645 732 834 1046 1128 1251 
770 623 577 496 487 520 576 662 741 872 1006 1158 1282 
772 649 547 497 499 496 588 667 733 849 954 1151 1300 
771 615 589 507 521 504 545 619 754 881 1017 1174 1221 
721 671 556 505 520 510 584 662 730 867 984 1116 1260 
749 639 589 502 484 523 542 653 777 851 970 1097 1261 
746 660 571 499 478 506 564 678 719 901 965 1151 1274 
746 643 570 524 492 510 576 673 755 853 1024 1165 1189 
764 661 562 515 510 541 576 656 719 911 953 1139 1301 
776 617 561 538 487 522 594 652 768 838 993 1141 1298 
782 667 566 520 504 501 562 666 749 847 950 1086 1295 
770 668 592 542 492 525 582 623 777 832 964 1173 1309 
744 641 555 540 484 507 580 648 780 910 1021 1181 1235 
