10 6 20
6 10
340 112 96 85 77 75 77 85 96 112 130 
340 150 129 113 103 100 103 113 129 149 174 
340 187 161 141 129 125 129 141 161 187 217 
340 225 193 170 155 150 155 170 193 224 261 
340 262 226 198 180 175 180 198 226 262 304 
100000 7500 6464 5669 5170 5000 5170 5669 6464 7499 8705 
1249 1353 1433 1482 1499 1482 
1075 2096 1451 791 
2235 712 1076 847 
1178 998 937 1783 
2105 997 634 806 
2041 1416 862 1714 
1867 952 1171 1150 
1691 1906 720 615 
1340 1267 1802 1498 
1849 1723 1633 716 
1223 1550 702 1138 
