50 6 20
26 100
340 75 77 85 96 112 130 149 169 187 203 214 222 225 222 214 203 187 169 150 130 112 96 85 77 75 77 85 96 112 130 149 169 187 203 214 222 225 222 214 203 187 169 150 130 112 96 85 77 75 77 
340 100 103 113 129 149 174 199 225 249 270 286 296 300 296 286 270 250 225 200 174 150 129 113 103 100 103 113 129 149 174 199 225 249 270 286 296 300 296 286 270 250 225 200 174 150 129 113 103 100 103 
340 125 129 141 161 187 217 249 282 312 338 358 370 375 370 358 338 312 282 250 217 187 161 141 129 125 129 141 161 187 217 249 282 312 338 358 370 375 370 358 338 312 282 250 217 187 161 141 129 125 129 
340 150 155 170 193 224 261 299 338 374 406 429 444 450 444 429 406 375 338 300 261 225 193 170 155 150 155 170 193 224 261 299 338 374 406 429 444 450 444 429 406 375 338 300 261 225 193 170 155 150 155 
340 175 180 198 226 262 304 349 395 437 473 501 519 525 519 501 473 437 395 350 304 262 226 198 180 175 180 198 226 262 304 349 395 437 473 501 519 525 519 501 473 437 395 350 304 262 226 198 180 175 180 
100000 5000 5170 5669 6464 7499 8705 9999 11294 12499 13535 14330 14829 15000 14829 14330 13535 12500 11294 10000 8705 7500 6464 5669 5170 5000 5170 5669 6464 7499 8705 9999 11294 12499 13535 14330 14829 15000 14829 14330 13535 12500 11294 10000 8705 7500 6464 5669 5170 5000 5170 
1499 1482 1433 1353 1250 1129 1000 870 750 646 566 517 500 517 566 646 749 870 999 1129 1249 1353 1433 1482 1499 1482 
1856 2095 1627 1061 1013 510 627 983 404 690 438 537 319 926 1117 467 1484 1050 845 1847 1130 1240 2357 2097 
2129 1955 1413 1500 1332 1250 341 623 838 305 361 332 444 705 677 592 1243 766 974 727 2047 2085 2237 994 
1365 1185 1394 1380 1266 442 1107 419 349 673 466 207 487 823 986 674 1158 1115 1703 1673 1505 2086 1856 1693 
1642 629 1579 1087 1107 1187 1099 723 669 325 331 492 535 858 362 812 1526 1626 1321 1389 1963 653 1437 1064 
1992 626 1690 930 1200 587 383 383 601 456 731 521 462 622 701 530 884 1522 1945 1001 1956 1142 1604 797 
1013 1727 680 1109 831 981 686 455 536 621 518 244 754 453 1055 1291 534 658 1908 1534 1829 1965 1558 2126 
1850 1957 1306 1506 1183 1195 993 835 433 565 324 520 866 638 545 526 1112 1641 713 831 1509 1712 1533 2113 
617 2001 1766 1307 1530 1249 692 675 760 725 496 230 547 733 713 1210 819 945 1544 1627 649 2274 2324 2159 
1266 2065 1407 1174 689 665 347 1030 297 799 447 757 753 347 1013 400 1285 1535 843 1553 1133 1062 1893 2061 
1862 1777 980 1165 1315 822 1013 422 323 720 641 467 723 597 938 634 703 929 948 811 1627 804 1644 970 
2139 1515 1974 1216 1451 908 1189 394 879 305 593 270 756 814 683 1354 592 778 794 1520 1378 1320 781 1673 
1384 1909 1999 1434 926 1062 408 886 702 698 703 430 482 583 346 635 1028 1360 679 1983 1209 1755 2134 2204 
2127 1506 1239 879 1006 1201 462 940 807 761 714 386 788 907 371 968 1114 1335 1589 2130 1731 804 663 1474 
716 739 1967 1592 887 764 668 859 847 219 784 368 557 629 523 1335 1104 1394 583 625 2190 2064 1441 1103 
891 819 1120 1610 650 413 668 394 480 245 402 450 467 499 1000 637 1379 956 1751 1528 1686 1356 2300 1711 
2211 792 1438 1369 1054 470 872 707 327 244 510 762 238 954 1189 997 664 1479 723 1251 1034 2308 2370 747 
1163 899 664 1802 1387 1313 531 816 447 762 463 390 904 564 554 483 708 1471 1244 1308 1825 1453 2273 790 
1513 856 809 915 1364 507 655 915 440 736 608 539 524 597 764 1372 606 809 819 1367 986 1588 1409 1598 
1226 1181 1479 1033 1075 1295 961 947 476 252 289 791 366 946 952 525 1168 836 906 1843 1448 1765 1307 840 
670 1066 1260 972 1386 1116 767 632 550 737 279 255 457 621 525 521 1350 1563 1187 1419 1111 1307 653 1724 
1144 922 1175 1589 1182 871 1116 952 658 736 635 492 823 461 499 815 1120 1427 1889 861 1371 1815 1798 819 
613 1474 1191 1684 1072 498 939 875 559 302 577 309 276 331 676 1301 1186 938 675 1751 806 1838 1731 2360 
2124 1023 1801 501 1532 664 761 975 470 328 395 386 889 866 758 521 769 730 596 1775 1559 1990 1737 2069 
2230 632 1658 1416 1506 1210 439 741 649 583 580 401 481 471 901 1052 623 811 601 1178 874 962 1526 1011 
702 986 1781 556 1055 496 837 452 564 755 576 396 331 752 804 1192 514 989 1618 888 2203 1974 1235 1427 
2279 669 1313 985 853 894 442 614 346 803 765 229 893 996 934 1126 738 1129 1189 2067 1161 1215 2307 2351 
1867 743 1352 983 938 562 418 540 467 612 470 791 492 300 494 620 500 1248 672 588 1355 976 1847 2120 
1345 995 1839 1122 1111 763 989 703 306 810 387 811 401 393 1119 750 1531 1433 1008 791 1632 1205 2048 655 
1210 857 505 1686 578 515 875 335 372 403 436 406 637 594 1024 1330 1366 1589 540 1436 1161 1512 2298 1533 
1474 1750 1390 1283 459 511 649 369 702 541 249 213 791 433 1172 1338 1467 1028 910 929 1724 1179 956 1367 
1480 1099 1416 700 726 644 1042 845 878 757 468 438 417 624 996 1306 1394 585 1503 739 2056 725 1409 2108 
2088 764 1527 1177 1210 532 682 549 287 716 682 456 368 837 744 350 633 510 1967 2096 1421 1465 797 1758 
1621 655 1889 1144 641 959 471 434 695 643 575 806 295 478 575 391 864 895 782 878 2122 1292 1020 890 
1061 1879 654 933 956 1006 1101 744 897 434 715 771 498 923 883 829 1488 577 1907 1774 610 912 616 1817 
1286 1575 790 539 1240 1321 903 351 474 552 552 224 610 669 1159 417 1598 1298 973 1388 1600 960 1716 2205 
954 2156 961 1272 525 985 338 674 401 357 253 771 598 481 998 1080 1205 845 554 2007 1875 673 1470 919 
1911 857 1987 473 1044 525 524 945 508 711 357 622 642 677 533 1160 511 934 1986 786 2247 1676 2153 1867 
1487 1825 1853 962 1123 609 301 375 602 298 453 537 599 647 319 1071 831 1371 763 1488 1253 871 2144 1605 
911 2015 1786 1344 534 616 831 989 476 543 487 403 398 599 639 463 1167 821 1981 1645 1529 902 1979 1636 
619 1242 895 1056 1490 1246 639 288 862 545 494 688 691 890 1163 476 1231 1469 1859 633 1350 817 2083 907 
1356 670 1870 1175 497 746 892 876 551 602 552 720 357 470 932 644 1321 1320 1308 1054 578 745 1167 2325 
778 1088 747 995 1049 389 1108 591 571 700 360 604 387 671 492 891 1440 1233 575 1783 2091 1016 713 1249 
1003 991 1234 1207 1578 440 612 394 463 791 249 592 535 360 749 1307 873 947 1942 567 1824 1053 1129 2240 
1340 949 1100 1489 653 1195 326 513 247 368 606 361 310 306 380 745 611 1709 988 1286 1803 1606 2170 1769 
1974 1281 1626 643 1427 773 393 372 606 442 337 706 907 470 766 519 1420 607 921 1529 1475 1421 2251 962 
1422 1145 1116 618 937 1122 844 759 604 485 341 808 577 294 473 651 1168 995 1959 1071 1721 805 2020 2102 
1510 679 979 887 1453 1365 797 449 421 251 616 388 476 454 864 1212 999 1057 1786 2035 908 1412 1413 1351 
957 1308 1863 780 671 416 700 507 257 287 595 544 544 633 351 403 1154 1190 1065 726 1912 2247 986 825 
1644 983 1856 1648 1570 510 406 722 861 497 296 787 417 294 688 861 846 1715 514 2003 865 783 2115 869 
1769 583 1254 728 1104 1200 1188 606 904 494 504 341 589 921 993 1200 982 1785 1543 958 623 974 675 1013 
1681 1987 1881 1104 952 534 890 294 737 497 776 608 422 392 1115 1021 1339 831 1459 1756 807 1480 1200 698 
1768 1082 984 1161 718 1332 1118 570 275 282 674 734 502 451 836 547 584 1189 1225 2162 2238 1449 1102 1568 
986 1675 680 1499 1177 609 366 472 545 546 618 532 482 894 311 1189 1551 1079 1790 597 1711 750 783 631 
1188 1590 1469 826 777 810 979 1002 717 464 566 241 584 637 842 747 1362 962 974 1380 1156 1762 1812 1001 
1787 1305 816 1176 982 1065 1160 986 845 754 721 811 636 1014 596 1023 1201 1595 1424 1886 1984 2036 2175 1063 
1936 1014 1282 755 1277 851 801 589 772 466 662 404 719 453 555 673 938 567 1123 627 1782 977 1209 1209 
1642 736 1230 1527 611 385 470 860 653 504 498 729 716 677 906 471 1400 855 969 1875 1979 963 1603 1447 
1793 1839 1088 1724 497 892 717 851 372 265 449 283 791 412 469 1122 1101 1601 912 595 683 1125 1279 2363 
1400 1877 1175 1738 1362 560 831 841 580 387 650 535 767 620 958 950 606 911 1157 1280 1628 1578 2143 2284 
643 579 1588 1710 545 809 627 813 578 468 585 253 434 335 786 767 1362 1193 927 854 1425 2096 1516 1349 
1114 773 1155 1668 1545 949 774 386 543 423 539 286 798 934 906 1295 1369 784 786 608 1519 2338 2238 1793 
1555 981 1450 1483 916 1047 759 973 605 526 281 224 818 998 1083 465 902 1655 1034 1684 1886 1857 1846 889 
1115 802 865 667 822 502 790 867 863 755 367 540 525 390 1012 1025 1486 700 652 1989 2247 1665 2228 1471 
1532 1229 1251 709 432 660 433 304 289 675 673 337 309 353 869 1303 519 1168 1321 1024 2211 2013 1953 866 
1367 1503 1622 456 967 1026 1192 1013 657 489 348 575 472 410 401 473 747 903 1493 1258 2057 1734 1872 976 
1190 647 1412 830 401 580 422 1000 513 770 397 421 340 602 1052 543 983 727 1532 1179 729 914 601 2104 
824 2034 1309 1225 607 1041 880 884 297 251 484 326 365 513 328 916 486 470 1918 1145 1351 1573 1473 1910 
669 1524 1636 1169 559 608 816 817 907 366 765 693 391 542 900 1160 1382 1598 506 895 1905 993 2165 1253 
1945 1371 1309 453 778 1141 599 417 480 404 341 465 906 736 1140 528 734 1545 855 1742 2045 848 1206 920 
712 1199 1846 452 1028 593 683 928 277 654 739 593 456 313 403 476 1073 1426 1614 2061 1938 1870 1551 1688 
1445 1761 1445 1206 872 984 806 300 609 506 619 614 806 959 1037 780 965 1381 1479 698 1769 1860 2239 602 
2018 2004 1623 1045 661 563 433 589 431 819 305 721 789 721 837 746 435 1176 1698 1794 1874 2358 1520 1275 
1695 802 914 1465 589 476 429 515 582 627 537 666 609 997 1134 1341 846 632 1655 1549 1814 875 660 823 
1159 1730 1140 991 1390 852 578 339 482 594 252 438 286 1006 823 920 415 1239 1004 760 1800 680 1219 1493 
1474 1397 728 1073 686 936 1032 437 531 806 596 243 391 703 627 1263 991 823 874 924 1333 801 1205 721 
1969 1941 605 959 583 1187 499 548 672 344 743 419 315 491 496 961 879 1601 1127 1753 1923 1813 901 2313 
2204 578 1648 546 1326 1057 1075 483 575 510 563 632 876 836 951 1193 1308 1800 1190 1743 1855 732 2175 715 
1148 1688 1196 1695 1389 824 803 734 758 519 492 254 376 1008 1159 929 1363 658 1441 1779 1922 1695 1252 647 
2149 1088 627 1247 430 1207 979 656 558 571 443 518 447 831 947 370 549 549 659 2050 1478 1511 1970 936 
1369 959 1496 1491 1486 758 1189 437 439 492 737 386 569 785 454 1108 623 804 1541 2001 2022 1681 913 1243 
923 1834 739 1486 425 434 988 640 477 784 253 413 344 452 1020 941 660 851 1774 1712 1104 614 2008 1462 
2038 878 1434 1767 1039 730 1012 870 457 496 217 324 656 754 1016 1094 984 472 679 1447 634 1649 1210 893 
2291 1337 1627 754 597 769 831 678 227 600 398 240 322 658 1005 771 1533 1253 1905 1001 2077 1267 652 751 
2088 665 1721 469 1042 395 739 360 306 464 347 583 490 766 1145 974 691 1078 1702 2089 581 2002 1876 1113 
1481 1189 1930 1252 1438 1091 1182 889 708 451 247 662 437 604 728 890 553 660 1736 793 2095 1995 1536 1207 
1052 1083 1788 1723 471 499 719 648 696 724 793 285 437 465 760 405 658 1768 1488 917 1585 2113 2176 1247 
1740 1377 1729 1283 595 390 628 591 843 584 304 673 792 833 569 403 551 1215 1700 1150 1446 2181 2087 2282 
1858 1395 722 1098 634 921 841 785 574 219 445 331 443 933 1065 841 418 945 888 1520 1330 2320 2032 2247 
1649 2114 1979 839 826 1034 727 724 731 514 789 774 600 279 1123 791 952 1689 1420 1521 645 2289 1854 702 
1589 1192 1208 682 1123 806 1099 328 274 301 793 381 457 914 613 432 1276 505 1156 1289 1707 599 1350 1560 
1357 794 949 1774 1142 542 1172 844 710 351 208 579 652 1010 1064 827 923 1721 645 947 1503 2307 1830 1363 
1152 593 1458 1120 560 779 350 992 582 472 304 791 857 787 367 432 1054 582 1894 1370 1282 1675 1141 2244 
1940 1938 1160 1197 1164 1114 353 775 416 248 531 743 341 575 410 881 1331 628 1687 1508 1330 1970 1977 1538 
1194 2075 659 1786 949 992 483 538 436 319 795 212 836 334 661 1144 844 1074 1983 1991 1534 1236 1051 738 
1308 1157 1320 1124 668 362 422 701 578 486 366 564 806 627 1078 961 683 1644 1359 2037 884 979 2354 1779 
1461 930 1402 947 1228 1250 677 627 758 214 608 625 864 390 864 1008 959 458 528 1041 1050 2167 2281 1316 
2168 1595 1764 523 1539 841 652 488 714 305 733 542 595 819 1155 845 681 1242 913 1564 2010 1010 638 798 
1870 1709 1624 1359 415 1146 665 714 790 767 384 601 397 615 845 910 479 1382 787 772 1760 2316 1517 2079 
1055 1140 889 897 1318 779 700 562 242 468 640 592 857 452 855 1255 974 1508 975 1146 1830 2369 2252 1031 
1862 560 1543 946 760 1232 395 472 570 430 443 336 340 361 631 1182 405 1344 616 1505 1409 1836 1049 2289 
