10 6 20
4 50
340 75 77 85 96 112 130 149 169 187 203 
340 100 103 113 129 149 174 199 225 249 270 
340 125 129 141 161 187 217 249 282 312 338 
340 150 155 170 193 224 261 299 338 374 406 
340 175 180 198 226 262 304 349 395 437 473 
100000 5000 5170 5669 6464 7499 8705 9999 11294 12499 13535 
1499 1482 1433 1353 
537 1315 506 887 704 896 
832 1637 1172 1179 781 664 
615 1732 1586 1087 404 536 
871 665 1494 397 645 904 
1334 928 447 685 502 551 
1233 1172 1045 1186 830 800 
1755 1682 493 749 856 382 
781 1127 1395 556 346 1006 
863 1244 1433 466 876 352 
871 1015 422 475 1077 737 
1290 1078 1142 1292 636 832 
1326 666 884 781 1017 983 
1365 791 1152 573 352 972 
536 1211 573 452 986 833 
1613 1683 955 816 855 288 
1389 680 562 766 1089 903 
1566 1349 507 662 916 635 
1539 904 1415 1220 573 313 
982 700 918 1049 343 1014 
1234 696 1058 522 765 430 
839 756 1122 983 1114 549 
1193 1093 1388 869 446 259 
1715 1111 910 722 1064 567 
1267 1714 1327 642 428 600 
911 1804 907 388 1186 932 
859 1800 1377 898 395 286 
928 1520 1497 1350 371 956 
1361 1264 1000 1392 1194 842 
650 644 867 485 440 824 
1054 1778 683 1058 1007 564 
1356 730 1365 1392 699 652 
748 480 783 623 406 555 
1905 766 1562 1298 365 899 
1618 762 651 1384 1127 626 
1717 797 1202 732 696 450 
1471 1523 903 963 954 593 
905 1060 1222 977 878 755 
951 1551 1541 957 1053 421 
1155 1787 842 841 1091 714 
1891 766 1208 1195 1147 767 
1235 1327 1503 603 513 761 
1807 1075 1053 716 671 479 
1230 1779 443 639 994 847 
1270 790 515 1098 1106 360 
1858 845 500 501 541 696 
1145 1622 495 913 621 442 
987 764 928 576 847 984 
1908 513 1209 930 514 868 
709 833 610 605 433 632 
1558 1573 615 534 1111 589 
