50 11 20
26 10
170 130 149 169 187 203 214 222 225 222 214 203 187 169 150 130 112 96 85 77 75 77 85 96 112 130 149 169 187 203 214 222 225 222 214 203 187 169 150 130 112 96 85 77 75 77 85 96 112 130 149 
170 174 199 225 249 270 286 296 300 296 286 270 250 225 200 174 150 129 113 103 100 103 113 129 149 174 199 225 249 270 286 296 300 296 286 270 250 225 200 174 150 129 113 103 100 103 113 129 149 174 199 
170 217 249 282 312 338 358 370 375 370 358 338 312 282 250 217 187 161 141 129 125 129 141 161 187 217 249 282 312 338 358 370 375 370 358 338 312 282 250 217 187 161 141 129 125 129 141 161 187 217 249 
170 261 299 338 374 406 429 444 450 444 429 406 375 338 300 261 225 193 170 155 150 155 170 193 224 261 299 338 374 406 429 444 450 444 429 406 375 338 300 261 225 193 170 155 150 155 170 193 224 261 299 
170 304 349 395 437 473 501 519 525 519 501 473 437 395 350 304 262 226 198 180 175 180 198 226 262 304 349 395 437 473 501 519 525 519 501 473 437 395 350 304 262 226 198 180 175 180 198 226 262 304 349 
170 348 399 451 499 541 573 593 600 593 573 541 500 451 400 348 300 258 226 206 200 206 226 258 299 348 399 451 499 541 573 593 600 593 573 541 500 451 400 348 300 258 226 206 200 206 226 258 299 348 399 
170 391 449 508 562 609 644 667 675 667 644 609 562 508 450 391 337 290 255 232 225 232 255 290 337 391 449 508 562 609 644 667 675 667 644 609 562 508 450 391 337 290 255 232 225 232 255 290 337 391 449 
170 435 499 564 624 676 716 741 750 741 716 676 625 564 500 435 375 323 283 258 250 258 283 323 374 435 499 564 624 676 716 741 750 741 716 676 625 564 500 435 375 323 283 258 250 258 283 323 374 435 499 
170 478 549 621 687 744 788 815 825 815 788 744 687 621 550 478 412 355 311 284 275 284 311 355 412 478 549 621 687 744 788 815 825 815 788 744 687 621 550 478 412 355 311 284 275 284 311 355 412 478 549 
170 522 599 677 749 812 859 889 900 889 859 812 750 677 600 522 450 387 340 310 300 310 340 387 449 522 599 677 749 812 859 889 900 889 859 812 750 677 600 522 450 387 340 310 300 310 340 387 449 522 599 
100000 8705 9999 11294 12499 13535 14330 14829 15000 14829 14330 13535 12500 11294 10000 8705 7500 6464 5669 5170 5000 5170 5669 6464 7499 8705 9999 11294 12499 13535 14330 14829 15000 14829 14330 13535 12500 11294 10000 8705 7500 6464 5669 5170 5000 5170 5669 6464 7499 8705 9999 
1129 1000 870 750 646 566 517 500 517 566 646 749 870 999 1129 1249 1353 1433 1482 1499 1482 1433 1353 1250 1129 1000 
873 1162 943 772 682 693 789 778 880 936 1174 820 595 1131 1481 1885 2075 1432 1382 984 678 507 1703 978 
651 874 348 299 448 617 243 472 283 774 675 732 1165 1301 852 1977 1903 1227 1733 826 1616 1939 724 1124 
1310 447 298 532 723 298 567 243 532 902 837 860 1186 993 1745 2287 2058 2158 1971 1662 1707 1585 1397 403 
658 839 407 398 242 612 285 851 604 1185 371 907 1458 1236 1836 1789 1559 1833 1964 739 1394 585 975 1596 
1131 390 754 569 328 544 613 587 847 651 769 1046 1023 1956 559 1403 2066 1331 1747 619 2107 917 1051 1206 
536 728 571 808 370 712 718 651 863 367 478 1584 1006 1232 1522 1473 1460 1267 729 1175 1315 1086 1615 449 
958 873 313 631 357 223 659 248 784 794 966 1281 826 1865 914 754 2331 1236 1111 1696 1192 634 1034 497 
1334 1116 925 564 540 649 215 436 509 837 630 1517 1697 1255 888 2064 1561 839 1311 1055 1640 1456 612 1169 
866 496 291 593 708 330 430 409 787 378 599 710 1151 600 809 2234 1923 2270 721 1101 2046 1433 1529 672 
744 456 840 572 313 600 426 496 713 902 479 583 1616 1898 2111 778 1218 1889 1580 1235 2028 1372 920 1199 
