10 2 20
4 100
1700 130 112 96 85 77 75 77 85 96 112 
100000 8705 7500 6464 5669 5170 5000 5170 5669 6464 7499 
1129 1249 1353 1433 
1473 1467 1521 1441 1290 1282 
1461 1569 1458 1381 1289 1275 
1466 1504 1411 1466 1390 1234 
1409 1504 1428 1384 1397 1213 
1492 1519 1509 1424 1407 1220 
1489 1490 1491 1394 1321 1201 
1544 1498 1422 1478 1418 1224 
1418 1528 1449 1476 1416 1311 
1505 1433 1459 1429 1296 1187 
1465 1455 1410 1463 1409 1296 
1472 1536 1477 1496 1301 1253 
1516 1542 1459 1482 1309 1190 
1474 1479 1451 1411 1352 1191 
1435 1425 1495 1449 1412 1196 
1534 1572 1496 1504 1397 1243 
1410 1468 1437 1481 1361 1297 
1497 1499 1543 1375 1354 1189 
1522 1546 1528 1480 1419 1255 
1441 1489 1522 1389 1289 1239 
1464 1464 1464 1374 1317 1310 
1492 1554 1501 1431 1367 1195 
1414 1476 1472 1442 1320 1240 
1416 1542 1448 1467 1303 1222 
1435 1569 1423 1478 1293 1231 
1470 1568 1556 1480 1291 1302 
1455 1558 1526 1371 1305 1198 
1490 1502 1458 1473 1289 1221 
1551 1570 1425 1437 1326 1276 
1474 1480 1498 1384 1320 1260 
1496 1512 1427 1474 1398 1239 
1513 1521 1417 1476 1285 1225 
1505 1507 1464 1491 1300 1310 
1522 1458 1545 1472 1323 1215 
1510 1573 1518 1487 1383 1253 
1448 1535 1428 1412 1358 1261 
1502 1498 1512 1364 1409 1206 
1509 1555 1552 1387 1407 1253 
1442 1439 1555 1379 1388 1281 
1498 1490 1480 1383 1417 1270 
1510 1467 1437 1483 1375 1247 
1553 1442 1540 1414 1395 1239 
1487 1529 1448 1386 1370 1205 
1470 1463 1524 1444 1288 1286 
1526 1520 1502 1407 1415 1207 
1421 1526 1467 1435 1360 1203 
1464 1440 1517 1391 1392 1214 
1455 1544 1527 1439 1311 1276 
1536 1490 1508 1444 1295 1221 
1429 1442 1423 1362 1333 1268 
1498 1467 1553 1498 1349 1204 
1457 1474 1512 1464 1296 1290 
1445 1429 1547 1462 1395 1207 
1532 1438 1506 1489 1407 1258 
1504 1474 1496 1374 1345 1224 
1444 1536 1426 1383 1355 1269 
1443 1562 1555 1480 1321 1207 
1447 1574 1543 1457 1404 1223 
1539 1474 1489 1501 1381 1213 
1526 1558 1442 1399 1368 1287 
1454 1540 1441 1441 1346 1279 
1489 1425 1516 1426 1348 1262 
1546 1517 1479 1483 1300 1290 
1528 1467 1490 1391 1373 1208 
1468 1560 1484 1476 1394 1304 
1464 1489 1545 1440 1381 1265 
1515 1476 1536 1407 1383 1213 
1430 1453 1522 1447 1407 1266 
1546 1429 1538 1364 1364 1222 
1474 1505 1539 1411 1379 1209 
1489 1504 1417 1397 1313 1261 
1492 1436 1453 1453 1320 1192 
1513 1496 1543 1470 1295 1312 
1509 1521 1431 1457 1377 1241 
1546 1480 1435 1368 1418 1284 
1471 1491 1536 1445 1390 1265 
1529 1529 1430 1452 1391 1265 
1476 1525 1538 1416 1296 1193 
1462 1426 1545 1405 1325 1307 
1453 1429 1526 1454 1298 1282 
1448 1459 1451 1454 1335 1188 
1501 1426 1425 1434 1320 1263 
1549 1521 1437 1478 1307 1302 
1476 1485 1462 1390 1381 1203 
1494 1572 1451 1493 1366 1268 
1464 1550 1412 1450 1328 1242 
1544 1425 1508 1501 1310 1253 
1435 1562 1533 1417 1304 1211 
1438 1562 1456 1468 1289 1245 
1422 1530 1550 1453 1373 1291 
1549 1456 1439 1436 1319 1274 
1411 1430 1490 1383 1415 1207 
1533 1436 1507 1370 1379 1298 
1548 1513 1460 1365 1342 1264 
1486 1431 1421 1466 1297 1273 
1537 1431 1514 1440 1381 1208 
1507 1431 1463 1400 1361 1233 
1479 1469 1497 1409 1411 1204 
1549 1503 1443 1490 1380 1285 
1549 1444 1443 1436 1378 1188 
1460 1534 1542 1428 1414 1214 
