5 3 20
2 50
850 112 130 149 169 187 
850 149 174 199 225 249 
100000 7499 8705 9999 11294 12499 
1250 1129 
1173 723 749 
1164 863 695 
1106 796 700 
878 919 790 
1159 757 670 
1037 966 706 
811 1007 832 
1132 928 697 
1137 796 609 
1161 867 620 
1175 738 854 
963 807 852 
1166 717 653 
1096 729 614 
893 967 788 
1098 887 808 
803 702 899 
1190 1035 786 
1170 781 648 
1040 987 777 
810 1008 733 
1105 745 862 
1181 946 720 
804 1008 745 
931 846 713 
1129 1032 761 
821 916 758 
984 944 771 
958 862 841 
1161 863 669 
1088 1037 795 
1151 774 706 
897 1015 846 
801 793 870 
988 915 739 
1123 846 737 
1045 763 779 
1037 872 875 
883 807 859 
1069 768 699 
987 1022 644 
969 715 808 
1196 873 620 
1025 895 756 
1139 891 650 
848 835 672 
1187 940 674 
970 960 785 
1032 775 822 
882 756 776 
