10 6 20
4 50
340 112 96 85 77 75 77 85 96 112 130 
340 150 129 113 103 100 103 113 129 149 174 
340 187 161 141 129 125 129 141 161 187 217 
340 225 193 170 155 150 155 170 193 224 261 
340 262 226 198 180 175 180 198 226 262 304 
100000 7500 6464 5669 5170 5000 5170 5669 6464 7499 8705 
1249 1353 1433 1482 
1454 1494 1439 1415 1228 1109 
1524 1432 1371 1388 1201 1102 
1456 1495 1382 1416 1279 1076 
1554 1414 1442 1311 1207 1174 
1531 1513 1419 1402 1236 1177 
1431 1529 1485 1394 1256 1138 
1463 1516 1371 1367 1230 1131 
1428 1441 1445 1394 1200 1105 
1460 1408 1361 1319 1296 1085 
1439 1483 1393 1360 1264 1097 
1522 1445 1428 1328 1190 1094 
1459 1532 1431 1378 1237 1123 
1543 1491 1455 1326 1278 1118 
1565 1537 1404 1322 1217 1088 
1451 1536 1362 1387 1197 1135 
1544 1458 1452 1339 1227 1165 
1482 1461 1423 1400 1231 1181 
1444 1419 1369 1382 1218 1133 
1463 1443 1483 1400 1218 1144 
1564 1468 1385 1303 1261 1107 
1429 1442 1385 1324 1294 1146 
1504 1449 1485 1322 1188 1170 
1559 1433 1386 1345 1311 1092 
1427 1417 1436 1421 1251 1181 
1516 1445 1418 1396 1220 1122 
1426 1473 1365 1342 1303 1101 
1501 1427 1432 1313 1264 1102 
1538 1439 1488 1387 1304 1084 
1525 1476 1378 1299 1262 1098 
1435 1490 1382 1365 1304 1101 
1512 1435 1489 1419 1221 1109 
1459 1485 1436 1390 1200 1156 
1574 1553 1426 1326 1288 1073 
1467 1442 1417 1345 1276 1183 
1468 1454 1378 1358 1291 1128 
1546 1510 1501 1360 1231 1120 
1448 1481 1390 1344 1258 1117 
1527 1499 1446 1342 1294 1146 
1554 1418 1440 1359 1269 1109 
1560 1425 1373 1347 1280 1122 
1553 1427 1394 1310 1311 1142 
1565 1523 1405 1393 1305 1125 
1573 1504 1368 1303 1213 1178 
1525 1539 1501 1411 1254 1117 
1456 1508 1471 1286 1214 1156 
1498 1462 1451 1286 1239 1172 
1564 1450 1461 1377 1257 1126 
1502 1435 1487 1287 1248 1096 
1553 1439 1443 1378 1287 1118 
1501 1516 1503 1337 1233 1101 
