10 2 20
8 50
1700 112 130 149 169 187 203 214 222 225 222 
100000 7499 8705 9999 11294 12499 13535 14330 14829 15000 14829 
1250 1129 1000 870 750 646 566 517 
503 519 
507 529 
481 498 
517 494 
477 519 
475 520 
481 523 
497 497 
519 529 
513 511 
502 506 
484 500 
502 517 
512 509 
481 494 
512 524 
487 529 
493 519 
487 531 
503 522 
500 511 
493 498 
498 530 
515 531 
500 505 
485 539 
511 540 
494 523 
491 506 
497 509 
506 502 
507 496 
484 495 
524 525 
498 499 
479 519 
488 535 
481 527 
486 508 
521 498 
516 536 
505 541 
492 524 
498 523 
514 493 
498 492 
499 509 
494 510 
496 495 
509 504 
