50 3 20
16 50
850 112 130 149 169 187 203 214 222 225 222 214 203 187 169 150 130 112 96 85 77 75 77 85 96 112 130 149 169 187 203 214 222 225 222 214 203 187 169 150 130 112 96 85 77 75 77 85 96 112 130 
850 149 174 199 225 249 270 286 296 300 296 286 270 250 225 200 174 150 129 113 103 100 103 113 129 149 174 199 225 249 270 286 296 300 296 286 270 250 225 200 174 150 129 113 103 100 103 113 129 149 174 
100000 7499 8705 9999 11294 12499 13535 14330 14829 15000 14829 14330 13535 12500 11294 10000 8705 7500 6464 5669 5170 5000 5170 5669 6464 7499 8705 9999 11294 12499 13535 14330 14829 15000 14829 14330 13535 12500 11294 10000 8705 7500 6464 5669 5170 5000 5170 5669 6464 7499 8705 
1250 1129 1000 870 750 646 566 517 500 517 566 646 749 870 999 1129 
1146 1205 1352 1747 1409 1650 1537 1350 1347 990 1151 816 810 744 580 518 458 557 633 625 845 757 1088 1307 1252 1119 1335 1651 1755 1647 1440 1404 1250 1251 
1109 1598 1402 1522 1706 1346 1256 1299 1321 1096 1075 746 697 731 591 534 517 556 658 687 839 994 1058 1234 1272 1113 1557 1486 1351 1715 1250 1449 1310 1087 
1472 1570 1194 1551 1541 1299 1712 1510 1382 1051 1102 1002 754 611 616 599 457 591 642 678 698 1001 808 1102 1241 1287 1354 1592 1518 1257 1609 1271 1243 1179 
1340 1320 1637 1320 1604 1720 1312 1145 1270 1070 1051 1024 668 696 633 432 530 511 567 620 845 874 900 931 1287 1377 1480 1624 1565 1202 1179 1346 1006 1069 
1462 1428 1178 1447 1773 1288 1402 1479 1202 1215 1096 1023 773 676 492 491 592 550 586 532 716 768 1082 1247 1110 1428 1405 1731 1794 1358 1458 1483 1247 916 
1042 1253 1608 1257 1405 1255 1231 1327 1239 1226 855 936 725 529 531 518 514 434 591 626 800 815 867 1083 1176 1470 1693 1630 1705 1557 1217 1333 1151 1195 
1111 1385 1254 1417 1201 1503 1295 1258 1162 1139 997 1011 639 576 593 593 593 473 561 521 897 719 1170 1052 1485 1387 1466 1662 1329 1471 1630 1501 1468 927 
1020 1157 1697 1615 1495 1355 1331 1242 1301 944 1061 907 646 726 650 486 444 460 477 555 714 1005 958 1082 1222 1502 1157 1239 1465 1338 1157 1155 1022 1205 
1428 1225 1249 1388 1600 1281 1169 1334 1037 1300 882 903 614 553 477 443 552 545 570 708 882 1005 938 1246 1313 1496 1386 1705 1730 1369 1400 1083 1182 1298 
1460 1323 1280 1328 1319 1546 1383 1490 1199 951 1040 742 724 683 468 616 544 507 600 681 658 938 1188 1105 1346 1419 1314 1213 1544 1710 1151 1484 1452 1253 
1122 1418 1468 1668 1513 1430 1688 1329 1477 1259 1014 813 886 542 678 581 583 459 459 578 850 889 1110 1227 1174 1508 1641 1646 1291 1495 1672 1477 1131 1064 
1352 1136 1207 1482 1591 1759 1654 1368 1470 1145 887 829 871 730 561 451 593 571 643 766 831 902 999 1327 1419 1547 1149 1385 1404 1730 1259 1342 1152 995 
1353 1155 1676 1293 1508 1630 1261 1237 1243 1214 1056 944 722 524 505 490 489 419 539 749 759 1003 844 917 1310 1504 1227 1290 1378 1768 1216 1395 1357 1309 
1377 1550 1318 1668 1787 1391 1280 1269 1481 1316 855 779 638 741 674 531 578 519 586 765 719 1012 1156 1314 1444 1381 1238 1676 1211 1419 1353 1541 1367 1352 
1026 1108 1165 1299 1666 1273 1283 1134 1215 1022 828 970 771 742 498 521 427 514 566 732 768 786 1097 1048 1362 1595 1688 1508 1632 1483 1174 1501 1459 1245 
1108 1092 1307 1398 1453 1266 1376 1363 1278 1076 894 936 832 578 454 569 462 590 501 731 737 1033 910 1013 1475 1428 1556 1691 1482 1553 1373 1193 1236 1237 
1374 1468 1184 1263 1500 1415 1249 1419 1406 1016 1079 761 708 519 642 568 454 430 539 569 731 900 869 906 1054 1277 1361 1286 1391 1560 1627 1620 1015 1089 
1156 1298 1449 1320 1574 1300 1711 1218 1318 956 1083 860 642 519 456 611 489 610 494 727 855 938 1002 1334 1361 1235 1645 1329 1471 1262 1616 1151 1450 1118 
1314 1276 1533 1484 1369 1690 1633 1619 1453 1054 969 992 764 739 499 487 563 565 523 638 707 706 830 916 1287 1196 1452 1315 1592 1778 1240 1145 1142 936 
1102 1449 1190 1590 1315 1777 1231 1492 1474 993 1134 927 829 720 456 439 592 582 671 634 775 941 920 1210 1203 1110 1669 1561 1214 1360 1334 1426 1091 1157 
1292 1540 1211 1504 1786 1699 1195 1464 1341 1223 1146 983 828 705 530 608 490 530 678 730 679 961 993 964 1409 1139 1148 1305 1759 1346 1530 1471 1434 1314 
1329 1206 1303 1634 1376 1622 1565 1521 1407 1024 965 785 612 714 638 446 528 437 457 656 682 939 977 1339 1107 1217 1498 1291 1694 1440 1622 1578 1230 1318 
1135 1350 1219 1411 1482 1331 1448 1157 1327 1082 1108 1018 862 649 560 523 492 426 539 694 808 774 945 932 1117 1365 1658 1598 1331 1402 1578 1441 1268 955 
1118 1321 1282 1638 1500 1586 1443 1513 1163 1259 920 823 898 578 644 484 497 571 529 612 825 870 1199 1103 1110 1210 1504 1326 1414 1625 1714 1418 1180 1104 
1104 1397 1626 1385 1430 1230 1490 1314 1304 1322 938 912 823 614 543 478 591 485 515 677 737 711 898 1124 1241 1609 1543 1570 1734 1768 1339 1425 1202 1078 
1112 1515 1701 1674 1544 1569 1233 1558 1116 1035 841 736 895 631 454 533 482 560 566 618 750 909 829 1123 1385 1137 1626 1268 1256 1759 1542 1264 1476 1335 
1169 1406 1333 1753 1280 1402 1698 1122 1095 1121 892 1033 829 765 511 470 472 524 590 641 756 752 877 918 1391 1083 1522 1262 1664 1214 1659 1583 1450 1321 
1013 1405 1489 1187 1465 1191 1505 1283 1100 1096 949 990 743 528 595 513 456 556 632 735 649 905 805 1105 1069 1361 1267 1554 1516 1208 1381 1246 1471 1136 
1217 1556 1241 1399 1424 1569 1182 1128 1399 929 939 1027 663 572 531 527 537 591 561 561 649 808 1102 1014 1196 1413 1669 1686 1774 1297 1395 1294 1186 1146 
1110 1412 1569 1267 1242 1727 1640 1567 1364 975 957 932 807 543 651 618 501 483 502 631 842 751 1025 927 1357 1143 1710 1196 1772 1549 1715 1089 1146 1109 
1185 1431 1478 1547 1334 1261 1190 1110 1387 1259 931 725 852 644 510 600 498 535 610 725 841 850 873 1281 1135 1186 1172 1357 1625 1654 1523 1526 1132 1325 
1015 1401 1370 1767 1465 1318 1326 1315 1173 1343 1174 729 680 752 601 520 581 509 464 710 650 773 1179 939 1176 1218 1598 1677 1312 1682 1580 1485 1482 1348 
1355 1168 1416 1477 1385 1459 1683 1600 1170 1351 1094 902 812 762 461 439 411 497 479 696 745 703 1043 923 1169 1385 1344 1698 1518 1649 1154 1435 1189 1279 
1199 1566 1377 1602 1426 1744 1195 1539 1206 1092 807 895 825 646 556 479 409 600 611 600 791 1022 923 1299 1095 1340 1496 1612 1743 1279 1392 1431 1029 1211 
1291 1594 1171 1513 1225 1650 1520 1124 1136 925 1133 704 807 740 590 559 547 467 537 753 748 748 950 1114 1182 1191 1409 1656 1647 1600 1649 1263 1087 1333 
1201 1154 1678 1428 1443 1462 1442 1084 1073 1281 831 1004 899 566 479 430 562 553 574 571 643 991 1002 1283 1293 1390 1174 1526 1723 1505 1637 1326 1009 1241 
1151 1511 1269 1607 1279 1206 1521 1524 1378 1214 822 924 800 774 471 548 581 488 530 737 627 771 919 997 1455 1252 1522 1308 1585 1268 1459 1179 1285 1115 
1108 1163 1633 1604 1445 1507 1557 1114 1091 1184 1035 761 710 769 667 492 478 605 571 744 808 752 1096 1100 1218 1336 1659 1592 1641 1736 1708 1325 1069 1057 
1369 1381 1466 1378 1676 1329 1365 1531 1205 1267 1192 875 843 646 528 567 507 485 673 669 838 1017 806 1207 1159 1474 1394 1312 1573 1307 1323 1119 1108 937 
1172 1181 1526 1752 1350 1325 1152 1610 1152 1284 1010 849 832 566 505 435 483 491 493 574 835 831 1184 1290 1285 1608 1394 1590 1586 1377 1171 1488 1052 1293 
1424 1292 1709 1195 1564 1649 1620 1224 1470 1070 1175 825 608 676 546 440 564 467 620 619 665 926 872 1293 1095 1240 1520 1376 1392 1193 1299 1531 1356 989 
1179 1390 1586 1353 1273 1650 1580 1593 1315 1179 1083 799 729 559 571 501 489 559 639 691 717 787 1007 1317 1221 1353 1431 1347 1413 1338 1414 1348 1380 1130 
1198 1354 1641 1271 1513 1347 1293 1328 1194 1149 820 878 870 664 475 525 570 499 548 584 864 1012 1085 1133 1180 1574 1711 1214 1297 1707 1237 1438 1374 1101 
1408 1515 1504 1744 1684 1578 1452 1471 1466 1338 978 706 734 604 620 486 515 553 587 538 826 774 820 1023 1434 1525 1544 1434 1273 1232 1386 1111 1420 1318 
1147 1085 1648 1315 1769 1276 1623 1603 1232 1172 1148 961 671 759 514 421 560 564 557 706 612 927 1123 1312 1401 1427 1609 1208 1406 1351 1655 1298 1304 1349 
1321 1255 1596 1271 1561 1610 1216 1369 1160 1216 988 902 898 671 569 538 459 485 489 615 811 824 829 1145 1485 1096 1610 1196 1203 1687 1424 1558 1444 1078 
1266 1603 1253 1269 1454 1524 1345 1205 1443 1217 939 809 768 759 533 535 512 552 578 769 879 898 1183 1242 1220 1157 1337 1534 1614 1266 1708 1114 1016 1284 
1312 1552 1272 1729 1256 1592 1311 1410 1010 1313 1054 841 686 572 627 570 485 459 601 699 813 743 883 1120 1052 1447 1622 1595 1731 1297 1414 1621 1025 1016 
1101 1211 1318 1541 1688 1568 1598 1490 1132 996 945 759 786 731 571 480 468 480 626 602 728 992 1060 1296 1177 1590 1239 1691 1415 1536 1540 1278 1454 1208 
1147 1474 1692 1246 1516 1771 1617 1591 1219 1210 931 712 629 570 674 475 449 557 624 523 716 927 1024 1239 1480 1269 1477 1645 1715 1772 1559 1536 1003 919 
