50 3 20
16 10
850 77 85 96 112 130 149 169 187 203 214 222 225 222 214 203 187 169 150 130 112 96 85 77 75 77 85 96 112 130 149 169 187 203 214 222 225 222 214 203 187 169 150 130 112 96 85 77 75 77 85 
850 103 113 129 149 174 199 225 249 270 286 296 300 296 286 270 250 225 200 174 150 129 113 103 100 103 113 129 149 174 199 225 249 270 286 296 300 296 286 270 250 225 200 174 150 129 113 103 100 103 113 
100000 5170 5669 6464 7499 8705 9999 11294 12499 13535 14330 14829 15000 14829 14330 13535 12500 11294 10000 8705 7500 6464 5669 5170 5000 5170 5669 6464 7499 8705 9999 11294 12499 13535 14330 14829 15000 14829 14330 13535 12500 11294 10000 8705 7500 6464 5669 5170 5000 5170 5669 
1482 1433 1353 1250 1129 1000 870 750 646 566 517 500 517 566 646 749 
830 1002 1145 1208 1364 1384 1424 1471 1528 1471 1374 1290 1167 1020 877 738 668 575 534 503 514 550 648 777 832 1039 1121 1241 1295 1418 1492 1497 1462 1475 
904 962 1097 1291 1394 1450 1553 1552 1531 1407 1340 1243 1183 979 858 743 632 585 522 482 537 577 633 719 855 1009 1089 1208 1317 1445 1490 1437 1430 1463 
910 979 1166 1294 1379 1417 1473 1444 1439 1366 1317 1255 1127 1037 838 739 629 576 525 477 519 550 654 712 913 954 1110 1199 1342 1463 1447 1452 1521 1424 
847 1009 1181 1194 1313 1479 1449 1441 1432 1410 1313 1288 1162 1032 845 777 625 576 517 519 497 544 618 743 871 1036 1087 1307 1304 1437 1468 1522 1510 1450 
841 999 1180 1272 1351 1473 1437 1449 1533 1502 1381 1254 1100 985 863 743 627 583 525 476 525 544 676 785 843 955 1162 1243 1358 1468 1469 1567 1411 1406 
879 1021 1137 1265 1333 1461 1420 1443 1475 1444 1407 1211 1174 994 830 749 629 576 539 496 518 580 641 729 857 986 1144 1191 1319 1478 1493 1440 1430 1454 
835 1018 1099 1296 1411 1495 1509 1534 1495 1495 1390 1197 1154 1006 901 756 671 547 522 507 493 575 614 744 829 979 1146 1271 1316 1418 1513 1566 1479 1430 
833 1029 1158 1197 1304 1430 1489 1512 1522 1488 1332 1254 1152 960 854 754 627 566 520 499 493 566 671 769 881 968 1155 1278 1347 1468 1551 1573 1504 1480 
849 968 1148 1194 1403 1447 1438 1520 1454 1491 1286 1216 1178 985 906 725 670 586 536 481 502 546 666 730 841 1007 1151 1306 1374 1456 1461 1505 1481 1486 
846 990 1128 1306 1419 1408 1465 1448 1423 1465 1319 1275 1178 1040 842 773 676 575 537 505 511 591 676 742 897 966 1128 1240 1311 1461 1533 1530 1529 1384 
