50 6 20
36 100
340 77 75 77 85 96 112 130 149 169 187 203 214 222 225 222 214 203 187 169 150 130 112 96 85 77 75 77 85 96 112 130 149 169 187 203 214 222 225 222 214 203 187 169 150 130 112 96 85 77 75 
340 103 100 103 113 129 149 174 199 225 249 270 286 296 300 296 286 270 250 225 200 174 150 129 113 103 100 103 113 129 149 174 199 225 249 270 286 296 300 296 286 270 250 225 200 174 150 129 113 103 100 
340 129 125 129 141 161 187 217 249 282 312 338 358 370 375 370 358 338 312 282 250 217 187 161 141 129 125 129 141 161 187 217 249 282 312 338 358 370 375 370 358 338 312 282 250 217 187 161 141 129 125 
340 155 150 155 170 193 224 261 299 338 374 406 429 444 450 444 429 406 375 338 300 261 225 193 170 155 150 155 170 193 224 261 299 338 374 406 429 444 450 444 429 406 375 338 300 261 225 193 170 155 150 
340 180 175 180 198 226 262 304 349 395 437 473 501 519 525 519 501 473 437 395 350 304 262 226 198 180 175 180 198 226 262 304 349 395 437 473 501 519 525 519 501 473 437 395 350 304 262 226 198 180 175 
100000 5170 5000 5170 5669 6464 7499 8705 9999 11294 12499 13535 14330 14829 15000 14829 14330 13535 12500 11294 10000 8705 7500 6464 5669 5170 5000 5170 5669 6464 7499 8705 9999 11294 12499 13535 14330 14829 15000 14829 14330 13535 12500 11294 10000 8705 7500 6464 5669 5170 5000 
1482 1499 1482 1433 1353 1250 1129 1000 870 750 646 566 517 500 517 566 646 749 870 999 1129 1249 1353 1433 1482 1499 1482 1433 1353 1250 1129 1000 870 750 646 566 
760 406 676 567 1015 1167 1029 944 1113 1178 1666 679 1891 1974 
800 660 728 613 758 1044 1374 520 1024 1482 833 2267 2010 732 
477 372 738 536 411 731 604 646 1503 1340 1636 1539 2034 660 
739 315 437 892 407 781 1180 1500 462 1062 1921 1783 2006 1688 
397 294 310 670 681 887 1372 1047 792 1071 1188 637 2057 1539 
379 735 556 240 806 830 637 633 503 1431 1081 2138 1072 1908 
709 507 270 284 892 528 913 1488 1228 1148 1108 1292 1190 2320 
354 612 702 602 339 544 370 813 702 733 1349 594 1381 2287 
494 353 242 733 280 998 713 1412 749 1252 2130 1275 1576 1095 
683 454 329 709 258 467 720 936 1148 1053 2042 1492 1417 840 
238 277 250 390 781 528 580 1158 1321 1756 954 1382 1462 1908 
676 243 509 855 849 962 407 1286 649 1868 727 740 1634 1856 
505 627 782 302 974 597 665 554 1692 1698 1889 2188 1935 842 
364 441 248 462 547 443 712 655 1229 1061 1512 1836 1215 1654 
617 492 278 645 548 830 542 424 546 1252 940 650 1673 1283 
310 534 479 362 651 1127 1257 847 1185 906 665 697 885 966 
812 789 521 410 690 925 997 787 1461 1216 642 805 1336 1712 
651 366 603 278 829 950 1117 1185 1655 712 992 1278 945 1240 
566 515 339 862 890 623 1113 849 890 1836 1091 2060 972 1097 
579 244 739 736 459 1160 736 1079 808 524 1611 951 2358 666 
293 594 514 705 829 920 477 540 733 1011 1124 1690 1408 1214 
343 277 742 555 307 1022 613 472 624 582 1562 774 1820 1247 
321 624 288 509 861 1116 1189 1540 982 1660 556 829 1867 2382 
788 314 469 502 987 1063 606 623 1712 1436 1249 1962 1130 1306 
645 555 315 241 461 321 703 1518 1775 1321 1708 697 1237 751 
646 361 435 885 443 694 1031 1042 1654 1398 1172 693 2201 941 
333 405 502 655 546 704 453 1135 1544 751 1137 717 2364 1602 
234 435 474 239 860 807 1043 1035 791 761 1431 1053 902 2040 
689 446 765 562 511 400 420 729 1609 1608 646 724 1848 1019 
630 327 552 573 887 819 716 481 1112 1936 1472 1468 917 1546 
503 365 596 713 548 372 410 1448 1181 1477 882 1732 2120 788 
754 647 710 504 626 753 1244 1089 808 1452 1915 1982 2078 1002 
534 429 492 882 863 534 1180 941 1274 1315 1737 591 1567 1674 
674 213 550 760 718 505 1340 1565 1332 1977 1450 1454 2141 2256 
580 771 535 890 596 435 1108 760 1485 589 2080 2223 1257 2142 
520 757 224 684 467 619 954 1132 1059 1283 2019 1088 2078 1555 
699 606 401 314 476 514 349 1207 1360 1180 1924 1769 1844 1673 
246 220 230 685 384 300 1000 1238 517 1332 614 586 2235 2322 
488 716 438 810 384 318 867 762 1141 1318 1193 1636 723 1523 
773 590 730 829 920 583 805 688 1423 1902 2078 1586 768 1220 
533 797 646 367 498 495 691 1029 1443 623 1423 1990 2164 2101 
576 774 800 326 423 310 767 443 1446 923 1962 1253 1307 2021 
564 411 298 426 312 469 1096 744 689 538 1326 2183 666 602 
698 454 807 335 392 912 452 1314 821 1948 1444 1004 2104 1073 
282 543 620 883 307 380 1017 1374 706 1688 664 1538 1871 661 
416 404 267 571 881 455 661 1202 1043 1431 1763 1201 2072 686 
491 696 243 517 583 1019 536 644 1706 1991 1748 842 2133 1691 
290 639 563 286 344 1046 740 1506 931 1230 1155 1613 1326 1423 
598 531 731 317 438 439 1333 1344 1097 1543 1889 1596 1751 1243 
417 456 550 244 616 1066 710 547 1456 1007 1872 857 1379 825 
626 381 728 709 974 763 864 933 1753 1576 1837 919 1434 1458 
655 541 637 607 281 808 531 448 1592 961 1531 866 2171 1761 
729 649 381 357 749 472 543 1292 833 556 816 1508 1847 769 
603 421 240 873 399 1112 850 494 638 1039 730 967 1090 2110 
767 413 778 481 511 999 671 560 1344 1693 1562 1893 2075 1499 
509 403 510 877 417 1053 702 1024 1471 1570 1195 1406 1840 1390 
354 661 826 584 833 1107 1332 1588 1292 1923 828 1848 826 1915 
247 700 310 820 475 375 672 481 1733 1988 2020 884 943 1435 
717 463 504 417 929 686 808 1347 1262 661 1775 1957 1561 1603 
675 289 452 708 349 1056 711 1268 1264 1058 752 1070 656 721 
716 513 514 880 315 932 1340 637 1526 1360 974 1259 2240 1304 
769 783 446 559 364 1052 1150 1039 611 1287 2009 936 1866 859 
753 543 433 320 720 954 1235 825 1063 688 1040 1187 1106 882 
428 479 293 396 751 740 1290 669 1305 1433 1404 749 814 1449 
724 254 279 690 619 1169 919 549 753 1359 1639 812 995 1774 
497 657 258 724 886 698 1000 730 1690 796 1057 2011 1950 1816 
789 445 771 301 728 937 882 1133 1470 1413 2014 1930 882 1375 
587 290 601 445 309 536 743 928 1726 696 1734 841 1358 2009 
409 796 381 570 424 783 1360 1249 662 508 1883 2128 1625 1923 
513 644 420 407 660 815 1272 720 1063 1326 1915 611 1105 1807 
699 603 574 754 330 1161 508 1555 1188 1501 1373 1232 2173 1532 
335 725 676 684 316 685 520 1160 1082 1893 781 1800 1833 896 
594 685 581 600 331 929 896 1054 786 1374 1452 998 750 731 
498 256 627 480 270 463 409 1412 632 722 1338 1760 1923 760 
559 789 574 556 509 953 1251 1114 1666 807 659 1108 2176 1173 
770 739 812 309 640 877 1253 752 1586 1736 914 1885 2149 667 
613 307 751 407 459 738 1022 1281 475 938 963 2265 1354 1054 
703 279 572 368 892 1021 664 726 1733 1509 973 1599 1433 870 
817 223 343 280 617 696 962 416 859 1602 677 2262 1046 1718 
331 339 757 905 1024 1122 751 1464 625 775 758 710 2226 1821 
303 314 790 803 261 639 1196 519 703 1111 1884 978 1913 1189 
736 284 236 512 506 479 811 1226 1314 1104 1813 1581 2195 1711 
518 315 339 901 480 823 851 1539 1726 1357 558 1892 1598 1693 
680 304 580 879 738 1168 1268 1585 1077 639 913 1727 1423 943 
677 277 462 239 578 618 722 1347 1634 1795 1441 2006 1330 1525 
761 557 709 336 868 674 1254 904 1488 582 1686 952 1829 1427 
423 428 774 711 844 1141 514 1177 1582 1096 1504 734 1664 1915 
723 331 214 354 460 1149 973 1339 1130 1841 1343 1591 1291 2135 
790 563 396 357 939 615 495 698 1381 519 1935 757 1854 1057 
753 661 597 543 424 453 655 1205 1300 516 669 1917 1894 2190 
458 470 407 666 630 501 1182 1032 1612 805 570 2155 2252 2345 
482 405 793 870 958 772 954 1539 1552 643 1815 805 995 2115 
744 235 530 228 644 361 448 1077 1369 1627 1997 648 1117 1785 
294 617 421 229 311 882 787 1108 526 1869 1426 1695 2299 1944 
813 707 215 448 295 399 489 656 1305 1408 2118 1577 1236 1426 
543 599 313 585 898 644 603 1490 592 1481 2134 1259 1408 1194 
259 584 334 376 521 446 1040 632 686 540 627 1988 1722 1180 
780 512 720 368 954 894 804 1260 585 1456 1216 692 843 1216 
480 604 795 237 438 819 686 1542 857 1307 1455 611 1068 1482 
811 489 399 614 765 334 1227 946 910 1459 551 964 1867 2323 
