10 6 20
4 10
340 112 96 85 77 75 77 85 96 112 130 
340 150 129 113 103 100 103 113 129 149 174 
340 187 161 141 129 125 129 141 161 187 217 
340 225 193 170 155 150 155 170 193 224 261 
340 262 226 198 180 175 180 198 226 262 304 
100000 7500 6464 5669 5170 5000 5170 5669 6464 7499 8705 
1249 1353 1433 1482 
1517 1369 1454 1208 1117 1258 
1516 1443 1639 1624 1137 918 
1501 1705 1642 1470 1379 968 
1223 1752 1523 1584 1164 1336 
1586 1266 1571 1085 1243 970 
1547 1395 1387 1492 1246 1106 
1426 1680 1358 1444 1331 1211 
1274 1352 1668 1385 1007 1306 
1589 1384 1472 1112 1175 1232 
1618 1344 1306 1161 1061 951 
