50 3 20
36 10
850 112 96 85 77 75 77 85 96 112 130 149 169 187 203 214 222 225 222 214 203 187 169 150 130 112 96 85 77 75 77 85 96 112 130 149 169 187 203 214 222 225 222 214 203 187 169 150 130 112 96 
850 150 129 113 103 100 103 113 129 149 174 199 225 249 270 286 296 300 296 286 270 250 225 200 174 150 129 113 103 100 103 113 129 149 174 199 225 249 270 286 296 300 296 286 270 250 225 200 174 150 129 
100000 7500 6464 5669 5170 5000 5170 5669 6464 7499 8705 9999 11294 12499 13535 14330 14829 15000 14829 14330 13535 12500 11294 10000 8705 7500 6464 5669 5170 5000 5170 5669 6464 7499 8705 9999 11294 12499 13535 14330 14829 15000 14829 14330 13535 12500 11294 10000 8705 7500 6464 
1249 1353 1433 1482 1499 1482 1433 1353 1250 1129 1000 870 750 646 566 517 500 517 566 646 749 870 999 1129 1249 1353 1433 1482 1499 1482 1433 1353 1250 1129 1000 870 
412 916 778 609 239 309 826 269 571 650 1073 699 618 1187 
349 903 901 418 447 517 799 981 334 1337 1570 1554 1204 1622 
356 1025 330 490 674 591 510 540 694 542 870 1549 1692 1500 
346 512 502 398 285 616 631 398 462 1008 709 1718 898 1518 
1074 287 840 736 587 800 614 857 750 822 705 620 1167 2107 
881 516 384 636 347 230 228 647 374 1210 1000 698 886 1274 
984 424 264 456 681 575 782 376 522 1235 756 1715 1036 1828 
976 565 534 301 457 812 345 765 950 691 1089 1298 1526 1600 
734 856 307 381 282 304 900 534 783 376 803 1716 1231 1427 
693 548 776 233 459 427 681 939 408 721 1040 1127 730 2061 
