10 2 20
6 100
1700 77 75 77 85 96 112 130 149 169 187 
100000 5170 5000 5170 5669 6464 7499 8705 9999 11294 12499 
1482 1499 1482 1433 1353 1250 
1344 1014 891 691 
1073 992 1033 700 
1155 815 783 852 
1057 1069 960 601 
906 1012 892 778 
1258 1155 854 867 
1076 968 876 842 
931 1140 892 743 
1002 831 732 661 
1329 959 732 621 
1133 1144 776 632 
1039 974 967 693 
941 1196 724 719 
980 1104 868 781 
1064 930 981 718 
985 1104 785 726 
1100 1195 935 770 
1071 1193 857 734 
1192 1151 854 645 
1066 1036 883 794 
1060 825 792 787 
1316 1075 1036 649 
1019 816 1007 618 
1300 1003 952 638 
906 1148 778 709 
1126 999 700 691 
976 875 827 713 
930 908 835 799 
1172 836 1000 856 
911 965 842 832 
1006 1160 865 695 
1068 881 838 633 
973 1122 791 837 
1119 870 979 663 
965 944 709 722 
1032 1027 983 819 
1118 1152 761 867 
1277 1061 846 707 
1016 1083 1023 868 
993 1172 970 778 
1333 934 1011 676 
1286 884 703 732 
1117 972 722 625 
1022 1019 825 880 
1119 1087 741 825 
918 834 944 765 
970 1094 759 823 
1028 1095 860 758 
1042 991 990 716 
1111 1108 1005 601 
1316 1164 946 738 
1159 899 933 623 
1326 939 767 803 
1204 947 718 816 
1170 1089 954 609 
1286 1057 750 772 
1344 1086 832 610 
1138 1195 959 783 
927 1108 971 846 
953 1067 869 805 
916 1196 872 638 
950 846 825 882 
946 1152 955 644 
1126 1053 915 635 
1155 1199 848 680 
1165 1189 718 812 
1049 983 943 798 
973 1112 926 600 
1253 932 950 833 
934 1166 913 604 
910 1155 1009 810 
970 1065 966 678 
1128 1098 859 711 
1141 1118 815 734 
906 1154 867 807 
1040 1009 729 896 
921 1010 750 756 
1183 932 1007 735 
1154 1156 876 753 
943 1064 894 847 
940 1140 896 853 
1174 998 770 811 
1004 973 952 855 
1130 1123 984 697 
1145 877 928 741 
980 1153 821 747 
1244 1002 870 786 
1324 1006 724 704 
1101 1068 843 725 
1074 834 834 622 
1329 1180 920 688 
922 1005 1035 723 
1270 973 951 889 
1116 828 793 625 
1132 1127 816 689 
1193 837 862 626 
1149 813 795 609 
1258 1018 942 862 
1343 1103 698 716 
1156 992 955 710 
