5 6 20
3 100
340 112 96 85 77 75 
340 150 129 113 103 100 
340 187 161 141 129 125 
340 225 193 170 155 150 
340 262 226 198 180 175 
100000 7500 6464 5669 5170 5000 
1249 1353 1433 
746 1043 
1449 2197 
694 1910 
1746 903 
638 2262 
852 1065 
1494 1921 
1367 1999 
823 1145 
1476 711 
1576 858 
2040 758 
725 943 
1654 1808 
1305 1259 
1425 1127 
1565 1944 
1165 1301 
1195 2290 
1630 1423 
1453 1941 
1623 2052 
1791 1899 
1033 1168 
1836 1884 
2184 651 
655 2350 
998 2282 
2149 2293 
1264 2008 
709 1136 
815 1068 
2260 1262 
705 1318 
1433 1455 
2192 1560 
2012 1225 
1704 1800 
1419 876 
1964 1653 
1444 1103 
1418 1612 
1593 1366 
1487 603 
1669 827 
909 2141 
1977 1106 
678 906 
1090 2033 
1297 1666 
908 2267 
1622 949 
1172 1333 
2364 1402 
2037 2374 
2173 1839 
2215 1359 
1827 2311 
637 1637 
894 1404 
1560 1788 
609 1694 
844 1060 
889 2372 
1372 937 
1670 2155 
1517 2127 
1840 2319 
1070 731 
595 2341 
2354 856 
1617 1403 
1101 653 
1776 1855 
1768 1436 
2110 861 
2041 2263 
1442 2351 
774 836 
1488 1289 
810 896 
1607 1192 
2204 1984 
1370 693 
1786 2328 
1560 1096 
1692 1532 
2201 1317 
1893 1430 
689 1547 
678 785 
1075 1845 
1273 1983 
1981 786 
2285 2012 
905 1978 
2166 2076 
1950 1175 
749 927 
686 1389 
