20 6 20
15 10
340 77 75 77 85 96 112 130 149 169 187 203 214 222 225 222 214 203 187 169 150 
340 103 100 103 113 129 149 174 199 225 249 270 286 296 300 296 286 270 250 225 200 
340 129 125 129 141 161 187 217 249 282 312 338 358 370 375 370 358 338 312 282 250 
340 155 150 155 170 193 224 261 299 338 374 406 429 444 450 444 429 406 375 338 300 
340 180 175 180 198 226 262 304 349 395 437 473 501 519 525 519 501 473 437 395 350 
100000 5170 5000 5170 5669 6464 7499 8705 9999 11294 12499 13535 14330 14829 15000 14829 14330 13535 12500 11294 10000 
1482 1499 1482 1433 1353 1250 1129 1000 870 750 646 566 517 500 517 
255 973 434 714 554 
261 890 769 484 912 
722 314 618 1309 910 
546 759 933 1110 1235 
384 350 356 1049 736 
476 420 614 880 452 
650 387 946 1329 1450 
276 686 397 695 1457 
474 770 896 461 1016 
388 460 383 1334 1200 
