20 6 20
7 100
340 85 96 112 130 149 169 187 203 214 222 225 222 214 203 187 169 150 130 112 96 
340 113 129 149 174 199 225 249 270 286 296 300 296 286 270 250 225 200 174 150 129 
340 141 161 187 217 249 282 312 338 358 370 375 370 358 338 312 282 250 217 187 161 
340 170 193 224 261 299 338 374 406 429 444 450 444 429 406 375 338 300 261 225 193 
340 198 226 262 304 349 395 437 473 501 519 525 519 501 473 437 395 350 304 262 226 
100000 5669 6464 7499 8705 9999 11294 12499 13535 14330 14829 15000 14829 14330 13535 12500 11294 10000 8705 7500 6464 
1433 1353 1250 1129 1000 870 750 
760 638 577 419 582 497 699 627 745 1155 1303 1464 1594 
570 619 417 539 441 590 728 887 957 995 985 1073 1243 
684 646 415 433 528 675 740 747 1040 888 1030 1278 1430 
592 495 578 412 526 473 655 679 855 976 1005 1452 1376 
724 543 473 529 583 464 550 626 937 1056 1056 1308 1164 
652 626 550 521 593 476 730 756 1038 1198 963 1286 1121 
642 664 579 459 575 674 572 680 929 1061 916 1355 1258 
722 477 526 403 422 605 533 722 795 1178 1107 1437 1122 
711 537 550 504 550 630 577 796 1001 1120 1193 1328 1256 
704 516 415 422 415 639 768 896 832 1116 1082 1377 1544 
631 523 497 542 510 511 763 742 784 1154 1165 1364 1123 
697 506 574 420 511 502 576 743 819 1153 1022 1210 1604 
531 632 534 532 456 507 671 686 720 864 955 1224 1447 
623 494 566 505 427 519 763 874 997 1199 1199 1483 1265 
611 494 542 475 443 558 773 733 709 1064 1041 1073 1526 
549 676 496 551 528 664 747 621 1027 1070 925 1441 1177 
626 519 496 553 539 611 708 847 722 1142 1007 1247 1323 
556 569 427 556 436 516 532 649 740 822 1057 1099 1195 
718 615 445 403 531 670 707 865 897 1093 968 1023 1150 
635 558 578 426 505 461 724 624 832 1141 1015 1181 1450 
673 481 496 479 504 512 610 776 720 963 1260 1363 1244 
532 460 580 508 460 627 545 740 1008 1013 915 1176 1287 
659 678 454 454 553 662 583 684 1006 867 932 1268 1144 
636 565 569 540 572 458 730 742 903 1097 977 1311 1427 
582 551 481 461 611 671 629 620 1029 998 924 1026 1108 
664 532 608 593 437 575 663 740 932 871 996 1142 1511 
735 463 549 576 491 624 628 685 913 1078 1070 1358 1605 
690 623 583 503 558 650 532 693 992 1004 1208 1177 1347 
518 657 582 400 608 489 592 732 753 999 1097 1004 1139 
757 625 608 417 603 475 692 798 952 938 1274 1291 1578 
528 650 520 496 518 487 538 668 1018 1188 1043 1355 1184 
626 477 459 578 579 641 628 685 746 1029 1318 1253 1533 
581 530 417 545 417 543 650 842 793 961 975 1406 1434 
666 576 571 435 587 482 768 690 821 1044 1071 1317 1325 
768 621 468 434 533 612 653 691 779 823 1346 1426 1313 
605 581 598 537 433 594 759 723 1003 1121 1143 1456 1302 
654 523 441 560 418 506 725 753 889 891 1098 1355 1619 
755 661 583 446 564 497 766 782 697 1077 1332 1442 1304 
519 603 602 470 533 542 659 768 952 808 1336 1319 1621 
668 638 563 577 438 590 530 657 816 1005 1159 1471 1099 
545 538 618 534 474 493 652 687 938 988 1070 1467 1126 
699 547 578 576 434 673 628 716 834 997 922 1392 1170 
627 524 522 599 524 620 579 674 910 1163 1206 1260 1546 
723 638 547 550 495 637 624 862 957 1076 1201 1185 1551 
667 469 521 484 504 523 566 825 1027 1097 1146 1055 1429 
635 640 546 561 582 597 532 721 781 963 1114 1200 1334 
659 528 572 587 427 463 689 800 1028 821 1323 1075 1232 
524 550 543 447 421 547 627 626 768 986 1145 1103 1509 
534 499 463 438 512 617 670 855 1027 864 965 1236 1565 
570 565 533 418 605 612 738 770 893 1060 1015 1071 1175 
543 515 491 446 544 577 742 620 826 1180 1192 1077 1552 
633 578 443 576 618 560 722 768 863 892 1120 1345 1241 
763 581 516 460 593 523 717 856 776 1029 1217 1366 1271 
770 487 511 489 580 671 548 703 800 1131 1262 1291 1426 
595 472 437 448 558 620 551 816 775 1044 954 1022 1211 
600 612 475 578 538 569 688 636 988 976 1279 1089 1461 
669 596 560 482 492 458 666 766 1040 896 1081 1466 1421 
577 454 503 570 450 643 613 726 786 980 1013 1417 1324 
535 556 438 493 526 648 775 818 864 1087 1349 1174 1604 
752 580 434 532 613 661 619 812 1000 1014 951 1071 1112 
774 541 476 518 467 509 775 623 1028 823 1267 1061 1491 
722 527 607 497 434 625 518 601 706 1044 1027 1233 1397 
762 650 432 562 607 627 775 814 732 970 995 1284 1144 
729 541 418 483 590 571 673 791 917 1176 1287 1487 1378 
769 643 530 525 557 515 528 661 1012 1154 1006 1118 1608 
612 506 489 508 522 647 549 846 1007 1026 1023 1205 1376 
524 616 490 454 486 469 668 879 719 857 1354 1017 1098 
650 643 516 447 527 549 663 836 1005 1052 1272 1434 1506 
683 517 443 481 418 584 602 729 966 854 1060 1485 1310 
594 653 473 547 524 605 587 663 840 963 963 1416 1418 
666 519 473 545 421 664 567 869 966 869 1093 1140 1405 
615 479 474 425 512 574 656 895 998 896 1144 1218 1513 
730 453 496 549 547 665 551 820 974 860 1103 1019 1511 
659 633 477 426 580 475 646 697 941 1033 1206 1222 1532 
667 460 581 575 523 509 761 665 728 1000 1034 1005 1464 
572 662 530 479 607 616 552 676 832 860 1315 1159 1121 
596 546 481 493 444 668 540 681 946 1005 1294 1315 1244 
675 586 591 427 505 513 666 864 712 972 1261 1112 1431 
758 646 610 588 614 617 756 765 936 1050 949 1133 1161 
627 498 512 414 578 474 601 658 909 1021 1317 1251 1353 
613 511 473 421 524 490 600 888 859 1137 1348 1213 1096 
611 615 570 446 568 591 692 735 1012 1002 1103 1497 1139 
635 658 589 442 583 571 661 738 1021 1097 1282 1435 1424 
733 477 443 499 515 546 562 651 807 1177 1334 1273 1383 
686 459 462 419 443 515 550 667 811 883 1061 1002 1120 
650 579 597 459 422 633 628 820 1035 1152 1167 1429 1303 
658 588 432 406 467 662 764 646 716 859 973 1380 1179 
620 509 593 586 449 455 741 765 728 812 922 1228 1382 
699 466 560 540 436 584 526 819 703 1093 1020 1495 1335 
699 560 582 419 431 635 673 848 787 851 940 1469 1387 
658 506 443 466 618 645 729 813 972 874 1304 1145 1392 
699 573 494 455 480 513 565 812 755 1007 1065 1204 1275 
589 575 459 528 600 506 616 762 940 987 1120 1400 1279 
735 486 564 573 465 632 607 867 1025 903 1270 1198 1191 
701 480 503 457 543 570 714 884 772 1037 1088 1055 1146 
668 619 433 546 568 472 765 602 824 1079 1020 1026 1258 
735 661 491 541 597 553 556 727 810 870 1044 1142 1306 
733 641 523 485 418 460 591 671 1031 906 1297 1100 1168 
734 560 414 440 504 487 673 729 702 1037 1229 1349 1304 
693 487 603 504 458 529 682 749 1008 962 1075 1306 1573 
