5 11 20
4 50
170 77 75 77 85 96 
170 103 100 103 113 129 
170 129 125 129 141 161 
170 155 150 155 170 193 
170 180 175 180 198 226 
170 206 200 206 226 258 
170 232 225 232 255 290 
170 258 250 258 283 323 
170 284 275 284 311 355 
170 310 300 310 340 387 
100000 5170 5000 5170 5669 6464 
1482 1499 1482 1433 
1271 
1170 
1414 
1281 
1605 
1378 
1232 
1278 
1473 
1617 
1120 
1575 
1326 
1183 
1504 
1350 
1457 
1135 
1255 
1364 
1233 
1372 
1522 
1321 
1563 
1571 
1216 
1175 
1418 
1521 
1368 
1253 
1214 
1495 
1229 
1154 
1155 
1434 
1193 
1478 
1395 
1226 
1351 
1333 
1338 
1389 
1545 
1611 
1105 
1559 
