50 2 20
16 5
1700 130 112 96 85 77 75 77 85 96 112 130 149 169 187 203 214 222 225 222 214 203 187 169 150 130 112 96 85 77 75 77 85 96 112 130 149 169 187 203 214 222 225 222 214 203 187 169 150 130 112 
100000 8705 7500 6464 5669 5170 5000 5170 5669 6464 7499 8705 9999 11294 12499 13535 14330 14829 15000 14829 14330 13535 12500 11294 10000 8705 7500 6464 5669 5170 5000 5170 5669 6464 7499 8705 9999 11294 12499 13535 14330 14829 15000 14829 14330 13535 12500 11294 10000 8705 7500 
1129 1249 1353 1433 1482 1499 1482 1433 1353 1250 1129 1000 870 750 646 566 
526 595 456 591 688 802 973 989 1029 1472 1283 1323 1710 1432 1480 1666 1187 1043 1226 1088 726 654 710 603 431 568 506 595 691 783 910 963 1076 1312 
464 463 595 593 608 631 698 900 1316 1257 1108 1526 1213 1264 1239 1583 1085 1314 1274 886 738 782 672 587 461 483 448 596 707 749 976 853 1274 1006 
477 477 420 583 680 801 935 931 1129 1360 1239 1211 1720 1618 1496 1624 1470 1301 1316 1149 846 773 709 612 450 425 484 543 522 789 803 934 1256 1124 
578 548 474 576 627 687 828 1163 1323 1286 1321 1255 1260 1513 1758 1447 1255 1312 1276 1126 940 617 698 650 593 507 507 587 528 606 990 921 936 1038 
485 509 586 460 655 725 743 1088 1241 1441 1425 1705 1465 1207 1779 1503 1216 1327 1263 870 851 741 575 671 570 565 482 657 714 751 959 1055 1070 1353 
