20 2 20
15 50
1700 75 77 85 96 112 130 149 169 187 203 214 222 225 222 214 203 187 169 150 130 
100000 5000 5170 5669 6464 7499 8705 9999 11294 12499 13535 14330 14829 15000 14829 14330 13535 12500 11294 10000 8705 
1499 1482 1433 1353 1250 1129 1000 870 750 646 566 517 500 517 566 
581 788 737 1192 1001 
542 887 901 973 932 
536 792 945 1179 925 
615 859 797 1170 978 
737 767 939 945 907 
757 837 802 824 1165 
543 748 818 959 1236 
731 625 909 1194 907 
762 690 931 1150 1334 
584 732 1019 1133 980 
544 796 990 1027 1181 
772 695 896 1111 1147 
726 848 795 1153 977 
680 653 885 954 1246 
598 887 909 1149 1326 
553 619 722 1186 992 
597 746 720 999 1203 
623 634 924 843 1330 
551 617 884 1052 1046 
571 815 1041 891 1130 
701 755 957 1097 1021 
522 866 728 1129 1278 
529 792 936 1129 1280 
616 603 950 1199 1228 
535 810 912 927 1189 
671 634 861 1104 1341 
554 807 1000 883 941 
714 735 983 813 1348 
572 692 728 1124 938 
670 868 899 1121 1138 
525 787 912 938 1118 
612 805 933 1024 1250 
714 872 924 1073 1307 
646 619 872 982 998 
603 800 851 1053 1115 
605 691 716 884 1342 
563 636 1028 1165 1305 
576 719 994 1006 985 
650 684 1015 1196 1331 
684 607 834 966 1156 
586 886 777 1032 1329 
590 754 1033 1168 1053 
571 604 869 886 1115 
573 820 887 1023 911 
557 822 973 916 959 
582 806 816 1093 1018 
730 781 905 1067 1186 
713 706 718 1016 1138 
566 707 970 1106 1051 
730 675 786 1089 1055 
