20 6 20
15 100
340 77 75 77 85 96 112 130 149 169 187 203 214 222 225 222 214 203 187 169 150 
340 103 100 103 113 129 149 174 199 225 249 270 286 296 300 296 286 270 250 225 200 
340 129 125 129 141 161 187 217 249 282 312 338 358 370 375 370 358 338 312 282 250 
340 155 150 155 170 193 224 261 299 338 374 406 429 444 450 444 429 406 375 338 300 
340 180 175 180 198 226 262 304 349 395 437 473 501 519 525 519 501 473 437 395 350 
100000 5170 5000 5170 5669 6464 7499 8705 9999 11294 12499 13535 14330 14829 15000 14829 14330 13535 12500 11294 10000 
1482 1499 1482 1433 1353 1250 1129 1000 870 750 646 566 517 500 517 
378 451 966 667 1300 
711 473 931 514 1418 
443 736 413 674 811 
761 606 481 434 899 
756 433 1116 789 1362 
605 356 1109 1061 1424 
768 302 426 783 578 
448 1028 1138 566 1453 
570 873 942 594 879 
539 972 511 1243 1379 
490 286 625 362 821 
499 831 968 1130 1563 
368 592 770 1116 1388 
441 473 709 474 1437 
823 417 596 889 534 
769 1026 496 1368 747 
439 795 926 644 570 
879 319 533 1223 441 
416 755 1155 655 1103 
787 270 720 671 1458 
438 827 633 520 1515 
828 794 766 349 427 
885 517 677 1155 1514 
328 960 709 1041 434 
740 422 418 792 550 
598 589 978 535 682 
840 563 1164 454 1293 
456 508 830 451 646 
743 760 588 1227 995 
801 626 491 1032 682 
666 905 1081 1283 622 
518 387 869 820 454 
562 902 459 731 1216 
823 279 653 599 616 
533 461 1028 566 912 
488 712 784 548 1181 
646 554 785 1282 723 
603 873 613 1107 817 
254 505 1071 665 1276 
754 495 581 570 517 
322 293 597 1060 1493 
343 761 863 810 793 
504 439 507 679 1385 
581 859 745 1155 973 
688 897 785 641 1467 
602 739 465 1274 403 
406 499 475 782 1352 
264 296 607 677 788 
598 671 1125 684 590 
777 987 408 1302 1450 
506 805 402 910 714 
729 977 583 742 1305 
699 946 403 1376 753 
477 538 810 786 1443 
722 513 383 675 1582 
821 475 1171 672 630 
864 795 720 878 806 
441 642 831 373 612 
228 443 495 607 1198 
339 296 1039 373 1591 
528 451 439 961 1596 
686 525 696 1072 700 
444 514 1034 1168 597 
881 944 586 858 1392 
877 696 1163 1377 595 
711 868 1195 1170 1047 
391 804 983 679 1400 
319 950 721 554 598 
713 610 590 579 686 
799 412 960 865 471 
543 673 494 1131 625 
863 614 526 677 1246 
605 359 1149 1043 664 
400 1010 398 485 864 
372 868 1095 1099 1170 
666 732 651 1111 503 
320 561 854 1281 416 
803 329 860 608 614 
267 744 412 392 1032 
522 959 831 1117 1280 
760 1007 781 1012 1540 
590 700 733 408 1365 
494 936 1197 878 517 
345 476 1034 916 612 
837 376 1016 535 1570 
616 923 448 455 627 
415 512 877 961 1321 
661 949 956 729 1232 
516 490 557 917 971 
875 289 972 1045 949 
830 507 1190 529 724 
824 501 1073 628 1121 
450 464 935 667 653 
549 1025 582 1283 971 
401 526 549 1325 1575 
324 410 850 910 484 
594 584 1140 734 787 
627 409 600 412 1461 
611 323 582 739 523 
346 817 925 1124 1331 
