20 3 20
7 5
850 130 112 96 85 77 75 77 85 96 112 130 149 169 187 203 214 222 225 222 214 
850 174 150 129 113 103 100 103 113 129 149 174 199 225 249 270 286 296 300 296 286 
100000 8705 7500 6464 5669 5170 5000 5170 5669 6464 7499 8705 9999 11294 12499 13535 14330 14829 15000 14829 14330 
1129 1249 1353 1433 1482 1499 1482 
1381 1328 1199 1119 982 827 730 660 556 496 489 521 549 
1424 1315 1257 1129 980 897 749 643 550 524 482 492 593 
1412 1352 1307 1093 991 835 728 618 553 533 481 517 543 
1498 1378 1251 1117 1045 840 770 624 554 520 502 492 548 
1390 1371 1230 1174 1011 875 743 648 559 531 508 519 542 
