5 3 20
3 100
850 130 112 96 85 77 
850 174 150 129 113 103 
100000 8705 7500 6464 5669 5170 
1129 1249 1353 
810 1387 
2155 841 
1511 1797 
741 1130 
681 2083 
1104 795 
1822 1029 
1971 1768 
900 1841 
1280 1344 
2048 2329 
1205 1293 
2100 1748 
1006 1347 
1537 2211 
2175 797 
2207 1287 
1315 813 
1251 1745 
2074 977 
1803 1253 
948 2201 
1717 2232 
635 648 
1547 1100 
590 816 
1624 674 
1256 2163 
1945 1413 
878 1682 
2223 1022 
722 2368 
2062 812 
1047 604 
2053 2076 
1940 1130 
582 1537 
1669 2365 
911 1177 
1517 746 
965 2346 
1147 1347 
1028 1233 
2058 1575 
1769 1878 
1463 1065 
2013 1511 
1036 995 
1365 1782 
808 1457 
1595 655 
946 1049 
1594 736 
615 1963 
2172 1275 
1176 1621 
1732 699 
1197 819 
814 1844 
855 2297 
1715 2251 
1478 1255 
2255 833 
617 2213 
839 1510 
1073 1450 
1587 628 
1574 1472 
2269 1046 
1311 2059 
1985 2322 
1492 2328 
994 1006 
1729 1060 
2125 2065 
1934 1257 
1658 695 
660 843 
1445 1427 
2287 2158 
936 1705 
1621 827 
890 1528 
1313 857 
1490 1934 
1426 2328 
862 2280 
1069 1422 
790 1836 
1310 732 
1539 1400 
1143 2003 
1207 1546 
1488 2366 
2113 2115 
2148 1806 
1841 1350 
1530 2002 
675 1052 
1251 721 
