20 6 20
15 10
340 150 130 112 96 85 77 75 77 85 96 112 130 149 169 187 203 214 222 225 222 
340 200 174 150 129 113 103 100 103 113 129 149 174 199 225 249 270 286 296 300 296 
340 250 217 187 161 141 129 125 129 141 161 187 217 249 282 312 338 358 370 375 370 
340 300 261 225 193 170 155 150 155 170 193 224 261 299 338 374 406 429 444 450 444 
340 350 304 262 226 198 180 175 180 198 226 262 304 349 395 437 473 501 519 525 519 
100000 10000 8705 7500 6464 5669 5170 5000 5170 5669 6464 7499 8705 9999 11294 12499 13535 14330 14829 15000 14829 
1000 1129 1249 1353 1433 1482 1499 1482 1433 1353 1250 1129 1000 870 750 
418 566 751 633 518 
1011 483 523 311 236 
1016 630 311 650 727 
503 517 614 334 462 
810 317 628 680 244 
390 496 772 621 246 
301 570 476 585 214 
642 284 370 306 629 
362 437 469 752 277 
552 809 619 713 779 
