5 2 20
4 100
1700 75 77 85 96 112 
100000 5000 5170 5669 6464 7499 
1499 1482 1433 1353 
1486 
1355 
1201 
1058 
1283 
1034 
1308 
1233 
1494 
1012 
1067 
1281 
1150 
1333 
1198 
1250 
1220 
1480 
1310 
1383 
1031 
1070 
1017 
1195 
1208 
1461 
1296 
1347 
1250 
1459 
1062 
1347 
1109 
1033 
1205 
1391 
1360 
1219 
1062 
1374 
1349 
1136 
1066 
1384 
1404 
1276 
1054 
1212 
1485 
1002 
1470 
1190 
1371 
1415 
1441 
1384 
1252 
1020 
1475 
1460 
1331 
1360 
1242 
1254 
1293 
1037 
1199 
1353 
1262 
1299 
1024 
1225 
1082 
1102 
1099 
1203 
1064 
1340 
1030 
1366 
1028 
1140 
1436 
1112 
1263 
1412 
1486 
1479 
1272 
1068 
1431 
1492 
1393 
1090 
1101 
1110 
1170 
1350 
1109 
1039 
