50 6 20
36 10
340 77 75 77 85 96 112 130 149 169 187 203 214 222 225 222 214 203 187 169 150 130 112 96 85 77 75 77 85 96 112 130 149 169 187 203 214 222 225 222 214 203 187 169 150 130 112 96 85 77 75 
340 103 100 103 113 129 149 174 199 225 249 270 286 296 300 296 286 270 250 225 200 174 150 129 113 103 100 103 113 129 149 174 199 225 249 270 286 296 300 296 286 270 250 225 200 174 150 129 113 103 100 
340 129 125 129 141 161 187 217 249 282 312 338 358 370 375 370 358 338 312 282 250 217 187 161 141 129 125 129 141 161 187 217 249 282 312 338 358 370 375 370 358 338 312 282 250 217 187 161 141 129 125 
340 155 150 155 170 193 224 261 299 338 374 406 429 444 450 444 429 406 375 338 300 261 225 193 170 155 150 155 170 193 224 261 299 338 374 406 429 444 450 444 429 406 375 338 300 261 225 193 170 155 150 
340 180 175 180 198 226 262 304 349 395 437 473 501 519 525 519 501 473 437 395 350 304 262 226 198 180 175 180 198 226 262 304 349 395 437 473 501 519 525 519 501 473 437 395 350 304 262 226 198 180 175 
100000 5170 5000 5170 5669 6464 7499 8705 9999 11294 12499 13535 14330 14829 15000 14829 14330 13535 12500 11294 10000 8705 7500 6464 5669 5170 5000 5170 5669 6464 7499 8705 9999 11294 12499 13535 14330 14829 15000 14829 14330 13535 12500 11294 10000 8705 7500 6464 5669 5170 5000 
1482 1499 1482 1433 1353 1250 1129 1000 870 750 646 566 517 500 517 566 646 749 870 999 1129 1249 1353 1433 1482 1499 1482 1433 1353 1250 1129 1000 870 750 646 566 
614 599 558 623 523 826 696 864 1271 1252 1511 1385 1746 1258 
434 441 528 667 680 619 895 882 1174 1399 1506 1392 1288 1785 
563 545 476 528 743 630 750 964 949 1001 1505 1319 1665 1623 
494 561 579 590 727 870 808 813 1094 1399 1176 1544 1339 1500 
515 451 523 487 533 691 782 806 1205 1059 1168 1451 1455 1484 
574 423 572 455 690 665 849 898 1218 1179 1609 1669 1496 1555 
540 514 415 484 718 673 966 1037 1263 1029 1415 1468 1443 1522 
413 599 450 594 618 654 956 805 1158 1293 1512 1702 1582 1549 
469 409 468 497 624 608 711 1153 1291 1239 1292 1498 1647 1300 
542 415 537 638 534 723 770 944 1177 1135 1154 1319 1246 1544 
