20 11 20
7 50
170 130 112 96 85 77 75 77 85 96 112 130 149 169 187 203 214 222 225 222 214 
170 174 150 129 113 103 100 103 113 129 149 174 199 225 249 270 286 296 300 296 286 
170 217 187 161 141 129 125 129 141 161 187 217 249 282 312 338 358 370 375 370 358 
170 261 225 193 170 155 150 155 170 193 224 261 299 338 374 406 429 444 450 444 429 
170 304 262 226 198 180 175 180 198 226 262 304 349 395 437 473 501 519 525 519 501 
170 348 300 258 226 206 200 206 226 258 299 348 399 451 499 541 573 593 600 593 573 
170 391 337 290 255 232 225 232 255 290 337 391 449 508 562 609 644 667 675 667 644 
170 435 375 323 283 258 250 258 283 323 374 435 499 564 624 676 716 741 750 741 716 
170 478 412 355 311 284 275 284 311 355 412 478 549 621 687 744 788 815 825 815 788 
170 522 450 387 340 310 300 310 340 387 449 522 599 677 749 812 859 889 900 889 859 
100000 8705 7500 6464 5669 5170 5000 5170 5669 6464 7499 8705 9999 11294 12499 13535 14330 14829 15000 14829 14330 
1129 1249 1353 1433 1482 1499 1482 
1622 1154 1159 1285 961 915 851 603 596 499 480 566 541 
1359 1322 1081 1241 1051 1040 804 635 573 562 522 619 646 
1249 1206 1148 903 812 836 818 631 603 435 488 422 461 
1299 1441 1278 944 1185 705 897 655 538 530 409 497 568 
1384 1273 1104 965 1138 954 897 767 617 465 442 497 677 
1202 1469 1004 996 919 929 604 745 506 588 588 518 631 
1156 1476 1014 1049 1146 823 841 586 508 523 521 492 477 
1228 1529 1282 1347 933 842 719 598 635 563 411 519 457 
1562 1569 1034 1016 1141 844 777 742 666 581 412 603 541 
1570 1191 1199 991 1107 791 674 737 661 444 501 580 622 
1157 1386 1248 1159 1019 715 777 542 649 476 511 454 492 
1604 1115 1476 1086 1071 836 844 693 611 516 400 612 596 
1453 1563 1370 1169 1163 916 630 573 564 554 597 465 647 
1416 1113 1184 1164 1187 1009 855 551 519 420 598 526 485 
1433 1476 1182 1022 945 859 619 682 454 535 488 545 578 
1458 1157 1417 1021 833 992 826 569 578 484 441 439 613 
1640 1327 1399 924 1195 1026 809 550 595 586 476 578 477 
1684 1302 1433 947 979 726 646 607 469 414 472 596 629 
1469 1518 1376 1339 973 832 876 560 515 596 474 429 572 
1654 1118 1049 1194 993 970 640 679 479 524 567 441 568 
1430 1088 1046 1014 893 855 637 755 492 599 521 470 669 
1292 1484 1194 1267 1178 853 699 633 570 515 450 560 495 
1475 1285 1190 1204 1136 1010 725 744 589 462 428 581 588 
1455 1316 1128 1205 827 896 788 573 516 591 516 449 485 
1435 1433 1498 1198 1179 912 710 524 506 599 415 514 552 
1429 1532 1089 1278 1179 831 642 734 651 588 565 488 521 
1389 1149 1295 1170 1042 810 878 556 664 434 406 535 532 
1609 1436 1295 1098 902 807 678 596 513 511 414 548 465 
1242 1182 1291 1335 1145 822 843 603 568 451 574 465 542 
1594 1516 1416 1343 1124 722 835 563 654 456 407 479 496 
1584 1093 1112 1120 897 851 796 573 579 454 520 416 576 
1243 1400 1079 1050 1049 879 713 730 668 464 523 481 537 
1325 1100 1213 1135 863 1001 649 602 500 529 548 482 456 
1484 1433 1317 930 1019 871 818 592 660 522 497 606 652 
1683 1289 1397 1321 839 811 757 610 643 455 403 518 607 
1380 1354 1399 1106 1026 841 756 767 612 558 468 473 668 
1452 1315 1134 1010 877 804 840 752 460 464 521 571 511 
1321 1567 1234 1154 1147 943 847 561 628 491 570 520 638 
1626 1178 1468 1300 891 913 812 593 578 539 568 579 632 
1235 1536 1340 1034 847 1015 715 720 571 598 468 592 563 
1284 1164 1130 1237 971 1002 841 562 492 562 471 492 605 
1538 1407 1340 1082 1029 1043 775 662 664 578 437 595 502 
1379 1307 1313 1310 1191 918 812 699 579 539 547 559 596 
1237 1497 1266 1100 1078 957 709 738 652 481 586 462 569 
1162 1240 1498 950 998 875 712 528 638 436 420 596 574 
1311 1317 1345 1126 1152 798 881 529 471 608 577 566 612 
1708 1607 1044 1035 815 726 756 683 677 484 415 430 459 
1230 1615 1062 1133 863 921 856 720 469 459 519 619 602 
1327 1191 1034 954 1162 922 855 533 475 443 531 477 634 
1418 1120 1366 1316 1124 842 693 553 613 555 549 610 556 
