20 3 20
15 10
850 85 96 112 130 149 169 187 203 214 222 225 222 214 203 187 169 150 130 112 96 
850 113 129 149 174 199 225 249 270 286 296 300 296 286 270 250 225 200 174 150 129 
100000 5669 6464 7499 8705 9999 11294 12499 13535 14330 14829 15000 14829 14330 13535 12500 11294 10000 8705 7500 6464 
1433 1353 1250 1129 1000 870 750 646 566 517 500 517 566 646 749 
792 1111 1339 1264 1270 
781 958 1003 1486 1252 
747 1046 991 1159 1306 
741 929 992 1124 1318 
785 1172 984 1030 1427 
850 949 1001 1101 1587 
867 1050 974 1069 1509 
899 1164 1117 1299 1575 
713 1001 1237 1041 1546 
960 1193 997 1120 1256 
