50 11 20
36 100
170 75 77 85 96 112 130 149 169 187 203 214 222 225 222 214 203 187 169 150 130 112 96 85 77 75 77 85 96 112 130 149 169 187 203 214 222 225 222 214 203 187 169 150 130 112 96 85 77 75 77 
170 100 103 113 129 149 174 199 225 249 270 286 296 300 296 286 270 250 225 200 174 150 129 113 103 100 103 113 129 149 174 199 225 249 270 286 296 300 296 286 270 250 225 200 174 150 129 113 103 100 103 
170 125 129 141 161 187 217 249 282 312 338 358 370 375 370 358 338 312 282 250 217 187 161 141 129 125 129 141 161 187 217 249 282 312 338 358 370 375 370 358 338 312 282 250 217 187 161 141 129 125 129 
170 150 155 170 193 224 261 299 338 374 406 429 444 450 444 429 406 375 338 300 261 225 193 170 155 150 155 170 193 224 261 299 338 374 406 429 444 450 444 429 406 375 338 300 261 225 193 170 155 150 155 
170 175 180 198 226 262 304 349 395 437 473 501 519 525 519 501 473 437 395 350 304 262 226 198 180 175 180 198 226 262 304 349 395 437 473 501 519 525 519 501 473 437 395 350 304 262 226 198 180 175 180 
170 200 206 226 258 299 348 399 451 499 541 573 593 600 593 573 541 500 451 400 348 300 258 226 206 200 206 226 258 299 348 399 451 499 541 573 593 600 593 573 541 500 451 400 348 300 258 226 206 200 206 
170 225 232 255 290 337 391 449 508 562 609 644 667 675 667 644 609 562 508 450 391 337 290 255 232 225 232 255 290 337 391 449 508 562 609 644 667 675 667 644 609 562 508 450 391 337 290 255 232 225 232 
170 250 258 283 323 374 435 499 564 624 676 716 741 750 741 716 676 625 564 500 435 375 323 283 258 250 258 283 323 374 435 499 564 624 676 716 741 750 741 716 676 625 564 500 435 375 323 283 258 250 258 
170 275 284 311 355 412 478 549 621 687 744 788 815 825 815 788 744 687 621 550 478 412 355 311 284 275 284 311 355 412 478 549 621 687 744 788 815 825 815 788 744 687 621 550 478 412 355 311 284 275 284 
170 300 310 340 387 449 522 599 677 749 812 859 889 900 889 859 812 750 677 600 522 450 387 340 310 300 310 340 387 449 522 599 677 749 812 859 889 900 889 859 812 750 677 600 522 450 387 340 310 300 310 
100000 5000 5170 5669 6464 7499 8705 9999 11294 12499 13535 14330 14829 15000 14829 14330 13535 12500 11294 10000 8705 7500 6464 5669 5170 5000 5170 5669 6464 7499 8705 9999 11294 12499 13535 14330 14829 15000 14829 14330 13535 12500 11294 10000 8705 7500 6464 5669 5170 5000 5170 
1499 1482 1433 1353 1250 1129 1000 870 750 646 566 517 500 517 566 646 749 870 999 1129 1249 1353 1433 1482 1499 1482 1433 1353 1250 1129 1000 870 750 646 566 517 
475 530 573 616 769 879 983 1164 1275 1364 1386 1466 1463 1446 
503 530 595 667 757 838 1010 1150 1226 1296 1428 1549 1428 1458 
476 533 594 671 745 914 966 1100 1268 1395 1454 1461 1495 1451 
492 499 585 674 746 848 1010 1118 1239 1370 1422 1521 1568 1542 
507 523 571 622 713 894 993 1128 1215 1375 1500 1414 1545 1452 
520 529 576 671 736 827 1004 1173 1212 1418 1491 1523 1467 1513 
492 492 577 650 725 902 1024 1178 1216 1309 1377 1507 1503 1409 
477 498 579 632 727 873 981 1075 1303 1323 1388 1502 1435 1552 
502 529 569 616 719 827 1014 1105 1191 1338 1392 1485 1449 1458 
517 523 565 638 719 840 990 1141 1282 1375 1423 1473 1525 1429 
522 504 567 653 723 843 979 1089 1296 1398 1395 1509 1456 1552 
493 515 581 623 767 907 967 1095 1256 1354 1400 1508 1440 1464 
524 541 584 653 752 864 971 1140 1223 1298 1407 1466 1479 1439 
478 525 576 646 734 849 992 1082 1192 1346 1463 1412 1512 1481 
487 516 592 631 780 875 979 1137 1198 1349 1370 1411 1505 1490 
482 540 579 642 785 873 984 1180 1289 1304 1372 1445 1466 1473 
480 515 542 627 765 885 972 1108 1201 1314 1477 1516 1460 1444 
483 505 562 660 712 904 1006 1122 1309 1405 1378 1467 1497 1446 
477 507 547 643 742 848 1009 1146 1251 1343 1373 1524 1497 1415 
512 522 542 628 779 836 992 1171 1293 1298 1500 1511 1477 1510 
517 542 569 651 727 872 1014 1123 1257 1309 1430 1499 1570 1486 
520 506 587 632 730 883 964 1124 1280 1371 1363 1462 1476 1451 
499 506 571 629 741 828 1048 1178 1285 1390 1487 1508 1502 1432 
512 529 587 637 733 902 955 1098 1202 1292 1433 1502 1502 1449 
506 524 589 617 723 908 985 1096 1251 1392 1433 1553 1514 1483 
487 529 549 626 724 875 997 1177 1187 1394 1484 1448 1564 1544 
506 542 549 666 762 850 1009 1163 1242 1404 1447 1494 1425 1523 
499 502 587 663 739 879 999 1115 1210 1337 1433 1525 1442 1521 
476 537 593 625 751 860 1049 1116 1250 1404 1403 1529 1473 1409 
497 526 571 647 721 913 977 1096 1189 1361 1398 1542 1425 1469 
482 496 587 662 732 888 969 1140 1259 1319 1408 1476 1494 1437 
501 500 551 664 732 846 1047 1143 1213 1355 1363 1418 1463 1447 
490 492 568 657 719 884 1020 1088 1223 1336 1410 1525 1533 1500 
517 534 587 617 753 901 954 1100 1265 1312 1482 1535 1475 1528 
511 499 557 658 745 841 987 1076 1243 1391 1408 1499 1534 1508 
517 502 557 622 744 888 1047 1115 1233 1372 1381 1420 1471 1555 
516 491 584 663 749 909 1023 1091 1239 1387 1490 1439 1547 1473 
507 502 551 644 775 842 973 1184 1204 1358 1369 1436 1526 1434 
492 517 557 634 754 913 1011 1083 1302 1341 1381 1463 1568 1461 
483 530 553 624 769 855 989 1154 1212 1398 1468 1413 1466 1436 
490 520 589 674 787 859 1044 1097 1262 1399 1431 1463 1431 1436 
497 507 582 655 783 836 984 1083 1190 1379 1471 1481 1502 1431 
508 525 559 668 780 892 967 1099 1290 1301 1444 1424 1501 1502 
519 491 559 644 774 860 1001 1113 1280 1352 1368 1551 1425 1462 
519 538 543 677 728 902 966 1077 1189 1289 1414 1447 1438 1521 
520 528 583 650 783 849 1038 1081 1261 1320 1480 1459 1542 1555 
517 496 564 663 733 848 1044 1185 1203 1322 1447 1507 1537 1523 
477 492 566 673 773 840 1045 1178 1260 1315 1369 1466 1472 1555 
491 518 538 649 766 862 990 1145 1236 1396 1479 1514 1512 1415 
518 538 550 645 752 860 971 1166 1237 1399 1425 1427 1483 1534 
514 511 583 677 754 911 955 1179 1192 1342 1367 1427 1525 1416 
484 516 552 677 739 860 992 1155 1290 1291 1492 1449 1426 1489 
509 522 576 673 747 885 951 1180 1198 1389 1407 1527 1529 1440 
515 524 568 645 728 876 972 1124 1274 1414 1425 1437 1522 1487 
509 525 548 639 717 909 998 1079 1307 1340 1393 1556 1487 1430 
519 521 541 647 740 913 983 1153 1289 1416 1379 1475 1529 1540 
488 523 565 629 723 827 1015 1167 1306 1396 1445 1519 1513 1461 
517 518 539 641 755 879 1042 1140 1260 1327 1425 1478 1514 1496 
475 518 562 664 775 905 996 1120 1227 1403 1424 1512 1525 1552 
497 507 547 671 753 855 985 1185 1301 1287 1446 1461 1507 1418 
483 519 589 626 741 899 963 1136 1199 1417 1436 1427 1535 1475 
510 497 568 630 732 905 1042 1183 1213 1351 1480 1463 1447 1529 
516 505 570 619 772 900 1027 1110 1222 1303 1408 1488 1567 1537 
487 506 560 648 781 878 1029 1144 1307 1356 1450 1430 1564 1479 
517 498 553 668 774 862 967 1133 1258 1334 1361 1477 1447 1523 
510 507 553 662 785 885 1024 1125 1272 1415 1462 1426 1448 1413 
497 520 539 620 767 913 1042 1162 1227 1346 1377 1546 1533 1434 
478 534 591 659 728 902 1037 1166 1280 1405 1464 1443 1552 1468 
497 535 550 621 719 909 952 1126 1291 1381 1441 1436 1491 1504 
492 497 563 644 727 877 952 1122 1308 1354 1446 1475 1474 1463 
510 511 567 642 730 834 970 1108 1272 1371 1460 1425 1489 1432 
489 511 586 669 716 852 1037 1130 1226 1373 1405 1427 1478 1542 
484 493 550 641 757 833 1044 1180 1209 1299 1491 1410 1546 1490 
475 533 583 634 782 882 1010 1132 1269 1420 1384 1508 1433 1533 
481 515 592 616 744 835 1010 1093 1275 1293 1457 1428 1484 1458 
517 513 571 628 723 896 962 1099 1199 1418 1406 1513 1539 1425 
494 512 584 666 733 897 1004 1105 1312 1317 1421 1503 1550 1505 
496 520 593 632 730 881 1001 1159 1252 1359 1455 1421 1430 1456 
475 492 551 670 760 851 1013 1076 1195 1291 1386 1455 1513 1433 
489 522 553 666 724 837 1045 1135 1191 1357 1453 1538 1540 1545 
501 496 581 640 725 889 958 1170 1304 1413 1413 1536 1458 1507 
478 499 587 657 757 894 1023 1078 1191 1294 1414 1534 1558 1540 
497 535 580 623 780 883 1048 1166 1288 1367 1450 1552 1465 1426 
500 514 593 664 764 844 992 1148 1239 1370 1426 1483 1490 1553 
484 539 549 633 777 878 1000 1157 1296 1304 1381 1412 1476 1424 
492 515 574 656 736 901 1048 1082 1277 1307 1485 1425 1504 1489 
480 536 593 664 741 889 955 1095 1229 1366 1408 1502 1500 1426 
495 505 578 628 785 911 1045 1128 1281 1408 1424 1536 1432 1422 
512 495 564 660 773 867 997 1159 1297 1308 1403 1541 1535 1546 
511 493 586 627 759 887 974 1138 1241 1341 1382 1502 1498 1458 
522 542 582 641 758 895 994 1095 1216 1311 1502 1489 1507 1459 
497 517 563 631 745 873 1039 1087 1241 1321 1483 1462 1555 1421 
479 501 591 657 757 908 976 1172 1302 1345 1425 1537 1487 1488 
513 495 554 641 769 913 974 1174 1237 1293 1454 1510 1440 1524 
515 510 576 654 758 862 968 1111 1307 1389 1366 1495 1449 1473 
481 514 591 653 734 886 1038 1146 1216 1313 1430 1508 1537 1536 
477 532 578 672 783 912 991 1073 1256 1362 1376 1492 1434 1431 
518 540 581 628 777 875 1028 1081 1220 1419 1384 1467 1506 1523 
519 493 589 650 712 865 1044 1088 1247 1310 1491 1490 1527 1418 
486 513 561 635 770 896 961 1109 1288 1362 1432 1441 1516 1409 
