20 6 20
7 1
340 130 149 169 187 203 214 222 225 222 214 203 187 169 150 130 112 96 85 77 75 
340 174 199 225 249 270 286 296 300 296 286 270 250 225 200 174 150 129 113 103 100 
340 217 249 282 312 338 358 370 375 370 358 338 312 282 250 217 187 161 141 129 125 
340 261 299 338 374 406 429 444 450 444 429 406 375 338 300 261 225 193 170 155 150 
340 304 349 395 437 473 501 519 525 519 501 473 437 395 350 304 262 226 198 180 175 
100000 8705 9999 11294 12499 13535 14330 14829 15000 14829 14330 13535 12500 11294 10000 8705 7500 6464 5669 5170 5000 
1129 1000 870 750 646 566 517 
705 602 832 801 865 449 935 577 1550 1924 786 1811 1845 
