20 11 20
7 50
170 77 75 77 85 96 112 130 149 169 187 203 214 222 225 222 214 203 187 169 150 
170 103 100 103 113 129 149 174 199 225 249 270 286 296 300 296 286 270 250 225 200 
170 129 125 129 141 161 187 217 249 282 312 338 358 370 375 370 358 338 312 282 250 
170 155 150 155 170 193 224 261 299 338 374 406 429 444 450 444 429 406 375 338 300 
170 180 175 180 198 226 262 304 349 395 437 473 501 519 525 519 501 473 437 395 350 
170 206 200 206 226 258 299 348 399 451 499 541 573 593 600 593 573 541 500 451 400 
170 232 225 232 255 290 337 391 449 508 562 609 644 667 675 667 644 609 562 508 450 
170 258 250 258 283 323 374 435 499 564 624 676 716 741 750 741 716 676 625 564 500 
170 284 275 284 311 355 412 478 549 621 687 744 788 815 825 815 788 744 687 621 550 
170 310 300 310 340 387 449 522 599 677 749 812 859 889 900 889 859 812 750 677 600 
100000 5170 5000 5170 5669 6464 7499 8705 9999 11294 12499 13535 14330 14829 15000 14829 14330 13535 12500 11294 10000 
1482 1499 1482 1433 1353 1250 1129 
916 779 882 743 538 458 497 479 516 629 666 905 869 
1197 826 852 710 495 541 591 612 570 718 868 771 1024 
879 1018 691 664 636 577 584 468 575 731 631 998 868 
1140 864 835 559 679 541 580 539 506 604 898 1004 1114 
948 766 635 558 482 423 599 413 676 763 632 874 1163 
1088 814 793 722 677 499 555 470 469 585 626 852 869 
869 834 695 646 555 536 455 440 586 643 750 768 1037 
885 908 714 662 665 492 594 416 471 760 848 775 1130 
884 818 616 525 674 545 463 482 550 578 735 931 1012 
987 843 871 519 630 520 551 486 479 553 855 934 1089 
877 1033 829 641 472 480 414 424 462 533 666 1035 1103 
1059 915 622 523 549 562 445 484 460 654 857 780 1170 
839 782 690 689 541 418 497 466 499 744 876 763 1140 
1171 935 756 757 612 554 504 433 508 580 695 743 907 
1007 724 654 742 506 433 489 563 672 611 683 787 985 
1187 1014 840 559 666 571 416 504 643 662 656 955 1100 
889 801 653 760 634 473 520 591 517 671 874 957 1088 
934 877 758 609 493 552 446 470 651 693 800 783 1186 
1082 881 689 683 469 559 525 446 645 766 731 988 1083 
1111 828 644 691 555 611 541 584 528 737 854 909 907 
949 889 850 538 670 489 572 459 461 547 674 822 854 
824 781 645 650 521 501 564 460 678 744 860 1015 927 
881 885 661 697 628 493 406 447 552 638 827 841 904 
1045 834 751 605 517 580 522 483 536 568 872 974 1035 
1126 1021 857 712 470 513 491 522 469 645 778 1041 1110 
1141 966 816 710 589 456 504 561 578 745 789 1010 1099 
824 888 714 708 533 466 468 438 660 766 788 823 1138 
895 813 706 646 586 591 523 539 524 576 819 1043 1134 
818 986 859 558 662 569 461 571 605 701 625 907 889 
821 803 733 645 673 435 446 433 617 743 828 783 920 
865 808 819 771 651 527 433 575 626 572 768 783 1182 
855 834 777 633 454 434 512 471 506 595 643 848 1059 
1066 837 620 570 598 535 426 499 454 740 617 959 1026 
1067 873 821 713 501 587 582 539 676 613 726 983 1134 
815 855 723 668 569 460 517 524 545 698 728 699 1070 
1141 701 666 710 594 508 522 518 514 686 886 963 963 
828 813 677 622 561 495 551 485 653 731 739 800 1043 
1045 758 635 710 665 502 498 608 512 541 729 965 1025 
1052 1019 782 551 570 424 453 609 673 549 703 734 1032 
890 875 676 752 633 559 491 547 551 630 773 868 1113 
876 875 669 657 489 481 445 505 501 710 848 822 963 
1182 988 693 761 496 541 500 581 473 754 666 721 898 
817 940 620 519 551 571 477 594 510 626 895 890 840 
851 786 644 625 666 498 468 552 523 518 658 1027 1075 
800 833 612 699 480 515 512 429 660 549 686 722 945 
1025 773 787 604 620 525 579 573 458 768 748 1015 1174 
1095 714 743 523 596 492 405 431 519 761 741 719 949 
1127 1037 802 663 668 452 431 450 634 522 658 795 898 
1196 837 640 728 518 497 556 427 574 756 801 794 1024 
1169 749 672 771 490 539 452 617 509 580 659 742 1027 
