50 3 20
16 50
850 150 130 112 96 85 77 75 77 85 96 112 130 149 169 187 203 214 222 225 222 214 203 187 169 150 130 112 96 85 77 75 77 85 96 112 130 149 169 187 203 214 222 225 222 214 203 187 169 150 130 
850 200 174 150 129 113 103 100 103 113 129 149 174 199 225 249 270 286 296 300 296 286 270 250 225 200 174 150 129 113 103 100 103 113 129 149 174 199 225 249 270 286 296 300 296 286 270 250 225 200 174 
100000 10000 8705 7500 6464 5669 5170 5000 5170 5669 6464 7499 8705 9999 11294 12499 13535 14330 14829 15000 14829 14330 13535 12500 11294 10000 8705 7500 6464 5669 5170 5000 5170 5669 6464 7499 8705 9999 11294 12499 13535 14330 14829 15000 14829 14330 13535 12500 11294 10000 8705 
1000 1129 1249 1353 1433 1482 1499 1482 1433 1353 1250 1129 1000 870 750 646 
834 351 438 356 578 491 759 914 1538 811 595 1900 1070 1118 1774 1581 758 1525 1009 1636 746 1196 1189 716 760 538 683 433 395 546 1030 551 428 1555 
539 472 468 341 306 408 1143 759 1155 1238 1762 2095 1764 1314 1513 2333 988 2024 1324 545 1098 621 995 629 552 285 638 388 855 473 646 702 1362 1064 
789 756 300 459 598 826 624 812 627 1495 1500 1006 1112 1727 1972 1744 688 1404 1455 885 744 1169 507 368 896 401 499 626 678 637 413 1348 978 1238 
633 291 603 411 810 548 519 1131 739 1572 1080 1762 835 730 1659 1847 1233 1879 1851 1117 1251 571 607 401 255 599 736 773 383 494 373 389 1516 1193 
610 334 690 227 745 551 1056 1264 1518 1069 1632 2038 1788 1598 1763 684 1483 1511 1487 1629 1577 473 885 727 535 352 201 560 321 626 560 377 1368 921 
245 707 404 583 385 648 748 1240 408 1292 1783 1444 2023 1481 1375 725 2141 1109 1886 1548 416 627 355 290 519 549 207 555 491 402 598 1087 843 1532 
516 738 770 820 891 274 696 692 777 1252 1977 1976 934 2129 1320 1692 633 1201 1127 1153 1339 1277 828 855 839 487 522 729 508 424 1039 1210 763 476 
277 729 562 823 688 975 486 401 1212 639 1720 1959 823 1220 641 1544 1849 1301 536 865 1178 823 1065 846 659 234 604 678 534 591 392 817 735 1517 
880 696 464 207 566 868 406 783 1038 1781 898 2091 1330 1102 1423 1397 1500 1815 1817 1213 1300 938 462 301 275 334 456 746 770 1015 1051 1143 1563 968 
593 746 201 279 295 328 1199 384 1565 1184 1525 904 1658 630 1358 1999 1665 1783 996 1031 713 716 1124 554 228 283 326 761 637 979 1108 1101 1456 1219 
477 721 208 671 359 916 809 1338 1590 961 1884 2077 764 1937 1270 1400 864 1139 1342 1317 1427 442 776 946 226 807 226 622 469 820 717 1224 514 697 
794 333 464 333 532 826 704 602 1103 741 1086 671 1668 1909 1832 2152 1189 1892 1828 583 944 947 904 593 366 567 381 377 486 380 774 1286 564 1105 
499 739 267 310 896 872 721 384 865 634 602 1273 815 2216 1540 715 1162 769 970 882 1090 1378 957 630 248 350 693 647 803 392 382 1215 504 1171 
322 359 420 490 233 905 815 618 882 634 1466 2010 1465 1851 2235 2241 1849 2119 1855 1538 1432 768 468 578 273 457 250 622 537 812 1066 1300 656 1373 
372 297 348 366 742 846 718 409 576 1468 1108 1061 1619 822 1438 781 1766 1385 1137 1270 1306 987 742 930 303 529 553 714 493 769 394 1288 1577 765 
777 310 262 771 348 418 698 1200 1401 1404 1716 1176 1096 612 2089 1031 2036 1446 599 1250 1075 806 883 508 525 235 648 455 690 301 1176 929 1499 1330 
302 801 535 382 342 984 346 1254 674 893 756 1670 620 1588 880 2291 1936 662 1763 704 701 502 791 660 433 663 741 214 455 593 646 350 1149 611 
713 647 687 463 836 293 1126 884 489 1652 1793 1360 2214 1850 2315 1956 2271 1989 987 1174 459 949 1010 433 788 430 235 602 653 838 1050 943 1419 1304 
698 220 681 632 417 648 403 378 1293 1258 1179 2073 2134 1179 1946 688 777 1330 1517 1505 730 773 836 571 891 468 586 594 412 620 533 1289 1580 451 
769 490 234 711 559 483 1136 1200 941 469 1042 1192 2236 2181 1901 1448 1873 2008 767 1510 949 520 989 649 250 573 690 781 454 339 928 410 1001 787 
457 784 490 548 577 737 610 852 836 1244 1372 1104 699 1414 963 2281 1016 1873 1617 978 1537 420 1191 897 694 231 535 539 697 551 415 519 1065 876 
555 464 468 778 308 365 575 822 1148 551 1923 1908 1477 822 1710 2308 2099 1411 1832 1497 754 1096 702 927 574 339 600 580 558 669 732 749 1555 726 
574 279 416 817 855 685 495 816 1566 1132 1750 1969 1780 1698 1335 1994 1941 1737 991 1649 407 788 1076 934 340 734 789 759 386 673 743 1346 804 535 
391 358 379 444 621 696 849 1178 1389 1606 957 817 2165 668 1899 1582 678 800 1422 1416 854 1355 824 804 638 210 369 287 728 592 660 435 1037 940 
807 475 215 354 344 674 1012 1309 1071 1748 723 2033 1542 1110 709 1650 2068 1672 1877 1349 573 576 1154 926 516 517 471 271 239 1016 834 1386 825 652 
879 825 688 217 648 392 1149 658 1459 1472 590 1306 1410 1408 1874 1140 1320 1937 1892 1693 634 1029 1037 990 561 315 411 211 488 277 1122 1334 1458 582 
589 822 674 777 417 625 323 975 1356 582 639 932 1286 1389 2352 886 2041 1819 683 1535 1544 1110 1019 689 505 769 473 547 898 419 647 873 602 1382 
484 634 641 665 614 441 480 1010 672 1332 1422 2141 1736 2207 1832 1111 744 2069 1502 579 896 1268 335 939 873 756 422 387 334 960 668 1179 460 761 
782 403 560 300 594 273 1046 987 736 1480 1664 758 622 1229 767 2250 820 938 1202 1132 1520 965 846 701 368 529 788 647 758 631 360 873 856 989 
429 553 760 614 523 468 952 951 1123 1281 1003 1163 1708 2100 2229 1223 896 1339 1444 704 1309 722 1187 401 722 234 595 439 420 798 858 489 1519 979 
458 469 304 822 639 425 818 1211 1481 768 1929 2135 1987 1602 2209 1728 1446 981 991 753 1040 917 631 842 403 565 291 338 280 772 1087 652 1072 1345 
749 429 755 466 370 1019 1076 603 1261 1599 660 2157 2292 1394 2027 2235 2010 1117 537 1578 1557 763 877 769 711 623 584 252 624 749 516 531 1038 685 
247 765 271 825 365 427 564 529 778 1425 518 793 1524 1815 1312 888 2253 933 1507 804 1252 1033 840 969 590 476 568 517 819 455 639 820 1129 916 
227 528 649 471 645 966 613 1171 1041 1400 1549 1479 1801 1101 1051 2269 1845 1097 818 553 458 353 597 863 644 641 671 604 775 597 922 763 1184 1677 
341 586 325 351 533 429 533 1129 1586 557 637 1455 660 715 1522 1238 1847 1989 1818 744 1535 462 592 845 336 551 750 569 674 789 1171 591 1572 1784 
358 530 324 209 892 789 318 494 906 538 1889 1719 1308 1946 1913 1571 1452 615 1461 990 1099 1299 318 788 500 562 336 698 858 492 776 577 744 972 
602 265 542 585 387 402 474 427 1323 1786 523 1665 1362 2306 2319 967 602 1489 976 621 673 535 790 488 543 378 567 595 246 621 1016 1023 1310 1015 
237 421 754 270 559 337 1034 1277 1481 496 576 1373 1977 1738 639 1618 1523 673 1236 1357 668 1256 1001 775 357 482 510 419 650 531 702 1248 858 1039 
372 361 789 744 666 607 1022 743 966 517 942 1351 2200 1044 1326 908 1198 935 1867 1297 1503 823 1138 808 829 784 357 680 620 486 1050 484 496 1065 
869 399 310 606 589 290 779 1277 618 652 1137 1290 715 1537 1035 1415 1734 723 1974 594 629 443 1078 868 775 430 476 544 654 578 607 357 684 1261 
699 468 798 240 830 898 1078 537 923 472 1839 2132 1200 1231 912 777 1275 624 1135 1784 438 1317 1143 913 733 461 270 813 676 787 585 457 1351 1398 
360 309 220 274 447 575 571 1078 680 557 1726 1239 1708 1639 2361 1826 874 1346 1708 1603 1516 488 679 772 733 356 524 644 386 592 687 724 667 1600 
439 498 279 738 694 464 836 453 1031 1323 1975 1796 1983 1306 754 1405 1345 1370 1488 948 1397 385 346 518 453 691 581 450 843 461 538 648 1492 587 
539 687 561 477 612 290 536 803 1101 565 1106 1374 2105 1329 726 1194 1581 1999 1480 774 1201 464 507 319 742 223 718 346 636 562 1069 1040 478 1300 
500 765 694 585 663 810 747 523 1053 908 1126 1571 1638 1003 1988 1132 2146 2072 982 644 722 598 688 715 423 232 566 694 240 482 574 449 1336 883 
323 354 273 731 465 947 659 504 1104 590 1838 1440 2062 1263 2370 2005 2005 1706 995 953 499 924 760 625 742 713 273 566 314 327 1002 680 864 552 
232 628 420 410 546 409 673 894 1031 643 674 752 1557 1309 806 2097 810 618 1597 1272 644 606 846 681 717 581 246 655 760 641 767 1379 931 1163 
474 695 561 632 234 504 303 659 833 1528 1607 1109 873 1042 1068 1159 2277 1619 1077 538 1376 1135 499 955 423 419 514 462 631 695 676 517 1300 1519 
896 707 547 595 669 876 331 1205 1456 703 672 1167 761 1831 720 2113 1286 1498 691 1729 1444 841 744 650 272 583 656 273 748 909 776 419 580 1410 
507 400 582 750 338 938 968 795 555 1007 1911 807 1881 1529 2398 1408 1247 1081 1640 1533 418 1381 1050 710 403 606 300 376 429 713 1179 879 1485 1744 
