5 2 20
2 100
1700 85 96 112 130 149 
100000 5669 6464 7499 8705 9999 
1433 1353 
1853 579 534 
924 1251 673 
611 1062 975 
1549 829 1413 
1523 1435 1524 
1615 599 1397 
804 459 1285 
1879 904 933 
1793 1020 1159 
1836 821 1120 
1807 1521 1426 
1475 1036 1189 
1362 1286 1436 
910 859 1344 
653 1692 944 
1447 508 1008 
1915 1628 1232 
527 935 1322 
1476 1731 1446 
931 549 680 
1802 607 1489 
1232 1395 684 
1369 1517 1094 
665 1598 1569 
668 496 468 
1658 904 1373 
1291 1161 1398 
975 787 1547 
1779 485 1163 
1659 1661 554 
1364 1044 1268 
985 1043 1577 
1010 1612 758 
788 1507 1514 
679 466 749 
586 495 992 
1755 1093 1019 
770 939 595 
1480 727 1389 
1460 700 1597 
1208 515 1097 
1908 824 1206 
1812 1488 457 
1220 1027 542 
794 1478 851 
587 1207 939 
518 1641 782 
946 1428 499 
1189 942 1352 
1793 1421 441 
1673 1677 1005 
673 1290 1476 
1700 548 682 
1333 1022 458 
1829 1167 1234 
1628 1671 415 
1964 1491 490 
1161 1780 916 
1176 528 887 
1759 1326 1304 
1719 584 1015 
1997 755 850 
969 704 907 
1855 618 743 
1112 1090 1248 
649 1787 1043 
1353 1791 1546 
1302 985 901 
1801 1112 1129 
718 1560 986 
916 1018 696 
781 522 402 
818 1587 860 
1102 599 423 
1604 602 758 
1436 457 680 
1429 725 1428 
977 784 698 
846 1485 1441 
1330 1384 1134 
1487 683 1425 
670 1795 557 
1502 1614 869 
1222 1320 1427 
1503 1451 1441 
1102 1438 826 
1982 515 1591 
965 1576 1063 
1914 956 1537 
721 1419 620 
1671 1721 680 
1575 1310 1380 
1799 756 669 
1589 491 706 
1989 1240 1309 
1769 1678 1298 
1511 1101 1555 
1066 920 1470 
720 1080 984 
1006 1803 1557 
