20 2 20
11 10
1700 150 130 112 96 85 77 75 77 85 96 112 130 149 169 187 203 214 222 225 222 
100000 10000 8705 7500 6464 5669 5170 5000 5170 5669 6464 7499 8705 9999 11294 12499 13535 14330 14829 15000 14829 
1000 1129 1249 1353 1433 1482 1499 1482 1433 1353 1250 
974 1192 962 625 597 678 547 544 494 
965 1125 720 875 681 646 428 465 558 
1341 840 745 760 743 589 566 449 591 
1030 1095 776 784 523 494 592 584 447 
1119 847 971 741 622 662 444 494 619 
1297 1062 821 802 559 625 454 503 467 
1158 1068 1009 671 688 464 510 464 500 
1180 1080 881 869 592 671 606 599 547 
1052 980 992 897 551 620 444 575 505 
910 966 895 721 632 652 589 558 594 
