50 11 20
26 10
170 112 130 149 169 187 203 214 222 225 222 214 203 187 169 150 130 112 96 85 77 75 77 85 96 112 130 149 169 187 203 214 222 225 222 214 203 187 169 150 130 112 96 85 77 75 77 85 96 112 130 
170 149 174 199 225 249 270 286 296 300 296 286 270 250 225 200 174 150 129 113 103 100 103 113 129 149 174 199 225 249 270 286 296 300 296 286 270 250 225 200 174 150 129 113 103 100 103 113 129 149 174 
170 187 217 249 282 312 338 358 370 375 370 358 338 312 282 250 217 187 161 141 129 125 129 141 161 187 217 249 282 312 338 358 370 375 370 358 338 312 282 250 217 187 161 141 129 125 129 141 161 187 217 
170 224 261 299 338 374 406 429 444 450 444 429 406 375 338 300 261 225 193 170 155 150 155 170 193 224 261 299 338 374 406 429 444 450 444 429 406 375 338 300 261 225 193 170 155 150 155 170 193 224 261 
170 262 304 349 395 437 473 501 519 525 519 501 473 437 395 350 304 262 226 198 180 175 180 198 226 262 304 349 395 437 473 501 519 525 519 501 473 437 395 350 304 262 226 198 180 175 180 198 226 262 304 
170 299 348 399 451 499 541 573 593 600 593 573 541 500 451 400 348 300 258 226 206 200 206 226 258 299 348 399 451 499 541 573 593 600 593 573 541 500 451 400 348 300 258 226 206 200 206 226 258 299 348 
170 337 391 449 508 562 609 644 667 675 667 644 609 562 508 450 391 337 290 255 232 225 232 255 290 337 391 449 508 562 609 644 667 675 667 644 609 562 508 450 391 337 290 255 232 225 232 255 290 337 391 
170 374 435 499 564 624 676 716 741 750 741 716 676 625 564 500 435 375 323 283 258 250 258 283 323 374 435 499 564 624 676 716 741 750 741 716 676 625 564 500 435 375 323 283 258 250 258 283 323 374 435 
170 412 478 549 621 687 744 788 815 825 815 788 744 687 621 550 478 412 355 311 284 275 284 311 355 412 478 549 621 687 744 788 815 825 815 788 744 687 621 550 478 412 355 311 284 275 284 311 355 412 478 
170 449 522 599 677 749 812 859 889 900 889 859 812 750 677 600 522 450 387 340 310 300 310 340 387 449 522 599 677 749 812 859 889 900 889 859 812 750 677 600 522 450 387 340 310 300 310 340 387 449 522 
100000 7499 8705 9999 11294 12499 13535 14330 14829 15000 14829 14330 13535 12500 11294 10000 8705 7500 6464 5669 5170 5000 5170 5669 6464 7499 8705 9999 11294 12499 13535 14330 14829 15000 14829 14330 13535 12500 11294 10000 8705 7500 6464 5669 5170 5000 5170 5669 6464 7499 8705 
1250 1129 1000 870 750 646 566 517 500 517 566 646 749 870 999 1129 1249 1353 1433 1482 1499 1482 1433 1353 1250 1129 
1589 502 717 872 610 652 278 752 454 559 1110 411 1413 638 1261 1505 1305 830 1444 1270 1451 811 1453 1390 
782 1370 384 903 738 786 216 785 814 265 851 1011 1259 1226 1347 1895 574 2224 1337 1019 984 576 617 1744 
1512 870 1138 869 533 342 673 543 319 672 363 1348 705 1330 1457 1464 1165 617 1373 899 1751 1004 1228 619 
728 1160 710 410 319 762 309 329 450 650 707 446 961 1433 1279 1888 800 745 1447 1619 2266 1440 586 1317 
1538 727 357 809 428 290 690 657 890 459 1135 358 448 1803 1790 2083 1445 1077 1348 2200 1424 1570 1606 1233 
1583 705 1126 699 264 243 686 402 848 336 417 507 1109 1452 1178 1696 1680 1468 933 1233 1733 2011 685 1710 
469 1149 902 580 694 353 391 766 293 922 754 771 1361 1690 1087 1943 900 800 1884 2363 2009 638 881 779 
1047 817 348 656 894 544 770 794 425 878 780 788 898 676 666 567 1576 636 2026 865 1901 891 897 1321 
943 496 631 511 572 458 231 564 661 995 1047 696 545 696 937 2021 992 635 2032 1145 1036 1193 1892 753 
738 437 1029 624 729 456 718 271 290 842 403 1214 770 1027 1471 650 1668 1760 1101 1086 1389 1233 591 1564 
