5 2 20
3 100
1700 77 75 77 85 96 
100000 5170 5000 5170 5669 6464 
1482 1499 1482 
1045 1200 
1050 1076 
1078 824 
1101 1843 
1415 1946 
662 793 
1523 1582 
2002 1359 
1315 997 
2160 1622 
928 1264 
814 1065 
2258 1974 
1587 1524 
1438 1203 
748 1654 
1898 561 
1068 1319 
1061 2057 
1771 623 
950 608 
641 1860 
921 1144 
2214 717 
2166 808 
1040 1010 
1112 934 
1021 1925 
1354 652 
1971 1779 
635 1101 
646 1400 
1395 1309 
1028 772 
1425 1739 
1992 1295 
1112 1434 
1859 798 
982 1503 
1721 1778 
1985 892 
612 2152 
1121 2044 
2238 1962 
1743 1032 
2268 1832 
1895 873 
1694 636 
651 1505 
1504 653 
1317 1882 
1822 1667 
1553 1760 
2028 2057 
893 1308 
942 1323 
1965 703 
2175 961 
1474 1100 
1379 1397 
576 1032 
1777 1642 
1476 970 
2028 993 
943 2000 
1080 1313 
903 1604 
1906 1121 
2083 1714 
2031 1106 
862 1188 
889 956 
1745 864 
1602 605 
1988 1460 
1105 2022 
2045 1366 
1245 1931 
1816 574 
2095 798 
1988 1564 
1514 621 
1373 2006 
1766 613 
956 968 
762 671 
2116 2128 
1442 605 
1122 1541 
1373 1770 
1784 1962 
1233 709 
1903 663 
1153 934 
1215 850 
1211 1579 
1944 1759 
854 2075 
1496 1292 
1510 1049 
