20 11 20
7 50
170 85 77 75 77 85 96 112 130 149 169 187 203 214 222 225 222 214 203 187 169 
170 113 103 100 103 113 129 149 174 199 225 249 270 286 296 300 296 286 270 250 225 
170 141 129 125 129 141 161 187 217 249 282 312 338 358 370 375 370 358 338 312 282 
170 170 155 150 155 170 193 224 261 299 338 374 406 429 444 450 444 429 406 375 338 
170 198 180 175 180 198 226 262 304 349 395 437 473 501 519 525 519 501 473 437 395 
170 226 206 200 206 226 258 299 348 399 451 499 541 573 593 600 593 573 541 500 451 
170 255 232 225 232 255 290 337 391 449 508 562 609 644 667 675 667 644 609 562 508 
170 283 258 250 258 283 323 374 435 499 564 624 676 716 741 750 741 716 676 625 564 
170 311 284 275 284 311 355 412 478 549 621 687 744 788 815 825 815 788 744 687 621 
170 340 310 300 310 340 387 449 522 599 677 749 812 859 889 900 889 859 812 750 677 
100000 5669 5170 5000 5170 5669 6464 7499 8705 9999 11294 12499 13535 14330 14829 15000 14829 14330 13535 12500 11294 
1433 1482 1499 1482 1433 1353 1250 
1085 1444 395 454 990 462 799 354 643 624 1000 575 1240 
1700 1092 947 817 609 303 798 410 663 468 382 561 553 
837 407 516 660 325 743 336 783 397 245 545 596 890 
651 1564 1357 585 695 560 533 207 284 574 529 1064 1211 
1014 1279 441 1104 994 652 719 651 354 878 914 1014 706 
921 888 802 1160 550 397 476 400 327 718 981 340 986 
872 621 1031 709 629 536 766 428 275 258 656 1067 801 
1699 614 903 963 955 813 682 656 758 887 595 360 475 
1167 1383 632 1082 958 750 479 554 347 801 668 305 417 
1361 631 395 704 433 781 292 712 368 287 909 502 980 
459 672 1028 787 725 269 674 791 381 344 581 920 440 
492 1509 542 971 1026 312 635 697 307 700 788 1109 740 
588 854 1339 500 538 789 827 578 332 792 418 1151 1062 
1036 745 1376 1120 376 678 226 746 665 292 459 546 994 
764 1012 1034 985 902 870 658 328 258 566 776 1190 1201 
1301 1358 900 1155 501 537 509 227 697 687 282 561 1359 
1557 833 1148 309 776 722 410 230 334 627 1011 757 882 
710 1572 1353 308 448 737 257 550 798 652 678 911 432 
1166 905 1368 564 890 265 666 500 303 760 596 646 1154 
1245 1221 1277 1113 307 359 716 700 673 718 521 582 567 
1360 1025 1122 1069 592 723 781 230 229 230 878 621 614 
720 1465 836 906 298 858 678 743 813 521 1001 744 1095 
1235 1422 984 851 443 611 293 642 530 447 455 792 1029 
715 467 683 772 858 496 264 681 383 530 477 1095 415 
652 1316 950 1091 327 619 733 250 791 905 625 346 388 
730 1499 1247 449 445 455 650 321 510 902 299 902 779 
1754 1374 1173 951 603 793 307 651 563 814 749 480 356 
617 956 371 467 964 490 591 552 342 667 343 1042 1202 
1279 1426 1313 1009 299 896 603 776 644 307 363 518 519 
504 1460 644 969 630 317 502 428 707 748 823 456 1150 
1698 1596 1030 344 403 260 445 713 675 508 1024 500 699 
1800 595 665 477 502 798 402 308 742 234 565 319 877 
959 478 1204 695 531 589 216 584 580 599 806 573 973 
478 1172 567 649 368 747 526 263 335 630 967 611 1254 
943 1197 1386 324 406 506 573 264 312 442 916 1103 1074 
1043 859 1064 1101 892 425 811 479 391 659 525 1075 837 
1048 1423 352 975 495 617 542 257 340 598 938 513 1022 
1581 1435 1373 798 969 566 525 413 293 539 388 730 805 
1556 1174 956 328 862 325 235 414 721 482 886 1115 401 
1684 606 576 327 934 651 666 295 451 452 853 917 1233 
920 615 723 552 362 377 209 237 544 903 946 463 1150 
1713 621 541 679 980 527 331 396 456 449 294 371 1308 
1185 1433 362 932 438 400 609 600 670 514 420 508 419 
725 772 996 1000 689 513 752 744 467 343 497 736 774 
605 1062 511 603 284 261 645 220 454 277 906 660 381 
532 406 561 857 621 739 556 282 758 405 715 1012 974 
1204 595 929 561 390 441 784 327 597 339 1017 672 952 
1679 705 691 1117 869 719 459 638 567 396 277 780 856 
1470 851 731 1151 746 623 455 405 544 721 804 344 505 
484 1089 1178 1085 939 424 712 391 208 625 852 686 718 
