10 3 20
4 50
850 112 130 149 169 187 203 214 222 225 222 
850 149 174 199 225 249 270 286 296 300 296 
100000 7499 8705 9999 11294 12499 13535 14330 14829 15000 14829 
1250 1129 1000 870 
714 619 591 507 516 514 
722 665 556 540 505 529 
743 656 551 532 522 506 
744 640 541 525 514 504 
763 636 585 515 522 541 
725 642 567 522 522 535 
736 665 592 537 478 522 
719 669 583 497 516 523 
772 624 544 541 500 495 
743 668 549 540 505 507 
738 660 590 532 511 518 
718 631 577 500 508 506 
771 650 587 517 495 501 
752 635 562 525 524 515 
748 617 551 505 524 510 
784 623 569 532 498 509 
759 661 556 506 495 538 
715 648 577 492 478 539 
741 637 576 529 524 492 
726 636 560 541 516 515 
784 654 578 509 480 503 
749 669 572 530 518 492 
782 642 568 541 495 530 
722 657 580 500 486 520 
724 618 539 509 508 507 
754 630 568 505 515 526 
756 625 558 540 502 528 
725 673 575 506 489 532 
718 625 576 525 501 509 
783 636 540 500 476 524 
766 655 562 502 500 517 
751 626 566 533 481 496 
773 633 589 531 521 494 
732 620 555 503 499 497 
768 653 555 516 485 509 
787 657 589 522 485 536 
733 619 554 508 490 516 
760 653 550 531 520 528 
724 646 540 529 480 516 
761 657 557 534 497 502 
767 625 588 502 502 542 
740 647 572 510 511 535 
747 650 563 524 476 494 
733 629 573 510 522 516 
717 621 563 504 486 541 
732 653 545 535 519 514 
784 655 545 507 511 508 
771 669 561 521 513 500 
715 655 557 497 505 521 
718 672 546 534 491 497 
