20 3 20
11 100
850 96 85 77 75 77 85 96 112 130 149 169 187 203 214 222 225 222 214 203 187 
850 129 113 103 100 103 113 129 149 174 199 225 249 270 286 296 300 296 286 270 250 
100000 6464 5669 5170 5000 5170 5669 6464 7499 8705 9999 11294 12499 13535 14330 14829 15000 14829 14330 13535 12500 
1353 1433 1482 1499 1482 1433 1353 1250 1129 1000 870 
612 955 686 505 722 291 890 444 784 
783 906 653 817 703 601 383 852 1111 
928 955 499 503 399 499 597 691 484 
807 289 296 509 781 228 590 860 1035 
1133 897 371 235 382 513 783 483 885 
683 633 768 820 662 569 520 424 1055 
934 574 444 389 455 690 390 647 879 
623 666 484 462 252 559 623 829 749 
846 560 449 421 327 265 748 1027 741 
563 290 676 644 723 789 321 691 360 
528 274 781 469 376 261 597 1033 857 
1138 747 680 536 435 717 804 442 1134 
323 670 353 502 227 763 587 1001 756 
695 406 870 319 717 508 671 582 895 
1024 877 848 633 366 489 592 684 1135 
738 584 374 370 579 232 660 864 1090 
767 828 467 310 702 593 882 314 485 
643 847 575 388 337 759 296 682 706 
401 443 437 779 560 523 880 690 1169 
779 877 590 787 675 749 683 767 837 
764 822 296 660 644 237 604 957 551 
619 730 622 485 211 636 447 691 928 
809 383 296 609 649 309 523 696 640 
1007 384 426 472 218 796 409 876 393 
1188 262 363 574 687 511 469 867 951 
1052 591 382 511 203 321 299 717 1197 
1075 675 691 384 308 450 590 962 753 
943 371 900 566 405 358 302 929 1042 
1125 495 826 350 539 248 619 983 1118 
473 384 894 377 691 451 310 928 730 
984 346 384 540 536 434 701 915 594 
810 957 869 555 386 341 693 466 666 
536 720 387 761 323 719 599 561 379 
346 477 816 763 282 749 512 714 1135 
408 394 770 216 356 744 526 883 432 
505 974 729 795 661 330 242 529 324 
633 795 725 769 238 426 433 398 562 
729 746 740 228 523 546 766 439 1103 
1148 489 528 645 394 345 803 870 929 
966 918 684 644 633 817 768 609 365 
591 337 283 795 293 786 545 665 385 
794 297 461 442 255 382 830 707 647 
872 578 491 442 583 650 761 711 1138 
1056 429 472 696 438 262 491 326 766 
468 383 352 273 430 741 691 586 491 
701 672 654 587 377 499 486 681 545 
505 301 682 525 502 645 806 901 447 
623 778 245 594 626 628 247 966 1064 
853 329 457 261 377 210 422 636 666 
849 307 350 768 470 377 289 460 1145 
967 349 389 740 407 460 550 686 1065 
1031 659 655 287 240 573 618 848 1084 
1010 290 557 451 746 342 556 520 888 
401 980 310 460 235 706 454 522 601 
699 1004 228 337 657 567 350 469 892 
339 421 478 535 662 484 255 577 526 
454 827 675 726 539 627 694 584 352 
1006 802 291 644 411 774 501 914 1176 
482 446 734 506 598 226 542 452 368 
528 738 714 635 757 412 554 528 429 
312 866 486 341 350 673 415 722 731 
505 691 286 635 518 737 558 941 308 
890 454 525 644 601 366 391 1027 564 
538 741 574 305 310 803 421 411 949 
404 502 382 526 439 516 575 521 589 
559 452 555 730 691 510 836 502 1156 
682 403 807 212 521 247 480 714 788 
619 1008 404 615 264 754 593 329 1188 
1017 971 409 484 567 436 742 924 743 
384 536 310 432 749 394 848 709 423 
366 343 230 330 676 531 351 259 871 
767 932 375 359 571 578 541 764 907 
775 741 634 650 365 354 775 304 1158 
524 337 759 299 774 771 321 286 792 
346 275 468 217 402 248 560 926 1124 
741 509 445 727 349 291 640 903 858 
511 936 714 704 526 405 547 728 1084 
542 560 818 250 532 390 673 897 339 
591 904 398 636 302 297 283 961 610 
632 714 641 429 568 211 799 504 673 
922 423 840 616 595 266 363 1021 1034 
1075 534 701 530 217 513 815 846 894 
1129 724 626 731 220 331 319 745 1137 
482 898 362 318 760 232 726 820 927 
314 782 484 288 239 722 838 947 1177 
428 330 351 642 457 779 455 362 1191 
396 942 311 442 281 430 572 434 499 
625 521 505 280 759 231 542 490 1139 
940 677 526 477 383 685 706 859 1085 
644 861 434 590 443 279 576 1024 576 
671 670 551 467 620 621 510 630 394 
348 583 321 629 785 664 761 518 319 
505 662 407 575 291 593 856 979 775 
640 997 342 366 538 230 654 834 744 
500 874 366 769 529 340 527 721 832 
1037 430 285 693 673 238 373 294 810 
766 1011 671 266 767 462 805 952 804 
326 364 249 771 430 660 668 823 635 
442 290 897 796 462 820 455 782 1051 
621 783 840 621 551 231 884 332 449 
