50 6 20
26 10
340 77 85 96 112 130 149 169 187 203 214 222 225 222 214 203 187 169 150 130 112 96 85 77 75 77 85 96 112 130 149 169 187 203 214 222 225 222 214 203 187 169 150 130 112 96 85 77 75 77 85 
340 103 113 129 149 174 199 225 249 270 286 296 300 296 286 270 250 225 200 174 150 129 113 103 100 103 113 129 149 174 199 225 249 270 286 296 300 296 286 270 250 225 200 174 150 129 113 103 100 103 113 
340 129 141 161 187 217 249 282 312 338 358 370 375 370 358 338 312 282 250 217 187 161 141 129 125 129 141 161 187 217 249 282 312 338 358 370 375 370 358 338 312 282 250 217 187 161 141 129 125 129 141 
340 155 170 193 224 261 299 338 374 406 429 444 450 444 429 406 375 338 300 261 225 193 170 155 150 155 170 193 224 261 299 338 374 406 429 444 450 444 429 406 375 338 300 261 225 193 170 155 150 155 170 
340 180 198 226 262 304 349 395 437 473 501 519 525 519 501 473 437 395 350 304 262 226 198 180 175 180 198 226 262 304 349 395 437 473 501 519 525 519 501 473 437 395 350 304 262 226 198 180 175 180 198 
100000 5170 5669 6464 7499 8705 9999 11294 12499 13535 14330 14829 15000 14829 14330 13535 12500 11294 10000 8705 7500 6464 5669 5170 5000 5170 5669 6464 7499 8705 9999 11294 12499 13535 14330 14829 15000 14829 14330 13535 12500 11294 10000 8705 7500 6464 5669 5170 5000 5170 5669 
1482 1433 1353 1250 1129 1000 870 750 646 566 517 500 517 566 646 749 870 999 1129 1249 1353 1433 1482 1499 1482 1433 
1460 1246 1128 831 961 701 659 484 420 573 578 495 667 887 1026 1043 1001 1350 1403 1472 1282 1718 1580 1148 
1563 1342 1351 939 982 645 589 672 611 509 490 616 772 734 745 1079 911 1446 1540 1447 1497 1771 1357 1280 
1392 1209 1190 878 1022 847 578 461 455 501 472 462 630 889 924 1198 1153 1090 1502 1687 1719 1302 1713 1614 
1214 1226 1128 969 933 799 621 623 539 408 438 466 600 896 719 1086 1063 1223 1250 1314 1261 1372 1365 1606 
1108 1217 1055 1056 903 889 559 485 521 572 529 504 715 810 772 854 964 1450 1505 1551 1427 1717 1405 1211 
1566 1309 1117 1049 727 683 647 518 513 589 598 461 552 715 713 861 965 1017 1108 1497 1458 1660 1407 1272 
1308 1468 1157 820 777 615 543 485 585 545 498 655 643 654 788 879 1066 1475 1356 1548 1520 1247 1395 1257 
1534 1235 994 1050 840 798 575 605 455 535 545 528 729 674 1017 1020 1199 1038 1602 1321 1461 1408 1362 1219 
1441 1133 1106 1021 1000 836 671 552 585 453 512 598 581 680 996 1199 1216 1117 1293 1221 1279 1346 1313 1688 
1252 1278 992 964 737 662 528 569 584 462 459 646 527 705 706 1162 1273 1058 1385 1359 1513 1547 1228 1471 
