20 2 20
15 10
1700 150 130 112 96 85 77 75 77 85 96 112 130 149 169 187 203 214 222 225 222 
100000 10000 8705 7500 6464 5669 5170 5000 5170 5669 6464 7499 8705 9999 11294 12499 13535 14330 14829 15000 14829 
1000 1129 1249 1353 1433 1482 1499 1482 1433 1353 1250 1129 1000 870 750 
966 829 225 726 551 
412 735 590 249 252 
723 282 377 685 377 
996 465 478 261 500 
534 874 350 380 537 
681 772 431 529 407 
783 248 766 475 736 
466 466 366 284 807 
830 299 321 355 821 
860 535 776 641 225 
