50 11 20
26 100
170 130 149 169 187 203 214 222 225 222 214 203 187 169 150 130 112 96 85 77 75 77 85 96 112 130 149 169 187 203 214 222 225 222 214 203 187 169 150 130 112 96 85 77 75 77 85 96 112 130 149 
170 174 199 225 249 270 286 296 300 296 286 270 250 225 200 174 150 129 113 103 100 103 113 129 149 174 199 225 249 270 286 296 300 296 286 270 250 225 200 174 150 129 113 103 100 103 113 129 149 174 199 
170 217 249 282 312 338 358 370 375 370 358 338 312 282 250 217 187 161 141 129 125 129 141 161 187 217 249 282 312 338 358 370 375 370 358 338 312 282 250 217 187 161 141 129 125 129 141 161 187 217 249 
170 261 299 338 374 406 429 444 450 444 429 406 375 338 300 261 225 193 170 155 150 155 170 193 224 261 299 338 374 406 429 444 450 444 429 406 375 338 300 261 225 193 170 155 150 155 170 193 224 261 299 
170 304 349 395 437 473 501 519 525 519 501 473 437 395 350 304 262 226 198 180 175 180 198 226 262 304 349 395 437 473 501 519 525 519 501 473 437 395 350 304 262 226 198 180 175 180 198 226 262 304 349 
170 348 399 451 499 541 573 593 600 593 573 541 500 451 400 348 300 258 226 206 200 206 226 258 299 348 399 451 499 541 573 593 600 593 573 541 500 451 400 348 300 258 226 206 200 206 226 258 299 348 399 
170 391 449 508 562 609 644 667 675 667 644 609 562 508 450 391 337 290 255 232 225 232 255 290 337 391 449 508 562 609 644 667 675 667 644 609 562 508 450 391 337 290 255 232 225 232 255 290 337 391 449 
170 435 499 564 624 676 716 741 750 741 716 676 625 564 500 435 375 323 283 258 250 258 283 323 374 435 499 564 624 676 716 741 750 741 716 676 625 564 500 435 375 323 283 258 250 258 283 323 374 435 499 
170 478 549 621 687 744 788 815 825 815 788 744 687 621 550 478 412 355 311 284 275 284 311 355 412 478 549 621 687 744 788 815 825 815 788 744 687 621 550 478 412 355 311 284 275 284 311 355 412 478 549 
170 522 599 677 749 812 859 889 900 889 859 812 750 677 600 522 450 387 340 310 300 310 340 387 449 522 599 677 749 812 859 889 900 889 859 812 750 677 600 522 450 387 340 310 300 310 340 387 449 522 599 
100000 8705 9999 11294 12499 13535 14330 14829 15000 14829 14330 13535 12500 11294 10000 8705 7500 6464 5669 5170 5000 5170 5669 6464 7499 8705 9999 11294 12499 13535 14330 14829 15000 14829 14330 13535 12500 11294 10000 8705 7500 6464 5669 5170 5000 5170 5669 6464 7499 8705 9999 
1129 1000 870 750 646 566 517 500 517 566 646 749 870 999 1129 1249 1353 1433 1482 1499 1482 1433 1353 1250 1129 1000 
1331 913 455 641 495 321 412 686 817 327 571 983 770 1543 1287 1315 829 1388 612 891 1196 1647 1015 886 
1040 795 562 512 818 745 255 802 960 808 1202 1156 705 1887 1841 1368 1389 1637 1384 647 917 1160 1563 603 
1009 554 1021 298 240 687 555 369 412 374 791 750 1648 1112 1836 1693 1987 1562 1743 1074 1645 879 1393 705 
681 481 954 609 499 236 660 717 482 1077 499 721 1191 1456 1339 1116 2134 791 1156 1577 1396 1481 896 1432 
1314 559 564 488 406 682 772 298 978 1091 767 754 1739 985 1593 1393 1811 917 1053 807 927 1855 1758 637 
1386 652 653 716 451 775 507 759 375 407 1320 450 1074 929 657 2138 1188 915 612 2014 1567 628 1455 1201 
1260 1028 494 578 493 420 490 345 549 570 1042 960 1718 1594 1840 1559 1920 2245 1213 1854 1204 1260 1141 891 
421 523 1030 315 484 380 766 478 551 1153 853 1071 1154 1822 810 1270 1085 2021 1772 2182 1457 1196 1160 675 
838 437 1000 440 486 417 380 354 361 1068 1228 943 857 524 1747 1438 928 1262 973 1876 1637 1085 458 1478 
798 669 724 623 621 654 594 630 681 1118 641 1497 1593 1769 800 1728 2356 1209 1060 1320 633 1056 1251 1397 
1147 696 361 873 310 759 584 569 288 576 1179 645 1266 943 1828 1174 1781 2131 719 670 1843 564 1318 558 
954 879 398 257 553 560 512 880 287 416 450 781 728 1461 1077 2140 1967 989 1988 2196 1656 1790 1039 432 
348 515 484 630 529 279 784 692 495 573 1122 1117 1282 547 893 1161 1306 2390 916 1237 2097 1612 775 1192 
1152 724 507 422 340 395 625 906 393 1138 479 1266 665 1080 2112 1068 664 1405 1143 1867 2156 630 786 725 
1102 468 786 242 561 533 284 316 755 1197 743 478 1059 1493 1123 1403 1108 1272 2334 2264 1905 762 986 1293 
481 1018 621 573 485 368 695 829 519 707 457 930 668 1242 1350 1515 1412 1164 860 1348 1540 1895 518 1044 
1304 849 623 404 619 773 567 703 552 903 366 657 1386 836 1779 864 676 837 925 916 1841 602 1243 1574 
1158 779 294 880 773 371 224 272 328 549 810 1342 1396 927 1540 1684 723 2356 2335 1531 1189 1426 1550 1534 
478 441 938 359 544 726 411 454 723 625 1075 948 1142 1968 1026 1984 1163 1689 2290 790 2117 1715 859 1498 
1352 495 717 614 348 355 388 829 501 350 705 1207 1008 1425 1189 1214 1335 783 2281 819 1417 1030 1233 865 
954 676 477 363 509 364 307 692 459 742 675 1156 1533 558 1011 1437 2051 2308 2320 952 1166 612 691 1229 
535 881 934 614 273 708 394 366 503 419 1315 720 750 1265 1262 2251 1754 1482 2052 1360 1671 1911 1259 584 
685 795 545 750 469 281 680 726 496 735 1130 1152 840 1984 1568 1523 1372 1970 1658 2172 718 1175 595 1184 
659 749 264 306 504 225 659 253 1012 453 727 1114 1063 1660 2138 1927 1818 1852 746 1522 733 1109 1051 1061 
692 1118 441 318 245 269 721 517 893 656 1381 418 1365 1274 2047 925 1271 1876 2363 1116 1128 589 957 1579 
1061 1162 729 855 587 689 409 341 910 997 1383 609 1748 1439 561 2034 1138 1775 766 2130 1802 1441 641 1046 
1012 896 667 835 216 294 325 426 349 785 613 1202 1469 545 1513 941 1108 873 1009 1746 1581 784 1501 779 
686 603 945 827 361 640 232 752 482 409 809 1166 783 987 1220 1497 1104 1146 926 660 1319 1934 844 811 
833 683 690 659 782 266 797 272 956 397 475 862 1161 936 579 1403 1240 1982 1373 910 1920 1870 1464 853 
1348 936 868 691 649 555 301 262 742 819 1152 830 1269 1685 701 892 1543 994 2009 913 545 1765 716 506 
713 1092 596 609 576 420 575 444 537 1020 1028 1022 915 549 1603 1748 1465 923 2193 1460 1222 1575 1116 1120 
549 766 348 529 241 219 446 807 419 595 945 490 754 840 689 1798 943 1009 1654 2049 893 1198 1785 906 
618 661 407 306 266 487 281 282 502 701 880 1119 479 1386 776 2096 1244 1639 951 1286 1251 684 577 1298 
1016 504 770 460 306 302 237 428 718 304 468 1017 894 1630 1675 993 2019 667 1695 1387 875 1021 1449 562 
1102 916 957 640 771 669 311 543 513 867 447 1550 1763 1283 1313 885 1703 1218 1219 1272 1788 973 1340 1057 
378 1129 499 380 756 334 297 496 755 573 831 425 841 539 1529 1852 1249 2154 1263 635 1185 1985 1274 1350 
1343 630 883 793 235 218 295 427 910 588 1045 830 868 854 666 1103 2297 1824 2195 1209 835 1650 1022 769 
703 1150 410 395 316 281 521 695 760 856 972 615 1483 1792 583 1658 1563 690 2353 1805 1651 1239 1743 823 
1367 887 603 708 312 207 414 720 480 739 831 1134 460 1424 2095 1046 1028 1019 715 871 1315 1791 1661 1055 
1313 769 876 559 328 317 774 809 621 890 918 925 1545 1797 1830 1277 1880 1860 1142 1414 1438 770 1073 1359 
1135 1148 862 830 657 306 236 821 434 963 1215 652 1802 1466 1879 2271 1794 1888 2145 1093 1528 1278 1758 1137 
1009 643 321 624 485 602 350 467 761 363 876 1283 467 579 1380 1078 894 1130 675 1871 873 838 800 1312 
668 707 499 491 243 357 658 526 621 1133 711 1536 862 540 886 2074 2147 1561 1031 1399 1851 1735 507 789 
1329 646 740 461 770 455 525 249 677 375 1360 554 1290 1219 1662 2000 857 1178 2183 2237 1654 917 533 562 
1226 1060 425 378 547 750 258 452 406 1014 1342 1052 678 1733 1530 1441 637 1345 897 1085 1695 1467 681 1083 
415 435 820 487 292 530 299 747 594 398 1234 892 1332 1790 1877 1475 678 2219 1750 1018 550 629 828 1265 
1262 1063 615 236 657 398 335 424 315 829 412 729 685 590 1474 965 594 644 2012 2007 1330 899 667 1546 
455 907 685 732 466 790 811 274 783 643 975 1289 493 797 1451 1378 1487 1327 1215 683 975 683 653 1401 
726 1096 984 654 456 708 648 580 582 916 1083 1110 952 1060 1959 1923 1450 1684 1609 1063 2089 510 1410 902 
502 1165 451 580 746 284 458 729 882 817 715 726 1423 1113 1864 2223 1522 762 1270 1853 1826 813 1620 1528 
1198 925 703 768 698 564 730 434 470 494 1014 1301 992 1425 1505 2186 745 1639 1227 1580 1698 1771 1163 1428 
781 880 312 555 569 521 550 537 773 693 374 1320 1561 1916 1978 801 1682 1894 1687 943 927 714 1377 729 
798 1167 629 727 604 293 589 662 695 925 847 920 1292 1242 990 740 1464 957 1597 636 975 586 1080 1300 
731 853 645 709 667 443 431 521 672 663 830 680 1432 1129 1489 1568 2200 930 1541 1551 1736 981 556 962 
579 1149 295 762 420 247 785 806 418 877 1209 851 768 782 605 2195 1583 884 1081 2171 788 1727 1313 1348 
1226 879 553 364 665 404 655 242 457 509 921 1049 758 853 1130 2249 1077 835 1209 1779 549 1046 1587 613 
486 373 336 242 258 574 643 384 451 484 748 1588 1002 1965 1677 666 1412 988 1238 865 628 1769 1188 998 
527 307 288 577 403 741 581 466 538 861 706 462 1329 808 1252 1787 1430 1663 813 2182 1325 1616 734 1240 
523 875 259 828 790 395 817 667 1019 1013 443 1590 991 1795 2004 1481 2035 2087 1700 2127 2068 534 729 1431 
679 403 573 488 629 351 315 869 399 1059 551 691 1761 772 2023 1417 1031 1675 2227 1686 1266 1108 464 1130 
891 594 864 775 222 577 263 350 311 920 606 429 1378 804 929 1624 1973 1970 2185 820 836 521 821 1526 
1374 416 372 460 597 666 784 459 1030 620 1264 795 1722 1512 2010 586 1433 2070 2173 2104 773 1090 1482 846 
1068 1127 467 792 581 512 660 736 780 920 1003 742 562 983 1166 1124 970 1925 930 1246 1646 1851 678 1016 
1129 835 868 470 627 628 714 729 361 695 1085 1473 752 1230 1631 1465 1069 908 1349 609 2016 1217 1549 1574 
989 1097 424 397 345 285 282 717 709 943 993 576 1639 726 885 693 1989 663 2035 1025 2148 1696 714 1230 
546 356 900 528 319 665 431 631 347 1035 1045 1011 1141 993 1728 1424 817 1431 1089 1128 1023 1668 1068 1078 
1175 313 575 371 723 457 282 605 511 701 700 1344 1730 1759 2032 1077 763 843 1453 774 1263 1226 1366 1053 
355 942 943 426 495 662 693 410 856 554 915 835 1323 1174 2155 988 660 2395 1803 1663 873 1083 549 447 
773 334 890 473 770 634 425 513 504 1149 1143 1371 1639 1088 790 698 2028 1196 1442 1734 1002 537 545 1267 
504 1186 876 843 792 341 291 664 543 586 384 1457 1464 892 1973 1472 1690 991 1425 2237 2154 503 770 1246 
819 527 795 537 570 447 408 782 1001 545 1233 1446 600 926 776 1881 1954 1254 1894 1692 1800 1098 586 506 
1326 475 857 367 361 232 467 732 823 956 1274 829 924 1943 1281 894 995 1168 973 816 1546 1305 1599 1465 
1242 438 814 902 689 521 555 363 859 416 1039 769 513 639 1870 1618 821 669 2338 1212 1095 680 1642 805 
545 450 640 682 427 251 648 476 543 535 365 1090 1137 743 1419 1931 770 2165 1209 1262 1760 1640 803 1072 
986 345 344 795 392 455 657 647 682 721 872 1308 691 677 2049 1232 1466 2142 2157 1271 1649 1798 494 1149 
710 1070 453 876 643 674 387 709 727 507 1011 919 1709 1264 1922 958 1432 1428 1086 647 2008 1873 998 1559 
1278 929 855 797 824 395 668 445 585 410 372 1339 741 516 832 583 604 1747 817 895 2010 649 1566 626 
977 1175 315 577 409 711 680 898 800 430 737 1083 597 970 721 1154 1835 1139 1526 649 1443 1015 1683 693 
538 1130 552 545 746 209 785 495 295 688 727 1005 735 1095 1112 855 1508 857 1643 1673 1585 1547 829 1573 
367 847 908 390 810 682 321 269 1009 598 771 1584 1044 757 847 1548 1274 2141 2086 1746 994 667 765 468 
773 511 681 522 330 463 279 489 796 1078 626 660 1375 1250 1235 2195 1776 1867 1369 1952 845 1361 882 726 
1032 1074 578 272 352 591 322 274 968 803 952 1217 916 1387 886 1525 1489 1464 1179 853 1942 1454 1509 654 
397 726 974 439 622 395 683 854 552 885 569 423 1456 1655 1702 1346 672 2120 1035 1352 1526 954 1630 776 
1077 711 852 642 620 504 270 253 534 901 905 713 996 1430 1680 1905 1546 647 1637 994 1249 960 503 747 
631 673 517 338 512 689 277 460 1029 654 905 926 744 1259 2123 1325 1124 2233 869 1841 1958 1621 456 1511 
953 644 339 765 779 320 265 582 676 470 1216 1091 1092 1199 1656 858 1620 1464 2033 2061 1510 672 1387 717 
406 665 952 343 539 254 377 445 591 937 922 462 1501 1222 1416 2174 1054 1820 2293 1932 2145 1523 520 573 
456 751 1024 537 744 747 374 377 471 1176 426 808 1558 685 1904 1859 1438 1650 2243 1884 1406 913 1466 562 
678 1187 368 399 483 793 446 558 798 1054 1062 541 523 1355 1267 2037 716 619 1025 1193 719 1128 1445 1401 
949 466 616 228 645 680 714 636 303 1032 393 1311 757 501 1502 1001 2281 1428 1891 751 784 1779 1367 1053 
375 762 381 700 687 583 652 265 302 553 968 634 1508 1053 1453 1677 1137 1415 1538 1329 1634 1146 839 788 
1310 1141 395 232 281 572 286 589 412 365 1188 584 648 1313 978 1832 1865 1027 2347 759 859 1079 1141 891 
709 1010 799 753 270 249 706 534 370 679 656 1325 1669 1738 1671 2107 784 2166 1268 2089 1383 1968 1241 427 
1199 306 659 807 438 411 772 840 983 574 1235 1099 1534 1780 875 950 1688 1815 1615 1733 1165 1271 1791 1049 
1126 915 493 482 308 737 563 862 327 428 645 1462 1395 1792 1743 2226 1124 730 1511 630 565 1605 805 461 
1188 337 819 462 484 696 415 393 701 1096 570 967 882 994 1967 1117 1907 2019 1672 575 1388 1401 1374 727 
485 983 603 658 809 690 494 375 759 716 1043 1306 1707 500 1817 1619 1507 1386 2308 1183 844 1121 1597 1434 
803 914 273 461 312 410 295 475 720 866 974 688 1616 913 581 2015 1564 1453 1569 946 1564 1037 591 501 
1361 1109 748 598 793 425 546 300 506 439 636 882 1717 1978 947 1624 1167 1562 890 654 1900 1075 1639 1441 
742 483 829 491 413 395 687 884 883 680 882 1499 1449 1301 1796 1319 2367 840 1218 577 661 1212 1601 673 
