50 6 20
16 50
340 150 130 112 96 85 77 75 77 85 96 112 130 149 169 187 203 214 222 225 222 214 203 187 169 150 130 112 96 85 77 75 77 85 96 112 130 149 169 187 203 214 222 225 222 214 203 187 169 150 130 
340 200 174 150 129 113 103 100 103 113 129 149 174 199 225 249 270 286 296 300 296 286 270 250 225 200 174 150 129 113 103 100 103 113 129 149 174 199 225 249 270 286 296 300 296 286 270 250 225 200 174 
340 250 217 187 161 141 129 125 129 141 161 187 217 249 282 312 338 358 370 375 370 358 338 312 282 250 217 187 161 141 129 125 129 141 161 187 217 249 282 312 338 358 370 375 370 358 338 312 282 250 217 
340 300 261 225 193 170 155 150 155 170 193 224 261 299 338 374 406 429 444 450 444 429 406 375 338 300 261 225 193 170 155 150 155 170 193 224 261 299 338 374 406 429 444 450 444 429 406 375 338 300 261 
340 350 304 262 226 198 180 175 180 198 226 262 304 349 395 437 473 501 519 525 519 501 473 437 395 350 304 262 226 198 180 175 180 198 226 262 304 349 395 437 473 501 519 525 519 501 473 437 395 350 304 
100000 10000 8705 7500 6464 5669 5170 5000 5170 5669 6464 7499 8705 9999 11294 12499 13535 14330 14829 15000 14829 14330 13535 12500 11294 10000 8705 7500 6464 5669 5170 5000 5170 5669 6464 7499 8705 9999 11294 12499 13535 14330 14829 15000 14829 14330 13535 12500 11294 10000 8705 
1000 1129 1249 1353 1433 1482 1499 1482 1433 1353 1250 1129 1000 870 750 646 
586 525 488 517 554 624 737 898 1014 1176 1243 1349 1383 1483 1538 1419 1429 1295 1296 1091 980 912 772 670 561 496 477 537 563 651 716 880 1003 1156 
568 522 510 538 575 618 732 896 954 1150 1226 1316 1391 1459 1473 1535 1419 1301 1199 1157 1025 845 775 633 558 541 522 514 565 667 720 892 975 1109 
544 498 492 535 559 674 761 875 980 1074 1273 1403 1425 1522 1539 1410 1478 1351 1247 1100 964 828 767 675 561 512 508 509 575 623 781 831 959 1161 
557 498 513 526 588 621 772 883 1009 1090 1194 1407 1417 1447 1567 1489 1451 1388 1275 1165 974 863 775 625 557 542 499 527 591 631 785 881 1049 1134 
565 533 486 516 548 662 774 853 1008 1152 1274 1340 1455 1429 1474 1429 1382 1369 1299 1078 1048 853 753 623 549 518 509 519 583 633 727 845 1018 1119 
552 536 500 532 580 615 764 912 955 1078 1293 1330 1387 1460 1469 1506 1460 1367 1223 1089 1040 897 748 619 569 519 490 506 553 673 776 903 988 1142 
574 495 481 522 552 668 774 905 963 1073 1216 1416 1391 1489 1515 1547 1493 1416 1245 1138 987 843 776 615 539 537 524 493 574 677 720 835 955 1158 
555 538 491 531 555 664 776 905 951 1088 1206 1313 1440 1556 1541 1531 1468 1371 1193 1183 1039 899 718 633 575 517 521 534 585 667 716 900 950 1125 
553 523 514 520 542 653 752 880 1011 1178 1242 1400 1429 1504 1536 1520 1495 1416 1304 1177 994 869 785 672 584 537 521 511 572 624 747 854 1007 1132 
567 505 501 519 553 663 735 857 964 1142 1228 1312 1491 1454 1524 1553 1394 1329 1277 1108 964 857 757 676 581 515 492 511 560 622 712 827 1022 1182 
582 491 480 517 547 641 749 873 990 1081 1209 1320 1374 1437 1570 1434 1400 1351 1293 1139 1034 843 760 670 580 496 520 499 568 672 757 900 1047 1082 
568 511 490 515 556 675 745 891 1044 1091 1225 1305 1408 1511 1450 1486 1393 1415 1224 1078 1038 866 778 653 577 506 490 513 555 624 717 892 983 1133 
544 499 492 504 592 645 717 842 1008 1150 1245 1314 1389 1530 1557 1465 1493 1336 1279 1094 1011 842 774 675 581 497 522 505 579 665 780 885 966 1126 
560 542 481 514 589 617 745 831 997 1087 1296 1365 1489 1463 1562 1458 1422 1304 1252 1167 1036 842 751 669 575 526 489 535 541 621 732 894 960 1157 
589 522 486 497 573 664 745 911 990 1174 1288 1292 1460 1475 1447 1476 1485 1355 1295 1143 991 902 747 673 586 515 477 530 563 661 726 848 1039 1161 
557 507 477 531 562 635 770 885 1013 1085 1297 1364 1373 1466 1524 1548 1407 1354 1250 1155 992 882 729 672 575 497 520 512 556 631 748 884 1046 1090 
590 506 496 537 572 656 777 902 982 1179 1232 1324 1450 1514 1458 1506 1370 1334 1254 1137 1043 861 717 634 547 498 478 528 580 662 735 894 1011 1176 
564 514 490 514 563 628 719 832 957 1138 1210 1321 1361 1482 1514 1409 1471 1360 1214 1177 1047 827 775 658 542 520 497 512 541 671 767 875 993 1175 
593 517 514 524 566 669 735 897 1001 1172 1259 1289 1477 1450 1434 1486 1366 1337 1255 1127 1036 835 777 671 548 533 492 532 544 647 737 846 992 1084 
584 502 524 519 544 652 747 885 981 1169 1268 1304 1408 1483 1436 1476 1418 1371 1229 1160 1047 902 719 617 585 512 512 511 538 643 728 858 1033 1142 
556 527 498 524 576 654 719 843 976 1169 1243 1367 1466 1515 1518 1546 1446 1350 1299 1159 968 912 753 628 593 500 491 531 571 632 765 837 994 1104 
559 532 494 518 550 666 714 832 975 1077 1202 1360 1474 1471 1452 1452 1375 1413 1203 1111 957 854 729 623 546 515 500 525 579 652 750 872 1028 1178 
578 493 497 496 567 663 755 837 958 1095 1301 1393 1487 1507 1426 1535 1405 1381 1240 1115 972 909 729 669 578 499 507 516 589 616 757 832 984 1149 
544 494 502 504 549 629 725 892 1000 1104 1271 1337 1364 1414 1550 1483 1374 1379 1297 1141 986 860 754 633 579 534 485 532 579 631 771 893 1035 1102 
547 502 517 536 575 622 752 891 1026 1136 1252 1304 1438 1555 1431 1426 1407 1344 1223 1141 973 863 758 635 552 495 524 530 549 645 781 901 1009 1145 
554 524 501 496 562 653 756 886 1034 1173 1307 1322 1461 1428 1563 1427 1462 1305 1258 1153 1003 840 717 649 552 532 500 536 592 653 736 906 966 1095 
568 506 479 538 582 650 733 837 987 1107 1306 1391 1396 1512 1468 1515 1380 1316 1199 1092 1041 842 732 663 557 533 479 536 538 659 724 855 954 1090 
589 507 485 508 545 663 769 903 968 1154 1198 1356 1458 1433 1457 1531 1422 1393 1220 1106 1031 838 714 614 591 522 503 493 590 671 731 912 1019 1185 
593 518 506 533 585 655 728 844 995 1108 1249 1339 1479 1444 1438 1416 1477 1365 1264 1124 1013 828 752 637 545 509 475 534 539 674 771 895 983 1183 
593 511 524 494 558 618 757 837 981 1118 1274 1291 1380 1490 1493 1417 1414 1339 1307 1100 996 849 713 636 595 503 520 491 593 621 776 903 986 1150 
561 515 493 529 592 637 763 853 976 1145 1196 1353 1410 1419 1538 1513 1430 1412 1274 1075 1029 833 745 629 553 491 499 540 552 662 784 828 1042 1077 
567 503 483 530 545 632 765 852 1039 1152 1288 1331 1418 1441 1490 1437 1466 1419 1219 1182 1031 834 718 655 540 538 499 515 587 663 721 894 998 1096 
548 512 481 524 589 620 715 874 992 1174 1299 1404 1469 1549 1499 1419 1416 1394 1263 1084 960 863 774 627 580 505 483 512 554 649 747 900 955 1158 
546 529 496 542 564 615 785 840 1033 1153 1199 1418 1421 1525 1485 1506 1398 1384 1287 1152 1000 877 743 661 591 518 497 494 544 676 721 875 1008 1081 
575 531 499 528 565 667 768 901 1033 1175 1233 1317 1466 1555 1451 1480 1412 1380 1211 1122 959 890 726 665 558 534 500 541 592 674 777 845 1008 1080 
540 532 481 492 547 647 717 844 1019 1085 1192 1366 1465 1554 1524 1478 1431 1387 1268 1131 1042 913 745 632 554 536 488 509 558 667 786 857 990 1077 
560 497 500 491 573 624 729 889 969 1140 1221 1413 1410 1542 1492 1419 1375 1381 1199 1179 1037 881 746 628 543 523 492 524 557 674 742 896 1041 1179 
555 528 524 541 552 674 733 868 961 1090 1278 1386 1447 1494 1535 1443 1454 1371 1257 1178 1006 847 756 671 548 519 516 542 554 616 757 876 1041 1095 
564 521 500 503 573 618 753 873 1037 1137 1306 1287 1367 1464 1497 1422 1376 1304 1262 1149 969 882 719 643 560 517 514 507 567 642 768 913 1046 1172 
551 528 510 517 585 617 755 897 1046 1154 1277 1389 1428 1477 1550 1408 1363 1409 1255 1155 983 864 760 637 544 530 524 511 547 666 730 872 963 1076 
557 509 482 533 554 662 755 883 1020 1113 1241 1419 1476 1427 1536 1545 1431 1330 1202 1139 1044 845 781 621 571 519 497 513 575 617 738 864 994 1118 
580 491 487 516 549 635 722 869 969 1183 1284 1415 1387 1446 1442 1551 1448 1308 1232 1143 985 889 713 638 591 528 492 534 568 665 729 904 1023 1171 
560 541 508 537 560 666 752 903 972 1163 1211 1293 1462 1483 1567 1479 1459 1417 1193 1128 977 891 776 656 548 495 513 519 542 636 732 896 983 1077 
560 494 475 507 548 625 740 896 961 1082 1285 1307 1398 1548 1488 1479 1367 1414 1256 1161 996 853 764 670 575 529 505 525 563 629 748 854 962 1090 
586 509 517 517 546 673 768 886 956 1128 1264 1294 1477 1438 1561 1440 1398 1292 1305 1163 966 835 725 615 578 493 490 529 589 632 726 833 1040 1142 
551 520 482 542 559 663 751 861 956 1122 1285 1294 1454 1554 1429 1465 1427 1341 1264 1129 1038 880 740 620 589 541 495 506 555 635 743 838 1048 1087 
582 526 510 536 555 621 759 894 950 1165 1281 1361 1461 1556 1448 1480 1469 1378 1279 1110 1041 888 730 657 567 517 509 492 585 632 766 837 958 1132 
538 497 514 504 555 668 777 833 966 1168 1231 1344 1380 1474 1427 1420 1387 1366 1291 1090 978 884 747 676 540 534 516 532 539 646 779 901 1040 1098 
573 528 475 519 565 630 735 854 975 1139 1244 1397 1441 1551 1444 1472 1479 1289 1309 1172 973 871 750 617 557 528 497 509 578 671 754 870 1008 1163 
579 535 506 525 542 618 782 887 968 1101 1221 1347 1500 1472 1551 1450 1393 1332 1249 1170 1021 875 744 644 568 535 513 525 572 668 768 836 979 1166 
