5 2 20
3 50
1700 150 130 112 96 85 
100000 10000 8705 7500 6464 5669 
1000 1129 1249 
1385 1415 
1318 1421 
1384 1402 
1375 1402 
1418 1404 
1335 1486 
1323 1450 
1350 1380 
1341 1433 
1417 1408 
1346 1454 
1343 1395 
1418 1504 
1347 1397 
1383 1390 
1308 1400 
1381 1427 
1366 1490 
1368 1490 
1330 1481 
1327 1408 
1321 1377 
1318 1423 
1385 1488 
1385 1399 
1288 1434 
1392 1389 
1338 1454 
1355 1361 
1370 1368 
1391 1414 
1343 1483 
1295 1439 
1334 1497 
1332 1398 
1407 1411 
1394 1471 
1322 1362 
1319 1376 
1347 1376 
1303 1416 
1323 1399 
1400 1396 
1400 1446 
1338 1401 
1308 1377 
1412 1448 
1339 1434 
1360 1395 
1342 1456 
