5 3 20
2 100
850 96 112 130 149 169 
850 129 149 174 199 225 
100000 6464 7499 8705 9999 11294 
1353 1250 
661 780 922 
464 1251 576 
1545 837 574 
593 1074 1361 
1086 538 693 
1762 964 805 
1060 578 1320 
724 715 1161 
1343 1197 812 
461 648 1029 
1192 1096 991 
1431 862 428 
1231 432 702 
967 1458 689 
669 1136 886 
649 881 610 
687 1026 381 
1296 1158 690 
939 1051 1125 
1296 1403 621 
1059 423 1228 
1099 1136 889 
530 1142 422 
1518 989 465 
1364 827 1163 
1623 1280 1067 
1600 1208 1047 
1269 1008 1161 
747 421 468 
834 463 845 
1622 1185 497 
1034 1357 386 
1419 1302 526 
1227 561 801 
733 971 962 
1743 1470 407 
1627 717 1241 
1029 560 1289 
1756 519 1378 
626 1250 569 
1386 1185 1375 
1218 1473 1211 
903 690 1083 
1559 755 1359 
1025 1296 1289 
1785 1409 577 
1722 1143 743 
776 493 655 
1756 1575 825 
674 1543 725 
1516 565 1371 
1717 1142 843 
482 1594 1224 
1371 1104 817 
1776 1517 676 
923 944 1123 
1626 1124 687 
556 936 1207 
1321 1186 1151 
1463 417 1019 
1607 712 832 
1081 960 799 
674 1537 941 
1219 605 892 
1248 1272 1104 
1373 1479 1084 
744 938 681 
1664 917 396 
1768 477 492 
1106 863 823 
1308 762 494 
741 792 543 
1689 1135 1373 
1334 746 365 
1344 1045 502 
554 418 898 
1799 551 354 
988 481 587 
1270 684 944 
1621 1153 706 
1625 1238 632 
452 1585 823 
1032 1472 662 
835 880 706 
1350 1193 448 
577 1512 622 
857 1452 483 
1491 534 840 
730 501 512 
1067 1097 1348 
1321 873 848 
1018 1440 1069 
839 470 652 
1495 1394 965 
1430 1447 1273 
1350 1297 496 
1545 877 1385 
765 1067 1002 
846 585 390 
833 851 970 
