50 2 20
16 10
1700 75 77 85 96 112 130 149 169 187 203 214 222 225 222 214 203 187 169 150 130 112 96 85 77 75 77 85 96 112 130 149 169 187 203 214 222 225 222 214 203 187 169 150 130 112 96 85 77 75 77 
100000 5000 5170 5669 6464 7499 8705 9999 11294 12499 13535 14330 14829 15000 14829 14330 13535 12500 11294 10000 8705 7500 6464 5669 5170 5000 5170 5669 6464 7499 8705 9999 11294 12499 13535 14330 14829 15000 14829 14330 13535 12500 11294 10000 8705 7500 6464 5669 5170 5000 5170 
1499 1482 1433 1353 1250 1129 1000 870 750 646 566 517 500 517 566 646 
731 899 986 1083 1307 1367 1409 1480 1484 1409 1418 1330 1249 1149 1035 856 767 670 559 538 489 515 574 644 780 881 986 1171 1254 1345 1379 1443 1547 1501 
730 886 1003 1147 1212 1354 1393 1468 1534 1439 1469 1360 1209 1163 986 832 729 616 586 537 504 531 556 614 761 846 993 1105 1299 1314 1403 1417 1571 1462 
783 910 959 1095 1295 1414 1483 1416 1448 1549 1376 1401 1304 1095 1040 890 761 655 547 507 510 511 541 672 729 890 1043 1093 1240 1381 1448 1517 1441 1486 
765 845 960 1077 1225 1419 1366 1498 1456 1493 1367 1323 1210 1117 975 906 752 633 551 495 492 509 560 625 772 847 1014 1183 1268 1286 1382 1513 1530 1451 
745 908 958 1158 1305 1365 1364 1420 1572 1427 1404 1290 1234 1101 1037 827 768 630 583 521 503 510 595 651 721 838 958 1184 1238 1315 1465 1449 1439 1514 
762 885 1016 1109 1192 1372 1473 1471 1571 1447 1500 1355 1224 1165 1033 908 718 628 575 511 475 516 580 631 740 832 995 1085 1234 1301 1362 1456 1426 1507 
727 875 1023 1137 1210 1379 1419 1445 1459 1547 1488 1319 1286 1182 989 870 768 657 556 510 480 508 562 628 718 893 973 1166 1291 1357 1435 1444 1539 1467 
753 854 1015 1106 1217 1392 1438 1419 1530 1535 1452 1295 1234 1096 968 827 736 657 568 496 506 493 554 673 774 875 1044 1181 1196 1353 1473 1452 1559 1467 
740 866 1010 1102 1251 1399 1471 1454 1440 1522 1382 1388 1252 1127 991 913 717 627 586 528 489 525 576 646 745 835 951 1089 1302 1291 1383 1471 1458 1438 
718 882 1048 1127 1197 1337 1453 1477 1469 1429 1431 1364 1309 1182 996 838 743 614 570 513 487 541 546 628 726 867 954 1158 1270 1299 1481 1473 1536 1480 
