50 2 20
36 5
1700 112 96 85 77 75 77 85 96 112 130 149 169 187 203 214 222 225 222 214 203 187 169 150 130 112 96 85 77 75 77 85 96 112 130 149 169 187 203 214 222 225 222 214 203 187 169 150 130 112 96 
100000 7500 6464 5669 5170 5000 5170 5669 6464 7499 8705 9999 11294 12499 13535 14330 14829 15000 14829 14330 13535 12500 11294 10000 8705 7500 6464 5669 5170 5000 5170 5669 6464 7499 8705 9999 11294 12499 13535 14330 14829 15000 14829 14330 13535 12500 11294 10000 8705 7500 6464 
1249 1353 1433 1482 1499 1482 1433 1353 1250 1129 1000 870 750 646 566 517 500 517 566 646 749 870 999 1129 1249 1353 1433 1482 1499 1482 1433 1353 1250 1129 1000 870 
897 542 607 455 486 420 608 747 835 747 1079 1036 1371 1212 
618 679 557 421 524 569 584 609 632 863 900 1140 1373 1096 
787 578 575 536 589 541 675 666 867 926 1044 1040 1068 1510 
661 732 655 569 590 569 530 665 752 860 1087 1246 1102 1571 
609 652 520 439 403 452 584 745 757 888 897 1099 1389 1274 
