50 11 20
26 50
170 130 149 169 187 203 214 222 225 222 214 203 187 169 150 130 112 96 85 77 75 77 85 96 112 130 149 169 187 203 214 222 225 222 214 203 187 169 150 130 112 96 85 77 75 77 85 96 112 130 149 
170 174 199 225 249 270 286 296 300 296 286 270 250 225 200 174 150 129 113 103 100 103 113 129 149 174 199 225 249 270 286 296 300 296 286 270 250 225 200 174 150 129 113 103 100 103 113 129 149 174 199 
170 217 249 282 312 338 358 370 375 370 358 338 312 282 250 217 187 161 141 129 125 129 141 161 187 217 249 282 312 338 358 370 375 370 358 338 312 282 250 217 187 161 141 129 125 129 141 161 187 217 249 
170 261 299 338 374 406 429 444 450 444 429 406 375 338 300 261 225 193 170 155 150 155 170 193 224 261 299 338 374 406 429 444 450 444 429 406 375 338 300 261 225 193 170 155 150 155 170 193 224 261 299 
170 304 349 395 437 473 501 519 525 519 501 473 437 395 350 304 262 226 198 180 175 180 198 226 262 304 349 395 437 473 501 519 525 519 501 473 437 395 350 304 262 226 198 180 175 180 198 226 262 304 349 
170 348 399 451 499 541 573 593 600 593 573 541 500 451 400 348 300 258 226 206 200 206 226 258 299 348 399 451 499 541 573 593 600 593 573 541 500 451 400 348 300 258 226 206 200 206 226 258 299 348 399 
170 391 449 508 562 609 644 667 675 667 644 609 562 508 450 391 337 290 255 232 225 232 255 290 337 391 449 508 562 609 644 667 675 667 644 609 562 508 450 391 337 290 255 232 225 232 255 290 337 391 449 
170 435 499 564 624 676 716 741 750 741 716 676 625 564 500 435 375 323 283 258 250 258 283 323 374 435 499 564 624 676 716 741 750 741 716 676 625 564 500 435 375 323 283 258 250 258 283 323 374 435 499 
170 478 549 621 687 744 788 815 825 815 788 744 687 621 550 478 412 355 311 284 275 284 311 355 412 478 549 621 687 744 788 815 825 815 788 744 687 621 550 478 412 355 311 284 275 284 311 355 412 478 549 
170 522 599 677 749 812 859 889 900 889 859 812 750 677 600 522 450 387 340 310 300 310 340 387 449 522 599 677 749 812 859 889 900 889 859 812 750 677 600 522 450 387 340 310 300 310 340 387 449 522 599 
100000 8705 9999 11294 12499 13535 14330 14829 15000 14829 14330 13535 12500 11294 10000 8705 7500 6464 5669 5170 5000 5170 5669 6464 7499 8705 9999 11294 12499 13535 14330 14829 15000 14829 14330 13535 12500 11294 10000 8705 7500 6464 5669 5170 5000 5170 5669 6464 7499 8705 9999 
1129 1000 870 750 646 566 517 500 517 566 646 749 870 999 1129 1249 1353 1433 1482 1499 1482 1433 1353 1250 1129 1000 
619 303 485 874 592 492 410 775 974 998 920 1481 903 1363 1659 2250 1132 701 898 1349 2156 1904 1457 1482 
1152 639 762 821 577 300 811 429 790 447 531 642 761 1184 1311 2198 1614 1008 868 1762 1638 1651 962 816 
522 870 723 679 768 438 328 744 507 1161 750 1271 1024 1862 573 1593 2027 2205 1287 1162 1347 1160 1238 619 
1372 528 651 786 373 435 338 873 513 615 898 1173 1446 1218 1628 2164 2160 1908 2200 878 1508 752 1570 1180 
876 558 560 749 822 492 363 538 320 1012 921 652 600 812 1622 779 1535 1903 842 1566 1608 1103 786 1456 
1128 787 556 528 344 427 733 806 558 564 446 962 1132 1986 644 1948 1537 1718 1825 1206 1214 979 691 742 
591 409 332 397 249 639 819 364 985 392 843 797 1299 972 1373 1734 1963 1856 2182 612 592 1529 1202 800 
1086 627 894 499 589 303 302 887 738 977 886 451 1241 1062 2032 1546 924 2321 1108 994 1113 644 737 1227 
1074 417 758 640 704 591 352 416 804 738 643 407 954 1339 2128 1935 1635 1801 2360 2165 595 1376 495 1280 
1337 740 580 348 307 310 396 606 973 358 1054 1591 801 973 1493 2201 1188 1140 2190 1396 1429 1420 1793 952 
1134 987 715 544 499 772 389 611 563 1140 1293 1267 505 1079 751 641 2239 2076 1985 1503 635 1160 526 1292 
485 1162 998 705 353 687 523 757 611 1002 1219 1388 677 1136 1575 599 1332 1260 1091 678 836 1777 1778 1581 
1291 802 435 368 258 283 242 342 525 712 566 593 1465 1971 1872 1689 1925 1145 1887 1866 1529 916 1752 553 
1000 936 671 886 211 245 283 457 855 555 1129 1056 1036 1800 2135 1978 2271 1755 2169 2165 1533 922 685 471 
774 981 828 634 520 284 290 257 528 946 474 1384 663 1840 1844 813 873 2125 1556 1776 1223 1131 694 849 
992 475 786 679 560 335 696 293 977 674 1178 765 1511 1977 2163 574 1722 614 2327 1564 1324 1233 747 1026 
787 1147 475 502 569 767 811 650 856 881 1136 1169 1256 1498 1938 2194 1510 1305 1145 1268 1492 685 939 786 
609 324 638 769 244 431 545 709 747 392 456 1593 1373 1887 1610 1323 1539 1263 1911 1790 1945 1699 1189 1440 
457 881 380 245 379 328 823 520 786 362 906 1161 704 1180 2054 615 1614 1881 1697 1250 1645 785 1118 1339 
1126 820 831 441 694 300 808 388 525 1181 1054 1475 1055 889 1591 2025 823 1093 1377 2009 1144 1857 1108 1456 
1144 1194 962 310 688 748 643 720 1012 602 680 1006 1778 1480 920 1462 1661 670 1800 1133 1981 1406 493 603 
889 861 269 728 421 377 384 759 585 314 879 752 965 1422 1342 1297 1476 1583 1511 2147 1004 1230 992 709 
1352 583 604 381 592 762 721 301 638 1148 897 729 534 1290 1169 1151 1480 1843 1377 1628 735 728 486 541 
679 1159 909 754 680 343 517 300 438 426 1106 524 1659 941 1666 1366 1311 2224 1869 2249 1654 1762 1541 679 
1035 996 402 487 731 639 478 335 379 440 623 1489 1390 1739 1423 1968 2261 1847 1902 663 788 572 778 538 
701 314 877 878 582 696 532 406 477 1077 1074 996 1295 1855 1893 2267 1392 1649 1007 1833 1464 1260 1122 642 
682 1194 384 747 257 753 246 265 329 875 814 1527 1032 1126 1363 1105 1437 1328 1288 1333 1741 1337 836 547 
718 764 770 404 273 731 391 369 522 1117 516 1031 1228 1967 1705 1193 914 2353 2034 964 2130 1827 1361 817 
406 914 383 431 639 759 723 362 838 369 1315 515 780 1863 1940 2049 1803 861 1225 942 1747 1439 1437 641 
1225 359 649 719 393 709 774 531 697 1046 729 1299 754 1406 1339 2178 989 1020 2162 1329 749 1800 535 716 
1119 531 908 432 778 570 572 800 275 1021 989 1509 1340 908 698 1904 1062 2071 2067 670 959 1249 772 562 
446 1015 915 282 291 437 670 660 748 875 524 1427 1349 569 1789 1683 1308 2246 1826 2152 1395 1193 519 1100 
479 719 916 284 802 730 218 712 562 674 983 893 1611 1207 1727 1061 946 1558 1269 1494 1736 1029 1393 473 
733 1182 850 492 585 240 562 382 916 693 543 749 1417 1057 1763 1718 2139 1668 1344 1273 700 1126 1531 1120 
1386 318 1010 631 286 392 684 659 285 676 678 1139 1575 625 1246 836 2099 1026 734 1823 723 1870 891 503 
1385 903 270 664 758 740 640 281 484 327 1291 1456 521 612 1133 593 997 1486 1145 1376 1058 1770 953 1475 
613 492 435 251 812 686 571 337 998 1047 955 745 1099 1891 800 1102 741 1202 1695 2007 2049 630 1558 1505 
864 578 394 504 476 223 261 288 974 804 1185 946 913 1556 1139 875 1761 788 1985 749 1075 1780 1625 1556 
435 791 276 560 458 302 476 358 338 1038 1192 996 1472 1529 967 1369 1346 1166 1376 1980 1288 1371 1068 1000 
1109 627 840 527 285 425 504 784 817 413 856 974 923 1228 1341 1862 658 2076 1615 1237 651 734 1176 1399 
396 621 454 600 707 662 584 637 656 593 438 705 1500 1301 1560 1853 848 1273 2113 609 1901 1297 773 1126 
349 1152 498 445 449 297 528 304 879 670 1199 1203 554 1919 1450 660 726 1591 2120 718 1178 1570 1678 1236 
579 695 596 861 315 292 753 818 582 914 678 570 1743 1639 1831 1114 1325 682 901 1930 827 689 458 994 
551 697 727 272 407 585 752 725 678 578 361 1150 1647 1315 1528 1852 1354 1237 1245 1058 873 1024 1687 1043 
689 905 911 306 353 602 586 694 548 523 695 1520 621 1087 674 573 1317 2075 2073 747 1673 847 1220 1032 
1280 417 803 749 712 605 448 888 810 793 1188 943 1274 926 568 1383 2071 708 1511 585 1478 1068 475 1288 
1229 882 733 878 564 257 752 640 560 322 381 665 1359 1738 1699 2143 1391 1986 1504 901 1929 525 1565 1340 
875 1032 336 366 625 417 303 424 718 580 912 864 1400 1034 1570 1384 980 2210 1546 2045 1965 846 911 1288 
494 554 946 444 680 355 580 672 299 558 867 449 1312 1168 2066 706 804 925 1073 872 1288 1366 1653 1235 
757 696 925 553 678 599 636 860 341 1085 677 905 913 1623 1998 937 2105 788 1642 1635 1988 613 1502 1151 
