20 6 20
11 50
340 96 112 130 149 169 187 203 214 222 225 222 214 203 187 169 150 130 112 96 85 
340 129 149 174 199 225 249 270 286 296 300 296 286 270 250 225 200 174 150 129 113 
340 161 187 217 249 282 312 338 358 370 375 370 358 338 312 282 250 217 187 161 141 
340 193 224 261 299 338 374 406 429 444 450 444 429 406 375 338 300 261 225 193 170 
340 226 262 304 349 395 437 473 501 519 525 519 501 473 437 395 350 304 262 226 198 
100000 6464 7499 8705 9999 11294 12499 13535 14330 14829 15000 14829 14330 13535 12500 11294 10000 8705 7500 6464 5669 
1353 1250 1129 1000 870 750 646 566 517 500 517 
495 624 886 827 941 955 1488 1485 1458 
654 766 872 904 905 1191 1098 1396 1397 
627 728 847 700 892 1141 1171 1424 1459 
676 543 615 1038 874 946 1386 1136 1617 
618 720 851 982 969 1162 1458 1111 1152 
660 713 727 953 1054 1197 1135 1348 1640 
536 614 642 997 1184 1103 1233 1152 1701 
539 692 812 945 902 1332 1235 1603 1279 
672 598 779 819 1181 1345 1306 1358 1236 
571 531 731 765 812 997 1049 1274 1580 
603 582 646 736 1031 1185 1163 1519 1602 
552 643 758 699 1092 1192 1217 1500 1290 
646 760 752 789 860 1313 1137 1186 1193 
650 637 692 1003 947 999 1233 1496 1706 
606 540 680 738 1173 1060 1073 1238 1570 
634 715 820 976 963 1114 1123 1545 1278 
651 539 656 913 1047 1215 1472 1268 1412 
506 718 705 776 1058 997 1337 1396 1243 
523 565 623 714 802 1187 1255 1339 1520 
613 753 694 748 1059 1046 1408 1235 1169 
596 718 763 786 1073 1059 1054 1297 1626 
458 575 895 759 1179 1220 1188 1503 1196 
623 552 862 831 1146 1011 1324 1369 1711 
565 602 696 915 1189 1032 1191 1221 1621 
673 562 766 804 884 1344 1433 1270 1626 
661 641 765 723 1052 909 1477 1467 1536 
587 601 740 781 821 1106 1296 1242 1658 
491 540 819 753 1019 1170 1328 1112 1156 
527 606 709 979 862 1354 1304 1391 1239 
655 756 731 943 806 1157 1251 1361 1596 
483 756 791 1009 936 1169 1449 1087 1404 
595 688 659 746 1066 1124 1469 1111 1229 
586 670 794 871 1022 921 1357 1437 1380 
576 546 757 792 975 946 1024 1536 1586 
640 626 872 827 954 1351 1072 1445 1691 
594 611 760 817 1132 1093 1285 1490 1518 
482 574 810 834 875 1292 1085 1281 1478 
560 752 798 838 1199 1262 1034 1440 1698 
530 594 852 841 879 1110 1475 1554 1585 
470 724 678 926 1006 945 1274 1244 1244 
515 530 675 772 1039 951 1322 1261 1380 
490 592 645 710 1145 1251 1455 1296 1288 
499 772 779 929 1166 1264 1354 1338 1558 
643 518 630 701 882 1233 1328 1337 1428 
647 658 735 812 1097 1038 1477 1360 1302 
485 577 875 800 978 1299 1112 1618 1493 
567 683 891 860 1142 1158 1382 1585 1404 
555 639 808 882 1126 995 1477 1397 1532 
489 752 603 769 1172 1280 1188 1149 1652 
625 702 722 752 933 1049 1485 1220 1147 
