20 6 20
7 100
340 85 77 75 77 85 96 112 130 149 169 187 203 214 222 225 222 214 203 187 169 
340 113 103 100 103 113 129 149 174 199 225 249 270 286 296 300 296 286 270 250 225 
340 141 129 125 129 141 161 187 217 249 282 312 338 358 370 375 370 358 338 312 282 
340 170 155 150 155 170 193 224 261 299 338 374 406 429 444 450 444 429 406 375 338 
340 198 180 175 180 198 226 262 304 349 395 437 473 501 519 525 519 501 473 437 395 
100000 5669 5170 5000 5170 5669 6464 7499 8705 9999 11294 12499 13535 14330 14829 15000 14829 14330 13535 12500 11294 
1433 1482 1499 1482 1433 1353 1250 
1041 1072 797 878 542 547 471 570 473 471 564 789 1017 
1293 1196 742 744 665 672 620 431 574 586 720 851 901 
1147 1125 1023 661 652 595 490 548 432 539 714 752 768 
909 932 797 828 657 533 567 562 480 630 639 794 912 
1306 1170 880 696 648 607 459 436 552 492 549 712 818 
1153 844 953 617 696 663 531 575 605 507 585 867 942 
970 1075 850 794 606 594 457 435 541 468 674 683 1019 
1291 954 861 855 599 677 551 494 491 590 738 763 1027 
1075 960 740 890 711 652 491 566 492 483 707 819 926 
1197 900 892 680 718 504 595 542 614 654 694 705 900 
1079 956 997 702 713 638 543 416 424 580 771 854 859 
1172 1137 1016 772 623 594 604 486 532 668 657 831 699 
963 1197 1041 875 743 632 450 518 444 675 740 608 957 
1050 1089 924 743 692 678 418 485 614 618 732 700 714 
1240 831 852 871 602 616 611 466 523 606 600 819 782 
1136 1046 711 823 695 505 504 588 535 676 750 630 831 
938 887 747 865 741 580 491 455 605 489 710 661 817 
1016 987 986 841 730 474 498 452 475 653 542 866 944 
1180 969 723 754 662 494 427 513 595 493 555 730 731 
1171 1148 896 893 617 524 513 469 516 629 634 692 781 
1322 1188 818 836 747 543 563 585 453 676 700 631 707 
1301 824 709 879 553 519 550 424 494 465 749 811 778 
1045 1191 708 892 667 614 474 550 582 568 711 812 820 
1170 1037 782 747 541 665 413 586 520 642 672 873 812 
1292 1124 732 625 571 493 435 563 563 615 696 662 1010 
1268 1016 772 694 735 611 544 480 560 553 590 628 953 
1272 951 799 665 651 610 540 402 488 459 613 732 716 
1249 931 1028 755 741 478 571 476 435 631 765 604 1037 
1161 897 935 614 560 649 442 422 541 647 586 607 782 
965 857 871 769 682 474 579 536 612 459 655 643 949 
1258 1029 939 655 692 516 601 438 610 671 557 637 839 
1317 1176 990 870 735 674 475 573 419 457 738 818 734 
1334 1187 793 831 533 512 578 448 608 592 555 870 715 
1069 1020 985 721 578 509 562 448 619 625 746 706 896 
918 1133 973 787 538 477 550 433 503 648 716 722 713 
1336 1097 804 893 758 568 423 479 552 590 744 702 750 
1063 1030 967 629 590 457 465 571 581 672 738 725 930 
1232 1094 974 603 690 629 573 534 478 638 564 777 1039 
1350 1092 969 810 646 587 607 465 513 600 519 792 768 
1251 1129 823 706 748 495 575 506 477 540 524 840 1033 
1197 1049 837 650 643 543 502 491 480 528 674 629 875 
1112 1196 1018 634 630 611 610 485 572 560 673 823 849 
1021 1132 805 876 656 462 606 441 533 483 574 889 837 
1144 1178 816 795 642 552 549 404 523 575 611 780 873 
934 1041 937 849 582 628 506 503 431 513 518 810 739 
909 907 711 796 735 499 589 542 477 613 583 870 716 
1303 918 886 701 749 511 420 550 434 472 760 844 949 
1015 1129 849 840 747 492 609 499 533 566 689 810 880 
916 1100 1026 796 766 517 512 452 571 512 685 821 853 
1164 947 723 716 668 637 540 498 474 482 714 708 1003 
1076 854 799 754 613 656 547 431 545 596 647 724 801 
1216 860 1039 609 572 521 600 554 571 571 533 752 1021 
1310 861 967 805 603 605 441 566 507 670 590 749 929 
904 854 995 677 518 553 427 403 486 520 686 717 707 
980 918 905 657 706 506 559 560 442 509 534 637 716 
1133 884 703 628 547 573 560 579 564 635 538 773 726 
907 860 971 829 618 616 417 411 464 655 640 679 837 
1126 875 788 864 524 578 561 529 455 466 707 602 934 
1112 941 888 640 774 605 438 431 612 669 725 660 825 
1196 962 711 852 646 529 611 500 570 553 552 630 951 
1215 989 704 768 578 519 513 512 573 480 662 885 937 
953 941 820 895 564 650 595 476 518 455 549 806 830 
1016 1192 959 650 594 577 437 453 501 458 694 863 933 
1307 1030 859 822 592 545 560 518 584 480 732 825 973 
1272 840 787 614 643 553 452 478 451 638 730 862 881 
1126 923 962 649 709 655 542 581 429 587 584 684 915 
1088 1172 782 836 737 599 557 524 614 656 675 676 932 
1212 965 952 735 554 544 521 458 548 643 561 610 952 
1158 924 963 797 695 570 542 592 464 489 670 869 817 
1276 1045 699 832 627 603 569 498 528 463 647 608 763 
1177 1105 765 719 549 664 451 400 519 565 607 894 747 
1323 1138 878 898 583 554 505 548 507 575 525 806 948 
1267 1149 891 847 660 640 426 480 434 599 587 790 783 
1112 1065 1043 692 674 677 529 522 604 605 678 603 757 
912 805 800 780 746 665 429 451 426 609 769 656 722 
945 1091 727 803 772 472 508 531 541 674 760 673 800 
1336 1151 984 639 620 608 453 437 478 486 774 884 829 
1008 1076 837 636 656 599 531 523 596 599 736 858 776 
1140 811 725 750 547 524 441 474 468 482 599 782 734 
989 1066 743 700 657 483 477 538 619 605 671 709 972 
1194 859 889 838 670 564 595 423 564 629 748 744 782 
1286 953 760 845 659 612 613 459 520 640 700 627 1030 
1084 883 745 761 629 666 419 594 598 482 551 723 1023 
1347 936 773 886 623 506 462 432 429 519 538 899 756 
1350 1082 1034 801 610 593 464 499 600 459 680 719 812 
1090 897 996 656 685 569 611 538 467 629 625 865 1016 
987 1128 859 824 550 494 487 516 596 647 618 809 957 
925 865 760 701 721 559 516 454 565 521 598 600 898 
1313 915 1020 764 731 625 544 527 503 466 597 627 1000 
1127 904 1017 890 666 574 570 594 537 573 762 804 771 
1242 877 994 898 621 593 505 533 430 580 657 624 790 
1337 1044 867 857 700 644 468 478 566 505 671 690 782 
1007 936 962 875 665 575 523 483 432 621 595 614 734 
1229 1193 1017 702 693 557 508 553 516 493 665 726 759 
981 957 922 623 740 646 552 586 457 675 538 717 895 
1037 831 721 866 535 465 570 498 587 541 730 648 700 
907 995 961 879 675 679 428 440 424 522 546 786 1005 
1072 1046 908 746 692 660 504 548 617 666 545 831 712 
1150 888 936 673 755 615 578 570 456 624 581 880 756 
1214 1042 878 614 604 521 441 466 522 549 587 810 757 
