50 6 20
16 5
340 75 77 85 96 112 130 149 169 187 203 214 222 225 222 214 203 187 169 150 130 112 96 85 77 75 77 85 96 112 130 149 169 187 203 214 222 225 222 214 203 187 169 150 130 112 96 85 77 75 77 
340 100 103 113 129 149 174 199 225 249 270 286 296 300 296 286 270 250 225 200 174 150 129 113 103 100 103 113 129 149 174 199 225 249 270 286 296 300 296 286 270 250 225 200 174 150 129 113 103 100 103 
340 125 129 141 161 187 217 249 282 312 338 358 370 375 370 358 338 312 282 250 217 187 161 141 129 125 129 141 161 187 217 249 282 312 338 358 370 375 370 358 338 312 282 250 217 187 161 141 129 125 129 
340 150 155 170 193 224 261 299 338 374 406 429 444 450 444 429 406 375 338 300 261 225 193 170 155 150 155 170 193 224 261 299 338 374 406 429 444 450 444 429 406 375 338 300 261 225 193 170 155 150 155 
340 175 180 198 226 262 304 349 395 437 473 501 519 525 519 501 473 437 395 350 304 262 226 198 180 175 180 198 226 262 304 349 395 437 473 501 519 525 519 501 473 437 395 350 304 262 226 198 180 175 180 
100000 5000 5170 5669 6464 7499 8705 9999 11294 12499 13535 14330 14829 15000 14829 14330 13535 12500 11294 10000 8705 7500 6464 5669 5170 5000 5170 5669 6464 7499 8705 9999 11294 12499 13535 14330 14829 15000 14829 14330 13535 12500 11294 10000 8705 7500 6464 5669 5170 5000 5170 
1499 1482 1433 1353 1250 1129 1000 870 750 646 566 517 500 517 566 646 
724 731 1125 1334 1203 1520 1560 1728 1294 1542 1364 1256 1164 1046 917 731 687 746 465 586 554 467 667 720 631 877 1180 1251 1022 1250 1653 1568 1583 1264 
851 983 829 1192 1348 1417 1158 1485 1749 1643 1382 1592 1147 912 852 876 888 522 589 475 453 520 606 768 858 705 1165 1342 1297 1614 1487 1358 1514 1528 
748 1044 1092 1007 1454 1131 1224 1761 1704 1629 1191 1415 1436 1189 1132 715 799 587 639 520 508 444 615 554 648 900 856 1220 1355 1101 1291 1670 1568 1664 
843 882 886 1324 1036 1393 1373 1274 1292 1247 1502 1446 1049 1081 937 983 716 566 517 434 415 442 565 725 700 741 1105 1258 1250 1549 1270 1453 1511 1505 
802 895 1140 1336 1351 1096 1506 1731 1692 1213 1308 1201 1419 941 937 746 837 740 597 568 490 566 584 726 861 1023 1135 1245 1465 1509 1165 1461 1418 1492 
