20 6 20
7 50
340 96 112 130 149 169 187 203 214 222 225 222 214 203 187 169 150 130 112 96 85 
340 129 149 174 199 225 249 270 286 296 300 296 286 270 250 225 200 174 150 129 113 
340 161 187 217 249 282 312 338 358 370 375 370 358 338 312 282 250 217 187 161 141 
340 193 224 261 299 338 374 406 429 444 450 444 429 406 375 338 300 261 225 193 170 
340 226 262 304 349 395 437 473 501 519 525 519 501 473 437 395 350 304 262 226 198 
100000 6464 7499 8705 9999 11294 12499 13535 14330 14829 15000 14829 14330 13535 12500 11294 10000 8705 7500 6464 5669 
1353 1250 1129 1000 870 750 646 
557 474 476 415 651 588 870 892 936 951 1419 1125 1711 
466 607 426 442 557 703 633 820 806 1100 1339 1547 1659 
605 489 538 528 608 755 752 988 828 1224 1132 1204 1631 
644 559 552 523 512 767 786 819 1007 974 1379 1176 1388 
503 544 430 483 453 638 859 793 1104 919 1424 1401 1180 
540 468 474 480 572 702 727 1019 1015 1266 1433 1176 1178 
586 456 592 532 559 533 759 910 1045 1001 1063 1165 1453 
521 592 463 599 621 708 836 743 899 923 1459 1090 1459 
467 415 538 526 545 694 716 943 1116 1325 1128 1528 1522 
597 528 569 497 498 699 638 928 861 1046 1339 1298 1294 
638 554 429 414 616 523 717 726 880 918 1094 1458 1704 
480 435 442 446 589 689 662 764 937 1002 1092 1277 1462 
579 444 410 474 476 605 721 733 830 1001 1136 1235 1380 
460 475 434 571 475 525 639 898 855 1250 1185 1279 1541 
500 501 435 423 555 633 787 954 1012 940 1066 1588 1708 
466 617 566 535 527 731 733 1020 1155 947 1381 1469 1160 
478 572 527 458 512 589 821 835 843 933 1453 1517 1548 
503 545 423 413 514 668 646 956 1189 926 1383 1403 1306 
679 456 573 496 600 693 842 875 916 1044 1298 1098 1377 
491 424 570 542 607 601 813 952 831 1096 1462 1205 1217 
670 539 501 579 645 729 715 780 988 1155 1461 1394 1152 
482 461 583 480 639 592 667 791 948 1108 1119 1490 1260 
599 461 470 585 654 716 879 887 909 1002 1481 1465 1682 
500 419 527 435 628 585 810 1013 957 956 1191 1597 1526 
509 605 447 567 671 644 799 851 1177 1014 1256 1085 1548 
554 443 481 524 660 636 721 827 1149 1002 1463 1269 1533 
628 454 472 475 545 559 804 758 1108 1151 1324 1222 1467 
492 532 557 417 640 521 839 826 941 1071 1382 1491 1280 
469 487 553 475 507 732 663 998 869 1349 1074 1085 1427 
478 583 418 461 680 662 738 989 962 1036 1160 1269 1690 
608 542 500 604 581 565 714 699 1085 1234 1075 1247 1489 
465 492 541 442 466 727 618 740 1165 1280 1033 1286 1698 
582 497 438 555 652 538 681 831 866 1085 1302 1543 1323 
589 516 534 519 579 587 744 880 1028 1266 1393 1085 1558 
543 547 463 548 492 752 835 844 1013 993 1259 1204 1605 
545 587 510 532 658 661 825 704 859 1339 1199 1376 1710 
654 522 408 465 598 543 689 704 901 1262 1291 1157 1577 
555 437 446 599 511 620 611 766 829 963 1057 1386 1672 
603 577 474 620 608 641 730 824 886 947 1256 1397 1420 
647 605 474 563 469 759 843 936 903 1063 1441 1447 1277 
488 414 580 487 559 621 678 985 1128 1289 1470 1617 1650 
620 447 515 545 650 659 617 817 844 980 1362 1103 1250 
678 586 591 552 609 651 845 949 994 1169 1074 1272 1220 
469 540 561 522 592 684 633 763 1012 1013 1011 1133 1515 
509 533 593 561 671 667 815 914 993 915 1489 1111 1455 
674 504 572 452 624 529 877 788 821 1185 1281 1555 1616 
468 493 556 505 602 700 618 761 1052 1016 1418 1281 1454 
537 504 439 528 579 742 844 803 933 1304 1221 1225 1377 
570 438 476 440 548 525 608 757 1167 1298 1381 1328 1700 
497 442 426 416 509 538 876 709 907 1308 1174 1407 1529 
