5 2 20
4 100
1700 96 85 77 75 77 
100000 6464 5669 5170 5000 5170 
1353 1433 1482 1499 
1555 
1505 
1461 
1506 
1495 
1495 
1543 
1476 
1453 
1506 
1459 
1427 
1477 
1472 
1549 
1488 
1518 
1493 
1429 
1484 
1544 
1473 
1451 
1441 
1428 
1430 
1513 
1428 
1461 
1446 
1434 
1443 
1427 
1422 
1421 
1479 
1491 
1541 
1504 
1435 
1493 
1531 
1556 
1459 
1442 
1547 
1543 
1499 
1455 
1437 
1534 
1535 
1549 
1505 
1554 
1412 
1461 
1549 
1421 
1462 
1493 
1553 
1521 
1498 
1460 
1441 
1553 
1434 
1536 
1463 
1475 
1411 
1488 
1525 
1512 
1441 
1506 
1485 
1466 
1541 
1411 
1445 
1534 
1489 
1451 
1409 
1442 
1461 
1464 
1416 
1455 
1514 
1473 
1514 
1475 
1451 
1520 
1476 
1484 
1415 
