50 2 20
26 50
1700 85 77 75 77 85 96 112 130 149 169 187 203 214 222 225 222 214 203 187 169 150 130 112 96 85 77 75 77 85 96 112 130 149 169 187 203 214 222 225 222 214 203 187 169 150 130 112 96 85 77 
100000 5669 5170 5000 5170 5669 6464 7499 8705 9999 11294 12499 13535 14330 14829 15000 14829 14330 13535 12500 11294 10000 8705 7500 6464 5669 5170 5000 5170 5669 6464 7499 8705 9999 11294 12499 13535 14330 14829 15000 14829 14330 13535 12500 11294 10000 8705 7500 6464 5669 5170 
1433 1482 1499 1482 1433 1353 1250 1129 1000 870 750 646 566 517 500 517 566 646 749 870 999 1129 1249 1353 1433 1482 
1489 1439 1459 1416 1193 1103 1047 827 721 649 547 528 484 523 570 645 763 897 1020 1147 1193 1403 1449 1528 
1470 1423 1495 1291 1240 1075 957 873 728 661 580 532 519 492 585 662 718 848 972 1115 1238 1318 1422 1523 
1517 1437 1404 1348 1199 1151 981 899 772 674 558 517 507 505 551 649 728 843 997 1097 1293 1386 1375 1459 
1570 1494 1370 1401 1280 1151 979 885 780 673 578 513 520 508 552 627 723 872 998 1164 1230 1299 1428 1526 
1440 1438 1462 1372 1252 1106 1036 860 771 636 590 499 523 513 569 664 753 892 986 1179 1209 1357 1489 1445 
1444 1454 1471 1343 1294 1110 960 833 726 656 570 511 505 507 539 674 719 882 988 1101 1303 1368 1419 1427 
1442 1507 1373 1328 1264 1160 1005 892 720 676 593 532 503 517 554 658 739 882 1000 1160 1303 1305 1403 1486 
1430 1510 1419 1295 1260 1087 1046 849 773 669 540 535 480 504 561 677 714 857 969 1111 1311 1400 1362 1467 
1438 1475 1415 1299 1234 1166 978 840 741 614 553 517 524 522 546 624 743 892 1018 1168 1259 1406 1425 1510 
1491 1494 1490 1346 1277 1111 961 863 746 655 557 522 522 498 561 632 747 852 1008 1121 1220 1334 1457 1450 
1466 1553 1487 1353 1196 1108 1002 831 750 676 589 515 496 526 555 642 721 908 1038 1132 1277 1363 1494 1537 
1462 1478 1410 1379 1270 1123 969 876 740 639 584 492 511 536 558 662 783 830 979 1155 1301 1322 1373 1503 
1478 1455 1489 1290 1297 1112 1047 852 731 658 586 495 500 523 547 639 732 834 1049 1142 1283 1374 1422 1547 
1440 1492 1450 1355 1191 1098 1034 882 713 675 569 506 509 511 567 642 757 855 1024 1117 1214 1337 1480 1505 
1440 1459 1405 1339 1251 1121 966 843 779 647 577 496 513 511 583 649 752 849 987 1122 1254 1332 1407 1503 
1429 1548 1370 1335 1225 1177 987 884 759 657 592 516 493 528 582 653 776 832 1014 1151 1209 1333 1504 1544 
1569 1535 1402 1361 1295 1138 956 890 776 636 546 527 494 500 582 628 726 896 999 1182 1296 1386 1408 1518 
1435 1504 1368 1355 1239 1114 985 896 783 651 566 528 486 500 551 676 784 876 1014 1084 1206 1390 1481 1499 
1531 1511 1480 1406 1260 1123 1024 878 732 670 580 527 511 514 573 659 764 869 1007 1182 1222 1417 1380 1423 
1557 1532 1451 1313 1239 1081 974 876 766 646 549 505 486 517 582 655 768 879 1042 1121 1247 1328 1413 1496 
1433 1537 1424 1325 1283 1124 1048 858 765 653 564 523 478 499 567 634 738 882 969 1083 1259 1324 1504 1534 
1483 1543 1383 1390 1197 1117 955 906 745 627 558 525 500 536 582 642 720 876 1037 1182 1196 1400 1504 1485 
1469 1509 1467 1328 1252 1175 1038 881 764 618 556 533 478 535 592 652 775 846 1042 1076 1245 1314 1416 1477 
1484 1498 1492 1391 1252 1143 1039 855 778 644 545 535 476 500 578 670 768 876 1015 1140 1198 1363 1385 1556 
1558 1535 1373 1326 1266 1086 1002 834 745 668 538 521 504 529 552 636 787 830 1045 1143 1211 1373 1448 1549 
1457 1433 1468 1302 1291 1087 1018 912 770 630 546 508 481 492 580 638 765 878 1039 1174 1253 1304 1497 1510 
1447 1506 1390 1350 1206 1137 1005 885 740 664 567 510 481 535 556 669 733 895 1021 1073 1209 1288 1422 1544 
1466 1472 1457 1307 1276 1129 1023 903 744 666 547 503 483 538 559 636 717 878 972 1108 1296 1390 1463 1473 
1545 1415 1474 1301 1196 1181 1033 889 772 621 582 532 504 502 548 675 750 844 999 1152 1264 1339 1460 1515 
1542 1550 1431 1399 1196 1144 986 909 736 668 577 514 486 511 540 633 751 881 1049 1100 1274 1340 1459 1468 
1525 1517 1388 1373 1300 1119 955 831 753 645 553 534 515 537 573 622 743 845 958 1158 1201 1366 1498 1498 
1470 1436 1427 1400 1273 1171 1004 843 771 649 571 533 504 496 584 615 713 914 1034 1093 1224 1391 1455 1435 
1460 1465 1499 1389 1227 1135 988 834 756 628 574 539 489 501 586 661 736 828 986 1173 1226 1330 1378 1527 
1488 1486 1486 1377 1286 1091 1001 892 754 668 578 499 502 542 590 656 741 859 982 1168 1228 1368 1438 1546 
1474 1512 1440 1363 1286 1145 954 830 757 635 557 497 508 526 542 677 767 849 1049 1140 1254 1329 1364 1507 
1478 1482 1463 1397 1279 1086 992 840 747 639 567 516 516 509 565 669 785 902 1007 1103 1239 1377 1363 1479 
1531 1488 1486 1382 1210 1153 1049 911 765 658 554 498 500 513 546 629 785 836 1046 1103 1235 1347 1375 1526 
1510 1533 1396 1401 1260 1097 1043 852 714 666 579 496 496 492 595 671 731 848 1037 1184 1285 1415 1386 1480 
1530 1420 1499 1350 1239 1149 1001 908 786 625 559 521 515 495 551 677 774 862 977 1109 1230 1399 1361 1435 
1486 1509 1459 1361 1280 1168 1034 884 718 662 589 525 477 515 546 663 745 911 982 1084 1297 1389 1379 1487 
1551 1540 1447 1410 1195 1125 1034 836 725 662 552 491 509 540 556 615 721 896 1003 1112 1247 1286 1389 1450 
1535 1497 1474 1294 1264 1129 1024 864 742 616 545 511 517 539 550 639 724 860 994 1123 1188 1401 1450 1447 
1495 1425 1496 1289 1311 1089 1031 908 731 654 585 494 522 502 538 654 742 901 1009 1095 1187 1417 1451 1440 
1504 1526 1432 1417 1211 1169 1009 876 736 665 570 498 523 518 590 656 712 897 1033 1150 1304 1362 1459 1485 
1479 1489 1377 1392 1309 1079 994 846 719 636 592 524 515 541 592 651 749 841 965 1087 1298 1343 1405 1528 
1506 1437 1438 1348 1272 1178 991 913 742 649 546 521 489 510 588 649 729 885 1023 1125 1254 1411 1395 1472 
1482 1522 1484 1336 1227 1176 1010 850 716 677 539 538 495 512 575 640 727 871 994 1178 1258 1393 1500 1526 
1557 1496 1374 1347 1205 1094 1033 886 786 638 545 503 521 529 555 637 736 880 1021 1129 1239 1395 1464 1495 
1435 1454 1387 1315 1250 1181 1013 914 761 624 573 520 499 539 593 640 780 910 1026 1081 1245 1339 1459 1539 
1528 1521 1414 1378 1203 1148 1026 896 779 616 585 528 520 501 572 659 763 884 974 1156 1251 1289 1465 1425 
