10 6 20
4 100
340 96 112 130 149 169 187 203 214 222 225 
340 129 149 174 199 225 249 270 286 296 300 
340 161 187 217 249 282 312 338 358 370 375 
340 193 224 261 299 338 374 406 429 444 450 
340 226 262 304 349 395 437 473 501 519 525 
100000 6464 7499 8705 9999 11294 12499 13535 14330 14829 15000 
1353 1250 1129 1000 
576 1197 843 626 279 742 
892 1149 826 260 209 243 
992 833 854 671 264 781 
1169 677 658 902 529 675 
1091 637 824 435 273 351 
621 437 620 792 513 610 
1120 957 798 392 806 267 
1381 419 834 370 299 252 
515 603 1005 290 669 779 
709 1096 517 895 805 784 
714 938 691 604 507 661 
1068 412 413 513 294 295 
421 680 791 704 457 227 
797 472 351 439 491 435 
715 360 271 734 666 776 
1303 316 953 877 456 534 
1374 689 427 243 770 499 
379 1134 325 631 207 694 
575 1189 785 571 271 350 
1340 333 967 436 361 782 
1287 444 861 631 226 724 
1298 804 654 850 549 628 
992 714 743 566 766 628 
790 984 373 841 244 373 
439 1183 806 888 426 601 
1245 1084 738 839 421 244 
760 574 484 689 495 668 
1140 972 583 749 384 530 
611 599 295 902 516 571 
1216 765 946 770 573 415 
1330 385 839 554 550 780 
355 342 1004 272 735 652 
439 349 644 834 675 713 
837 723 809 549 550 332 
1313 1142 524 830 309 480 
410 817 479 571 777 531 
560 856 833 447 240 766 
1381 603 615 389 219 285 
775 412 813 478 639 578 
579 628 580 650 232 689 
794 499 384 376 418 672 
835 795 962 621 282 758 
702 918 410 705 524 379 
534 930 650 868 622 246 
846 982 972 608 398 449 
833 689 276 744 545 266 
774 1011 704 679 735 227 
680 405 899 240 241 708 
361 906 576 903 526 590 
414 426 378 423 278 298 
650 319 449 629 297 354 
814 554 358 458 532 683 
415 910 328 462 745 578 
610 731 707 407 671 602 
614 798 822 788 631 270 
1252 977 552 304 275 719 
1217 616 798 901 509 337 
1072 836 584 640 698 381 
517 460 687 247 620 469 
1213 833 940 859 566 271 
1244 851 895 306 795 402 
1266 788 1004 328 654 625 
1200 495 683 485 600 462 
740 1101 838 425 721 588 
956 361 930 800 760 214 
1015 950 502 639 348 362 
1090 572 619 656 368 337 
912 416 869 248 610 333 
627 510 554 384 213 540 
390 481 622 520 629 633 
492 343 267 267 540 441 
1318 701 817 629 750 715 
657 871 852 337 466 424 
1035 1113 819 591 793 599 
1059 812 445 416 404 393 
1060 977 884 352 767 363 
1237 997 533 288 442 652 
573 905 631 827 582 762 
421 1116 506 856 362 410 
1185 976 900 793 565 309 
1355 1188 935 684 474 552 
983 499 589 882 537 725 
797 575 782 387 249 773 
1246 1023 606 410 503 504 
1329 437 467 409 744 715 
657 1144 322 324 734 463 
1275 636 660 555 378 606 
435 918 1004 728 545 460 
515 575 973 449 579 238 
423 827 822 830 373 328 
932 408 823 423 327 787 
1192 505 566 657 278 414 
617 387 430 656 457 500 
567 1079 800 806 691 376 
1308 1078 360 785 448 779 
673 1021 265 265 395 618 
1045 432 668 524 530 453 
1373 1073 314 816 676 220 
905 321 369 809 498 791 
368 939 368 371 692 551 
