50 6 20
16 5
340 130 149 169 187 203 214 222 225 222 214 203 187 169 150 130 112 96 85 77 75 77 85 96 112 130 149 169 187 203 214 222 225 222 214 203 187 169 150 130 112 96 85 77 75 77 85 96 112 130 149 
340 174 199 225 249 270 286 296 300 296 286 270 250 225 200 174 150 129 113 103 100 103 113 129 149 174 199 225 249 270 286 296 300 296 286 270 250 225 200 174 150 129 113 103 100 103 113 129 149 174 199 
340 217 249 282 312 338 358 370 375 370 358 338 312 282 250 217 187 161 141 129 125 129 141 161 187 217 249 282 312 338 358 370 375 370 358 338 312 282 250 217 187 161 141 129 125 129 141 161 187 217 249 
340 261 299 338 374 406 429 444 450 444 429 406 375 338 300 261 225 193 170 155 150 155 170 193 224 261 299 338 374 406 429 444 450 444 429 406 375 338 300 261 225 193 170 155 150 155 170 193 224 261 299 
340 304 349 395 437 473 501 519 525 519 501 473 437 395 350 304 262 226 198 180 175 180 198 226 262 304 349 395 437 473 501 519 525 519 501 473 437 395 350 304 262 226 198 180 175 180 198 226 262 304 349 
100000 8705 9999 11294 12499 13535 14330 14829 15000 14829 14330 13535 12500 11294 10000 8705 7500 6464 5669 5170 5000 5170 5669 6464 7499 8705 9999 11294 12499 13535 14330 14829 15000 14829 14330 13535 12500 11294 10000 8705 7500 6464 5669 5170 5000 5170 5669 6464 7499 8705 9999 
1129 1000 870 750 646 566 517 500 517 566 646 749 870 999 1129 1249 
1269 1579 1360 1738 1388 1152 1188 1489 1069 873 926 715 640 609 465 505 545 554 563 692 1043 804 1053 1490 1414 1273 1572 1683 1722 1565 1594 1272 1140 902 
1367 1381 1716 1721 1584 1467 1126 1111 1066 1095 792 899 593 484 531 490 539 471 579 725 802 1061 1043 1271 1526 1619 1491 1319 1632 1243 1353 1413 981 1125 
1290 1202 1486 1597 1444 1570 1323 1258 949 938 1001 652 538 463 473 422 551 528 672 849 720 1177 1324 1225 1608 1215 1319 1625 1777 1174 1210 1426 1049 1159 
1537 1500 1289 1346 1258 1621 1281 1122 1000 1091 940 724 616 600 483 462 471 471 758 614 1001 1112 1234 1432 1087 1704 1379 1636 1221 1284 1259 1097 1199 893 
1428 1415 1749 1654 1529 1673 1288 1169 1144 1187 842 862 622 600 465 488 526 611 743 864 820 1007 1172 1122 1300 1650 1382 1595 1240 1506 1502 1389 1247 945 
