20 3 20
7 10
850 85 96 112 130 149 169 187 203 214 222 225 222 214 203 187 169 150 130 112 96 
850 113 129 149 174 199 225 249 270 286 296 300 296 286 270 250 225 200 174 150 129 
100000 5669 6464 7499 8705 9999 11294 12499 13535 14330 14829 15000 14829 14330 13535 12500 11294 10000 8705 7500 6464 
1433 1353 1250 1129 1000 870 750 
702 671 451 432 468 546 640 832 983 1193 1215 1084 1085 
517 459 581 531 552 463 764 826 823 902 1221 1299 1550 
708 462 430 492 459 554 573 672 913 876 1197 1192 1343 
743 546 591 458 483 575 599 650 873 1171 1159 1418 1253 
766 547 499 444 474 522 761 752 828 1002 975 1426 1120 
586 548 489 585 563 530 676 749 1027 811 1253 1140 1608 
630 556 528 414 573 531 741 684 847 892 1051 1175 1346 
650 556 424 417 577 636 566 856 904 839 966 1324 1587 
524 503 570 527 520 646 749 663 911 1079 926 1094 1502 
721 586 547 534 584 600 762 715 906 897 1041 1024 1566 
