20 11 20
7 5
170 85 77 75 77 85 96 112 130 149 169 187 203 214 222 225 222 214 203 187 169 
170 113 103 100 103 113 129 149 174 199 225 249 270 286 296 300 296 286 270 250 225 
170 141 129 125 129 141 161 187 217 249 282 312 338 358 370 375 370 358 338 312 282 
170 170 155 150 155 170 193 224 261 299 338 374 406 429 444 450 444 429 406 375 338 
170 198 180 175 180 198 226 262 304 349 395 437 473 501 519 525 519 501 473 437 395 
170 226 206 200 206 226 258 299 348 399 451 499 541 573 593 600 593 573 541 500 451 
170 255 232 225 232 255 290 337 391 449 508 562 609 644 667 675 667 644 609 562 508 
170 283 258 250 258 283 323 374 435 499 564 624 676 716 741 750 741 716 676 625 564 
170 311 284 275 284 311 355 412 478 549 621 687 744 788 815 825 815 788 744 687 621 
170 340 310 300 310 340 387 449 522 599 677 749 812 859 889 900 889 859 812 750 677 
100000 5669 5170 5000 5170 5669 6464 7499 8705 9999 11294 12499 13535 14330 14829 15000 14829 14330 13535 12500 11294 
1433 1482 1499 1482 1433 1353 1250 
1099 983 890 775 671 552 506 497 528 561 632 771 866 
1158 1044 873 748 651 568 491 520 531 564 633 736 884 
1146 973 863 776 676 538 512 479 507 568 642 757 891 
1112 953 903 767 634 582 511 483 523 544 621 746 886 
1139 995 876 728 650 569 504 480 505 551 668 750 889 
