10 11 20
4 100
170 85 77 75 77 85 96 112 130 149 169 
170 113 103 100 103 113 129 149 174 199 225 
170 141 129 125 129 141 161 187 217 249 282 
170 170 155 150 155 170 193 224 261 299 338 
170 198 180 175 180 198 226 262 304 349 395 
170 226 206 200 206 226 258 299 348 399 451 
170 255 232 225 232 255 290 337 391 449 508 
170 283 258 250 258 283 323 374 435 499 564 
170 311 284 275 284 311 355 412 478 549 621 
170 340 310 300 310 340 387 449 522 599 677 
100000 5669 5170 5000 5170 5669 6464 7499 8705 9999 11294 
1433 1482 1499 1482 
993 2106 1822 1329 464 791 
2191 1866 1214 1101 1011 1191 
1814 780 629 1746 1359 1273 
1164 1507 707 1268 973 1285 
1374 1994 1779 1523 893 470 
878 1072 1700 955 1498 675 
765 552 735 1234 484 1106 
1718 1675 1746 1671 791 912 
1840 813 1554 1067 537 1324 
2180 1292 607 1597 1219 656 
1900 1901 1024 1280 584 1247 
1063 938 1337 1627 650 1208 
990 787 1324 1284 682 1021 
2199 2028 1282 798 1112 1249 
578 1917 1543 1780 666 1338 
1776 1067 961 1516 1082 930 
772 1757 1674 1554 433 1238 
1099 1631 1083 880 673 460 
628 1915 955 1471 1464 1083 
756 1031 666 683 421 796 
1839 1346 1649 502 744 1299 
1847 860 1010 1568 1353 985 
1431 1803 1630 1749 1298 610 
1191 2082 1489 1720 1423 811 
1274 1407 1887 1090 505 1084 
1009 1360 914 796 807 1200 
1124 749 1799 830 789 707 
1091 1263 939 1028 1540 596 
1273 1280 798 622 1480 678 
814 700 1256 771 791 651 
2169 896 1770 1292 816 826 
1380 958 1044 892 446 635 
1280 593 1814 918 491 923 
1240 1817 935 1664 1111 1233 
2089 1118 1708 1190 927 1153 
882 1995 1953 1058 805 1299 
1085 1850 1701 693 1255 718 
1336 1146 1677 564 1225 929 
2048 1959 1478 1257 604 356 
2264 1418 610 984 1100 695 
1125 1462 1928 1323 1470 451 
1188 912 984 1090 1085 991 
596 606 1046 1100 969 516 
1428 1429 1987 565 906 740 
1711 1674 1107 1601 749 1117 
1093 1720 649 1158 1240 462 
1815 1915 1449 646 949 444 
1627 1878 874 686 608 577 
1181 1185 1490 1805 608 1227 
1383 1451 835 911 983 1013 
1761 1616 1825 1416 1084 348 
705 681 1743 903 1581 1337 
1578 1803 1027 824 1302 885 
1161 2065 706 980 549 1201 
1339 1797 1499 854 589 1157 
1345 2146 1664 1012 809 1385 
1211 1903 991 1247 1509 528 
1133 1592 1139 591 1366 1041 
905 1829 1144 1399 865 568 
1319 738 786 1097 1561 822 
1624 1052 665 727 869 563 
1924 2152 1976 911 750 1229 
685 2074 1496 1766 1061 468 
1586 2001 1387 1409 512 645 
1446 1185 1587 795 567 887 
1313 1544 1360 1455 1455 1187 
1821 900 1129 1604 1282 634 
1268 1036 1477 719 521 727 
1212 1075 1862 601 769 1312 
718 857 1618 1744 1272 1156 
1195 1233 804 577 1454 661 
1881 1397 969 1278 1047 796 
1940 1978 1535 1318 912 820 
2003 2149 714 1436 1076 1024 
654 666 866 1330 631 721 
1887 1285 912 1412 1031 1293 
924 1696 1027 901 434 862 
1495 1038 763 1645 1325 1116 
1397 855 716 1448 1558 1142 
2205 666 1786 1498 1013 959 
1921 1439 1632 865 1164 1221 
1840 1835 606 668 1410 760 
735 2095 1840 1507 1282 808 
2055 1677 860 1641 906 557 
1915 1110 580 701 558 957 
2147 1614 948 1741 652 901 
1523 942 895 762 1412 662 
605 720 610 534 626 1250 
872 884 1656 1611 981 1320 
816 1690 1064 1653 950 1366 
1614 622 1373 793 832 803 
979 1459 1202 928 1156 747 
1832 962 887 578 1449 1216 
735 1023 555 870 1479 1129 
1142 1751 1808 852 859 585 
1157 1631 1038 1379 1276 820 
1321 1119 1295 541 609 899 
1352 796 1682 1301 1042 532 
1860 967 1062 1171 1255 681 
994 765 864 1375 733 1103 
