20 3 20
11 5
850 77 85 96 112 130 149 169 187 203 214 222 225 222 214 203 187 169 150 130 112 
850 103 113 129 149 174 199 225 249 270 286 296 300 296 286 270 250 225 200 174 150 
100000 5170 5669 6464 7499 8705 9999 11294 12499 13535 14330 14829 15000 14829 14330 13535 12500 11294 10000 8705 7500 
1482 1433 1353 1250 1129 1000 870 750 646 566 517 
532 503 459 612 880 755 802 1062 1391 
500 530 555 729 716 1019 881 1042 1437 
598 477 551 548 783 954 903 1097 1445 
521 534 578 683 833 836 867 1047 1460 
441 593 558 772 853 855 857 1274 1067 
