50 6 20
26 10
340 130 112 96 85 77 75 77 85 96 112 130 149 169 187 203 214 222 225 222 214 203 187 169 150 130 112 96 85 77 75 77 85 96 112 130 149 169 187 203 214 222 225 222 214 203 187 169 150 130 112 
340 174 150 129 113 103 100 103 113 129 149 174 199 225 249 270 286 296 300 296 286 270 250 225 200 174 150 129 113 103 100 103 113 129 149 174 199 225 249 270 286 296 300 296 286 270 250 225 200 174 150 
340 217 187 161 141 129 125 129 141 161 187 217 249 282 312 338 358 370 375 370 358 338 312 282 250 217 187 161 141 129 125 129 141 161 187 217 249 282 312 338 358 370 375 370 358 338 312 282 250 217 187 
340 261 225 193 170 155 150 155 170 193 224 261 299 338 374 406 429 444 450 444 429 406 375 338 300 261 225 193 170 155 150 155 170 193 224 261 299 338 374 406 429 444 450 444 429 406 375 338 300 261 225 
340 304 262 226 198 180 175 180 198 226 262 304 349 395 437 473 501 519 525 519 501 473 437 395 350 304 262 226 198 180 175 180 198 226 262 304 349 395 437 473 501 519 525 519 501 473 437 395 350 304 262 
100000 8705 7500 6464 5669 5170 5000 5170 5669 6464 7499 8705 9999 11294 12499 13535 14330 14829 15000 14829 14330 13535 12500 11294 10000 8705 7500 6464 5669 5170 5000 5170 5669 6464 7499 8705 9999 11294 12499 13535 14330 14829 15000 14829 14330 13535 12500 11294 10000 8705 7500 
1129 1249 1353 1433 1482 1499 1482 1433 1353 1250 1129 1000 870 750 646 566 517 500 517 566 646 749 870 999 1129 1249 
711 2046 1383 1922 1407 1858 986 1537 986 492 542 569 573 866 635 280 787 228 493 870 588 795 1695 1000 
1394 906 1073 2152 2236 1989 1460 1147 1535 1076 1260 334 317 510 435 252 342 523 291 900 651 1520 1724 785 
2027 2259 1565 1699 1444 838 1203 1932 1037 425 941 627 278 433 786 429 407 374 377 936 1224 1515 579 654 
1579 1649 1545 1918 1054 818 770 1378 821 1159 696 524 922 392 294 640 330 405 746 803 452 1255 1794 1770 
1484 2050 2217 1693 2189 1584 1017 1943 1454 579 1298 760 270 366 288 539 220 684 473 718 737 785 1395 1534 
1388 1590 917 620 961 1624 1846 1050 1389 1448 1129 930 349 593 378 488 716 806 552 401 1374 1123 741 1957 
1178 842 2297 1072 1937 2217 731 1152 868 431 1315 637 359 501 772 247 826 899 432 336 437 1328 1571 601 
1200 2157 815 1930 1127 1713 802 853 1584 980 1315 970 607 607 776 306 632 857 666 660 736 803 885 1569 
636 1048 2151 1997 787 785 847 1591 764 1470 661 918 902 604 338 430 219 498 800 395 996 865 565 1575 
555 2290 1693 2278 856 1436 1362 1391 1334 583 561 434 422 408 257 234 364 662 276 613 506 748 560 558 
