20 6 20
11 50
340 85 77 75 77 85 96 112 130 149 169 187 203 214 222 225 222 214 203 187 169 
340 113 103 100 103 113 129 149 174 199 225 249 270 286 296 300 296 286 270 250 225 
340 141 129 125 129 141 161 187 217 249 282 312 338 358 370 375 370 358 338 312 282 
340 170 155 150 155 170 193 224 261 299 338 374 406 429 444 450 444 429 406 375 338 
340 198 180 175 180 198 226 262 304 349 395 437 473 501 519 525 519 501 473 437 395 
100000 5669 5170 5000 5170 5669 6464 7499 8705 9999 11294 12499 13535 14330 14829 15000 14829 14330 13535 12500 11294 
1433 1482 1499 1482 1433 1353 1250 1129 1000 870 750 
640 589 517 520 536 573 671 772 865 
677 584 498 513 502 582 644 742 871 
672 582 535 501 513 561 656 735 893 
677 573 492 476 516 556 663 773 851 
675 570 534 491 524 578 665 725 841 
674 583 499 495 509 560 632 754 877 
626 548 491 524 525 583 624 774 836 
619 564 527 503 506 544 641 764 845 
641 577 496 475 494 565 639 778 908 
668 565 509 494 530 540 627 718 898 
623 593 509 496 528 548 649 736 888 
675 594 542 513 506 540 671 757 886 
615 587 504 493 518 539 665 775 878 
619 579 536 501 525 556 671 776 872 
650 570 492 478 520 590 642 746 856 
646 564 496 507 536 586 645 714 865 
645 581 516 482 524 587 616 763 885 
628 583 516 503 498 551 621 714 851 
615 561 520 489 524 586 639 784 836 
668 570 493 490 491 584 663 719 853 
628 582 528 482 521 542 654 736 882 
659 557 531 496 494 559 627 761 857 
673 562 506 523 505 560 637 755 886 
619 552 524 509 539 553 668 745 910 
617 573 509 500 510 589 642 757 897 
642 560 530 486 533 556 643 732 863 
672 593 528 500 528 582 627 770 893 
628 588 513 518 535 570 619 713 896 
636 584 495 512 515 550 635 715 829 
630 539 503 484 517 552 653 736 877 
672 552 537 496 507 594 640 729 884 
657 558 522 477 517 557 669 769 865 
643 543 538 509 491 566 621 722 883 
628 540 538 476 536 581 667 726 888 
664 572 514 489 511 558 637 717 862 
649 558 533 522 493 567 650 736 901 
636 583 527 508 538 564 639 722 909 
666 578 535 507 519 544 619 769 828 
657 591 502 489 518 563 651 769 833 
676 541 492 485 508 563 658 776 861 
615 588 492 477 512 549 625 776 883 
662 576 542 492 498 539 648 736 902 
630 554 515 482 520 580 634 763 889 
647 590 496 504 542 578 617 713 831 
677 544 521 493 501 590 634 749 866 
661 592 510 513 505 593 663 764 894 
665 593 499 503 512 559 651 734 904 
627 562 509 522 499 560 616 733 833 
618 569 510 494 517 551 674 769 857 
668 564 501 479 531 544 638 729 877 
