5 6 20
2 50
340 77 85 96 112 130 
340 103 113 129 149 174 
340 129 141 161 187 217 
340 155 170 193 224 261 
340 180 198 226 262 304 
100000 5170 5669 6464 7499 8705 
1482 1433 
1121 1498 1337 
1175 1375 1059 
1188 1180 1071 
1284 1047 1252 
1409 1406 1232 
1578 1175 989 
1255 1111 1100 
1159 1072 1265 
1223 1404 1013 
1428 1022 1125 
1260 1127 1236 
1243 1361 1028 
1187 1492 1204 
1557 1347 1250 
1539 1290 1104 
1204 1233 1074 
1128 1052 1252 
1421 1430 995 
1219 1353 1141 
1105 1244 1318 
1389 1287 1321 
1375 1416 1188 
1296 1292 999 
1253 1405 974 
1291 1042 1258 
1586 1145 1236 
1398 1340 1082 
1618 1108 1069 
1264 1453 924 
1465 1025 1305 
1475 1365 1354 
1305 1406 1033 
1365 1132 1329 
1599 1499 1135 
1536 1160 1284 
1548 1033 965 
1594 1339 1283 
1232 1340 1084 
1475 1487 919 
1343 1300 1054 
1610 1342 1221 
1385 1316 1299 
1148 1434 1099 
1112 1274 1164 
1468 1427 1209 
1257 1471 1002 
1109 1430 987 
1337 1362 1110 
1520 1245 1171 
1252 1052 1013 
