20 2 20
7 50
1700 75 77 85 96 112 130 149 169 187 203 214 222 225 222 214 203 187 169 150 130 
100000 5000 5170 5669 6464 7499 8705 9999 11294 12499 13535 14330 14829 15000 14829 14330 13535 12500 11294 10000 8705 
1499 1482 1433 1353 1250 1129 1000 
422 746 1025 573 544 414 538 603 367 365 1204 1088 1724 
1004 940 1023 322 563 556 222 493 593 335 454 1094 1376 
1055 808 587 462 434 543 670 628 456 567 1099 793 1540 
545 1159 507 508 519 679 640 711 900 870 772 508 1538 
936 771 736 762 403 766 758 680 805 621 1333 1011 1121 
385 1007 518 232 430 603 616 462 716 933 436 1016 1537 
1230 841 528 574 801 730 553 853 992 506 1126 706 1245 
788 933 401 343 322 749 680 592 650 763 1287 1076 1069 
974 994 848 802 354 328 219 445 1032 744 492 639 916 
854 464 811 744 628 394 769 863 278 481 1302 1407 518 
802 1006 303 382 433 594 342 296 743 670 1235 470 1292 
966 765 491 593 686 556 781 874 347 728 1000 1157 853 
1013 1136 761 627 397 507 436 393 396 733 804 1528 1708 
517 578 648 866 395 498 586 268 430 333 1102 1253 1530 
708 1117 434 799 207 712 678 758 721 941 957 535 731 
397 421 748 637 563 600 749 766 979 1043 1141 1561 686 
348 1103 631 400 711 495 779 335 693 684 1285 1526 1777 
677 839 546 326 306 664 486 841 643 446 788 1121 1136 
372 838 675 280 716 597 781 424 789 910 1117 704 1422 
901 525 894 739 209 609 273 689 452 927 665 1447 1543 
538 964 939 866 273 600 775 573 899 983 676 473 1327 
1120 689 560 251 309 333 374 420 881 1171 971 1581 1231 
691 862 379 591 374 534 445 814 1020 460 1167 779 938 
1138 443 370 343 791 313 767 551 941 1187 507 894 764 
1258 753 967 469 647 790 520 476 770 476 1084 695 1324 
577 459 865 532 671 323 532 722 582 828 844 1364 1526 
912 963 709 899 652 710 477 492 978 316 777 929 1317 
1332 806 1007 826 518 688 207 657 1026 423 982 732 585 
806 847 432 511 798 656 399 661 670 559 398 600 1297 
640 586 576 464 763 575 459 527 932 726 405 956 783 
1384 870 339 824 434 710 774 628 424 416 685 1003 1060 
722 539 653 753 706 380 410 472 608 762 500 1397 1012 
442 546 357 717 755 698 429 319 897 1103 594 698 1134 
429 441 690 781 245 549 679 864 998 965 1383 1057 504 
661 444 728 789 263 325 529 835 609 674 436 981 875 
891 1187 508 642 738 360 600 310 446 798 1206 768 1553 
776 992 456 593 620 353 423 665 296 679 1090 1158 1757 
1170 327 373 764 686 739 453 569 402 474 693 1585 1348 
1027 591 938 573 323 537 376 870 337 1072 534 602 1390 
459 1185 456 538 279 721 425 506 271 704 461 1156 1771 
877 1059 760 512 309 444 667 587 526 479 1142 594 1578 
679 774 998 785 399 487 730 411 646 819 1068 1488 902 
464 496 433 734 511 230 418 227 731 1169 369 1558 1642 
543 962 495 584 735 265 553 396 586 797 930 1396 787 
860 449 861 887 804 690 591 255 260 1007 1323 426 1233 
1085 915 963 560 373 200 337 258 714 1159 1358 1417 715 
823 710 685 315 724 680 788 304 442 458 499 683 984 
1256 643 390 824 750 798 424 528 474 509 449 1025 604 
863 434 637 864 523 552 702 797 420 834 920 497 1306 
392 841 347 755 433 712 316 693 791 942 551 1131 1363 
