20 6 20
15 50
340 130 112 96 85 77 75 77 85 96 112 130 149 169 187 203 214 222 225 222 214 
340 174 150 129 113 103 100 103 113 129 149 174 199 225 249 270 286 296 300 296 286 
340 217 187 161 141 129 125 129 141 161 187 217 249 282 312 338 358 370 375 370 358 
340 261 225 193 170 155 150 155 170 193 224 261 299 338 374 406 429 444 450 444 429 
340 304 262 226 198 180 175 180 198 226 262 304 349 395 437 473 501 519 525 519 501 
100000 8705 7500 6464 5669 5170 5000 5170 5669 6464 7499 8705 9999 11294 12499 13535 14330 14829 15000 14829 14330 
1129 1249 1353 1433 1482 1499 1482 1433 1353 1250 1129 1000 870 750 646 
558 500 500 538 574 
549 515 476 533 569 
544 515 509 502 552 
557 540 517 504 547 
562 495 493 542 555 
571 509 478 528 557 
569 532 511 515 542 
582 492 484 508 557 
566 522 515 494 595 
576 530 490 514 568 
564 524 497 525 548 
572 531 485 519 573 
582 528 512 504 542 
584 533 523 524 589 
540 507 509 516 541 
587 499 493 499 574 
574 537 493 528 557 
589 505 492 529 570 
591 510 524 506 557 
566 500 496 537 591 
592 523 494 503 562 
583 536 502 528 558 
544 502 501 522 577 
547 515 493 532 572 
590 504 501 539 557 
588 528 476 505 565 
564 531 488 498 585 
567 496 477 509 572 
545 498 513 501 567 
558 499 497 496 541 
565 537 493 531 567 
571 525 508 539 572 
588 498 517 511 584 
577 511 516 516 583 
578 500 505 527 593 
590 505 512 522 585 
556 513 506 492 568 
575 497 493 524 563 
569 499 518 517 562 
558 518 522 526 543 
576 516 485 499 554 
567 495 522 535 563 
594 503 478 514 549 
593 498 492 526 539 
583 508 512 537 564 
578 526 521 507 546 
592 509 477 522 552 
547 495 498 497 542 
576 540 491 507 546 
569 525 523 506 556 
