5 6 20
3 100
340 112 130 149 169 187 
340 149 174 199 225 249 
340 187 217 249 282 312 
340 224 261 299 338 374 
340 262 304 349 395 437 
100000 7499 8705 9999 11294 12499 
1250 1129 1000 
927 871 
1007 854 
886 670 
1007 614 
963 859 
1019 856 
916 712 
765 679 
992 616 
737 816 
881 826 
725 806 
988 848 
714 832 
1042 884 
842 896 
1005 663 
746 670 
1031 690 
905 788 
925 628 
741 819 
712 766 
953 691 
1035 674 
1025 802 
818 694 
771 683 
991 679 
1032 759 
941 723 
910 771 
1002 699 
913 889 
779 638 
707 612 
709 873 
840 849 
822 691 
963 699 
978 687 
787 622 
726 698 
823 807 
953 893 
787 747 
961 892 
720 806 
801 604 
978 709 
746 645 
909 828 
772 639 
729 892 
999 747 
840 806 
722 839 
1031 895 
804 852 
741 868 
825 643 
757 811 
960 785 
902 802 
1015 822 
703 669 
709 610 
734 672 
907 683 
807 735 
857 661 
752 807 
893 632 
970 880 
758 639 
852 845 
940 795 
966 808 
1001 763 
811 848 
896 812 
841 848 
1002 798 
916 869 
940 782 
728 604 
910 828 
984 787 
761 681 
807 877 
851 804 
906 709 
965 633 
1041 736 
1007 651 
968 725 
772 848 
697 866 
773 637 
918 633 
