5 6 20
3 50
340 112 130 149 169 187 
340 149 174 199 225 249 
340 187 217 249 282 312 
340 224 261 299 338 374 
340 262 304 349 395 437 
100000 7499 8705 9999 11294 12499 
1250 1129 1000 
1326 1123 
871 918 
630 920 
1020 728 
770 588 
400 478 
1302 544 
600 338 
839 577 
434 696 
553 580 
1082 462 
1083 316 
1035 1013 
669 545 
926 803 
728 1094 
1225 1199 
563 913 
357 439 
1030 1095 
1294 780 
927 594 
737 346 
699 926 
1334 1037 
378 598 
1202 393 
1115 924 
1196 604 
351 393 
907 733 
451 1053 
849 854 
980 446 
625 380 
720 694 
1125 364 
506 1050 
552 1069 
586 1014 
679 973 
1347 1043 
601 1113 
1110 931 
654 1131 
886 912 
1079 836 
388 1055 
1380 828 
