50 2 20
16 50
1700 130 112 96 85 77 75 77 85 96 112 130 149 169 187 203 214 222 225 222 214 203 187 169 150 130 112 96 85 77 75 77 85 96 112 130 149 169 187 203 214 222 225 222 214 203 187 169 150 130 112 
100000 8705 7500 6464 5669 5170 5000 5170 5669 6464 7499 8705 9999 11294 12499 13535 14330 14829 15000 14829 14330 13535 12500 11294 10000 8705 7500 6464 5669 5170 5000 5170 5669 6464 7499 8705 9999 11294 12499 13535 14330 14829 15000 14829 14330 13535 12500 11294 10000 8705 7500 
1129 1249 1353 1433 1482 1499 1482 1433 1353 1250 1129 1000 870 750 646 566 
417 614 629 744 503 1139 1144 572 665 1751 1450 2089 1715 777 1430 1892 2044 1935 1667 1372 1233 1172 808 390 639 668 746 905 775 544 1214 1515 619 665 
686 449 582 322 508 885 1260 1103 1509 904 1948 1533 1515 1643 2226 1945 1494 624 519 593 519 770 807 760 774 302 687 514 931 816 567 1487 1672 1212 
300 326 469 320 901 376 725 1333 636 1585 568 1149 942 1383 2242 1079 1790 1697 842 1336 1231 525 299 661 375 555 387 724 837 640 1297 588 493 1467 
401 571 658 886 364 886 822 769 1234 1921 1792 1592 1470 1436 1836 1527 1857 1362 687 1283 718 1148 475 340 639 417 579 686 342 552 921 747 730 804 
823 632 462 725 297 629 1165 908 947 1757 1081 926 1924 1405 1356 1541 1312 1469 935 664 493 1085 763 582 430 671 379 399 433 600 641 513 1491 1496 
800 471 438 431 398 1079 796 1100 1750 1586 619 2013 2035 1490 1036 966 649 802 1005 1340 1063 622 516 595 621 248 701 437 793 830 1297 1565 468 1758 
266 712 386 546 356 376 718 1386 1734 1145 1500 938 1866 1635 2300 935 1948 970 861 536 909 862 1030 471 346 256 550 279 1032 888 651 1014 589 669 
576 513 416 526 1012 1102 358 729 957 1482 1862 1641 2335 896 1500 957 2126 683 1428 1063 814 552 789 844 803 226 411 614 1009 918 869 1013 1207 1111 
622 557 661 854 278 985 1113 1422 720 717 1416 1563 1579 1707 850 1975 1099 1539 1368 1155 944 583 1011 271 780 451 636 344 733 1039 973 1121 1050 1002 
222 497 825 654 420 1135 606 1324 1155 1323 1246 2184 980 1886 1636 1007 1854 1676 1125 667 980 1033 657 736 566 422 817 338 344 905 1071 748 1411 1682 
299 772 401 297 300 1166 632 1340 1539 1969 1471 1326 1211 1111 1369 1806 1022 1827 1619 467 927 1150 425 415 441 201 490 422 399 1141 461 1080 1701 744 
532 613 475 249 736 814 902 1452 1205 1543 941 1750 1696 2392 630 2112 1683 1474 745 689 1028 733 860 322 808 321 446 627 274 477 1369 425 847 636 
774 281 726 770 809 396 853 750 1289 790 1987 1911 2266 946 703 1514 1178 1569 1007 599 741 958 992 408 518 446 647 657 410 877 380 1370 1467 903 
637 769 609 562 754 412 890 873 784 1728 1424 678 2088 2033 1825 1053 1327 664 1263 719 1032 686 603 506 771 456 625 552 357 693 1297 726 1011 637 
750 319 376 354 819 944 508 959 1182 691 2013 1497 1385 1867 1183 1746 672 1377 904 1272 1232 690 897 720 660 397 787 677 320 1049 1064 1476 639 1605 
585 539 655 518 685 893 1239 833 587 506 1675 1596 2163 2127 1799 2064 848 937 533 611 471 535 957 456 690 358 621 552 782 863 767 1549 1589 1155 
660 587 728 862 747 369 587 1029 747 1103 1406 859 1420 1749 1294 1176 796 759 1719 844 1329 1189 995 308 704 550 215 317 917 353 473 490 1369 994 
764 452 353 861 310 768 859 904 652 1683 1738 1894 758 1002 2242 1957 1976 1964 1562 534 1086 477 511 474 704 721 756 623 706 1064 568 735 544 1759 
362 758 431 571 814 1010 415 953 458 1203 1187 1131 2156 1135 661 1603 1732 1823 830 1069 1184 1090 731 822 288 447 399 374 801 429 513 1008 1100 1124 
719 255 717 559 324 770 348 756 978 741 929 1807 2277 1233 756 1977 1949 1037 1142 439 842 1009 589 755 445 640 349 506 607 600 1328 493 643 1972 
484 408 504 844 781 437 468 801 1744 1967 1551 2191 1527 1997 1724 2030 1278 1361 1671 1407 1218 522 904 260 584 449 636 786 933 1153 1350 1563 1742 549 
823 285 327 417 721 785 1067 1400 1194 1500 1972 2233 1875 1265 1219 736 1946 1776 1300 1287 1033 1114 536 454 270 243 659 502 956 1153 782 471 1581 1022 
794 359 715 611 899 1096 1054 909 758 1899 909 1195 1736 653 2038 988 1035 1271 1575 561 1102 471 543 752 327 301 549 838 751 1006 1057 686 1186 562 
665 376 497 616 590 931 1234 1085 758 1032 1326 1703 1757 640 1630 871 1012 1504 1348 1415 1017 488 383 433 499 741 286 504 783 411 1184 1460 832 1554 
478 312 636 621 452 404 1143 1569 1466 651 1798 1948 1297 1797 2280 1488 1935 518 1193 712 1123 494 403 315 286 785 481 842 854 668 700 1433 823 1784 
719 640 303 327 912 1143 384 792 478 1656 1996 1053 1805 2111 1857 987 832 1097 818 1191 548 1060 716 482 244 246 645 623 857 1139 593 1065 1344 1152 
521 553 485 265 764 431 1092 1275 1069 1475 1087 1953 1192 2269 768 1759 1026 1593 1739 890 542 605 326 724 267 625 463 346 489 391 854 1054 1083 1562 
534 344 601 370 754 356 1043 1309 1437 1588 1471 1110 1187 2030 1652 2058 1992 909 868 932 914 795 756 525 245 764 305 334 310 768 777 539 1805 1227 
663 212 242 736 518 1129 1016 408 1772 1219 1167 2235 860 2122 1346 2266 645 661 1693 1373 615 990 637 685 351 338 604 507 988 990 1125 1462 1020 1877 
635 418 511 777 898 424 1201 827 749 579 820 1954 2212 930 1101 1597 817 1076 558 436 793 1121 765 681 770 719 748 880 738 866 1265 503 1447 611 
443 458 209 706 329 942 633 993 567 808 1665 1613 1516 624 1895 1836 1298 1865 1241 748 632 896 287 306 357 402 484 905 270 799 1237 1170 1092 706 
746 432 523 341 608 593 909 1441 555 613 591 1111 1480 2257 2361 1314 1569 1299 1348 702 1048 1199 494 829 218 418 492 360 392 679 815 1153 557 1937 
519 305 286 347 561 1152 702 1021 1544 933 1900 1595 1401 2333 984 1366 720 975 1690 1524 904 1141 333 361 551 636 392 474 420 1148 618 741 752 562 
296 361 659 869 821 1152 922 1094 1239 503 1938 948 2292 2379 1708 1574 1101 1925 1290 588 775 355 541 709 392 205 752 543 263 594 904 1492 1555 1128 
736 624 485 548 787 899 383 1579 1052 879 1223 783 2264 1706 610 1694 1311 1355 1336 1133 1047 791 810 563 703 754 757 321 274 995 1304 444 837 1137 
636 377 421 822 1010 1172 1031 960 673 1945 1342 1995 1344 1047 999 1495 1346 1394 1766 981 913 797 669 493 477 722 823 541 799 412 1143 1154 1274 1572 
456 426 595 900 382 844 1084 1249 1066 1212 1459 1503 1000 1966 1612 2052 1333 1424 811 1005 1232 556 378 746 501 593 751 419 445 475 673 544 1032 779 
651 599 733 740 669 880 1082 1189 1660 1885 612 1068 1463 1211 876 2081 1885 903 1463 833 884 436 418 822 605 619 765 462 953 1195 1102 588 1016 814 
719 408 266 332 914 586 684 860 1073 1271 1868 688 1736 682 1733 1188 1266 1588 1744 959 1028 737 761 336 290 587 464 851 491 1192 739 918 1019 735 
719 629 331 392 448 753 848 610 585 748 1048 1854 1635 2176 1269 1990 1978 844 1792 1235 364 341 691 226 764 536 764 386 806 959 524 764 606 1847 
708 238 528 539 511 614 1230 1426 809 1163 563 1470 949 1405 1810 674 736 1337 912 792 350 896 521 694 808 365 825 301 909 525 685 838 1032 881 
499 211 482 541 672 702 671 935 1458 1383 1806 1829 1834 1796 1769 2238 1648 1354 1157 674 1080 442 790 461 393 290 462 772 865 1086 909 558 1667 1320 
512 367 587 463 1020 1121 413 1555 732 727 931 2038 2281 1800 1608 2179 1162 1455 1692 1510 1330 767 365 254 259 266 698 414 515 1073 411 1599 928 1868 
517 234 537 797 822 412 1177 1039 1260 1277 605 982 602 913 729 867 1979 555 914 1262 870 800 475 681 592 510 656 528 798 1133 474 1379 1241 751 
783 238 805 328 310 335 368 1186 1408 661 1277 1668 1147 1422 1446 1660 897 1560 1600 481 1007 582 651 659 424 638 209 548 348 1010 569 841 1620 916 
496 621 686 350 824 615 810 1058 1606 895 562 1373 1548 2301 1698 727 716 1310 1802 673 1029 987 695 509 613 425 748 889 810 694 1118 407 990 568 
752 687 776 758 615 907 980 1107 894 1266 1946 1096 1149 1174 1802 1487 1274 1904 769 553 798 332 872 886 297 714 438 399 785 860 754 442 1221 691 
668 332 634 530 713 968 992 701 776 695 1807 1758 1353 950 1105 1102 1185 572 1462 1565 366 458 964 408 492 669 538 460 677 408 602 1203 903 557 
690 598 293 530 619 918 772 1527 757 1009 1656 1045 628 1598 1038 2187 566 1169 1010 1021 720 640 411 286 743 338 467 460 667 590 1166 1230 585 1963 
253 209 624 339 318 607 946 700 805 667 1155 974 2153 1152 1425 1482 1387 658 1665 1250 1168 591 997 353 249 404 367 441 382 963 1113 1444 1364 1043 
