50 6 20
26 5
340 112 96 85 77 75 77 85 96 112 130 149 169 187 203 214 222 225 222 214 203 187 169 150 130 112 96 85 77 75 77 85 96 112 130 149 169 187 203 214 222 225 222 214 203 187 169 150 130 112 96 
340 150 129 113 103 100 103 113 129 149 174 199 225 249 270 286 296 300 296 286 270 250 225 200 174 150 129 113 103 100 103 113 129 149 174 199 225 249 270 286 296 300 296 286 270 250 225 200 174 150 129 
340 187 161 141 129 125 129 141 161 187 217 249 282 312 338 358 370 375 370 358 338 312 282 250 217 187 161 141 129 125 129 141 161 187 217 249 282 312 338 358 370 375 370 358 338 312 282 250 217 187 161 
340 225 193 170 155 150 155 170 193 224 261 299 338 374 406 429 444 450 444 429 406 375 338 300 261 225 193 170 155 150 155 170 193 224 261 299 338 374 406 429 444 450 444 429 406 375 338 300 261 225 193 
340 262 226 198 180 175 180 198 226 262 304 349 395 437 473 501 519 525 519 501 473 437 395 350 304 262 226 198 180 175 180 198 226 262 304 349 395 437 473 501 519 525 519 501 473 437 395 350 304 262 226 
100000 7500 6464 5669 5170 5000 5170 5669 6464 7499 8705 9999 11294 12499 13535 14330 14829 15000 14829 14330 13535 12500 11294 10000 8705 7500 6464 5669 5170 5000 5170 5669 6464 7499 8705 9999 11294 12499 13535 14330 14829 15000 14829 14330 13535 12500 11294 10000 8705 7500 6464 
1249 1353 1433 1482 1499 1482 1433 1353 1250 1129 1000 870 750 646 566 517 500 517 566 646 749 870 999 1129 1249 1353 
1016 2353 1273 899 1171 1059 1675 642 1195 644 709 679 811 530 289 565 499 1005 848 1280 656 1445 869 1204 
1559 1258 2106 757 884 1327 1957 1128 1480 748 708 599 317 748 428 590 417 804 408 948 745 1582 1853 1821 
1809 746 1039 1076 1145 982 1893 1150 1173 769 980 343 511 251 668 764 626 717 535 361 1039 1797 566 1526 
983 1445 1633 1786 989 1221 938 1448 1462 851 846 903 782 209 300 540 374 399 895 836 1270 698 1777 589 
1456 1968 730 2051 1445 1438 1853 1088 635 752 513 503 238 294 482 649 750 485 316 725 453 1181 1832 1271 
