10 6 20
4 100
340 77 85 96 112 130 149 169 187 203 214 
340 103 113 129 149 174 199 225 249 270 286 
340 129 141 161 187 217 249 282 312 338 358 
340 155 170 193 224 261 299 338 374 406 429 
340 180 198 226 262 304 349 395 437 473 501 
100000 5170 5669 6464 7499 8705 9999 11294 12499 13535 14330 
1482 1433 1353 1250 
1174 1020 842 741 646 571 
1137 1041 877 778 647 550 
1106 968 867 776 634 577 
1184 994 890 718 631 576 
1073 1033 836 746 614 582 
1082 965 909 733 656 552 
1111 962 901 782 671 589 
1121 1046 848 747 671 590 
1137 959 871 746 623 580 
1154 1024 868 736 663 567 
1126 980 857 785 620 561 
1164 958 827 773 670 555 
1133 1026 852 741 658 584 
1126 998 862 754 651 584 
1155 986 897 735 630 574 
1166 1025 847 740 661 556 
1095 989 865 738 676 593 
1118 990 834 749 667 539 
1156 1009 900 744 673 567 
1142 1039 829 721 662 566 
1150 989 843 728 676 578 
1158 977 880 771 657 562 
1163 1012 833 721 660 555 
1089 985 883 780 643 544 
1164 1010 865 720 654 591 
1139 1038 894 743 621 587 
1121 1026 900 745 637 558 
1178 1016 841 753 638 581 
1097 1011 882 779 659 570 
1143 984 859 765 625 582 
1102 989 847 752 619 582 
1094 1020 869 766 627 587 
1075 956 832 743 667 549 
1140 962 907 721 620 542 
1108 960 871 743 645 589 
1105 972 889 776 640 594 
1157 1020 858 760 620 564 
1176 958 895 722 626 592 
1143 1029 908 748 666 577 
1141 980 912 769 620 543 
1145 1000 880 768 673 559 
1152 974 874 767 672 571 
1105 1009 906 717 641 593 
1165 1006 872 729 637 570 
1120 991 883 785 634 568 
1100 1006 906 715 634 571 
1166 1020 875 769 666 569 
1123 989 846 747 674 555 
1106 970 895 748 648 547 
1158 1005 905 758 614 564 
1182 956 881 755 676 553 
1175 1044 874 740 628 565 
1129 957 911 781 622 544 
1141 1018 860 766 631 590 
1165 1041 896 723 677 585 
1166 954 892 772 663 553 
1078 963 847 715 630 570 
1166 1028 838 748 664 593 
1109 977 860 759 630 570 
1163 952 877 756 615 565 
1073 1030 878 716 648 587 
1078 974 829 775 646 539 
1097 971 855 756 668 543 
1132 981 847 748 649 539 
1076 954 848 785 623 592 
1164 963 904 751 623 580 
1104 957 886 761 637 583 
1099 951 897 785 648 549 
1112 1002 846 765 638 590 
1099 964 868 762 666 587 
1179 1001 861 729 624 548 
1144 982 830 713 661 540 
1081 1008 856 722 645 551 
1080 994 912 754 627 586 
1114 999 865 775 674 548 
1080 1026 867 751 667 553 
1178 966 879 712 678 593 
1085 993 898 719 615 561 
1164 952 865 758 654 551 
1092 992 905 777 677 560 
1110 999 905 768 634 589 
1076 979 906 722 671 592 
1115 1041 874 739 666 558 
1172 1040 863 727 677 563 
1164 1026 840 719 664 561 
1132 999 844 773 650 585 
1093 982 893 771 639 590 
1154 980 873 757 655 583 
1173 1014 897 758 618 554 
1170 963 881 760 648 565 
1173 966 878 742 656 568 
1144 1046 902 725 654 577 
1102 1009 882 725 672 564 
1167 964 866 747 618 567 
1137 999 836 742 662 567 
1075 964 845 784 648 582 
1118 971 831 723 630 569 
1077 992 829 746 647 573 
1073 1013 861 740 648 569 
1103 1002 903 772 652 560 
