50 2 20
26 100
1700 96 85 77 75 77 85 96 112 130 149 169 187 203 214 222 225 222 214 203 187 169 150 130 112 96 85 77 75 77 85 96 112 130 149 169 187 203 214 222 225 222 214 203 187 169 150 130 112 96 85 
100000 6464 5669 5170 5000 5170 5669 6464 7499 8705 9999 11294 12499 13535 14330 14829 15000 14829 14330 13535 12500 11294 10000 8705 7500 6464 5669 5170 5000 5170 5669 6464 7499 8705 9999 11294 12499 13535 14330 14829 15000 14829 14330 13535 12500 11294 10000 8705 7500 6464 5669 
1353 1433 1482 1499 1482 1433 1353 1250 1129 1000 870 750 646 566 517 500 517 566 646 749 870 999 1129 1249 1353 1433 
1770 1539 1305 1423 1418 1062 1246 896 926 675 545 593 509 485 543 566 728 753 910 1134 1254 1022 1496 1222 
1560 1380 1408 1517 1425 1462 1263 1174 962 755 537 636 464 598 469 519 518 614 815 1083 1265 1315 1205 1417 
1359 1607 1734 1511 1442 1022 961 1150 742 869 614 661 616 497 448 468 611 768 705 1162 1188 1180 1603 1569 
1373 1459 1389 1665 1399 1102 1169 1018 810 779 696 659 537 509 422 632 689 831 857 891 1050 1318 1098 1718 
1651 1469 1505 1164 1489 1020 974 949 1041 888 568 614 427 428 515 481 638 714 816 854 1292 1237 1351 1515 
1585 1400 1264 1617 1472 1485 1050 1047 737 794 764 660 451 412 521 667 653 871 986 832 947 1321 1120 1470 
1396 1713 1268 1308 1255 1480 1279 870 938 815 707 543 580 462 487 631 660 703 858 1098 945 1332 1116 1246 
1486 1353 1197 1412 1145 1070 1258 888 947 770 564 629 503 472 564 473 610 834 859 850 1276 1344 1501 1328 
1405 1470 1243 1254 1214 1160 964 1101 907 819 612 626 445 455 507 542 618 835 846 1005 1025 1128 1199 1181 
1425 1252 1404 1516 1412 1181 1152 803 1024 776 703 538 618 542 503 530 673 826 817 937 1287 1458 1212 1350 
1362 1494 1585 1641 1339 1217 1200 1093 918 879 597 468 533 560 419 593 708 631 715 1162 1029 1371 1086 1469 
1403 1488 1335 1178 1308 1071 1190 942 850 717 659 602 474 582 572 616 770 695 705 1184 1246 1351 1554 1649 
1380 1235 1577 1634 1437 1267 1008 807 992 832 576 501 553 451 515 591 761 873 886 879 1163 1457 1407 1488 
1443 1787 1231 1365 1494 1486 949 992 820 671 759 622 466 485 587 514 546 667 790 1034 918 1389 1082 1315 
1187 1311 1770 1295 1484 1448 1156 1167 732 707 744 643 576 548 430 476 666 641 745 1039 1268 1489 1569 1635 
1366 1281 1310 1393 1350 1223 1214 1026 1014 623 526 472 584 505 493 499 565 785 935 925 1195 1181 1359 1356 
1683 1788 1397 1653 1428 1485 1278 908 927 759 704 558 549 444 503 576 534 651 944 952 1105 1345 1176 1680 
1760 1587 1542 1296 1476 1198 1103 1154 721 811 651 577 551 479 494 678 652 646 812 1147 1225 1137 1333 1324 
1749 1653 1703 1332 1526 1248 1059 1027 985 612 662 590 417 526 468 505 596 890 840 1199 1083 1237 1452 1410 
1377 1479 1426 1321 1324 1003 1053 1172 744 855 573 582 569 453 554 574 582 638 820 1090 948 1037 1473 1687 
1587 1286 1576 1216 1594 1318 973 832 896 794 554 655 462 405 611 550 595 658 797 888 1195 1274 1245 1271 
1662 1765 1553 1426 1165 1473 1303 1013 833 698 703 514 413 507 537 507 750 779 908 889 928 1087 1396 1601 
1310 1341 1471 1647 1353 1050 1203 1195 747 673 729 503 608 538 451 563 715 700 1013 901 1292 1025 1161 1300 
1193 1761 1596 1354 1336 1247 1265 1198 946 644 522 584 600 581 533 493 527 754 794 1084 1278 1483 1287 1281 
1312 1615 1412 1357 1305 1131 1027 997 944 899 551 643 545 451 529 673 719 848 1039 1142 918 1082 1187 1189 
1384 1767 1281 1278 1503 1328 1168 884 773 796 551 536 441 497 581 498 749 851 875 1059 1044 1479 1160 1494 
1452 1727 1362 1545 1448 1147 905 1183 1035 735 637 569 482 571 467 633 617 657 698 991 948 1122 1580 1508 
1521 1339 1345 1296 1539 1150 981 1114 994 790 702 581 453 587 588 467 775 800 712 1101 1191 1441 1191 1340 
1427 1792 1592 1371 1611 1145 951 807 973 801 688 592 448 441 541 530 578 641 992 952 1155 1470 1572 1484 
1508 1767 1539 1506 1317 1136 1150 867 713 736 698 516 419 517 460 577 716 710 979 843 1279 1416 1515 1192 
1734 1296 1276 1460 1257 1193 1220 1087 985 707 684 516 424 556 575 584 568 814 844 1102 952 1159 1342 1361 
1639 1352 1587 1503 1598 1266 1069 1112 813 655 753 664 546 513 435 587 564 807 900 921 1092 1191 1487 1615 
1669 1569 1229 1684 1443 1443 1085 1052 745 893 532 566 466 579 481 495 772 724 793 1146 1021 1496 1263 1329 
1193 1475 1563 1598 1110 1134 1176 851 1032 815 700 541 567 583 596 547 610 871 906 1017 929 1359 1097 1152 
1477 1662 1317 1233 1364 1198 1326 1193 984 864 740 516 426 569 595 612 725 690 776 857 1345 1122 1163 1597 
1769 1275 1662 1169 1228 1011 971 1175 886 869 665 468 486 545 582 597 576 873 759 1113 976 1375 1312 1551 
1534 1424 1418 1555 1408 1467 1250 1112 923 732 772 620 494 410 565 593 762 646 697 938 1032 1078 1202 1312 
1727 1326 1389 1598 1433 1414 1107 911 923 794 719 469 503 452 550 545 545 714 814 1140 1141 1128 1166 1530 
1538 1572 1200 1263 1319 1034 1233 1174 928 649 762 509 499 428 518 571 629 770 987 1064 1309 1361 1129 1505 
1301 1311 1706 1187 1278 1158 962 1073 857 627 774 525 522 414 472 573 613 861 851 1031 1333 1493 1344 1436 
1464 1370 1679 1373 1084 1017 1195 954 986 844 637 578 451 425 564 502 680 626 735 1133 1291 1493 1164 1717 
1192 1293 1254 1532 1266 1429 1181 911 828 803 748 602 486 426 473 588 529 885 979 1164 1296 1402 1274 1599 
1348 1703 1437 1356 1265 1431 1333 890 922 766 540 654 466 497 513 645 745 701 1041 918 969 1082 1246 1218 
1755 1795 1466 1289 1565 1340 1246 1162 924 690 728 454 508 592 548 472 633 699 817 820 1339 1404 1090 1254 
1657 1550 1736 1508 1178 1253 1050 1131 966 617 734 481 479 460 422 459 551 645 705 918 1042 1379 1381 1375 
1583 1474 1601 1407 1264 1493 1116 901 702 733 610 555 585 550 482 571 724 895 751 1025 1268 1222 1429 1479 
1283 1664 1556 1300 1393 1480 1042 1189 927 790 727 650 583 480 510 671 660 801 972 804 944 1351 1433 1708 
1445 1395 1486 1186 1415 1048 1054 1188 798 684 525 546 523 496 602 583 743 681 763 1009 1116 1326 1600 1256 
1479 1639 1517 1167 1368 1196 1326 1185 756 706 727 591 534 492 466 582 557 751 875 1072 927 1232 1461 1681 
1685 1503 1296 1214 1588 1278 1010 1121 706 845 735 617 477 413 456 497 670 621 994 1047 976 1486 1554 1555 
1479 1794 1290 1439 1407 1130 1063 1105 765 657 772 641 505 429 610 593 630 849 934 1093 993 1095 1523 1351 
1410 1307 1328 1147 1287 1135 1353 1083 742 601 767 634 461 489 600 621 690 868 917 916 1281 1339 1131 1390 
1243 1442 1745 1259 1381 1223 1108 845 801 633 628 483 592 444 576 642 773 759 936 1160 1176 1407 1466 1432 
1231 1744 1189 1499 1372 1314 1344 1196 860 862 606 615 478 548 448 474 577 605 949 1142 1283 1452 1488 1336 
1236 1366 1763 1526 1602 1189 1124 1063 811 671 730 538 529 537 472 462 549 693 851 943 918 1098 1268 1656 
1262 1661 1350 1421 1151 1312 1230 966 879 798 596 540 441 474 475 634 631 784 928 1048 1138 1380 1102 1300 
1611 1496 1572 1526 1538 1075 1220 828 711 884 535 631 440 580 600 515 650 848 699 1134 1161 1119 1374 1412 
1491 1489 1741 1641 1421 1493 1170 939 1042 876 570 597 511 432 479 491 550 857 1024 809 1288 1236 1527 1172 
1394 1581 1337 1296 1239 1326 1333 871 953 602 747 473 553 541 548 660 723 844 769 1101 1014 1006 1414 1538 
1557 1517 1522 1667 1566 1149 1061 1144 843 799 531 537 602 500 543 550 621 621 915 1097 935 1246 1227 1469 
1226 1268 1535 1695 1127 1348 1057 837 998 810 638 596 505 510 561 636 572 662 791 934 1198 1443 1621 1529 
1714 1367 1243 1578 1510 1064 1279 1151 987 742 549 603 515 485 538 642 590 850 700 1135 1035 1316 1340 1684 
1365 1374 1542 1611 1257 1068 1278 928 933 884 537 568 500 523 430 543 575 681 851 1100 1167 1323 1544 1325 
1424 1268 1425 1525 1522 1076 1149 913 821 791 669 660 480 559 465 631 605 636 767 1144 964 1093 1133 1506 
1457 1559 1193 1473 1111 1499 1299 1163 987 730 697 610 615 588 448 642 556 813 913 888 1194 1312 1474 1385 
1504 1533 1751 1228 1464 1137 1036 821 988 681 552 667 453 472 581 674 593 724 970 1195 1063 1028 1596 1466 
1506 1609 1742 1599 1561 1302 926 1020 704 818 681 487 515 509 506 480 719 846 1034 861 1304 1411 1154 1612 
1533 1434 1434 1193 1138 1382 1273 953 861 731 673 486 459 587 493 563 686 851 843 857 1109 1437 1445 1286 
1649 1500 1491 1698 1419 1346 1203 1087 907 726 561 673 615 510 427 502 517 777 887 910 1099 1019 1201 1425 
1408 1676 1370 1638 1159 1182 1089 1124 847 682 675 587 510 499 531 666 606 683 861 849 1050 1067 1253 1674 
1341 1482 1501 1513 1565 1274 1079 1118 773 670 557 566 557 466 511 493 626 850 1024 1094 945 1494 1279 1547 
1716 1471 1539 1420 1130 1215 1145 935 867 637 558 491 529 464 429 593 601 753 921 1091 1292 1154 1621 1526 
1504 1551 1210 1467 1494 1063 1307 874 845 648 686 552 578 518 422 516 521 695 1003 902 903 1217 1522 1216 
1732 1616 1378 1544 1604 1026 1113 1024 920 796 588 611 480 420 488 580 574 698 907 1149 1168 1488 1352 1441 
1339 1521 1777 1589 1278 1090 1110 983 807 772 663 453 606 507 561 484 701 865 998 895 1007 1154 1246 1690 
1567 1565 1338 1221 1177 1085 1308 1116 951 895 682 464 493 414 461 620 759 797 904 1090 1030 1476 1577 1495 
1665 1706 1703 1582 1366 1187 1177 979 748 710 581 458 595 595 535 640 530 775 973 1156 1094 1418 1454 1166 
1355 1304 1474 1383 1153 1356 1166 872 726 842 568 522 588 428 516 481 594 807 722 1130 1179 1205 1224 1315 
1728 1786 1357 1473 1297 1214 1229 962 1031 620 554 472 451 489 533 458 722 834 901 946 1091 1332 1382 1151 
1623 1430 1226 1312 1554 1357 1331 1141 737 756 721 641 586 403 534 650 688 601 811 883 1236 1000 1142 1299 
1351 1489 1564 1679 1120 1112 1212 843 768 892 622 597 570 469 418 480 660 690 978 1148 1295 1492 1548 1380 
1289 1422 1564 1577 1457 1221 1231 807 1035 704 719 552 458 463 444 542 658 810 734 1016 1338 1492 1198 1539 
1307 1265 1606 1365 1191 1471 1121 1192 829 679 650 482 523 411 479 532 623 761 800 1120 1297 1329 1384 1603 
1590 1516 1211 1243 1501 1259 1164 841 748 738 694 568 443 543 563 569 584 752 781 890 1058 1177 1146 1318 
1316 1756 1370 1376 1430 1092 1287 894 918 640 753 485 426 413 522 658 662 779 970 1143 1174 1171 1192 1658 
1710 1583 1756 1380 1513 1026 1225 1153 736 632 720 474 563 409 479 586 653 876 794 1020 1043 1481 1519 1478 
1603 1479 1720 1448 1117 1046 1303 1195 839 876 681 566 447 418 417 471 751 719 881 875 1313 1306 1409 1545 
1523 1201 1503 1695 1394 1377 1138 1037 1022 823 712 467 543 488 429 595 543 698 727 1116 1041 1320 1250 1623 
1485 1695 1307 1421 1398 1240 1209 950 717 665 753 542 521 443 434 539 700 846 1021 994 1343 1045 1312 1494 
1368 1533 1769 1177 1451 1037 991 824 1011 642 595 504 564 491 591 547 621 637 873 940 1085 1165 1265 1339 
1527 1683 1690 1313 1288 1480 1321 1080 861 605 729 570 484 597 542 601 570 844 754 857 1320 1283 1529 1467 
1238 1796 1329 1609 1117 1156 1063 1134 755 758 715 552 561 437 603 599 552 856 1028 1154 1322 1102 1572 1410 
1536 1222 1767 1395 1260 1029 1163 1015 940 846 745 497 609 517 541 503 575 761 974 941 1103 1062 1125 1227 
1738 1746 1526 1333 1451 1379 1206 922 815 813 717 625 560 480 510 461 755 693 714 965 944 1396 1595 1599 
1529 1259 1713 1681 1421 1176 1100 1146 899 828 702 562 502 580 602 676 732 740 843 899 1092 1137 1189 1555 
1495 1742 1308 1629 1147 1401 1128 1129 745 658 733 577 602 532 488 559 752 808 789 983 1177 1054 1603 1289 
1504 1587 1566 1436 1302 1292 1267 879 825 823 684 527 466 538 573 582 758 760 792 810 1151 1032 1386 1461 
1679 1630 1748 1625 1203 1036 1123 1135 700 693 772 589 458 490 553 473 627 809 877 867 1047 1385 1417 1282 
1225 1522 1598 1534 1287 1396 947 1079 818 768 600 602 598 540 519 554 752 674 999 824 1347 1108 1375 1689 
1628 1412 1669 1236 1469 1276 1003 803 953 703 624 514 585 459 489 558 664 801 978 974 1277 1066 1293 1567 
