50 6 20
36 10
340 96 112 130 149 169 187 203 214 222 225 222 214 203 187 169 150 130 112 96 85 77 75 77 85 96 112 130 149 169 187 203 214 222 225 222 214 203 187 169 150 130 112 96 85 77 75 77 85 96 112 
340 129 149 174 199 225 249 270 286 296 300 296 286 270 250 225 200 174 150 129 113 103 100 103 113 129 149 174 199 225 249 270 286 296 300 296 286 270 250 225 200 174 150 129 113 103 100 103 113 129 149 
340 161 187 217 249 282 312 338 358 370 375 370 358 338 312 282 250 217 187 161 141 129 125 129 141 161 187 217 249 282 312 338 358 370 375 370 358 338 312 282 250 217 187 161 141 129 125 129 141 161 187 
340 193 224 261 299 338 374 406 429 444 450 444 429 406 375 338 300 261 225 193 170 155 150 155 170 193 224 261 299 338 374 406 429 444 450 444 429 406 375 338 300 261 225 193 170 155 150 155 170 193 224 
340 226 262 304 349 395 437 473 501 519 525 519 501 473 437 395 350 304 262 226 198 180 175 180 198 226 262 304 349 395 437 473 501 519 525 519 501 473 437 395 350 304 262 226 198 180 175 180 198 226 262 
100000 6464 7499 8705 9999 11294 12499 13535 14330 14829 15000 14829 14330 13535 12500 11294 10000 8705 7500 6464 5669 5170 5000 5170 5669 6464 7499 8705 9999 11294 12499 13535 14330 14829 15000 14829 14330 13535 12500 11294 10000 8705 7500 6464 5669 5170 5000 5170 5669 6464 7499 
1353 1250 1129 1000 870 750 646 566 517 500 517 566 646 749 870 999 1129 1249 1353 1433 1482 1499 1482 1433 1353 1250 1129 1000 870 750 646 566 517 500 517 566 
639 744 860 1018 1148 1238 1374 1425 1428 1472 1430 1455 1316 1237 
619 738 848 962 1129 1275 1344 1476 1518 1461 1535 1490 1409 1260 
642 768 846 965 1104 1256 1302 1455 1482 1510 1469 1463 1402 1219 
676 741 863 967 1122 1198 1317 1463 1491 1522 1500 1384 1308 1285 
674 733 909 952 1109 1305 1403 1400 1467 1571 1416 1484 1329 1274 
643 755 855 988 1181 1220 1286 1384 1556 1522 1478 1420 1382 1305 
665 740 876 1022 1150 1301 1333 1500 1546 1454 1497 1422 1350 1212 
638 739 889 1031 1125 1291 1403 1427 1504 1506 1410 1364 1360 1237 
654 785 869 1026 1094 1244 1375 1468 1537 1468 1469 1399 1351 1266 
663 738 838 971 1180 1239 1366 1493 1430 1428 1506 1460 1301 1273 
