50 6 20
26 50
340 75 77 85 96 112 130 149 169 187 203 214 222 225 222 214 203 187 169 150 130 112 96 85 77 75 77 85 96 112 130 149 169 187 203 214 222 225 222 214 203 187 169 150 130 112 96 85 77 75 77 
340 100 103 113 129 149 174 199 225 249 270 286 296 300 296 286 270 250 225 200 174 150 129 113 103 100 103 113 129 149 174 199 225 249 270 286 296 300 296 286 270 250 225 200 174 150 129 113 103 100 103 
340 125 129 141 161 187 217 249 282 312 338 358 370 375 370 358 338 312 282 250 217 187 161 141 129 125 129 141 161 187 217 249 282 312 338 358 370 375 370 358 338 312 282 250 217 187 161 141 129 125 129 
340 150 155 170 193 224 261 299 338 374 406 429 444 450 444 429 406 375 338 300 261 225 193 170 155 150 155 170 193 224 261 299 338 374 406 429 444 450 444 429 406 375 338 300 261 225 193 170 155 150 155 
340 175 180 198 226 262 304 349 395 437 473 501 519 525 519 501 473 437 395 350 304 262 226 198 180 175 180 198 226 262 304 349 395 437 473 501 519 525 519 501 473 437 395 350 304 262 226 198 180 175 180 
100000 5000 5170 5669 6464 7499 8705 9999 11294 12499 13535 14330 14829 15000 14829 14330 13535 12500 11294 10000 8705 7500 6464 5669 5170 5000 5170 5669 6464 7499 8705 9999 11294 12499 13535 14330 14829 15000 14829 14330 13535 12500 11294 10000 8705 7500 6464 5669 5170 5000 5170 
1499 1482 1433 1353 1250 1129 1000 870 750 646 566 517 500 517 566 646 749 870 999 1129 1249 1353 1433 1482 1499 1482 
891 682 1694 696 1258 1263 414 720 745 420 467 713 594 848 945 472 661 644 1731 1507 2030 2104 1718 1124 
1952 1591 1510 1162 1387 1327 648 788 407 454 202 668 664 820 504 1096 469 1421 1778 767 1628 1313 1033 664 
1267 1305 1957 916 610 1006 776 400 395 358 418 271 768 921 451 989 499 1608 1560 600 1832 668 719 911 
1687 946 1456 1444 1192 1148 927 964 567 702 755 373 359 773 932 563 964 1719 1278 658 1040 1095 1269 1296 
2254 845 1180 675 892 655 301 773 388 565 591 697 806 322 410 734 798 1003 1390 1194 1551 1856 1692 1877 
845 1186 1774 508 582 616 880 911 400 347 505 257 618 674 847 554 1002 1033 1202 1107 1996 922 1990 1315 
1757 1630 1396 1284 914 478 1133 589 888 457 671 499 779 574 1066 466 632 1663 1790 1486 1592 1347 1823 854 
717 1550 1063 843 1234 870 407 529 452 242 370 593 481 923 808 727 1045 1566 1217 1623 735 2291 733 1855 
636 872 815 861 755 557 505 434 632 249 429 414 248 294 1069 1259 1588 629 1572 2145 1390 1395 1757 2217 
1353 1536 1689 1494 771 1096 852 628 905 372 788 656 901 806 735 862 1142 1506 822 632 2092 1372 2204 2361 
1196 1427 1509 605 723 390 751 883 419 721 390 686 389 337 1192 979 712 836 971 829 1345 1261 2217 1204 
1779 1926 980 1620 1316 1268 621 314 305 239 595 360 745 536 931 467 1073 1295 1037 1368 795 796 2302 1703 
2248 1439 605 1574 1492 593 425 665 473 508 718 213 673 394 841 1200 1459 1121 1839 1322 1315 1885 634 1043 
1932 917 1907 1341 1239 715 690 579 403 494 696 635 284 960 386 477 507 1762 1592 1515 596 1867 944 1073 
1039 1853 967 1467 663 414 706 1020 527 823 680 663 319 262 870 550 647 1131 1827 1553 834 1659 2169 1610 
1154 1645 1274 1228 1306 861 1120 901 806 222 543 723 594 941 493 771 1547 909 1110 722 732 2122 2291 1532 
2070 935 886 893 1309 481 1014 757 589 267 529 651 411 322 991 586 602 819 579 1114 1043 1097 1938 2317 
1848 1819 1906 1798 1233 655 1169 510 416 429 608 419 239 950 663 827 479 1528 1797 1617 1295 1776 2372 1567 
1828 1781 1768 1503 1324 1362 921 618 346 801 375 476 589 475 790 1220 910 1289 1412 643 1467 2173 1440 1446 
1091 1242 836 1650 1032 357 301 422 237 712 658 463 805 441 1133 373 1128 1213 632 1076 1727 1276 1910 1759 
1044 1964 820 1425 777 1084 1165 655 613 682 262 641 492 627 733 1377 968 1577 1010 1222 1952 2308 1577 823 
1172 1197 1493 1019 1164 1148 1007 820 742 261 432 446 855 667 381 1087 601 1334 1549 983 1040 635 1146 2340 
1469 1047 1738 1523 857 1012 1064 724 692 443 242 384 519 398 487 687 1333 856 1607 2139 1158 825 1085 1586 
1204 592 1889 1271 1487 560 809 766 596 734 313 435 779 511 636 978 1442 1109 629 1126 1465 2325 1864 741 
923 1596 1396 826 427 1274 424 959 501 792 450 547 563 381 826 1188 1473 634 678 1905 1932 1841 2154 1746 
781 1846 804 1685 1406 439 474 1012 821 439 207 747 839 847 796 1312 979 1162 1286 1836 1791 1707 2216 1610 
2116 2077 532 1444 974 373 554 714 657 525 579 239 766 301 1046 663 1114 1539 1622 894 1208 1141 1654 848 
1913 2159 980 1653 1224 1330 532 602 801 304 214 467 572 374 1035 993 1075 1657 955 1753 1019 607 2348 1898 
822 1116 935 1280 755 1062 779 594 523 629 555 329 252 277 876 607 1594 1454 1954 732 2256 1527 2163 1094 
639 1026 1801 1526 1092 1045 483 466 408 544 705 325 237 750 1116 352 1080 1795 1778 2090 2014 1303 1026 878 
1570 1765 1133 1654 952 552 353 617 333 331 615 727 607 528 595 609 1211 1784 992 2066 1143 1475 1388 1329 
1004 1249 987 755 1160 533 711 799 768 427 598 598 900 876 507 753 1577 656 1793 1149 1406 2304 1256 1252 
665 1147 1082 1373 1018 562 369 694 592 589 774 777 525 309 1138 1101 1372 1529 1542 703 703 1585 1394 1717 
1515 1835 777 1444 522 360 796 771 261 523 429 259 436 481 1192 1071 936 758 1120 1837 1839 1239 1514 1367 
1877 1216 852 1647 1229 665 1172 342 810 753 310 263 655 719 612 868 746 839 1086 1624 2156 2130 1625 1290 
2231 632 616 1070 974 1358 528 559 733 613 633 464 418 609 580 428 1460 775 651 1309 1871 1309 1370 1665 
1182 1652 814 1512 435 1026 675 718 257 819 231 417 285 539 710 842 1409 510 970 2127 1880 618 931 846 
1544 1841 1849 1456 1156 1100 920 288 774 692 413 599 760 997 624 945 1139 1802 736 1730 1344 1720 1712 2240 
730 876 1828 1387 1008 970 768 452 778 571 355 581 826 588 520 573 602 1471 595 969 1946 1793 1394 2274 
1552 790 1901 1491 1508 822 716 511 569 741 218 530 480 565 726 1071 998 1425 1370 1542 1605 2356 1370 2164 
2187 1937 932 1213 590 674 1130 782 748 593 584 465 457 331 1140 971 471 1566 597 1000 1738 958 1350 774 
1391 1195 1967 685 817 853 1010 364 620 493 620 368 511 998 558 423 447 1348 879 1356 2274 1335 945 604 
1786 2156 527 1300 650 779 1145 614 605 793 375 525 331 695 390 784 1026 472 1542 2061 1600 1099 1019 1984 
893 1550 1203 1375 1167 1266 853 387 470 440 585 237 378 1032 1066 435 1029 1462 614 1714 1465 1452 1228 1495 
863 644 1068 460 627 954 911 879 891 793 621 494 582 670 1023 379 1485 538 1108 1997 1338 1544 923 1736 
802 1018 1406 1436 890 442 969 671 832 360 549 664 330 810 987 834 576 690 629 859 1158 622 1632 2187 
912 934 1246 925 483 546 455 371 297 316 722 391 403 899 939 1354 427 862 1777 920 2149 850 2118 1407 
1266 2074 1211 549 716 948 1165 575 267 326 694 479 743 822 564 1336 552 549 1378 623 2254 1886 2211 1687 
2079 632 1182 1058 853 1326 742 881 512 811 462 286 861 286 498 924 741 846 518 604 1683 1480 1014 1910 
2052 1768 770 1053 1523 786 444 758 719 473 425 314 840 831 753 1255 1407 572 895 942 1353 2066 2087 1760 
