50 11 20
26 100
170 75 77 85 96 112 130 149 169 187 203 214 222 225 222 214 203 187 169 150 130 112 96 85 77 75 77 85 96 112 130 149 169 187 203 214 222 225 222 214 203 187 169 150 130 112 96 85 77 75 77 
170 100 103 113 129 149 174 199 225 249 270 286 296 300 296 286 270 250 225 200 174 150 129 113 103 100 103 113 129 149 174 199 225 249 270 286 296 300 296 286 270 250 225 200 174 150 129 113 103 100 103 
170 125 129 141 161 187 217 249 282 312 338 358 370 375 370 358 338 312 282 250 217 187 161 141 129 125 129 141 161 187 217 249 282 312 338 358 370 375 370 358 338 312 282 250 217 187 161 141 129 125 129 
170 150 155 170 193 224 261 299 338 374 406 429 444 450 444 429 406 375 338 300 261 225 193 170 155 150 155 170 193 224 261 299 338 374 406 429 444 450 444 429 406 375 338 300 261 225 193 170 155 150 155 
170 175 180 198 226 262 304 349 395 437 473 501 519 525 519 501 473 437 395 350 304 262 226 198 180 175 180 198 226 262 304 349 395 437 473 501 519 525 519 501 473 437 395 350 304 262 226 198 180 175 180 
170 200 206 226 258 299 348 399 451 499 541 573 593 600 593 573 541 500 451 400 348 300 258 226 206 200 206 226 258 299 348 399 451 499 541 573 593 600 593 573 541 500 451 400 348 300 258 226 206 200 206 
170 225 232 255 290 337 391 449 508 562 609 644 667 675 667 644 609 562 508 450 391 337 290 255 232 225 232 255 290 337 391 449 508 562 609 644 667 675 667 644 609 562 508 450 391 337 290 255 232 225 232 
170 250 258 283 323 374 435 499 564 624 676 716 741 750 741 716 676 625 564 500 435 375 323 283 258 250 258 283 323 374 435 499 564 624 676 716 741 750 741 716 676 625 564 500 435 375 323 283 258 250 258 
170 275 284 311 355 412 478 549 621 687 744 788 815 825 815 788 744 687 621 550 478 412 355 311 284 275 284 311 355 412 478 549 621 687 744 788 815 825 815 788 744 687 621 550 478 412 355 311 284 275 284 
170 300 310 340 387 449 522 599 677 749 812 859 889 900 889 859 812 750 677 600 522 450 387 340 310 300 310 340 387 449 522 599 677 749 812 859 889 900 889 859 812 750 677 600 522 450 387 340 310 300 310 
100000 5000 5170 5669 6464 7499 8705 9999 11294 12499 13535 14330 14829 15000 14829 14330 13535 12500 11294 10000 8705 7500 6464 5669 5170 5000 5170 5669 6464 7499 8705 9999 11294 12499 13535 14330 14829 15000 14829 14330 13535 12500 11294 10000 8705 7500 6464 5669 5170 5000 5170 
1499 1482 1433 1353 1250 1129 1000 870 750 646 566 517 500 517 566 646 749 870 999 1129 1249 1353 1433 1482 1499 1482 
785 1288 1892 568 929 1229 1089 739 677 708 674 421 496 979 532 423 1581 1011 1176 1183 1966 693 1763 2344 
2056 1223 608 1714 435 1217 537 690 280 404 598 505 773 288 914 686 758 898 1894 1961 2014 2297 2129 707 
1118 1611 1208 1268 1280 943 740 725 687 605 435 238 422 747 1092 838 1199 1473 876 1512 891 1691 618 1397 
1761 1341 1107 1267 461 924 390 263 239 295 636 363 831 806 759 924 1482 1017 1544 1038 2095 893 621 1731 
697 2097 1782 1377 1116 660 701 1032 642 662 594 800 571 298 970 812 638 852 1524 1682 2219 895 1215 1809 
1833 2026 829 1446 956 628 1145 1014 448 575 342 332 493 860 901 1050 1208 1752 1584 1489 603 1949 1701 1740 
1960 561 1092 1164 1558 1012 939 700 366 687 677 572 233 818 333 452 759 1529 1632 1907 1031 1848 1410 2204 
1155 1422 843 921 1291 1352 859 718 660 615 510 527 417 839 692 871 640 592 1775 1099 2040 1109 1994 1234 
1794 801 1033 1130 714 1096 894 915 843 408 439 410 352 951 1010 1386 796 548 941 1659 1630 805 1379 1453 
1332 1322 1102 1388 1200 1081 942 893 306 677 549 395 745 572 532 730 1030 1292 571 1892 896 1965 1006 1071 
1203 1439 1350 819 431 691 937 449 565 796 237 542 546 766 758 617 1511 625 1357 1501 1428 1188 1137 677 
890 876 1378 960 1530 1161 419 692 276 749 660 650 849 976 626 593 1336 488 561 582 1640 2046 2244 909 
1233 988 580 1700 1045 391 1136 411 715 413 210 640 892 309 1025 1106 1141 829 1886 1660 613 1358 1667 1686 
1510 1669 705 1116 1390 1207 991 877 622 625 411 252 430 279 653 1225 1362 1422 1908 1775 877 1933 1748 1210 
599 1311 1485 560 928 691 917 466 833 457 647 519 317 472 309 407 947 822 1077 611 1505 1952 643 1869 
2222 1425 1313 1447 1306 1319 400 817 310 603 308 824 632 317 323 1182 1315 555 1779 1925 2182 1929 1809 1681 
1922 1322 1495 515 842 1070 528 485 603 499 567 218 416 763 1023 1249 1169 1024 955 1774 1034 767 758 1529 
2199 706 563 1181 1563 1171 1089 908 356 318 376 528 381 427 843 1126 1353 1293 1290 909 1699 2274 1299 1498 
770 2065 1141 1691 1087 1170 698 639 275 415 493 695 440 956 1060 1214 570 1430 1960 722 2132 1879 1845 2328 
1836 1493 889 710 563 1189 866 345 861 686 529 346 889 650 978 820 1135 600 1942 609 1248 1595 2195 1305 
2201 2042 1995 1397 1052 923 505 723 410 472 425 803 442 411 648 1232 791 1777 886 1633 1051 1633 2003 2170 
2101 891 1736 1754 1568 586 668 322 744 253 349 434 645 272 315 1345 568 1368 555 1860 809 683 1702 1663 
1211 666 1604 1067 1162 686 633 1026 268 776 219 470 340 498 1120 480 1096 1716 816 1239 2194 1319 2324 766 
2172 1077 1991 761 1456 629 618 1025 899 244 657 822 593 1026 724 1056 564 1742 708 1407 1309 938 2380 1485 
1000 1712 1934 1012 1232 1365 337 879 271 738 558 777 343 818 975 699 1529 979 1559 2037 1994 2057 818 1629 
2229 1384 928 1267 1066 594 594 953 532 289 291 247 482 985 618 931 1382 713 1677 1859 2263 1030 666 1824 
2010 2149 1300 584 1215 375 708 303 386 385 326 310 697 846 935 1097 1255 905 592 1109 2025 1459 735 1627 
1097 1749 641 519 1153 1027 787 896 310 368 680 578 651 859 924 529 984 994 872 2137 1127 684 605 754 
1281 2092 1308 1064 754 1166 729 879 554 443 591 826 746 809 916 570 519 544 1493 1705 1482 971 891 1874 
749 1294 982 483 732 742 466 926 745 265 219 687 409 997 1134 1250 583 1063 774 934 1250 899 2370 711 
2123 1752 1793 1757 1126 820 544 418 433 550 770 505 723 1007 583 965 1388 890 1379 2070 1691 758 2196 844 
2231 1778 502 1236 1434 1129 341 495 575 267 644 250 506 702 778 1245 591 747 873 1784 915 614 1586 1595 
1435 1644 1754 1522 1201 629 1119 815 502 575 211 226 811 352 817 946 1308 988 847 2147 2027 1703 1576 1702 
1574 1303 1884 1139 1052 1064 421 862 596 621 207 443 834 657 880 766 1372 1397 1605 1902 1289 2269 1261 998 
1098 1161 1792 1652 584 1001 1199 387 448 698 363 551 887 352 676 1345 1048 811 1908 2156 989 2072 2099 1859 
1186 1012 881 1069 1493 1215 582 529 684 370 650 299 853 696 921 1256 1591 637 789 2125 619 1345 2104 1540 
2169 2028 549 619 1569 549 579 952 271 241 356 555 270 549 657 1115 656 1431 1423 1169 713 1295 1499 2081 
612 2044 757 524 1126 1041 1126 775 897 536 384 508 698 674 306 1301 1362 657 566 625 2189 832 1855 2194 
797 2009 1644 1022 1490 392 661 946 706 235 374 390 868 945 561 593 1402 1121 1048 567 1168 1970 2302 1383 
1045 867 1221 505 1535 1010 646 321 544 469 257 391 241 569 721 935 602 1615 837 1231 1635 767 1809 2070 
1337 1604 1111 1626 667 1164 518 948 251 390 226 738 794 543 952 589 535 948 662 991 1233 1184 2151 806 
1243 848 867 969 1065 642 1086 852 650 412 335 460 879 573 398 731 979 1803 1697 634 1775 2017 738 635 
1948 1006 1837 1593 760 1044 1056 675 352 413 327 411 240 556 1021 426 429 875 812 922 1487 1415 2131 1859 
2041 1087 1108 1006 1577 728 1104 917 297 334 277 636 514 416 980 882 659 524 1378 1590 1650 1164 1421 1496 
826 1929 999 657 716 1115 1077 630 386 710 271 766 541 614 949 1203 932 1285 645 1754 1851 1858 694 1403 
2274 1494 1120 1711 793 1371 1137 672 453 630 304 324 785 1014 877 1336 1060 979 1678 1749 1038 1405 963 1945 
716 1311 1500 645 1121 1317 542 649 807 599 404 826 514 423 671 703 1319 1797 1851 1507 938 2204 1983 775 
1561 1365 1770 941 1450 1073 361 430 315 338 381 352 687 691 335 880 403 941 1410 1984 1524 2095 928 2078 
1393 1264 911 1579 1349 574 1132 771 853 250 402 454 288 630 433 837 1042 1433 596 1517 2286 1085 758 668 
1388 1213 563 1608 1247 1043 853 757 456 313 589 570 400 698 1095 403 458 1063 1829 1714 702 751 1254 1461 
733 1156 1402 495 1513 1107 512 563 326 763 243 434 369 597 461 464 477 1502 1960 1776 1681 1631 1522 1352 
1019 1343 1573 1010 796 1150 956 1020 527 212 297 543 351 663 658 942 1294 978 1575 738 1846 2173 1386 1127 
949 1064 1687 1097 812 1250 994 763 703 522 584 685 704 823 620 738 477 1698 1377 1129 1984 1022 1643 1124 
2015 2058 1384 489 775 1096 340 1028 365 424 343 253 282 1012 943 672 834 825 611 1060 1224 867 1400 2025 
1065 1973 954 1728 687 802 1095 279 797 236 737 340 423 716 976 1069 720 1629 570 728 2171 1382 1483 1860 
704 612 525 1531 1472 552 563 363 415 291 406 796 351 740 754 1309 1599 1417 1155 595 1217 847 1323 1680 
1433 1111 1308 960 764 1162 607 940 582 536 240 305 311 1013 562 1334 459 985 992 986 1846 1104 1917 2125 
1300 1159 1410 516 1140 1371 1138 797 797 666 579 735 882 609 842 929 664 1702 1124 1490 1071 1617 2262 1533 
1367 1893 1205 478 809 1277 1152 609 260 810 436 234 505 781 636 971 475 1064 1757 1777 594 2196 1866 955 
1495 1961 1773 1085 1545 410 991 960 372 268 547 524 745 918 864 362 1202 1641 1069 589 1410 1957 2131 1827 
1937 1135 894 1179 1476 908 450 260 688 523 646 468 245 608 746 1193 1423 871 585 1023 780 1600 1216 1635 
2136 2091 1610 756 1516 1151 824 320 565 723 562 722 504 828 850 1237 1238 1023 611 998 1879 1920 2170 1827 
1887 622 1848 632 1456 762 980 978 394 535 346 252 337 382 1093 942 984 1361 735 1383 1743 2091 1943 1247 
1421 1631 1108 583 1295 1296 981 826 350 437 617 209 803 780 862 887 1596 991 882 924 2209 1281 874 1824 
2145 817 1707 1382 630 531 638 948 773 695 738 292 857 931 392 1200 616 1534 1442 721 869 1830 2044 1567 
1131 1882 1593 1253 889 1254 1106 802 755 259 218 608 747 271 659 840 654 1497 956 1996 1580 1531 2319 1579 
1743 1062 1214 1629 818 1112 509 984 385 544 330 355 898 1023 935 937 1501 1321 1859 2046 1547 1696 2055 2172 
825 686 1959 554 816 1139 710 473 530 454 565 776 372 273 1158 678 1089 1477 1795 1348 1409 769 1084 2320 
610 1409 650 820 524 563 919 748 824 626 706 582 351 565 1055 380 499 1752 1988 727 2205 1953 778 661 
640 757 1109 1669 459 899 629 511 646 781 724 609 384 1007 496 1302 1027 1724 1180 1566 1272 1037 1377 1630 
646 1194 776 1172 496 495 1104 395 339 711 306 330 336 696 1085 1140 493 1059 625 936 824 694 1808 1777 
639 1761 1895 1149 1212 448 890 583 648 573 401 495 550 485 894 888 799 1000 653 1148 1695 1426 1962 790 
1638 867 765 1069 866 983 673 674 381 488 797 728 904 785 325 1122 1544 1620 790 1232 1173 1180 2058 1610 
1891 2140 1549 1283 1236 839 372 992 432 674 318 771 800 813 1119 1281 1283 1617 1949 1205 1789 1860 879 1434 
616 571 646 648 706 699 1066 697 590 268 250 410 778 854 1199 919 437 646 1670 1264 1844 1384 1881 2059 
666 946 1628 777 1002 1265 967 456 676 412 788 563 291 536 648 814 1059 1484 1939 784 2046 1533 1976 2220 
1525 1967 736 616 1176 1214 720 361 577 436 714 563 507 901 825 817 1036 1188 1055 1971 768 1336 797 2154 
1545 1283 1444 1705 446 1274 947 853 540 784 291 341 556 934 1125 707 758 1047 1066 1954 1974 917 1629 829 
825 1943 1079 1064 1475 869 1028 446 351 290 792 654 842 992 569 915 626 1467 772 913 1447 1559 2219 1841 
1302 775 508 1537 916 900 920 338 817 808 646 761 482 691 632 1022 1413 747 1280 1880 1170 1982 666 1305 
601 936 886 1633 789 1168 608 387 741 603 215 371 446 588 314 1265 1473 463 1629 595 1995 1521 1975 2203 
2012 1507 965 1453 1124 800 800 424 271 700 791 256 824 650 543 785 405 1196 977 1149 2120 1300 1898 1825 
1038 1513 969 1688 1443 641 358 694 425 593 220 324 398 965 819 953 764 798 1347 553 1367 1627 2037 2120 
1813 2110 1029 1079 1496 1330 364 645 829 717 753 699 542 800 692 1263 618 628 1939 729 948 943 2238 2031 
1502 2074 1681 486 1250 1246 425 726 432 486 318 257 539 660 683 1362 964 769 1501 799 2154 1669 842 2057 
1135 1211 1925 1374 1320 595 715 982 519 608 224 656 632 380 835 858 1586 496 1268 542 2253 1593 1028 1482 
1609 1931 852 1410 1461 1184 760 335 490 351 478 370 574 994 509 1085 965 1295 955 2027 1345 1048 1619 720 
2057 886 1323 735 698 843 348 410 703 317 739 429 467 299 310 472 1444 1570 1324 1293 1269 977 1167 1651 
581 1508 726 1296 1517 1297 789 743 807 800 294 774 500 742 761 1274 433 671 1300 945 1713 770 914 624 
786 1990 1777 581 1296 1283 1107 869 373 678 650 267 262 908 401 497 1277 1401 1664 1427 2131 1216 1230 809 
1764 923 1402 1448 995 1023 869 759 459 581 565 329 348 885 533 549 560 1506 1794 1845 858 1898 2316 1192 
764 1111 1163 1461 1091 1351 654 387 665 389 296 450 823 543 401 948 1072 1262 1480 577 1757 1922 1998 1368 
1659 1811 1767 1025 1562 613 1055 752 534 380 670 440 614 825 808 353 1215 1408 1796 564 873 2207 1379 762 
1709 2142 1115 512 1125 841 1126 925 516 437 586 741 568 279 872 548 466 901 534 1394 1241 2205 2181 1203 
1320 1036 1936 1282 522 1263 758 425 476 418 739 800 635 811 520 901 490 1289 1705 933 830 1749 1150 2142 
692 1868 1963 1116 1454 1078 700 725 494 451 368 467 713 922 613 1038 697 1417 1596 1626 1766 890 1344 995 
2269 633 1190 1673 1168 1065 1111 459 555 526 231 699 382 486 719 1313 1456 1463 898 1979 1285 1296 692 2159 
1802 1537 672 871 695 872 456 607 502 638 406 455 258 779 816 1040 554 1367 885 823 2242 2086 1030 892 
687 1519 1911 1370 1531 362 1032 287 242 222 710 349 880 531 632 789 908 463 1667 1385 1919 784 1610 780 
1753 566 778 1248 1580 825 438 967 883 623 756 631 491 412 1131 363 726 996 1000 2158 2101 1166 2287 734 
