50 2 20
36 5
1700 112 130 149 169 187 203 214 222 225 222 214 203 187 169 150 130 112 96 85 77 75 77 85 96 112 130 149 169 187 203 214 222 225 222 214 203 187 169 150 130 112 96 85 77 75 77 85 96 112 130 
100000 7499 8705 9999 11294 12499 13535 14330 14829 15000 14829 14330 13535 12500 11294 10000 8705 7500 6464 5669 5170 5000 5170 5669 6464 7499 8705 9999 11294 12499 13535 14330 14829 15000 14829 14330 13535 12500 11294 10000 8705 7500 6464 5669 5170 5000 5170 5669 6464 7499 8705 
1250 1129 1000 870 750 646 566 517 500 517 566 646 749 870 999 1129 1249 1353 1433 1482 1499 1482 1433 1353 1250 1129 1000 870 750 646 566 517 500 517 566 646 
836 1030 599 1095 1692 901 2131 756 2268 1320 589 1433 1943 1744 
1019 1145 1599 1159 1854 1316 1310 1629 1501 2185 2135 1921 1800 1030 
1198 1150 1364 1501 1681 2160 659 702 1260 1256 1047 937 1224 878 
964 873 672 645 810 1925 731 1077 1036 1788 1002 1786 1148 972 
645 555 1194 456 1905 1042 632 1946 764 1320 1463 1413 1033 478 
