20 2 20
7 10
1700 77 85 96 112 130 149 169 187 203 214 222 225 222 214 203 187 169 150 130 112 
100000 5170 5669 6464 7499 8705 9999 11294 12499 13535 14330 14829 15000 14829 14330 13535 12500 11294 10000 8705 7500 
1482 1433 1353 1250 1129 1000 870 
1051 415 580 225 454 218 754 855 1036 980 1457 898 671 
1190 496 308 272 331 282 782 745 942 1178 788 1170 1566 
969 648 493 520 488 274 606 817 922 1331 1106 871 631 
871 831 581 452 260 535 596 488 346 376 449 1390 1410 
1130 499 301 473 790 372 646 544 309 1379 489 553 1772 
319 313 613 567 316 450 366 638 405 728 447 1609 695 
1110 271 382 754 579 211 390 483 1128 461 1047 538 698 
491 1019 603 826 378 593 296 576 667 1037 1181 1131 1704 
1068 871 459 348 553 207 298 878 398 651 460 1042 606 
1137 371 466 805 528 643 595 673 529 1236 1279 1490 588 
