5 3 20
3 100
850 112 96 85 77 75 
850 150 129 113 103 100 
100000 7500 6464 5669 5170 5000 
1249 1353 1433 
1525 1573 
1498 1471 
1462 1549 
1509 1479 
1416 1426 
1544 1542 
1428 1523 
1489 1500 
1454 1519 
1498 1426 
1536 1483 
1444 1539 
1436 1544 
1442 1429 
1455 1574 
1416 1568 
1462 1461 
1470 1500 
1524 1543 
1478 1441 
1434 1507 
1501 1506 
1497 1543 
1462 1425 
1430 1515 
1515 1553 
1504 1470 
1412 1425 
1465 1495 
1478 1477 
1501 1573 
1423 1475 
1530 1511 
1541 1428 
1451 1463 
1462 1527 
1461 1471 
1483 1472 
1485 1430 
1467 1453 
1538 1573 
1466 1536 
1444 1565 
1425 1553 
1430 1457 
1442 1426 
1451 1540 
1440 1461 
1489 1506 
1424 1484 
1420 1491 
1474 1517 
1516 1518 
1451 1513 
1436 1465 
1522 1492 
1427 1521 
1525 1556 
1529 1511 
1473 1467 
1459 1447 
1535 1525 
1421 1538 
1538 1570 
1469 1469 
1460 1497 
1450 1527 
1480 1469 
1542 1488 
1552 1454 
1537 1493 
1457 1574 
1556 1425 
1455 1542 
1480 1512 
1504 1438 
1457 1425 
1548 1475 
1522 1496 
1451 1523 
1518 1513 
1429 1499 
1409 1483 
1410 1567 
1550 1458 
1516 1472 
1524 1525 
1503 1557 
1417 1443 
1498 1479 
1461 1487 
1423 1562 
1542 1438 
1450 1476 
1413 1503 
1464 1467 
1460 1538 
1438 1425 
1459 1433 
1444 1520 
