20 2 20
15 100
1700 112 96 85 77 75 77 85 96 112 130 149 169 187 203 214 222 225 222 214 203 
100000 7500 6464 5669 5170 5000 5170 5669 6464 7499 8705 9999 11294 12499 13535 14330 14829 15000 14829 14330 13535 
1249 1353 1433 1482 1499 1482 1433 1353 1250 1129 1000 870 750 646 566 
476 428 503 494 639 
469 512 422 629 718 
521 493 486 528 679 
431 402 583 608 660 
440 524 534 580 773 
493 476 529 654 686 
553 491 535 517 746 
541 505 583 532 654 
472 576 552 580 697 
559 474 604 512 732 
463 504 422 505 608 
554 570 551 524 615 
592 544 532 485 622 
472 476 426 490 728 
470 437 513 525 682 
570 405 466 509 623 
507 469 474 454 621 
525 569 430 555 518 
465 522 469 568 609 
428 545 616 491 648 
443 541 565 590 612 
588 578 501 679 707 
563 574 487 635 587 
511 505 489 541 668 
429 455 482 591 726 
541 584 480 481 626 
587 584 480 604 763 
584 504 505 506 746 
490 525 440 477 605 
591 587 492 639 579 
438 494 542 582 526 
553 457 496 456 625 
568 575 483 508 688 
534 402 492 485 599 
582 489 619 482 675 
490 471 495 544 554 
574 483 424 567 663 
453 436 435 591 752 
456 470 487 644 762 
487 441 428 642 583 
618 577 441 538 728 
444 437 497 671 651 
439 429 620 648 521 
599 595 552 666 556 
570 583 607 589 594 
416 458 444 473 634 
450 582 505 630 522 
600 575 480 612 623 
473 507 599 622 560 
467 540 488 573 713 
582 405 583 660 638 
433 502 480 532 632 
527 556 547 517 638 
592 532 463 523 519 
588 411 431 678 742 
467 413 418 597 529 
513 483 551 664 771 
436 584 463 575 755 
500 412 603 641 698 
570 524 455 586 662 
482 454 446 563 693 
544 504 617 582 588 
453 518 555 641 695 
417 503 505 511 752 
516 432 449 629 675 
427 526 456 466 543 
548 401 469 657 523 
475 400 503 610 563 
547 573 535 474 672 
496 484 499 630 662 
469 490 437 598 674 
480 429 559 583 766 
521 412 430 610 657 
497 532 533 581 670 
525 414 487 533 746 
438 451 569 622 574 
464 565 540 605 701 
443 413 501 484 690 
519 566 485 640 627 
558 529 417 486 741 
513 503 536 649 739 
416 596 560 521 704 
598 500 508 529 717 
588 438 559 508 713 
471 519 469 472 639 
482 517 428 497 692 
492 436 509 642 701 
562 480 591 597 613 
611 474 504 518 535 
595 416 565 468 660 
448 596 490 646 652 
509 485 570 636 732 
594 411 439 455 726 
495 420 573 528 673 
502 416 423 676 594 
534 565 619 617 658 
500 430 458 613 596 
519 555 449 528 644 
553 593 511 573 769 
473 482 468 522 551 
