50 6 20
26 50
340 96 112 130 149 169 187 203 214 222 225 222 214 203 187 169 150 130 112 96 85 77 75 77 85 96 112 130 149 169 187 203 214 222 225 222 214 203 187 169 150 130 112 96 85 77 75 77 85 96 112 
340 129 149 174 199 225 249 270 286 296 300 296 286 270 250 225 200 174 150 129 113 103 100 103 113 129 149 174 199 225 249 270 286 296 300 296 286 270 250 225 200 174 150 129 113 103 100 103 113 129 149 
340 161 187 217 249 282 312 338 358 370 375 370 358 338 312 282 250 217 187 161 141 129 125 129 141 161 187 217 249 282 312 338 358 370 375 370 358 338 312 282 250 217 187 161 141 129 125 129 141 161 187 
340 193 224 261 299 338 374 406 429 444 450 444 429 406 375 338 300 261 225 193 170 155 150 155 170 193 224 261 299 338 374 406 429 444 450 444 429 406 375 338 300 261 225 193 170 155 150 155 170 193 224 
340 226 262 304 349 395 437 473 501 519 525 519 501 473 437 395 350 304 262 226 198 180 175 180 198 226 262 304 349 395 437 473 501 519 525 519 501 473 437 395 350 304 262 226 198 180 175 180 198 226 262 
100000 6464 7499 8705 9999 11294 12499 13535 14330 14829 15000 14829 14330 13535 12500 11294 10000 8705 7500 6464 5669 5170 5000 5170 5669 6464 7499 8705 9999 11294 12499 13535 14330 14829 15000 14829 14330 13535 12500 11294 10000 8705 7500 6464 5669 5170 5000 5170 5669 6464 7499 
1353 1250 1129 1000 870 750 646 566 517 500 517 566 646 749 870 999 1129 1249 1353 1433 1482 1499 1482 1433 1353 1250 
1122 876 921 634 523 544 479 578 484 555 586 712 700 1118 972 1014 1517 1167 1712 1511 1214 1591 1305 1126 
1045 959 960 624 701 474 487 447 511 668 540 620 711 1009 910 1369 1333 1527 1338 1441 1279 1688 1106 1002 
1319 1038 810 681 597 504 615 403 440 497 521 691 793 805 1289 1314 1418 1461 1776 1589 1274 1395 1192 1296 
962 1002 891 881 636 592 500 486 610 597 699 626 955 832 1138 1100 1423 1192 1514 1210 1428 1206 1214 1067 
938 926 750 665 525 639 530 430 416 616 694 658 700 912 1155 1122 1532 1189 1777 1681 1532 1377 1431 1367 
1254 1168 886 729 577 617 458 484 533 630 702 628 861 832 1187 1288 1287 1299 1475 1421 1770 1245 1389 1425 
947 826 873 667 557 669 579 403 440 632 651 815 1039 1172 1044 1313 1329 1547 1281 1542 1392 1346 1498 1249 
937 934 753 785 686 501 497 424 595 673 751 639 1004 885 1034 1458 1540 1704 1389 1213 1767 1447 1576 1181 
1190 818 807 872 677 559 454 403 528 528 582 620 832 819 1302 1202 1569 1358 1296 1361 1355 1370 1215 1382 
1203 1196 776 736 680 456 462 541 545 456 612 700 821 1199 1347 1353 1547 1644 1565 1690 1571 1176 1428 1252 
1116 827 938 704 766 546 547 472 605 583 707 629 852 1046 1065 1099 1391 1153 1674 1229 1611 1274 1095 1298 
1185 1117 888 878 772 523 447 541 518 473 548 615 913 1162 1050 1493 1388 1530 1638 1200 1205 1311 1184 1428 
970 1068 885 665 760 486 427 440 430 491 663 731 714 1049 1263 1378 1360 1524 1483 1219 1223 1286 1596 1188 
953 979 888 654 537 610 512 432 551 643 707 893 828 993 1224 1245 1113 1295 1536 1410 1534 1445 1467 1436 
1166 899 769 872 561 567 419 548 554 520 696 788 826 882 1279 1036 1093 1478 1751 1457 1464 1532 1290 1455 
1338 1030 1006 789 627 509 605 548 497 573 766 680 1021 990 1321 1379 1618 1616 1255 1375 1661 1684 1456 1001 
1219 873 724 795 707 652 489 475 582 641 534 667 870 1101 1043 1258 1229 1373 1681 1602 1440 1539 1536 1288 
1061 1137 730 631 604 614 484 568 575 488 609 803 979 1184 1256 1132 1201 1690 1228 1224 1679 1566 1392 1412 
928 1185 774 792 730 535 581 562 549 547 583 886 716 822 1316 1477 1596 1269 1399 1516 1429 1450 1406 1215 
1071 837 761 885 656 584 467 551 461 581 746 802 832 985 1235 1275 1307 1599 1513 1622 1255 1282 1290 1080 
1113 923 702 652 606 656 542 438 427 597 530 843 985 961 1255 1437 1552 1577 1731 1342 1472 1523 1266 1171 
1222 982 798 655 718 506 531 551 454 588 670 770 878 832 1134 1166 1455 1238 1570 1457 1192 1177 1278 1103 
1183 917 959 826 661 530 455 442 458 478 551 659 832 1095 962 1256 1405 1404 1602 1576 1744 1630 1496 1057 
1002 993 797 777 641 471 432 450 567 494 565 790 751 1046 1237 1324 1204 1529 1222 1506 1424 1242 1394 1328 
1227 991 799 670 696 602 562 452 462 596 685 614 949 1103 1310 1490 1129 1499 1382 1347 1734 1330 1201 1307 
1174 909 841 857 606 601 465 578 456 565 691 673 1034 1080 1157 1483 1569 1630 1622 1515 1389 1191 1384 1413 
944 813 927 877 670 679 567 507 580 516 744 884 996 820 1063 1193 1242 1453 1469 1487 1217 1655 1257 1446 
1344 1037 1009 813 517 624 553 539 576 470 775 893 1042 1164 1026 1156 1572 1295 1470 1473 1584 1677 1580 1391 
1274 1141 938 820 597 644 594 434 583 581 733 679 863 886 1227 1480 1521 1490 1478 1610 1211 1176 1402 1154 
1149 803 898 606 671 583 584 437 456 663 686 829 772 1162 1325 1202 1288 1525 1536 1686 1566 1498 1615 1232 
1074 1079 921 686 713 481 484 471 614 576 748 678 887 800 1264 1091 1339 1397 1203 1383 1385 1230 1115 1329 
993 1199 886 884 633 638 541 503 477 605 597 600 783 1016 906 1382 1098 1195 1473 1652 1505 1681 1303 1403 
1008 923 987 615 598 531 549 494 498 663 628 673 1029 961 1181 1452 1088 1165 1582 1205 1614 1405 1576 1151 
969 837 955 614 689 639 426 515 556 603 630 801 1014 1199 1343 1428 1489 1716 1372 1338 1372 1541 1519 1434 
1124 1010 785 737 637 616 460 442 486 506 625 799 739 1128 913 1239 1435 1632 1508 1678 1760 1334 1137 1140 
1147 1194 910 722 713 610 593 426 484 478 761 742 1002 1164 1338 1100 1226 1370 1541 1252 1308 1619 1289 1479 
1132 974 763 610 625 516 615 538 557 657 541 675 917 863 1050 1437 1493 1696 1759 1285 1446 1339 1613 1224 
950 1069 944 832 592 551 431 588 463 500 719 887 799 997 1072 1250 1479 1689 1690 1320 1401 1460 1374 1379 
1139 987 1000 756 705 454 616 520 553 545 656 644 994 1184 1320 1409 1323 1244 1216 1265 1616 1353 1581 1296 
1242 1025 812 799 638 463 562 580 417 511 667 790 840 1062 1131 1389 1288 1223 1299 1562 1466 1407 1365 1221 
1032 1019 721 899 756 673 430 462 507 545 603 605 895 1015 1318 1450 1196 1230 1387 1487 1344 1570 1592 1281 
1000 1047 743 751 724 606 487 428 524 631 588 630 768 853 979 1243 1153 1341 1772 1565 1412 1523 1101 1408 
1206 879 954 605 553 551 522 401 572 643 563 653 906 835 1242 1358 1385 1451 1438 1722 1765 1368 1263 1197 
1206 983 964 825 698 620 580 435 529 607 705 655 1042 1047 1054 1317 1205 1718 1465 1756 1618 1663 1547 1213 
1044 1071 917 816 706 675 532 560 527 470 648 820 846 1129 1271 1490 1421 1192 1532 1726 1701 1672 1236 1217 
1067 1004 871 605 548 459 556 401 484 526 608 612 722 1150 1235 1462 1543 1553 1399 1683 1519 1548 1348 1349 
1003 842 1021 891 751 601 442 573 527 458 547 806 982 837 945 1328 1515 1591 1415 1307 1591 1588 1353 1231 
1008 846 988 656 563 648 435 452 472 609 710 689 816 1148 1131 1432 1492 1363 1477 1285 1757 1408 1494 1025 
1091 1031 1000 738 605 469 495 515 612 512 724 621 856 1003 1252 1040 1273 1698 1387 1603 1486 1342 1535 1410 
1144 1064 748 767 715 496 460 465 522 563 594 654 1018 1158 1263 1451 1564 1329 1447 1569 1590 1479 1327 1013 
