20 6 20
15 100
340 85 77 75 77 85 96 112 130 149 169 187 203 214 222 225 222 214 203 187 169 
340 113 103 100 103 113 129 149 174 199 225 249 270 286 296 300 296 286 270 250 225 
340 141 129 125 129 141 161 187 217 249 282 312 338 358 370 375 370 358 338 312 282 
340 170 155 150 155 170 193 224 261 299 338 374 406 429 444 450 444 429 406 375 338 
340 198 180 175 180 198 226 262 304 349 395 437 473 501 519 525 519 501 473 437 395 
100000 5669 5170 5000 5170 5669 6464 7499 8705 9999 11294 12499 13535 14330 14829 15000 14829 14330 13535 12500 11294 
1433 1482 1499 1482 1433 1353 1250 1129 1000 870 750 646 566 517 500 
390 854 777 553 551 
699 699 455 474 1205 
349 739 689 875 956 
625 645 800 810 993 
802 620 957 797 1180 
693 365 805 932 711 
561 709 649 377 535 
625 552 919 1103 575 
592 657 537 371 522 
723 589 579 407 950 
280 448 1016 664 1288 
694 493 388 661 854 
812 556 949 959 1363 
588 329 260 1198 422 
214 364 739 1037 472 
375 847 588 1086 561 
698 888 301 368 643 
271 268 407 729 389 
366 852 560 1096 750 
412 508 349 762 582 
601 603 643 868 1054 
618 499 571 591 949 
755 880 758 840 1369 
710 775 753 526 1318 
416 427 907 812 366 
247 400 765 425 784 
544 405 542 408 1007 
451 821 779 696 886 
221 334 791 357 641 
452 793 599 816 1064 
316 647 920 343 918 
802 248 462 790 675 
237 607 925 310 620 
399 599 915 1097 939 
714 648 827 992 608 
433 839 655 1121 1223 
640 666 562 618 864 
598 319 711 930 796 
296 497 755 1024 792 
413 554 556 499 1202 
817 423 614 923 623 
654 485 400 568 682 
735 806 564 874 652 
638 449 721 934 1296 
443 388 866 712 350 
601 597 303 559 679 
498 636 281 301 1004 
632 580 294 961 666 
738 506 745 569 1354 
516 305 782 311 1094 
634 472 666 370 390 
528 783 842 1082 1378 
226 775 998 1167 850 
258 864 657 752 864 
710 898 693 834 936 
803 774 866 1154 1174 
705 888 937 612 1060 
245 454 311 627 423 
451 828 380 539 537 
291 490 362 607 413 
395 591 995 1160 1372 
763 446 719 668 1147 
652 233 684 822 751 
352 560 274 1134 418 
524 725 611 742 559 
722 566 897 653 1359 
293 353 347 622 700 
458 420 699 1125 1304 
433 524 410 991 1067 
804 698 540 916 867 
782 870 821 382 1114 
524 771 531 390 549 
664 650 1013 937 570 
745 227 1033 512 422 
640 646 530 760 1388 
810 401 853 851 389 
264 744 480 839 416 
655 401 740 909 766 
222 829 452 618 1214 
467 889 796 1032 1254 
323 288 542 621 491 
466 618 1029 1095 1242 
393 594 751 1015 1180 
451 349 584 651 832 
612 407 375 309 723 
599 251 322 1079 532 
513 642 329 777 1350 
681 630 497 516 1055 
697 438 459 398 693 
395 293 386 587 552 
734 668 757 1162 559 
295 282 377 542 791 
487 485 725 568 858 
524 813 596 912 397 
290 453 875 692 696 
802 420 811 906 574 
405 417 794 982 1030 
332 736 513 328 1210 
545 324 559 380 911 
497 576 550 1022 1324 
