50 2 20
26 100
1700 112 130 149 169 187 203 214 222 225 222 214 203 187 169 150 130 112 96 85 77 75 77 85 96 112 130 149 169 187 203 214 222 225 222 214 203 187 169 150 130 112 96 85 77 75 77 85 96 112 130 
100000 7499 8705 9999 11294 12499 13535 14330 14829 15000 14829 14330 13535 12500 11294 10000 8705 7500 6464 5669 5170 5000 5170 5669 6464 7499 8705 9999 11294 12499 13535 14330 14829 15000 14829 14330 13535 12500 11294 10000 8705 7500 6464 5669 5170 5000 5170 5669 6464 7499 8705 
1250 1129 1000 870 750 646 566 517 500 517 566 646 749 870 999 1129 1249 1353 1433 1482 1499 1482 1433 1353 1250 1129 
1553 367 1077 633 248 229 780 298 748 812 401 1111 792 459 1398 1062 2277 2292 932 1476 2236 1532 784 986 
467 797 452 304 560 282 359 684 781 567 1033 964 552 1284 976 1896 1501 1927 1239 1811 937 1701 1336 1369 
1323 805 484 462 556 652 536 318 257 482 784 1230 702 573 1664 1320 1455 923 1926 959 1321 1079 1864 1547 
890 1000 940 571 555 350 314 648 504 762 395 534 602 1102 1259 1571 2052 885 1260 1899 1013 1635 1119 1651 
1471 984 924 945 256 628 214 815 493 279 1079 963 1337 969 1655 1124 2047 1466 2291 2098 2232 1855 558 1080 
560 1304 1039 1016 568 592 609 341 237 445 948 636 1308 1793 1112 1932 1827 2356 1443 659 1376 1901 555 648 
742 561 950 1002 593 491 585 808 711 838 334 1305 1251 1163 1342 1029 847 2366 2074 807 743 1260 921 1169 
1454 1280 424 755 648 275 320 325 281 552 697 668 727 494 903 616 1714 968 818 2355 1120 1871 1239 1198 
1384 489 1164 455 440 242 397 637 578 608 718 745 443 1207 1910 885 2032 2275 697 1965 1039 2114 1007 697 
728 552 428 824 556 692 433 815 712 460 378 982 835 1401 1558 1568 1497 1898 609 1192 973 1159 1104 1150 
897 534 735 514 467 552 644 490 258 986 431 1140 500 1182 1450 859 1906 1161 789 952 2165 670 553 757 
467 500 556 786 529 593 322 209 786 800 860 402 471 1708 1751 1430 1789 629 852 2008 1794 629 613 986 
588 977 1104 378 500 670 447 792 502 599 1020 1054 1152 690 1142 822 1146 1422 1203 775 1688 628 1168 1432 
635 727 394 765 687 292 220 435 383 835 569 1056 1492 587 1092 1931 808 1858 625 1811 1347 1790 1444 604 
915 1172 705 830 293 675 722 732 685 441 1189 596 421 1056 944 1365 1583 1880 846 727 1066 1155 522 1290 
423 765 623 380 436 813 698 520 778 504 991 670 522 1390 1810 1153 1470 1034 1872 1568 1400 1313 679 1519 
443 1248 471 836 285 618 662 510 256 481 512 1019 769 756 1280 1565 1255 672 704 1058 706 1146 1531 941 
804 719 431 785 592 558 337 694 638 898 491 534 1100 1653 1446 1047 1290 1485 625 1978 1055 1793 1491 935 
788 670 349 363 334 295 208 483 864 922 444 1201 851 1681 1730 1628 1503 1701 2263 2305 1900 1868 545 1168 
1078 883 329 492 752 656 607 299 871 871 720 934 632 721 537 1949 1189 1293 1632 1025 2124 1392 1330 720 
771 983 314 859 473 250 724 315 318 362 839 386 462 500 1210 649 2025 1511 2340 1066 1877 1476 1037 1073 
1425 1343 458 516 732 387 537 659 631 629 433 755 1342 591 1305 1972 2273 1527 2383 2210 748 1353 1114 1482 
1368 1240 479 313 321 302 273 607 838 928 956 925 689 1704 1169 882 1090 1080 2303 1794 899 900 1790 1625 
652 543 705 980 653 675 392 502 804 658 997 1276 816 1345 1843 1265 891 2015 2330 1423 1366 2140 911 701 
1057 744 306 716 529 559 293 795 295 1006 473 571 461 836 1268 631 916 1588 1096 1886 759 1612 1583 1094 
1147 1161 814 825 353 750 550 696 688 664 1107 546 562 635 806 1413 883 677 1319 2299 1455 1209 1633 1712 
772 749 525 791 817 557 270 788 459 383 503 446 1496 1597 1075 1763 1002 1976 869 1699 1550 1770 881 1313 
626 1360 500 618 822 397 375 285 804 828 496 1355 1351 1309 594 1571 1760 1754 1607 1305 2062 2141 720 994 
448 931 540 358 749 274 213 729 282 727 1003 471 1257 1789 1746 976 1785 1834 1798 2101 1888 2104 518 1753 
683 662 460 713 893 349 690 609 259 742 948 396 970 1418 1543 1106 639 907 896 1316 1141 1038 1325 1219 
1578 1084 343 816 489 514 731 767 747 646 888 1063 1496 939 1715 561 1414 733 2312 2023 838 2060 1892 1722 
943 607 686 962 729 805 259 722 231 670 1012 406 1575 479 608 616 1055 2343 1549 2048 645 2160 508 1255 
1354 734 630 975 896 816 707 820 865 822 842 652 1207 1141 1385 1297 1125 1121 1117 1352 1576 813 1145 1214 
409 1218 579 418 539 583 652 263 650 481 612 373 1436 1684 557 1313 1139 2133 1822 1169 1586 1072 1417 1080 
1227 831 1109 643 877 461 371 345 490 624 734 516 1576 1133 1810 1840 2017 2312 1024 2044 1281 1533 1353 1756 
1211 618 859 929 675 610 328 464 289 907 1161 371 1091 543 1154 1174 712 1779 1484 750 804 1899 1480 1270 
1047 1271 615 337 883 720 780 585 396 914 626 1253 1328 1204 1884 1362 1826 1602 1969 2115 1671 1030 717 478 
1561 901 977 637 345 582 709 818 247 928 1175 1164 1093 644 847 823 1497 2212 2047 1261 1507 2104 1589 1142 
422 504 820 989 266 279 287 619 326 657 888 1345 482 1336 1531 570 2020 719 1243 2098 616 2138 1745 1804 
699 429 1033 671 429 599 251 702 634 585 883 681 963 944 1458 1300 2181 1340 1585 902 1444 1617 1793 950 
1262 363 952 554 771 592 619 223 437 506 511 945 499 691 1892 1091 1134 1594 913 807 957 1734 944 677 
1442 754 981 977 835 308 520 392 653 683 539 941 536 684 864 1827 2063 2284 2165 2054 1719 610 1477 1381 
730 452 598 702 493 682 354 264 703 962 817 442 828 1171 1007 1620 1866 2140 849 1798 2116 1505 1004 1027 
737 1003 747 802 589 533 273 823 730 958 537 1387 1317 1591 695 825 1272 2026 1069 1714 1847 2131 1058 1690 
995 889 723 318 770 633 392 607 320 531 1075 1110 1463 1490 1511 555 971 915 749 2018 2035 835 1987 1710 
612 615 339 731 640 559 323 262 554 552 623 587 625 591 511 1797 982 1428 1817 1506 1690 1750 667 544 
979 864 1083 645 822 737 432 497 515 860 410 542 687 727 1815 1889 1515 1804 2165 1815 829 1074 1517 1421 
1121 1048 861 844 542 384 623 273 527 832 907 1068 1344 1503 997 1355 1907 999 1795 1673 1670 1568 1839 943 
1307 1388 331 334 559 638 247 812 544 1023 619 613 1226 535 798 1602 1054 885 1526 716 1002 1676 961 895 
498 1200 1023 427 581 483 336 525 487 443 1073 562 1278 973 1146 1602 1077 2008 1482 2191 1266 1491 1699 1571 
859 717 639 588 666 344 360 728 505 327 880 822 795 560 990 1677 2164 1783 1161 2093 781 1217 1125 1045 
1306 1201 856 780 502 338 312 418 469 444 496 1017 495 1522 1447 1402 648 2261 1069 2101 948 1862 652 1714 
519 1279 601 989 646 613 316 588 737 348 565 1032 654 647 1262 1361 619 765 2331 1825 1211 1660 934 1097 
988 975 924 276 269 683 761 713 797 919 1052 898 1480 1548 1077 643 1246 769 687 622 670 1235 1068 752 
924 917 752 762 267 237 559 427 547 766 1158 1079 951 1689 1515 1437 1085 2089 1848 1858 1211 1243 623 795 
413 890 635 276 835 795 730 818 804 682 931 1055 885 1599 1081 1253 2172 640 636 1820 1810 632 1469 1712 
1416 864 978 807 326 777 708 364 336 624 958 383 877 1047 1365 1984 1856 1319 1300 648 1230 1999 1926 1245 
431 1374 1057 954 822 735 578 417 279 870 1048 1205 476 1146 1568 1719 1624 1296 1603 1486 2220 1317 1220 1281 
1390 1162 629 308 696 743 231 364 322 361 600 687 1215 1536 1831 1774 1947 676 1881 1389 1739 1017 759 1696 
821 425 525 1013 692 505 250 475 232 766 660 579 1289 795 1889 1348 2070 1362 1290 705 1604 930 712 1485 
446 1325 431 321 405 324 318 630 627 749 463 441 888 1422 1023 904 1311 1252 1010 664 1727 1212 911 1747 
441 537 1059 492 787 428 552 528 256 617 1071 668 1375 1771 835 1285 1862 1559 1841 1630 1731 1007 1554 1058 
936 985 800 378 451 540 360 746 680 273 784 682 712 697 1829 1820 1055 2341 1560 2023 637 963 732 832 
976 995 372 477 736 296 226 307 659 566 352 651 749 1349 1314 655 613 2257 1064 1471 1492 1491 758 1705 
918 548 1051 526 477 521 419 689 664 273 869 462 1143 568 1604 578 1929 772 1281 1068 2021 1628 817 1783 
1092 616 988 484 900 383 226 753 500 360 650 1182 1546 474 1547 823 1128 1028 1659 735 2273 1755 1424 820 
1502 801 416 1034 902 381 709 596 240 770 1007 634 1228 1592 1355 860 1110 922 2028 814 1716 2062 1196 835 
1383 494 446 493 416 586 792 672 401 610 1100 865 965 544 1251 1542 1025 876 639 769 1293 1610 935 464 
1004 433 850 551 284 365 466 526 672 953 784 1372 1158 459 1430 1991 1009 1587 979 2113 1813 1258 1523 663 
923 470 423 658 685 817 325 237 591 952 639 1084 1022 1548 1828 1964 1545 674 2158 1321 2134 700 1636 1433 
1092 864 849 470 845 613 425 237 830 443 992 732 1212 1683 1706 1580 891 659 1671 1213 2281 984 1259 1754 
1013 833 538 1019 692 766 264 744 305 527 818 389 1501 1551 550 1657 889 1611 1536 1646 1202 1140 527 1399 
939 630 961 759 396 311 496 804 681 547 1042 534 713 825 1776 1408 2246 1569 1613 1548 1176 1924 1364 533 
534 881 1168 429 496 295 358 665 597 799 513 374 1301 1618 1252 1621 1313 1191 1683 1624 1697 2034 1448 1177 
972 1262 1196 445 585 555 435 671 686 870 879 740 575 1610 1134 1946 2130 1953 1520 609 1736 1450 1481 1056 
896 621 860 923 632 441 541 375 342 602 540 1102 986 1229 1013 2050 743 1459 723 1087 1790 2116 1769 1502 
620 623 1141 425 856 403 526 380 532 569 1094 1157 1052 505 869 1744 1973 1871 1934 1739 2279 1129 1625 953 
1387 378 945 444 836 702 411 679 398 512 1067 719 539 489 848 1730 1588 1216 1222 937 1721 763 1574 1171 
870 875 972 851 578 358 448 476 573 399 335 1043 690 1123 844 1699 919 1369 1649 1005 1578 1245 873 1755 
526 398 1148 308 812 669 501 718 296 998 825 1324 707 970 1394 673 639 695 1409 693 2287 635 850 597 
807 778 666 835 490 279 556 655 556 861 818 804 1278 1515 1390 1193 1198 1588 1538 770 792 1811 547 1614 
1009 463 601 263 315 410 554 219 360 583 821 1271 757 1139 1598 1133 1321 887 806 1389 1623 571 1178 1305 
1376 513 1016 489 745 388 752 771 386 365 344 557 794 1794 1992 734 1463 2313 1177 1904 1963 1962 1403 1570 
1461 538 658 517 597 240 203 501 437 981 852 1040 1018 1274 1903 2127 1870 1098 2248 1343 575 1474 1413 1351 
722 1298 1038 632 316 413 565 605 891 368 509 787 760 916 1475 1348 2164 1315 867 1340 1355 967 822 977 
1386 384 503 680 412 487 238 524 658 603 514 759 638 1594 1437 2071 703 1842 1312 828 1195 830 879 1597 
1545 817 789 948 480 603 419 250 506 427 516 907 1586 1593 1190 720 605 793 1864 2083 1703 876 1990 1059 
1318 1252 868 1021 862 640 288 372 846 471 1121 855 1331 1756 1201 1422 1801 610 939 1411 1795 1846 1052 1133 
450 1180 577 471 822 249 515 503 802 1016 888 955 1527 1655 709 708 1474 1372 1202 1866 2110 1027 595 1695 
569 1315 541 624 717 355 694 409 597 822 409 619 1528 1698 1253 2066 1157 1884 860 1717 605 1468 1248 837 
1293 1225 1074 398 682 555 301 767 446 900 880 1206 426 1669 1002 1858 1583 1436 917 1378 1704 695 1506 907 
980 499 979 979 589 465 780 417 731 820 756 949 1325 1137 902 1839 756 2232 1422 2109 1144 1146 1815 1508 
937 1345 727 693 601 685 350 682 727 732 395 729 1071 1726 1634 1172 2123 1799 1073 1822 1570 1728 966 1129 
1071 1134 1025 259 287 266 735 610 650 590 1190 822 1435 1764 1887 2039 1904 2096 2012 2236 2117 1349 1311 651 
1397 1009 374 574 362 628 631 513 885 426 989 1184 939 925 944 1248 1994 1476 1785 682 1530 1439 1777 569 
991 1298 614 787 270 386 482 779 469 929 1102 1080 938 1318 1074 1941 2013 1568 1283 2147 1073 955 1203 1454 
1594 461 653 547 438 351 592 293 230 425 593 1196 749 941 742 1544 1465 2358 1649 1738 2069 1744 1488 832 
1467 690 890 987 367 689 356 679 417 688 362 910 1030 1212 1134 1441 1683 1503 976 1623 1494 1518 1546 1437 
1099 1369 316 567 717 800 424 218 272 628 816 1194 1011 1441 1987 1019 668 1425 1561 1942 1121 2057 1582 986 
1557 1282 716 524 545 666 579 419 246 357 326 580 1573 598 1738 2066 1488 1066 750 1290 973 1783 1172 1434 
