10 11 20
4 50
170 130 112 96 85 77 75 77 85 96 112 
170 174 150 129 113 103 100 103 113 129 149 
170 217 187 161 141 129 125 129 141 161 187 
170 261 225 193 170 155 150 155 170 193 224 
170 304 262 226 198 180 175 180 198 226 262 
170 348 300 258 226 206 200 206 226 258 299 
170 391 337 290 255 232 225 232 255 290 337 
170 435 375 323 283 258 250 258 283 323 374 
170 478 412 355 311 284 275 284 311 355 412 
170 522 450 387 340 310 300 310 340 387 449 
100000 8705 7500 6464 5669 5170 5000 5170 5669 6464 7499 
1129 1249 1353 1433 
1106 2310 1700 845 1868 1662 
1308 1703 1328 707 1012 986 
2084 726 1810 1476 1541 508 
2076 2247 2023 1865 1394 1223 
2184 2318 2269 1943 1053 1126 
2235 801 1481 1884 1084 681 
2355 2383 1977 1794 1444 527 
1214 1601 1969 1935 1629 1861 
699 733 2210 1250 1543 1235 
613 980 1036 2178 1938 1287 
1556 2264 1617 1306 1106 516 
1819 1143 717 1961 1185 1917 
1821 1986 1681 1025 595 941 
677 2249 975 976 597 1611 
1942 1385 1118 1071 1088 1064 
1307 1218 1698 1437 742 1597 
934 1273 1307 1101 2143 771 
842 1355 1055 1870 1458 1594 
1503 1770 1213 1793 1126 1099 
989 1811 2072 1485 1037 1517 
632 1386 2106 825 1546 1563 
1742 1578 1004 2291 1807 1943 
620 663 2346 2215 1436 1791 
1111 1429 1381 2121 861 742 
1693 2312 732 786 1814 1522 
709 704 618 1846 680 574 
2269 723 1149 741 1372 1252 
1884 1157 1974 1028 543 636 
1829 1404 1423 883 1203 584 
1147 2163 2293 1843 1842 870 
2204 1979 1824 1996 1946 1068 
1626 1291 1201 706 1175 1022 
2231 2340 1900 1627 915 1595 
1222 755 1776 1157 1125 1745 
1180 774 1490 818 837 623 
917 1344 2072 1661 1184 657 
2322 2243 1305 1780 2027 798 
1016 2340 933 2203 1999 1029 
1812 1073 1124 2151 996 1753 
2077 1628 1440 2240 1649 524 
2288 1984 1677 942 1418 642 
1451 1909 1613 1216 874 1660 
771 2158 1141 1166 2001 1201 
2189 1014 1999 1712 846 923 
952 1857 1208 1920 1285 1388 
2094 1031 1954 670 643 1188 
1220 2286 1212 1003 1766 889 
1035 1658 1803 1395 780 1390 
1417 629 610 852 1418 1546 
1422 1668 2258 850 2077 596 
