50 3 20
26 50
850 85 77 75 77 85 96 112 130 149 169 187 203 214 222 225 222 214 203 187 169 150 130 112 96 85 77 75 77 85 96 112 130 149 169 187 203 214 222 225 222 214 203 187 169 150 130 112 96 85 77 
850 113 103 100 103 113 129 149 174 199 225 249 270 286 296 300 296 286 270 250 225 200 174 150 129 113 103 100 103 113 129 149 174 199 225 249 270 286 296 300 296 286 270 250 225 200 174 150 129 113 103 
100000 5669 5170 5000 5170 5669 6464 7499 8705 9999 11294 12499 13535 14330 14829 15000 14829 14330 13535 12500 11294 10000 8705 7500 6464 5669 5170 5000 5170 5669 6464 7499 8705 9999 11294 12499 13535 14330 14829 15000 14829 14330 13535 12500 11294 10000 8705 7500 6464 5669 5170 
1433 1482 1499 1482 1433 1353 1250 1129 1000 870 750 646 566 517 500 517 566 646 749 870 999 1129 1249 1353 1433 1482 
621 1704 1800 1494 929 1148 1002 428 814 575 568 344 274 533 629 470 317 1034 1454 471 649 835 2265 1954 
1230 2055 902 1878 1891 1057 882 839 786 863 487 266 458 425 412 704 877 937 1361 1057 1724 790 952 667 
1029 2323 1224 702 986 952 1528 351 567 292 360 341 355 647 529 270 636 784 894 587 1085 1946 1739 952 
975 1591 1560 960 1593 679 1028 620 916 937 431 431 609 296 338 531 459 1055 810 541 1372 2052 2010 2126 
1063 688 592 1693 1365 1209 1532 386 1012 718 902 756 755 290 609 644 662 1380 1034 1671 1456 1964 1092 1699 
1149 1521 2251 679 1255 489 1071 1195 777 581 728 209 499 617 320 743 755 419 1090 1167 1342 1087 985 1999 
647 862 1074 1805 1611 1331 1411 445 833 722 761 799 636 607 527 364 413 825 989 501 1637 733 868 2336 
700 1693 888 1112 1830 1498 766 1023 1009 587 335 225 585 373 308 658 788 501 1366 895 578 773 831 1624 
1628 1205 1461 1877 574 1258 1360 959 968 329 240 511 347 307 464 290 759 436 461 1345 624 964 1112 780 
1055 1703 1278 1878 1049 1262 640 713 1189 619 499 423 296 501 651 563 715 927 1164 522 609 2078 1960 1336 
1701 1714 958 1575 1848 1626 930 921 673 806 446 225 592 709 872 354 381 793 490 1230 1964 1938 722 2060 
1858 1114 2161 714 1853 829 1549 1068 393 860 418 766 211 237 479 260 580 651 1126 1135 1990 1020 1597 684 
934 686 1976 1224 1206 1227 968 1151 784 888 306 638 414 229 856 443 832 824 606 946 1201 1333 1968 750 
2083 1461 1719 1799 1334 841 623 1128 460 558 390 692 629 300 850 710 888 1220 1355 1579 735 1863 1732 2221 
1093 2058 890 2008 1042 1241 775 1288 680 750 402 413 564 666 641 488 805 1072 774 1157 1809 1927 1241 761 
1168 1133 2098 1342 668 1705 419 387 1149 452 876 431 746 486 412 1033 458 639 971 1327 1260 1076 1600 1040 
1367 1396 1153 1300 802 1343 1250 974 647 553 672 596 278 455 638 563 1188 690 951 1209 1128 2050 2175 1330 
1934 935 1878 776 1560 1051 1269 1012 710 539 884 468 231 368 593 927 590 809 1252 658 817 2152 2188 1021 
1293 2130 612 988 929 1228 846 1022 636 541 832 349 652 325 507 987 1134 707 630 656 1807 666 1234 799 
916 751 591 2088 1172 680 831 666 939 947 437 371 202 614 582 769 1129 351 1594 818 934 1199 2161 812 
1881 1542 1181 1181 794 776 1114 413 830 365 806 754 217 280 261 861 418 1022 793 790 735 823 837 2181 
2082 1544 1512 1527 570 1307 838 990 545 482 316 737 596 579 474 934 1021 1001 1453 1488 848 1757 646 1169 
1339 1666 1319 2035 1137 1583 1457 609 404 726 469 545 712 290 694 500 903 539 1061 736 1983 1731 1822 920 
1761 2024 701 1177 1152 1380 649 426 1111 603 446 785 549 250 337 341 685 425 1101 945 1447 2007 1754 1624 
1599 611 2261 706 504 1703 1078 460 789 374 751 531 263 376 405 747 798 425 441 1695 1240 592 1091 1133 
2366 646 1830 1037 1095 1316 401 612 456 866 318 294 569 319 637 427 766 717 1170 1658 1707 1473 1894 701 
2239 1682 2217 1305 683 1242 932 507 833 857 664 569 354 680 302 751 628 1115 481 1686 1753 926 1277 1594 
925 1172 1784 848 785 954 553 1291 397 568 780 303 512 401 620 594 903 1204 1009 969 1126 1222 1165 1483 
1613 1147 884 2100 1644 1173 874 1032 964 411 443 260 206 308 628 384 1088 1389 1216 1142 1757 1401 1505 1296 
996 2218 2051 1922 758 1085 1444 439 1015 401 374 706 556 352 782 629 1192 676 627 748 665 823 994 1156 
1570 913 2243 593 974 793 411 1137 1054 266 618 274 748 508 704 341 912 599 718 1719 1423 910 1902 1454 
1203 1032 1204 849 1139 909 435 670 313 993 530 328 374 347 568 801 944 647 1449 787 686 1795 1769 1904 
1384 1635 1873 1850 818 603 648 968 980 862 391 561 793 400 717 685 1032 885 650 1050 787 2025 1237 2167 
1750 838 1126 1066 1074 915 1065 1001 1081 681 543 728 715 336 842 410 1053 1304 1061 1683 1886 1312 2197 2240 
677 1153 1786 829 1311 1121 1443 799 1186 396 788 430 416 785 785 946 642 1040 1012 1040 691 1450 1432 860 
1956 2159 1216 1692 1173 1696 597 1166 660 260 721 691 773 744 230 984 954 599 1163 933 1736 2158 2094 783 
2343 1839 1183 2080 1520 1700 955 1164 547 348 318 487 726 490 698 989 460 816 891 1263 721 1597 1758 1406 
1374 1262 1176 983 1446 1406 1573 703 498 755 774 648 364 686 304 946 987 642 1120 1247 1420 1551 1746 1823 
1074 1916 966 2078 1881 695 1193 897 530 921 844 232 640 796 346 341 589 1059 414 487 1644 1042 1631 1893 
917 1052 2089 1401 738 1352 557 1169 422 411 232 273 303 524 570 367 1161 522 1107 1219 772 1100 1258 1302 
686 1023 1378 800 634 1053 1566 395 358 370 522 619 263 550 826 609 1083 701 1495 906 1844 1226 1688 1960 
2184 625 615 1703 669 742 891 1053 993 1003 234 423 376 710 249 284 814 615 466 925 713 2130 1635 1278 
843 2215 1353 1922 765 994 835 709 1171 519 350 409 657 583 782 930 708 1072 1389 1535 1261 1786 1419 1242 
1385 824 2101 2010 572 919 1443 1127 470 944 555 730 316 616 746 474 979 627 850 736 1185 1015 692 1246 
1781 1509 1315 1657 1937 962 1462 536 1191 662 512 592 619 690 233 387 1101 808 636 1092 829 755 1962 1376 
1265 903 1026 767 1428 1469 955 395 777 816 703 302 778 476 631 325 442 768 974 1484 596 747 1010 1922 
1835 2343 809 1950 1433 1080 759 528 780 755 804 740 658 323 319 439 1039 1203 1415 874 1911 1265 2022 879 
1429 2310 983 1441 807 1738 1196 408 858 362 355 282 717 222 828 482 808 835 970 568 1252 1400 695 1905 
2164 1560 1301 936 1093 1319 1238 1339 308 740 374 328 366 535 324 363 595 1115 1095 863 1240 2005 662 710 
1268 1790 2006 1352 1300 1009 511 1213 846 914 453 824 757 803 277 619 761 349 730 1612 1296 1951 1327 1459 
