50 2 20
36 100
1700 112 130 149 169 187 203 214 222 225 222 214 203 187 169 150 130 112 96 85 77 75 77 85 96 112 130 149 169 187 203 214 222 225 222 214 203 187 169 150 130 112 96 85 77 75 77 85 96 112 130 
100000 7499 8705 9999 11294 12499 13535 14330 14829 15000 14829 14330 13535 12500 11294 10000 8705 7500 6464 5669 5170 5000 5170 5669 6464 7499 8705 9999 11294 12499 13535 14330 14829 15000 14829 14330 13535 12500 11294 10000 8705 7500 6464 5669 5170 5000 5170 5669 6464 7499 8705 
1250 1129 1000 870 750 646 566 517 500 517 566 646 749 870 999 1129 1249 1353 1433 1482 1499 1482 1433 1353 1250 1129 1000 870 750 646 566 517 500 517 566 646 
778 843 969 1163 1206 1413 1448 1454 1456 1510 1451 1341 1247 1153 
720 828 1003 1076 1240 1303 1405 1477 1527 1450 1391 1319 1214 1169 
750 898 1014 1151 1301 1389 1409 1521 1573 1511 1402 1317 1205 1176 
734 906 1038 1156 1259 1317 1377 1454 1511 1519 1373 1376 1207 1116 
783 837 1040 1120 1212 1347 1473 1473 1476 1438 1477 1292 1292 1119 
716 908 1008 1087 1260 1394 1405 1428 1516 1519 1480 1291 1265 1172 
763 855 1011 1124 1308 1345 1387 1469 1454 1484 1462 1378 1268 1165 
741 836 962 1137 1216 1317 1479 1430 1544 1548 1489 1319 1302 1091 
758 852 963 1139 1270 1342 1493 1509 1504 1450 1449 1393 1225 1108 
725 907 964 1118 1242 1366 1449 1501 1457 1507 1365 1319 1289 1122 
720 860 981 1167 1208 1366 1400 1430 1425 1535 1364 1412 1273 1090 
742 895 1015 1092 1191 1332 1502 1442 1561 1468 1422 1419 1250 1125 
726 844 961 1139 1286 1399 1460 1527 1440 1547 1473 1290 1307 1134 
784 900 987 1078 1226 1393 1471 1461 1459 1537 1386 1288 1232 1141 
713 830 1019 1142 1207 1315 1474 1546 1440 1536 1366 1400 1292 1162 
713 910 967 1113 1298 1383 1412 1473 1532 1477 1427 1297 1288 1086 
755 913 1042 1134 1206 1305 1430 1528 1516 1409 1430 1313 1255 1148 
745 867 1014 1084 1301 1401 1448 1429 1430 1501 1393 1316 1260 1146 
782 877 1039 1124 1297 1394 1411 1519 1427 1500 1452 1344 1196 1154 
748 859 1047 1124 1196 1402 1451 1448 1426 1535 1444 1379 1278 1109 
745 899 996 1120 1273 1287 1463 1550 1516 1497 1498 1415 1196 1157 
714 881 1042 1185 1263 1371 1446 1464 1458 1552 1471 1307 1241 1111 
768 895 988 1106 1225 1301 1436 1419 1516 1485 1445 1340 1207 1184 
763 841 966 1164 1267 1318 1417 1547 1475 1464 1495 1362 1218 1122 
776 837 1040 1171 1200 1310 1436 1519 1566 1470 1433 1302 1301 1097 
782 853 1024 1077 1193 1360 1425 1411 1504 1530 1434 1299 1275 1098 
779 836 1010 1144 1252 1416 1467 1449 1426 1493 1470 1366 1230 1131 
767 852 963 1094 1220 1405 1424 1454 1448 1487 1426 1364 1293 1147 
728 873 984 1075 1272 1297 1484 1504 1466 1553 1484 1361 1205 1146 
771 869 982 1154 1206 1359 1389 1481 1450 1422 1384 1394 1276 1156 
715 884 1034 1159 1214 1386 1431 1531 1558 1486 1454 1324 1244 1174 
768 910 1004 1081 1238 1392 1443 1519 1469 1414 1409 1302 1230 1139 
761 828 953 1074 1238 1338 1486 1533 1445 1512 1499 1410 1239 1120 
766 832 972 1179 1253 1412 1445 1475 1501 1492 1445 1394 1221 1092 
722 834 1008 1160 1251 1405 1504 1471 1441 1538 1412 1331 1237 1168 
726 896 1003 1157 1302 1316 1448 1528 1554 1433 1502 1337 1197 1143 
767 877 1029 1133 1254 1331 1472 1516 1454 1533 1375 1321 1192 1094 
775 862 978 1084 1208 1309 1482 1476 1448 1519 1429 1372 1194 1135 
773 862 968 1127 1212 1316 1388 1551 1545 1525 1487 1324 1310 1159 
743 829 993 1115 1304 1410 1492 1534 1500 1554 1402 1346 1245 1105 
752 833 1048 1094 1246 1295 1363 1463 1432 1460 1410 1353 1257 1111 
786 912 950 1076 1266 1346 1484 1475 1480 1479 1398 1411 1238 1115 
724 878 1046 1102 1228 1310 1377 1473 1532 1535 1479 1318 1206 1076 
769 862 1026 1170 1217 1296 1395 1475 1425 1476 1398 1337 1306 1117 
721 885 1016 1155 1198 1387 1483 1525 1464 1489 1435 1397 1268 1099 
785 894 975 1167 1252 1308 1466 1434 1561 1490 1433 1329 1238 1098 
778 837 1009 1151 1208 1401 1456 1501 1434 1517 1425 1379 1259 1093 
776 838 1019 1143 1301 1333 1493 1523 1471 1479 1376 1296 1230 1083 
746 863 979 1087 1232 1365 1402 1429 1557 1518 1416 1405 1237 1108 
723 873 984 1140 1232 1332 1453 1475 1454 1421 1445 1333 1239 1101 
778 857 1048 1086 1261 1416 1463 1522 1519 1507 1379 1311 1264 1078 
742 873 1026 1102 1241 1366 1434 1521 1561 1507 1449 1293 1244 1164 
749 871 1019 1144 1237 1382 1415 1522 1467 1506 1405 1414 1311 1096 
735 830 1005 1184 1297 1395 1384 1451 1559 1536 1481 1299 1303 1133 
719 896 992 1081 1284 1379 1450 1554 1475 1540 1382 1406 1276 1149 
736 890 959 1077 1199 1365 1463 1438 1511 1435 1498 1297 1215 1077 
782 872 995 1139 1298 1419 1496 1428 1478 1526 1397 1403 1277 1133 
714 831 1041 1148 1260 1331 1494 1550 1556 1479 1502 1399 1295 1111 
775 854 967 1137 1221 1341 1378 1511 1447 1539 1494 1419 1193 1092 
730 834 1041 1107 1292 1360 1471 1516 1502 1448 1478 1381 1202 1076 
717 869 1017 1093 1293 1366 1451 1498 1446 1497 1381 1412 1236 1156 
741 855 998 1148 1289 1373 1453 1529 1498 1466 1361 1344 1205 1095 
744 829 988 1109 1254 1315 1440 1532 1479 1488 1438 1420 1274 1117 
737 879 994 1159 1241 1364 1382 1496 1551 1525 1498 1372 1310 1106 
726 899 957 1079 1286 1370 1408 1428 1542 1494 1453 1371 1203 1151 
784 857 1042 1139 1202 1317 1434 1431 1465 1540 1412 1380 1280 1179 
731 855 993 1154 1278 1345 1435 1550 1463 1430 1461 1416 1196 1136 
762 838 970 1140 1193 1414 1455 1471 1498 1490 1378 1291 1212 1085 
734 848 1004 1163 1221 1339 1364 1531 1558 1444 1400 1319 1254 1100 
738 830 997 1146 1307 1303 1363 1522 1429 1532 1444 1369 1192 1132 
723 875 1009 1166 1308 1411 1485 1444 1442 1458 1368 1352 1282 1150 
767 871 1017 1131 1211 1325 1495 1526 1489 1497 1405 1375 1219 1156 
727 858 1047 1109 1288 1392 1499 1458 1459 1547 1493 1335 1212 1141 
779 855 979 1151 1299 1355 1370 1488 1466 1464 1395 1339 1261 1160 
727 889 965 1088 1299 1325 1371 1460 1526 1526 1486 1374 1286 1176 
751 870 981 1143 1191 1372 1399 1506 1475 1448 1425 1400 1279 1148 
712 856 1004 1081 1202 1334 1395 1438 1555 1491 1462 1314 1268 1140 
786 871 968 1183 1196 1312 1442 1525 1429 1480 1406 1344 1215 1073 
779 910 1026 1103 1273 1418 1504 1433 1556 1549 1379 1398 1209 1156 
776 891 1049 1095 1197 1335 1476 1513 1509 1440 1421 1347 1257 1142 
780 857 983 1090 1292 1332 1461 1555 1517 1427 1395 1408 1261 1167 
752 882 1021 1174 1197 1420 1402 1490 1427 1467 1488 1307 1261 1132 
764 910 986 1130 1234 1312 1365 1467 1430 1477 1494 1333 1304 1081 
724 862 1025 1111 1221 1417 1391 1493 1506 1444 1430 1366 1279 1127 
750 902 982 1111 1251 1366 1406 1461 1556 1445 1399 1365 1263 1154 
784 881 1014 1139 1215 1414 1387 1520 1459 1539 1399 1386 1187 1182 
776 846 978 1099 1259 1394 1441 1419 1484 1504 1410 1296 1238 1098 
757 899 950 1130 1236 1389 1444 1539 1503 1421 1367 1327 1237 1088 
734 904 1030 1172 1192 1329 1478 1556 1554 1472 1455 1334 1208 1110 
748 854 1031 1111 1207 1348 1365 1435 1559 1477 1423 1373 1277 1135 
775 847 1036 1100 1260 1414 1487 1544 1574 1515 1441 1393 1309 1150 
755 832 951 1170 1298 1339 1477 1447 1530 1556 1478 1294 1220 1086 
767 831 957 1109 1241 1385 1478 1468 1459 1457 1472 1313 1193 1097 
775 863 986 1181 1298 1319 1427 1471 1539 1470 1492 1302 1255 1094 
776 865 987 1172 1293 1384 1424 1492 1426 1550 1435 1359 1212 1173 
758 837 1034 1140 1197 1330 1408 1428 1535 1440 1415 1305 1241 1090 
751 873 1012 1076 1309 1363 1388 1493 1425 1524 1399 1380 1202 1075 
737 854 980 1184 1203 1318 1418 1499 1544 1520 1504 1356 1296 1126 
785 840 982 1086 1292 1364 1426 1513 1478 1512 1471 1388 1218 1159 
757 856 1014 1077 1278 1298 1386 1472 1517 1464 1368 1416 1261 1140 
