5 3 20
2 50
850 77 75 77 85 96 
850 103 100 103 113 129 
100000 5170 5000 5170 5669 6464 
1482 1499 
1034 2139 1215 
1782 1228 555 
1974 887 1140 
1488 1930 638 
1971 1970 1133 
1603 1094 1842 
1446 1567 1245 
1042 1633 1551 
816 789 1991 
2176 1774 1011 
1854 1675 1313 
2328 1058 2160 
1089 1694 1983 
1628 1233 1435 
888 2264 563 
1574 1137 1349 
2321 1704 1546 
832 1449 1795 
2125 1163 576 
2352 1333 1247 
1757 806 1482 
882 1317 1788 
957 1327 2163 
1200 1123 1589 
1553 1920 804 
1512 612 833 
626 674 1049 
1999 657 1312 
1075 787 2066 
1591 1321 1002 
1924 1524 1132 
1119 1914 1970 
1036 1700 1892 
2010 2092 1839 
1758 1215 1484 
1872 2259 1837 
837 1337 2080 
1420 1329 1534 
1086 1989 1832 
2069 647 1270 
1651 699 1147 
1136 1255 1860 
2252 1735 572 
769 1486 1703 
1918 1162 1667 
792 951 2108 
1562 1965 802 
1810 2028 981 
1363 1654 1405 
1035 1649 542 
