20 2 20
7 10
1700 85 96 112 130 149 169 187 203 214 222 225 222 214 203 187 169 150 130 112 96 
100000 5669 6464 7499 8705 9999 11294 12499 13535 14330 14829 15000 14829 14330 13535 12500 11294 10000 8705 7500 6464 
1433 1353 1250 1129 1000 870 750 
640 564 541 498 512 544 647 752 897 950 1177 1225 1310 
661 564 539 518 514 561 633 728 887 955 1159 1210 1402 
658 555 537 477 503 590 628 756 865 1032 1182 1287 1350 
648 590 513 499 537 539 628 778 879 968 1081 1235 1312 
676 561 508 512 510 589 670 763 862 989 1116 1253 1343 
629 553 514 514 518 594 678 721 908 1018 1083 1248 1317 
630 581 541 492 499 560 662 725 909 981 1098 1270 1366 
633 568 531 518 532 569 651 759 869 967 1087 1220 1300 
658 565 510 476 492 555 668 744 913 1027 1077 1275 1401 
672 590 493 513 537 558 644 724 845 983 1143 1260 1340 
