50 6 20
26 100
340 96 112 130 149 169 187 203 214 222 225 222 214 203 187 169 150 130 112 96 85 77 75 77 85 96 112 130 149 169 187 203 214 222 225 222 214 203 187 169 150 130 112 96 85 77 75 77 85 96 112 
340 129 149 174 199 225 249 270 286 296 300 296 286 270 250 225 200 174 150 129 113 103 100 103 113 129 149 174 199 225 249 270 286 296 300 296 286 270 250 225 200 174 150 129 113 103 100 103 113 129 149 
340 161 187 217 249 282 312 338 358 370 375 370 358 338 312 282 250 217 187 161 141 129 125 129 141 161 187 217 249 282 312 338 358 370 375 370 358 338 312 282 250 217 187 161 141 129 125 129 141 161 187 
340 193 224 261 299 338 374 406 429 444 450 444 429 406 375 338 300 261 225 193 170 155 150 155 170 193 224 261 299 338 374 406 429 444 450 444 429 406 375 338 300 261 225 193 170 155 150 155 170 193 224 
340 226 262 304 349 395 437 473 501 519 525 519 501 473 437 395 350 304 262 226 198 180 175 180 198 226 262 304 349 395 437 473 501 519 525 519 501 473 437 395 350 304 262 226 198 180 175 180 198 226 262 
100000 6464 7499 8705 9999 11294 12499 13535 14330 14829 15000 14829 14330 13535 12500 11294 10000 8705 7500 6464 5669 5170 5000 5170 5669 6464 7499 8705 9999 11294 12499 13535 14330 14829 15000 14829 14330 13535 12500 11294 10000 8705 7500 6464 5669 5170 5000 5170 5669 6464 7499 
1353 1250 1129 1000 870 750 646 566 517 500 517 566 646 749 870 999 1129 1249 1353 1433 1482 1499 1482 1433 1353 1250 
1097 994 844 779 660 575 533 492 499 578 673 768 876 1013 1182 1229 1379 1370 1521 1480 1489 1402 1413 1283 
1089 980 897 727 631 538 525 496 500 550 646 752 836 1031 1135 1270 1335 1460 1456 1476 1525 1456 1371 1275 
1151 970 863 750 663 542 523 510 491 574 621 733 877 963 1166 1298 1314 1430 1437 1471 1426 1499 1411 1212 
1121 995 847 781 652 562 525 489 492 563 652 769 873 982 1117 1301 1353 1482 1484 1560 1502 1493 1348 1267 
1095 981 900 733 639 585 517 524 491 584 672 746 894 977 1153 1307 1397 1375 1554 1550 1489 1478 1379 1291 
1185 1004 903 730 659 554 519 498 517 559 630 771 879 972 1142 1303 1312 1392 1528 1465 1421 1462 1298 1242 
1150 965 868 770 640 562 525 513 508 592 634 770 828 972 1164 1192 1420 1485 1470 1510 1457 1371 1316 1278 
1139 1016 883 716 631 553 537 488 526 546 626 784 889 958 1090 1298 1401 1491 1422 1481 1527 1485 1373 1289 
1179 1017 877 762 625 560 495 523 502 583 634 774 829 1010 1171 1297 1332 1388 1479 1444 1414 1485 1391 1206 
1106 1030 892 728 629 561 502 481 498 550 627 748 886 975 1141 1192 1367 1471 1551 1564 1409 1430 1360 1250 
1149 953 905 738 673 591 534 495 539 575 616 774 869 965 1114 1205 1394 1435 1546 1538 1463 1486 1421 1213 
1155 992 907 718 669 580 498 486 499 538 628 714 900 999 1111 1230 1349 1366 1539 1439 1505 1430 1379 1298 
1147 969 884 756 660 569 497 504 493 547 664 737 842 982 1138 1188 1387 1363 1476 1562 1453 1492 1291 1245 
1084 965 869 729 668 588 515 485 537 565 646 742 844 1013 1138 1200 1349 1495 1451 1435 1489 1397 1356 1263 
1168 1007 897 723 660 573 512 481 516 584 628 773 834 1042 1156 1287 1303 1383 1525 1569 1441 1450 1381 1255 
1118 985 868 714 645 575 509 507 508 583 659 723 871 961 1141 1258 1386 1411 1517 1534 1472 1403 1314 1214 
1129 1014 830 742 626 543 518 502 526 571 650 733 874 1024 1090 1262 1360 1412 1530 1531 1415 1365 1359 1290 
1124 1026 899 731 669 581 509 517 521 591 616 726 866 1019 1162 1260 1375 1417 1556 1466 1433 1481 1387 1284 
1111 1007 827 785 658 542 534 514 527 573 651 784 857 965 1112 1301 1347 1448 1520 1441 1461 1388 1286 1309 
1085 964 864 769 666 558 525 491 541 557 637 743 891 954 1165 1212 1420 1372 1442 1545 1531 1426 1294 1250 
1141 1036 861 737 626 563 509 518 507 584 662 775 905 1026 1090 1218 1313 1374 1439 1552 1480 1483 1361 1269 
1111 1038 851 717 626 578 497 501 493 565 638 737 846 986 1155 1225 1420 1491 1413 1573 1530 1459 1310 1235 
1103 1044 831 746 625 565 533 503 502 560 643 739 853 953 1170 1282 1316 1476 1458 1571 1512 1364 1393 1199 
1113 1011 881 787 673 583 514 496 535 570 656 767 831 951 1082 1215 1359 1437 1506 1525 1412 1458 1328 1287 
1081 1032 838 743 666 569 537 522 494 575 616 787 872 1038 1111 1299 1303 1387 1552 1504 1449 1453 1364 1278 
1156 1035 830 735 623 594 504 480 542 543 667 727 892 965 1082 1237 1322 1411 1416 1498 1544 1477 1286 1207 
1154 1018 843 717 615 574 503 476 525 566 677 781 865 984 1091 1307 1400 1468 1517 1451 1506 1385 1308 1290 
1137 1014 881 735 637 570 505 497 528 567 660 776 863 984 1151 1306 1376 1380 1414 1504 1507 1403 1319 1251 
1182 1004 858 755 654 539 525 498 493 541 674 757 835 967 1153 1290 1384 1460 1435 1545 1491 1396 1330 1204 
1137 963 830 747 648 563 513 511 499 586 641 782 893 967 1160 1233 1319 1458 1471 1561 1455 1480 1368 1208 
1157 1037 862 721 646 589 502 477 524 560 677 744 888 998 1111 1245 1380 1439 1540 1450 1423 1401 1348 1244 
1093 973 888 718 626 582 540 487 506 555 643 742 852 1042 1093 1195 1370 1416 1425 1489 1536 1392 1335 1232 
1109 969 906 751 656 538 511 499 508 539 654 737 900 983 1126 1269 1335 1471 1500 1505 1546 1375 1385 1228 
1157 974 905 777 653 568 520 522 503 589 672 755 863 964 1178 1194 1376 1495 1445 1455 1465 1499 1368 1290 
1115 1021 860 772 638 552 497 518 527 575 614 746 873 991 1155 1258 1305 1418 1473 1464 1461 1443 1313 1263 
1139 996 902 756 671 549 517 476 504 546 644 772 878 977 1106 1257 1369 1487 1457 1464 1437 1497 1338 1242 
1090 1047 858 777 638 554 492 496 542 577 678 767 861 1013 1078 1235 1336 1455 1528 1494 1478 1395 1414 1200 
1089 1032 913 764 621 555 531 504 538 569 660 786 861 983 1177 1267 1316 1400 1458 1454 1546 1363 1398 1295 
1140 996 874 719 671 552 516 477 510 592 634 749 896 1022 1168 1302 1351 1447 1520 1515 1445 1490 1309 1216 
1087 1000 900 781 642 546 499 489 502 558 618 737 887 998 1073 1288 1400 1406 1536 1539 1513 1447 1321 1207 
1122 973 910 713 664 551 529 475 542 552 658 724 906 1043 1082 1225 1294 1463 1551 1447 1514 1402 1333 1262 
1141 1008 861 783 631 559 513 519 531 545 617 778 895 1016 1109 1269 1365 1495 1441 1504 1442 1415 1331 1237 
1113 1001 829 777 660 540 495 500 499 540 672 773 903 1007 1123 1251 1288 1439 1545 1452 1414 1456 1332 1268 
1089 1013 832 786 632 570 511 521 534 557 633 723 867 973 1127 1248 1346 1428 1497 1500 1544 1484 1306 1225 
1084 987 889 732 631 582 538 492 509 595 615 775 910 1019 1122 1197 1380 1412 1413 1426 1508 1427 1356 1223 
1178 986 905 748 660 593 495 493 515 543 666 772 843 1010 1177 1307 1340 1397 1430 1532 1414 1368 1338 1296 
1140 982 886 772 616 561 539 501 517 580 643 754 879 1021 1131 1271 1286 1462 1519 1549 1479 1489 1409 1250 
1177 972 886 757 635 594 535 483 525 572 674 729 845 1031 1088 1269 1361 1395 1430 1560 1530 1365 1343 1310 
1081 1042 856 765 663 565 500 518 492 558 620 775 880 1048 1095 1277 1356 1378 1509 1470 1531 1445 1323 1311 
1176 956 829 713 655 590 518 522 518 593 652 724 885 973 1155 1284 1322 1453 1421 1438 1495 1449 1350 1194 
1096 994 832 745 645 576 503 508 537 540 641 766 849 1000 1099 1195 1374 1457 1520 1459 1523 1389 1325 1286 
1155 1022 876 740 676 568 515 504 505 578 640 739 891 960 1139 1274 1322 1444 1533 1460 1537 1501 1379 1268 
1099 997 849 736 654 565 507 491 537 583 657 716 862 995 1148 1258 1385 1451 1452 1444 1427 1369 1372 1298 
1106 1018 828 718 653 575 530 517 517 561 663 726 891 972 1183 1269 1390 1453 1517 1551 1490 1398 1327 1197 
1079 1004 868 725 624 582 513 521 526 592 673 721 881 1038 1075 1277 1309 1374 1435 1560 1500 1472 1304 1294 
1163 1017 855 770 614 588 507 478 500 559 676 730 852 1006 1149 1229 1372 1442 1515 1515 1553 1389 1389 1199 
1120 1023 879 780 659 566 512 518 537 589 629 731 856 983 1114 1226 1358 1446 1552 1490 1555 1487 1402 1247 
1162 982 897 717 661 546 491 508 537 547 637 785 862 1035 1085 1251 1347 1483 1480 1425 1422 1469 1395 1240 
1183 985 907 728 655 552 499 503 505 572 666 745 908 990 1128 1188 1383 1468 1556 1458 1430 1423 1324 1234 
1110 1024 850 720 664 559 530 519 536 557 645 739 881 976 1125 1268 1380 1413 1491 1568 1490 1469 1376 1246 
1125 1000 850 720 632 589 527 523 535 557 616 712 904 996 1075 1311 1292 1480 1487 1425 1451 1455 1340 1265 
1083 968 835 729 650 540 528 491 501 539 624 746 838 1047 1163 1259 1397 1503 1478 1491 1534 1429 1303 1300 
1160 1023 839 760 675 551 506 486 491 551 658 725 904 970 1130 1264 1343 1430 1538 1483 1556 1441 1397 1235 
1129 1016 863 753 619 588 508 506 533 567 654 717 905 1035 1098 1194 1345 1394 1533 1440 1474 1405 1377 1222 
1089 1016 899 744 623 570 525 494 523 589 614 769 912 978 1141 1310 1340 1396 1485 1495 1466 1442 1413 1252 
1169 1005 848 758 620 566 518 478 533 591 656 741 899 954 1179 1242 1336 1483 1487 1557 1542 1414 1370 1271 
1098 1010 875 738 654 562 540 519 500 546 668 765 885 1048 1088 1262 1337 1397 1441 1494 1444 1380 1290 1217 
1122 975 873 717 624 590 533 486 513 586 660 754 898 1010 1124 1226 1399 1433 1521 1525 1555 1379 1319 1228 
1098 969 878 725 650 541 491 490 540 563 664 771 831 1031 1104 1188 1378 1479 1436 1471 1424 1417 1339 1275 
1150 1029 860 725 667 556 509 501 502 589 618 742 907 961 1144 1193 1359 1409 1443 1557 1531 1362 1405 1217 
1079 1049 857 721 655 546 512 519 495 580 632 728 907 959 1146 1233 1377 1376 1430 1475 1474 1467 1345 1270 
1102 995 834 752 661 571 500 523 497 561 668 779 869 983 1171 1252 1397 1452 1446 1446 1555 1369 1296 1287 
1120 966 876 753 627 563 524 486 525 590 662 729 909 1016 1123 1203 1412 1457 1484 1551 1518 1434 1404 1196 
1095 989 855 761 660 589 504 508 528 539 633 783 850 1031 1095 1270 1388 1423 1536 1553 1505 1437 1380 1242 
1183 953 861 753 641 556 502 519 540 569 662 769 892 993 1136 1267 1330 1386 1480 1538 1502 1440 1389 1277 
1076 979 849 758 677 567 524 500 504 557 665 781 873 1000 1119 1204 1326 1383 1549 1553 1513 1439 1295 1215 
1122 1026 872 755 633 564 528 524 514 560 614 715 829 955 1154 1282 1310 1498 1437 1459 1415 1489 1383 1293 
1178 1042 882 761 625 550 521 513 528 566 615 737 845 988 1093 1302 1341 1393 1468 1431 1539 1459 1299 1247 
1150 1044 853 717 672 563 496 519 491 547 658 729 890 1002 1140 1250 1333 1460 1527 1470 1452 1410 1416 1287 
1164 1036 909 776 651 540 524 514 498 588 618 741 827 963 1097 1306 1306 1460 1440 1571 1538 1452 1336 1243 
1177 973 905 720 643 560 522 512 492 595 637 715 836 1029 1179 1269 1341 1500 1503 1497 1445 1377 1352 1263 
1122 953 875 761 621 585 534 499 518 574 652 765 874 1016 1112 1283 1400 1487 1496 1505 1480 1477 1328 1298 
1164 951 860 786 643 571 492 487 514 552 631 739 907 995 1151 1235 1383 1502 1461 1486 1468 1427 1312 1268 
1141 989 896 758 655 593 532 481 497 560 672 777 867 1034 1149 1199 1313 1502 1426 1503 1514 1499 1328 1273 
1132 1045 904 777 667 545 534 478 493 593 636 778 868 978 1089 1300 1366 1373 1556 1492 1416 1405 1417 1220 
1096 999 835 782 671 590 533 516 513 585 621 717 876 956 1149 1252 1341 1459 1536 1466 1542 1480 1395 1254 
1182 1016 887 743 676 564 501 507 512 574 640 766 899 1042 1074 1194 1337 1428 1431 1476 1465 1485 1401 1232 
1117 967 838 721 663 584 542 485 513 555 629 768 906 1037 1113 1194 1324 1480 1478 1476 1538 1469 1349 1248 
1166 985 860 741 676 546 503 514 500 576 628 716 903 1000 1141 1306 1373 1470 1423 1548 1499 1396 1306 1197 
1151 963 909 759 635 550 514 479 525 568 637 729 827 1011 1113 1291 1338 1504 1462 1432 1415 1401 1321 1268 
1157 988 911 737 660 557 491 483 493 548 658 767 867 973 1177 1265 1319 1455 1541 1459 1427 1376 1360 1233 
1088 1010 830 745 615 573 507 475 508 546 661 735 899 952 1082 1269 1307 1383 1524 1447 1486 1479 1370 1281 
1119 1048 913 719 676 569 532 481 491 566 674 780 873 955 1164 1261 1349 1441 1487 1446 1494 1399 1319 1270 
1113 1041 873 767 661 544 540 522 515 557 671 779 833 1040 1166 1274 1291 1400 1553 1494 1450 1399 1361 1287 
1152 1027 887 755 647 544 495 484 512 586 643 762 849 975 1078 1255 1311 1384 1412 1428 1412 1408 1298 1244 
1157 966 851 748 674 538 493 519 492 568 664 760 841 1020 1173 1194 1364 1498 1450 1498 1446 1446 1391 1275 
1164 998 833 728 634 594 530 508 497 593 626 760 838 960 1127 1304 1412 1380 1493 1544 1415 1405 1379 1307 
1138 1035 913 717 669 567 528 497 493 590 673 755 867 966 1153 1243 1367 1371 1451 1425 1478 1434 1396 1298 
1112 1000 832 771 654 551 503 495 521 579 661 759 838 997 1092 1264 1294 1458 1508 1503 1541 1398 1359 1278 
1086 995 858 785 647 552 527 501 527 548 644 765 856 1042 1073 1283 1322 1410 1546 1536 1432 1372 1307 1303 
