50 2 20
16 50
1700 77 75 77 85 96 112 130 149 169 187 203 214 222 225 222 214 203 187 169 150 130 112 96 85 77 75 77 85 96 112 130 149 169 187 203 214 222 225 222 214 203 187 169 150 130 112 96 85 77 75 
100000 5170 5000 5170 5669 6464 7499 8705 9999 11294 12499 13535 14330 14829 15000 14829 14330 13535 12500 11294 10000 8705 7500 6464 5669 5170 5000 5170 5669 6464 7499 8705 9999 11294 12499 13535 14330 14829 15000 14829 14330 13535 12500 11294 10000 8705 7500 6464 5669 5170 5000 
1482 1499 1482 1433 1353 1250 1129 1000 870 750 646 566 517 500 517 566 
261 400 925 1118 1618 1784 671 1621 1367 909 1388 1061 2056 1349 792 1562 767 425 1005 533 453 774 624 273 679 982 1249 1383 536 1567 2139 2203 2194 1412 
451 1179 870 515 1048 1478 1937 1393 762 1963 2249 1090 2011 944 1780 940 1054 1179 1026 333 639 497 636 396 919 808 721 664 893 764 1958 1076 1024 693 
473 521 443 1309 842 783 970 1343 2265 632 1607 1796 2048 1649 522 978 1124 814 1008 562 329 485 364 382 593 1001 713 1428 1801 749 1666 746 782 1170 
839 776 1039 683 1692 831 726 577 845 1100 2015 858 1528 752 1543 1015 670 604 1018 508 757 259 314 547 693 502 672 1235 1094 870 1139 2147 1210 2246 
947 879 1110 1341 556 699 1734 1270 810 2075 1619 708 1828 1821 1487 1178 1323 418 486 435 792 782 629 812 900 842 538 947 1690 859 604 923 2099 1547 
340 922 1312 1458 1375 1766 1176 2281 2218 784 1996 868 1512 1082 1698 1353 1112 1043 698 599 612 613 533 700 358 786 413 498 718 547 1162 738 879 1209 
422 583 905 1228 545 569 1013 2244 1211 1455 1109 2054 1793 1489 692 968 703 359 755 890 426 730 421 330 724 1047 777 851 873 1485 1732 2232 2322 768 
305 644 963 917 587 894 1340 1390 1555 1896 1102 707 1073 1868 488 1576 368 598 435 339 570 673 694 542 638 803 783 1128 963 1482 1686 1380 1043 1867 
531 925 819 874 1417 1171 977 2219 1007 1492 1655 1686 1939 1013 979 1255 384 870 505 767 419 533 494 395 608 695 733 802 963 936 1057 1917 1886 1459 
392 868 1359 717 1280 1866 1108 1348 805 652 1560 1942 1463 1125 1301 971 1110 617 621 414 564 469 292 728 799 1000 793 1599 1374 628 629 1455 2039 745 
792 650 1314 714 912 1363 1754 1002 1030 1644 1642 722 1886 1961 1437 990 1205 644 488 580 309 309 255 634 844 866 1380 916 1318 1444 1576 1763 1963 2187 
867 333 1268 1116 519 1020 1527 1477 1858 1875 1357 1437 2064 629 1176 681 668 437 407 599 789 352 664 777 339 1176 1142 1298 1307 891 1482 1248 2343 1685 
734 601 681 640 1448 588 1197 1625 936 1553 1847 2038 882 1668 1143 870 1233 929 593 260 342 657 275 374 771 1097 870 910 1740 752 1409 1731 864 1865 
695 781 565 637 942 1205 1916 1634 756 1227 2222 1534 588 1432 1436 1118 788 415 651 433 398 204 551 329 773 901 543 458 1358 958 665 1792 1497 2252 
313 801 865 760 572 1132 1972 2260 929 1879 955 1550 1183 949 1123 978 749 1060 430 588 594 647 371 440 306 720 1221 1477 1719 1181 1518 1884 2082 1217 
981 718 960 1231 1229 1995 602 2231 1649 1149 1281 2207 2102 1915 584 865 958 591 275 884 309 520 712 532 805 476 607 560 461 985 1337 1183 634 1801 
1014 546 753 984 1720 1466 2127 999 957 2027 2089 902 1136 1296 936 713 1251 484 989 459 304 571 308 421 647 332 984 1241 1106 1983 1084 2219 2120 785 
462 649 1213 1201 926 733 1061 853 2155 1943 1261 1372 1704 1346 782 1533 1280 833 464 354 404 560 300 596 265 1053 1116 677 1335 1589 1855 934 2115 1460 
357 791 1318 558 686 1235 1408 2247 1983 2354 692 1941 891 1643 497 1587 1172 1168 640 848 593 280 534 580 752 898 1372 1252 953 1580 1420 1226 1866 1294 
373 862 528 757 1792 621 1688 1327 2357 2156 2027 1143 704 614 1592 823 590 610 497 482 335 427 235 543 679 1190 402 1422 1014 1340 2072 2094 1766 1361 
798 482 498 546 1459 1745 1117 612 611 1350 1566 987 557 1022 854 827 942 1140 882 831 386 441 692 898 516 1126 650 795 1302 1003 1087 1712 755 2247 
735 1193 1345 1257 718 1798 1827 2082 1563 1888 1209 1500 1630 1633 1451 1077 1179 630 384 796 429 483 616 447 799 1057 409 1150 815 1731 1631 986 1907 1379 
932 526 1173 798 564 1499 2144 1565 1256 798 1574 1762 725 680 964 1572 1320 955 376 603 488 541 757 291 1027 510 1147 1265 1429 613 1469 618 1456 953 
740 934 1169 1395 1105 1617 673 2013 1231 1786 2308 1512 1300 1584 892 1150 620 918 332 395 723 758 611 387 534 774 864 896 1653 800 982 2112 1302 1700 
855 756 724 1578 1713 639 1727 1424 1530 2184 1831 1356 1434 1509 454 1205 1332 342 427 249 662 378 693 737 421 606 534 671 674 932 622 609 2144 2283 
776 1105 1236 1407 1158 1071 552 1012 1332 2160 1081 1620 2021 1472 878 1297 821 1139 570 690 218 346 244 249 768 497 941 1495 1426 874 2005 1329 900 2285 
441 873 1192 1411 1237 1847 1675 1422 1729 1977 1916 753 1365 836 1347 401 647 519 447 365 334 660 364 320 535 1105 1153 1544 1310 1165 1123 1260 2292 1747 
944 973 754 554 904 1576 947 689 1434 2165 1978 1339 1658 1184 1111 917 1247 453 855 846 590 671 748 879 869 421 1198 953 1033 1135 1096 1580 1056 1159 
681 624 1215 1314 703 552 1012 774 1230 1453 764 1188 1471 931 1119 436 1237 1128 348 775 782 452 560 322 378 391 670 1588 721 1733 1629 722 825 782 
580 925 1384 1337 1274 1046 1263 1373 893 1696 1629 1347 2132 514 1149 825 1222 923 880 356 294 594 417 273 752 1133 1184 736 534 1963 857 2210 654 1373 
788 310 403 967 727 1504 2013 2222 632 866 1270 1745 1833 1788 1243 1332 601 992 830 717 219 295 687 839 945 738 978 666 1474 1412 1115 1812 1912 649 
628 881 1154 916 488 1997 1950 926 2326 2331 1828 877 1974 855 1087 710 1201 934 890 404 704 455 618 609 789 672 1181 1430 1475 750 735 1817 2273 1382 
454 465 1362 595 1213 560 958 762 920 857 2328 733 812 1019 529 798 675 625 657 813 712 333 771 554 476 827 705 655 774 1380 1747 1827 1874 1432 
951 958 368 1197 1731 1593 873 1755 2058 981 1466 1121 1114 1499 549 1044 795 666 636 753 272 620 286 748 983 429 1378 1240 961 1650 890 2103 1786 2087 
740 914 1362 1318 1351 1749 717 1091 708 698 2048 770 1545 1938 1508 527 654 408 503 696 351 481 252 289 818 965 942 552 1465 778 1999 1287 979 1127 
639 759 808 1236 761 1870 2136 617 1989 1373 1386 2108 1391 1774 886 1308 1184 671 612 811 217 218 376 888 461 960 660 592 1654 961 746 1072 2148 1679 
554 741 663 934 1539 948 1850 1788 626 1857 1180 1205 738 1659 508 609 1006 474 833 756 786 357 588 807 890 949 1050 589 636 588 1697 589 1128 1530 
386 423 930 1040 1333 1076 1791 1997 1647 1026 1871 2038 1744 1438 1201 1389 1335 1196 622 272 213 258 338 818 259 717 875 1096 1554 594 2138 874 1258 727 
836 1185 670 695 585 1743 1222 2081 1664 1089 2044 1881 2157 793 506 629 466 693 293 513 441 617 421 612 1000 685 565 911 696 1934 869 875 1186 1493 
1024 676 742 808 1320 1327 1731 2125 1310 2249 1823 2028 804 1566 1220 418 909 410 387 491 761 591 632 751 367 397 990 936 1323 833 1772 1455 794 1270 
990 387 1188 841 1181 813 1938 1905 1214 1337 881 1863 543 562 1158 1413 765 506 687 736 426 421 255 541 1016 594 774 1391 1704 602 1080 2157 777 2269 
395 548 1305 699 1483 1041 1584 1624 1682 1221 692 1168 952 1358 1629 1110 1336 957 332 619 643 311 780 477 977 700 563 1349 1138 835 760 1867 1911 728 
438 908 1289 452 741 907 1842 1221 2084 1239 957 1668 1087 1918 1021 774 879 611 974 443 259 463 424 486 603 1113 1101 1337 833 1381 870 1248 1166 1923 
484 781 1054 765 1452 1353 2043 725 717 1880 1534 2039 602 582 1350 660 1240 520 302 566 545 670 798 378 473 695 1140 1051 1785 1581 1333 1030 881 2207 
732 945 505 987 943 737 1772 1970 854 2342 1627 1198 697 991 1590 1234 770 842 335 661 524 294 636 490 837 1037 584 860 1132 1551 2109 1460 1600 1701 
633 796 1043 1325 993 953 1931 646 1573 1472 2043 1273 1256 1610 1346 1478 678 1005 543 711 647 294 453 713 871 794 982 481 951 723 639 887 2199 616 
892 955 706 1461 846 1879 810 1451 1117 2004 1361 1940 1074 1442 750 1471 598 735 479 653 722 572 364 384 654 1189 619 1454 1240 1577 1014 2228 1069 1364 
379 848 408 1043 946 1064 1320 1199 2037 1716 2157 793 1445 1233 875 1195 967 314 364 239 774 372 450 686 836 423 960 1122 793 1032 2067 2029 1700 2161 
823 1130 1189 1433 1512 1505 1833 1121 1935 2089 1989 2183 935 553 494 1468 734 739 872 511 764 764 299 702 643 578 458 1567 752 1365 1757 1253 2095 970 
927 828 436 1365 1560 1006 1128 1001 746 1400 866 2259 888 733 1208 1240 991 452 372 350 216 611 645 506 950 702 1363 1349 1478 910 2030 1608 1714 639 
