50 6 20
16 50
340 77 75 77 85 96 112 130 149 169 187 203 214 222 225 222 214 203 187 169 150 130 112 96 85 77 75 77 85 96 112 130 149 169 187 203 214 222 225 222 214 203 187 169 150 130 112 96 85 77 75 
340 103 100 103 113 129 149 174 199 225 249 270 286 296 300 296 286 270 250 225 200 174 150 129 113 103 100 103 113 129 149 174 199 225 249 270 286 296 300 296 286 270 250 225 200 174 150 129 113 103 100 
340 129 125 129 141 161 187 217 249 282 312 338 358 370 375 370 358 338 312 282 250 217 187 161 141 129 125 129 141 161 187 217 249 282 312 338 358 370 375 370 358 338 312 282 250 217 187 161 141 129 125 
340 155 150 155 170 193 224 261 299 338 374 406 429 444 450 444 429 406 375 338 300 261 225 193 170 155 150 155 170 193 224 261 299 338 374 406 429 444 450 444 429 406 375 338 300 261 225 193 170 155 150 
340 180 175 180 198 226 262 304 349 395 437 473 501 519 525 519 501 473 437 395 350 304 262 226 198 180 175 180 198 226 262 304 349 395 437 473 501 519 525 519 501 473 437 395 350 304 262 226 198 180 175 
100000 5170 5000 5170 5669 6464 7499 8705 9999 11294 12499 13535 14330 14829 15000 14829 14330 13535 12500 11294 10000 8705 7500 6464 5669 5170 5000 5170 5669 6464 7499 8705 9999 11294 12499 13535 14330 14829 15000 14829 14330 13535 12500 11294 10000 8705 7500 6464 5669 5170 5000 
1482 1499 1482 1433 1353 1250 1129 1000 870 750 646 566 517 500 517 566 
822 352 605 1305 1362 700 2129 1665 2330 2170 1192 991 1934 1731 1250 1086 840 847 302 588 803 605 394 405 958 1034 1283 1283 1622 1047 858 1007 1129 1315 
380 1121 875 1308 1273 1510 1867 1051 2289 723 2092 627 1880 788 1626 1537 946 342 412 673 293 700 620 826 438 564 1363 697 839 1525 757 1999 934 1478 
822 565 598 948 664 1977 957 674 1764 1985 1323 2212 965 544 1322 1082 801 844 411 484 593 230 347 891 572 346 1313 1049 1100 998 814 1906 951 2235 
369 1138 1292 431 1671 503 1665 1650 1172 1805 2299 1760 1359 687 892 749 1303 593 431 712 489 684 732 551 847 862 1070 1122 1465 1308 1168 2253 2248 628 
302 436 746 585 1702 1117 1990 789 1232 1474 1022 945 748 1557 549 495 362 1183 521 414 562 465 694 705 425 348 804 414 899 649 1440 1594 1855 2094 
292 517 1315 583 1503 609 2089 1759 1984 2056 1817 664 1838 512 1314 1218 493 608 613 283 419 507 571 785 712 1106 1058 511 876 1280 619 1006 718 1425 
932 387 1378 681 894 942 1998 1158 1389 1972 1596 1349 1882 1045 1756 923 1353 983 342 744 482 653 445 473 779 1193 1237 1142 933 983 1340 1375 1505 1878 
938 569 514 416 725 1571 1258 1396 918 1887 1318 1075 1779 1181 649 451 462 407 653 518 747 230 291 263 376 912 353 1201 696 1096 886 1735 849 2267 
432 548 510 766 855 598 1861 704 1135 1415 1182 1883 1615 1592 1421 681 977 416 979 273 518 649 547 543 620 869 1238 1423 1694 1846 1888 1852 1283 1015 
304 1160 598 1126 1746 1670 1405 1519 1143 949 1935 1998 1577 1574 1318 1441 640 1193 868 752 648 622 393 417 311 1110 525 996 880 1022 1534 1857 701 2360 
322 660 824 448 722 509 828 666 1062 1635 2255 825 1558 1055 1118 1442 978 329 770 289 308 435 351 280 341 1033 697 765 1738 1115 784 831 1014 2348 
650 334 880 1554 806 672 1554 1289 600 735 1776 715 2129 817 667 1192 1136 569 884 546 574 436 491 505 998 432 922 1031 667 1583 1688 668 1720 2265 
846 550 1113 1140 1618 534 1501 606 2283 907 2359 580 953 504 1400 1552 423 959 444 446 547 236 574 483 766 407 1149 893 570 1418 1710 1986 1192 1560 
725 542 971 736 1513 1199 1793 1462 1724 1857 1095 1655 1426 1516 1668 540 462 1026 488 747 212 480 578 860 641 663 946 1380 1785 1724 1725 617 1891 1053 
293 567 360 1447 1142 1586 1922 943 1007 1184 1805 617 1050 924 1781 714 568 962 496 810 711 455 644 467 992 359 1381 1559 1147 1656 1863 936 618 1312 
299 896 1020 536 1026 1915 1656 732 2097 1583 1386 1611 1316 1350 991 893 1321 1162 895 759 585 432 571 888 758 568 724 1004 994 894 2014 781 634 1011 
833 952 1378 1290 1562 736 732 1862 1503 915 708 699 1447 1161 1368 573 597 1110 461 291 496 421 332 774 286 911 1265 1590 1426 853 1170 2179 1424 1168 
268 1143 766 1554 1699 672 1879 1966 687 1681 2340 1774 1636 1645 1503 876 927 784 377 436 365 471 454 545 630 706 389 1265 1740 663 1482 1200 2051 1183 
874 449 372 508 1520 560 1511 1323 1585 1092 1310 799 927 1414 762 698 1188 353 837 344 456 658 379 338 299 998 1250 464 1710 601 1468 863 2291 1768 
673 383 1294 540 1393 1005 1782 1391 1814 1557 1523 1593 1954 834 688 533 1346 1079 331 347 328 272 538 785 740 331 829 805 818 804 1246 1450 2214 1511 
854 307 543 1032 1368 1751 1660 946 1702 820 2202 2172 1535 759 1144 882 988 330 1031 758 737 494 243 425 423 1030 1151 1154 962 599 2084 1755 707 1328 
847 932 1352 513 1699 1113 1554 1759 1665 1149 694 865 1162 1430 713 859 646 367 1020 665 429 217 404 797 847 405 891 1424 1529 1936 1473 1797 2265 644 
942 499 592 756 1407 1260 672 1870 672 1046 2167 1137 806 1987 1148 876 841 620 295 512 210 494 688 776 411 863 1321 1130 685 582 708 789 1111 1323 
900 336 493 1005 854 726 1684 1899 1794 1141 2273 1164 2130 1421 1097 1501 1386 849 717 606 333 385 412 469 405 1112 1213 735 1081 658 1580 637 1020 1982 
486 598 404 1405 1477 982 1769 1062 686 1759 2044 679 1746 1766 1004 1253 862 794 464 700 482 343 667 272 726 1154 437 1041 1765 1624 1122 1561 1712 1241 
1032 862 891 1241 1091 1987 697 1974 606 1577 1674 2060 1919 1704 741 1229 376 765 760 692 273 379 612 460 932 703 1306 854 1005 1289 1677 1716 1693 2030 
958 1137 884 525 1506 1245 1160 1140 606 2275 974 2181 1122 1895 997 1341 1024 587 371 749 348 479 555 468 811 1187 1355 1187 660 594 947 734 1320 1045 
966 548 1283 462 1273 745 1302 934 1928 828 1696 2175 779 1973 1463 1594 412 847 781 250 677 338 319 803 987 1171 1114 489 545 1610 761 763 675 822 
521 801 551 704 601 635 612 1199 1997 739 2122 680 1901 1667 1000 1509 791 740 950 579 665 476 576 521 471 1149 451 905 1502 795 1572 981 756 2059 
650 550 1027 614 487 1405 1754 1383 2343 1400 1320 2214 651 1682 467 1581 601 417 568 595 539 794 645 655 415 561 986 881 1458 762 918 1139 1907 1294 
563 568 1363 1323 1089 1900 1850 606 1557 650 1100 990 639 1095 1715 938 1147 321 805 601 238 689 261 888 664 1053 1160 953 1715 1021 2066 901 1027 1489 
647 979 379 405 1071 716 2024 1815 1728 1136 1109 1127 2048 986 501 473 762 1191 590 838 399 535 816 797 640 833 825 1383 1799 1668 1674 621 1617 1360 
715 1148 1301 1176 1524 1970 621 2177 1504 729 663 703 552 537 782 587 396 1198 464 644 242 773 814 247 386 676 1015 1244 1594 1072 1357 1610 1312 1904 
1025 1039 389 1554 1517 643 1568 1741 2232 1484 702 1443 906 1794 735 1540 547 447 573 879 629 325 523 590 604 1187 729 706 1713 642 1886 654 1211 1382 
347 342 829 1244 1334 1841 657 1995 915 1164 1770 2112 1056 964 685 1251 643 1054 553 587 230 366 725 307 676 809 1241 1201 865 987 1347 1807 710 2101 
279 877 1039 624 1578 1712 2067 1390 985 609 2125 1177 764 826 1175 1360 558 625 561 552 252 236 353 535 734 352 739 1229 1512 1059 1418 815 1988 1974 
918 970 751 1155 1136 858 2020 2146 1352 722 2117 788 1518 909 1287 451 662 915 464 389 778 363 756 888 777 1199 766 1085 1499 503 1148 2110 1484 1456 
851 1158 1015 483 567 971 1667 868 2274 1206 1519 2121 1255 1822 1259 590 726 798 766 633 640 250 773 783 558 1156 972 1208 1511 1734 2141 581 2087 2241 
798 886 809 1434 1040 637 1940 962 2230 1583 2067 837 864 1835 665 841 437 501 585 252 783 463 592 651 599 865 702 773 1499 1514 1074 752 1705 2197 
274 467 888 1574 1683 1454 576 1079 1099 787 814 1572 1015 1278 1077 595 1147 699 748 819 721 297 403 606 815 380 793 1065 1523 1401 2115 2120 959 2188 
958 929 590 1453 1321 1169 1603 2200 1450 1777 1030 1103 1550 1469 1518 1461 374 1056 707 644 730 424 788 807 724 678 1007 1526 1624 543 1721 1461 1736 2113 
896 958 546 1025 621 1794 1311 1004 1209 1516 2369 786 1982 1862 740 1351 642 744 435 366 428 363 236 754 333 412 392 1401 1339 1434 1984 1792 1507 1401 
778 533 590 405 990 846 1779 1195 1696 1075 2034 632 1174 1842 713 1340 628 661 788 893 584 702 379 658 899 384 772 1244 1645 990 2138 1841 1805 1710 
918 742 1019 608 1139 1364 715 2214 1735 1949 2095 621 1212 1905 938 1034 1353 822 430 599 277 447 289 774 831 506 1346 926 1470 1690 1210 1901 952 1341 
797 639 807 798 1365 952 1865 1450 2298 2032 2166 2074 1334 1059 1248 1177 1306 804 553 818 501 308 677 663 678 755 540 722 1330 679 1920 1990 822 2140 
459 547 483 1156 593 1609 882 1465 1292 2366 1018 2187 1023 1585 1565 703 1080 1100 1001 675 771 409 307 708 638 559 1151 727 1402 1630 1547 1170 1500 1537 
938 735 1005 1398 679 856 1468 781 1991 1410 891 1120 788 1577 1186 1385 639 1102 1023 723 477 766 654 527 837 358 358 634 1712 955 1485 1700 2209 1724 
919 434 866 1251 1660 1427 1999 1173 1704 2238 986 1899 889 1226 1443 1299 473 416 314 794 687 676 298 599 545 401 1310 1477 1407 1598 1867 632 1622 639 
997 671 1052 722 1724 944 1247 2204 1366 2297 2144 860 871 985 1521 1435 1261 940 560 820 287 794 653 524 681 319 1349 727 1514 1869 2100 1862 1284 1577 
320 603 1251 605 1412 1774 1016 1405 1504 1725 901 2161 1870 822 1457 1162 503 908 607 828 420 243 732 420 459 541 962 1214 1114 1401 1757 598 795 1601 
