50 6 20
16 100
340 75 77 85 96 112 130 149 169 187 203 214 222 225 222 214 203 187 169 150 130 112 96 85 77 75 77 85 96 112 130 149 169 187 203 214 222 225 222 214 203 187 169 150 130 112 96 85 77 75 77 
340 100 103 113 129 149 174 199 225 249 270 286 296 300 296 286 270 250 225 200 174 150 129 113 103 100 103 113 129 149 174 199 225 249 270 286 296 300 296 286 270 250 225 200 174 150 129 113 103 100 103 
340 125 129 141 161 187 217 249 282 312 338 358 370 375 370 358 338 312 282 250 217 187 161 141 129 125 129 141 161 187 217 249 282 312 338 358 370 375 370 358 338 312 282 250 217 187 161 141 129 125 129 
340 150 155 170 193 224 261 299 338 374 406 429 444 450 444 429 406 375 338 300 261 225 193 170 155 150 155 170 193 224 261 299 338 374 406 429 444 450 444 429 406 375 338 300 261 225 193 170 155 150 155 
340 175 180 198 226 262 304 349 395 437 473 501 519 525 519 501 473 437 395 350 304 262 226 198 180 175 180 198 226 262 304 349 395 437 473 501 519 525 519 501 473 437 395 350 304 262 226 198 180 175 180 
100000 5000 5170 5669 6464 7499 8705 9999 11294 12499 13535 14330 14829 15000 14829 14330 13535 12500 11294 10000 8705 7500 6464 5669 5170 5000 5170 5669 6464 7499 8705 9999 11294 12499 13535 14330 14829 15000 14829 14330 13535 12500 11294 10000 8705 7500 6464 5669 5170 5000 5170 
1499 1482 1433 1353 1250 1129 1000 870 750 646 566 517 500 517 566 646 
750 844 1047 1127 1269 1411 1439 1469 1448 1547 1501 1404 1191 1163 1042 854 733 623 559 526 514 515 567 660 784 869 967 1131 1200 1359 1501 1552 1566 1424 
715 869 993 1092 1230 1388 1504 1468 1510 1439 1447 1394 1253 1123 1015 902 714 658 550 539 487 511 558 658 747 827 992 1144 1222 1303 1486 1450 1442 1551 
729 831 963 1116 1225 1374 1407 1483 1562 1513 1368 1286 1214 1149 1017 839 715 657 564 531 490 502 575 624 769 886 1018 1077 1234 1313 1438 1510 1493 1421 
723 853 1024 1118 1292 1382 1483 1500 1557 1493 1499 1321 1301 1180 990 841 744 661 590 519 480 519 547 633 721 883 988 1165 1214 1375 1486 1517 1534 1447 
776 899 981 1075 1265 1373 1433 1475 1537 1529 1499 1314 1277 1173 1004 902 724 651 586 539 475 494 574 653 764 873 1016 1083 1260 1345 1405 1515 1570 1499 
751 897 1030 1166 1248 1373 1403 1553 1521 1445 1469 1319 1222 1130 1028 887 745 636 542 516 491 506 590 629 786 864 954 1142 1238 1402 1408 1534 1553 1514 
735 845 1001 1174 1202 1402 1411 1499 1521 1503 1391 1379 1243 1159 956 913 740 621 563 532 500 504 588 634 714 881 1014 1139 1308 1305 1400 1489 1479 1522 
738 885 1012 1079 1196 1292 1480 1472 1573 1435 1448 1301 1248 1110 989 863 732 674 584 514 506 523 577 668 767 871 1029 1136 1231 1335 1444 1478 1551 1427 
716 880 990 1136 1204 1414 1417 1474 1513 1489 1372 1288 1296 1166 972 848 782 618 547 514 499 519 564 677 752 881 975 1123 1300 1321 1498 1431 1494 1417 
752 856 1020 1128 1218 1377 1440 1454 1542 1546 1493 1391 1289 1181 1041 905 780 620 553 494 512 492 583 636 766 850 1010 1076 1279 1336 1472 1465 1459 1526 
714 856 1001 1163 1250 1305 1384 1432 1574 1504 1451 1295 1259 1089 1045 834 724 653 570 514 523 500 544 649 736 883 981 1084 1283 1291 1485 1494 1566 1513 
729 865 979 1102 1231 1289 1491 1526 1477 1445 1448 1355 1310 1093 1020 863 714 660 558 493 492 501 539 676 782 861 953 1182 1239 1358 1453 1530 1504 1552 
758 854 959 1081 1285 1357 1470 1544 1505 1432 1396 1331 1280 1150 977 832 716 639 594 511 475 530 590 615 714 875 992 1157 1267 1400 1451 1473 1425 1477 
766 831 961 1091 1280 1310 1466 1514 1515 1518 1430 1362 1264 1119 953 831 723 644 592 534 509 514 541 657 716 871 1031 1177 1294 1371 1481 1453 1449 1547 
767 908 975 1174 1239 1324 1432 1526 1492 1436 1419 1341 1199 1117 1005 828 776 675 582 538 486 524 540 634 739 842 1012 1082 1230 1408 1494 1544 1545 1423 
739 882 1015 1121 1309 1302 1438 1504 1439 1471 1487 1315 1253 1168 954 894 769 634 570 506 511 539 587 657 745 914 1009 1166 1204 1340 1484 1532 1457 1508 
737 844 1017 1136 1309 1286 1397 1489 1557 1527 1500 1416 1216 1074 986 852 776 670 541 505 484 515 590 635 749 834 999 1075 1280 1327 1372 1556 1458 1422 
774 842 982 1107 1252 1363 1423 1542 1482 1499 1424 1329 1234 1097 1028 838 753 648 572 521 511 529 584 623 735 882 1017 1148 1223 1332 1490 1421 1462 1443 
751 874 1013 1076 1276 1385 1486 1447 1431 1456 1461 1307 1296 1104 981 834 764 678 576 523 481 541 564 633 727 827 977 1089 1288 1370 1413 1444 1544 1510 
745 842 1024 1183 1202 1362 1471 1495 1470 1544 1429 1286 1198 1134 988 885 759 619 589 542 497 506 550 640 755 875 971 1143 1209 1409 1472 1510 1554 1550 
741 896 992 1123 1272 1378 1400 1410 1543 1473 1385 1384 1306 1132 1007 907 742 619 558 498 521 537 584 643 731 867 980 1093 1237 1346 1493 1416 1476 1529 
761 913 967 1088 1284 1377 1483 1438 1492 1509 1363 1349 1261 1150 1026 880 774 649 592 517 510 514 588 677 782 844 1046 1167 1280 1403 1387 1426 1466 1491 
713 866 958 1171 1258 1337 1424 1508 1506 1460 1480 1373 1310 1117 967 867 727 626 543 533 521 518 587 636 719 889 1002 1131 1224 1322 1414 1510 1469 1419 
753 849 1015 1132 1215 1309 1480 1556 1508 1522 1484 1384 1217 1078 1043 907 774 654 539 535 499 501 582 672 756 900 1041 1106 1261 1304 1426 1474 1519 1443 
764 885 998 1173 1255 1314 1378 1519 1433 1466 1431 1378 1284 1140 1043 880 763 629 582 520 490 499 556 639 722 888 968 1176 1222 1416 1485 1543 1442 1452 
749 891 1015 1159 1306 1286 1373 1498 1569 1551 1457 1301 1252 1100 972 862 734 646 561 504 485 514 587 644 713 846 1038 1073 1300 1300 1384 1461 1445 1536 
751 862 1011 1148 1223 1295 1406 1514 1562 1457 1470 1382 1295 1133 973 845 714 673 587 491 519 491 567 645 768 905 997 1116 1307 1325 1485 1499 1547 1529 
766 878 1035 1182 1283 1415 1384 1416 1566 1545 1449 1327 1229 1095 1005 898 781 663 585 502 510 508 577 676 743 913 994 1185 1280 1362 1442 1510 1426 1461 
775 907 967 1181 1236 1297 1422 1483 1477 1534 1499 1303 1272 1143 969 840 722 646 551 525 517 515 574 674 744 899 992 1130 1204 1374 1403 1443 1441 1417 
783 843 1043 1093 1274 1393 1474 1520 1434 1543 1424 1416 1254 1110 961 887 735 648 580 525 482 538 568 655 723 867 974 1110 1248 1318 1417 1548 1440 1459 
747 833 980 1170 1249 1298 1387 1506 1458 1474 1490 1308 1300 1083 1025 849 728 662 543 508 486 528 581 656 783 853 1010 1085 1218 1369 1398 1456 1573 1478 
781 869 1036 1119 1244 1383 1469 1499 1477 1445 1433 1352 1311 1112 996 907 759 637 588 534 509 519 574 621 767 852 960 1141 1265 1322 1488 1411 1465 1435 
723 888 1010 1147 1200 1287 1366 1537 1535 1428 1362 1359 1187 1109 956 899 760 629 593 531 478 506 543 674 727 904 950 1131 1294 1336 1392 1430 1489 1477 
785 848 1019 1088 1210 1294 1403 1517 1485 1528 1463 1296 1289 1110 1000 882 727 632 556 507 522 538 575 673 770 883 1043 1086 1274 1330 1456 1500 1494 1479 
733 868 965 1137 1273 1351 1414 1455 1549 1450 1410 1308 1231 1097 1012 837 774 654 577 536 494 522 592 642 752 900 1023 1116 1263 1365 1445 1492 1569 1475 
738 901 978 1076 1274 1347 1490 1554 1459 1460 1487 1368 1192 1144 985 886 771 620 550 510 479 537 559 619 746 886 1040 1101 1243 1415 1389 1480 1472 1422 
734 871 1025 1169 1292 1313 1382 1499 1518 1548 1483 1336 1193 1168 1032 882 767 615 559 504 502 509 543 635 713 910 1025 1106 1282 1413 1455 1436 1538 1483 
751 855 1040 1179 1296 1341 1501 1526 1431 1422 1410 1353 1245 1101 994 908 756 674 564 497 520 498 551 648 772 866 1030 1093 1198 1388 1446 1420 1510 1548 
763 842 974 1177 1208 1315 1391 1523 1434 1552 1426 1342 1268 1171 956 880 779 669 559 524 511 504 564 648 772 871 991 1087 1253 1389 1368 1551 1442 1529 
729 829 978 1156 1255 1370 1410 1489 1522 1458 1435 1300 1286 1091 1045 909 784 618 567 536 485 533 570 628 752 859 964 1135 1276 1404 1430 1524 1554 1460 
729 857 1031 1079 1274 1354 1503 1543 1432 1466 1404 1378 1200 1163 975 863 741 656 547 535 488 519 562 630 778 907 1041 1117 1239 1411 1404 1439 1542 1484 
742 888 1044 1082 1253 1391 1376 1541 1535 1481 1380 1390 1305 1113 956 848 782 639 562 529 484 504 594 666 757 865 1038 1084 1283 1373 1439 1430 1461 1472 
732 869 988 1106 1233 1328 1483 1427 1452 1433 1479 1327 1197 1166 1030 861 777 676 539 523 504 522 554 625 728 836 1008 1123 1307 1374 1494 1454 1455 1540 
772 873 988 1160 1307 1331 1468 1451 1539 1466 1474 1291 1268 1077 1031 861 724 630 576 501 480 539 540 660 727 833 983 1174 1262 1371 1449 1472 1436 1450 
751 904 950 1085 1268 1339 1465 1473 1487 1552 1489 1384 1287 1089 1048 897 787 673 584 507 493 526 543 662 771 846 1049 1176 1276 1316 1452 1415 1426 1517 
749 880 956 1154 1284 1289 1364 1437 1513 1423 1463 1329 1307 1146 972 878 763 621 570 528 519 511 557 641 746 904 955 1113 1310 1293 1493 1536 1505 1451 
750 866 957 1122 1250 1387 1414 1552 1541 1554 1453 1404 1294 1127 1013 858 734 647 556 524 513 530 591 646 753 903 1022 1101 1208 1322 1482 1518 1552 1522 
777 885 1012 1088 1246 1342 1441 1434 1527 1450 1392 1332 1211 1106 1010 888 721 668 582 491 521 538 562 665 753 854 999 1124 1278 1397 1402 1527 1498 1474 
784 856 1020 1153 1311 1405 1477 1466 1497 1468 1423 1335 1295 1175 973 835 777 636 571 518 488 496 552 653 751 859 956 1141 1234 1373 1417 1437 1568 1526 
750 857 981 1083 1296 1347 1458 1459 1432 1446 1476 1384 1265 1095 989 866 756 674 540 530 510 503 576 642 739 860 1049 1116 1199 1296 1488 1471 1556 1416 
723 891 1028 1121 1270 1327 1410 1534 1496 1514 1414 1374 1258 1129 977 911 785 658 590 493 486 518 576 655 741 832 973 1183 1296 1366 1421 1520 1487 1516 
756 914 965 1178 1209 1323 1404 1467 1521 1513 1421 1297 1255 1149 1022 894 780 649 558 492 509 497 546 658 751 868 1038 1092 1230 1366 1423 1548 1483 1491 
764 853 952 1169 1189 1321 1462 1453 1553 1452 1487 1328 1216 1173 1037 827 785 661 578 530 483 502 582 672 767 867 992 1181 1290 1316 1418 1442 1528 1556 
784 840 1022 1160 1303 1301 1446 1510 1480 1463 1477 1402 1196 1118 1045 910 753 660 580 524 519 505 542 631 717 865 1006 1117 1303 1400 1415 1411 1519 1545 
778 860 1025 1134 1214 1323 1463 1488 1441 1481 1481 1344 1303 1125 1017 859 746 668 587 509 494 534 552 668 786 847 986 1181 1291 1405 1404 1433 1459 1478 
767 887 963 1136 1209 1385 1379 1488 1519 1485 1420 1352 1207 1108 979 889 773 652 540 537 501 500 580 646 728 901 1049 1135 1289 1297 1495 1469 1499 1467 
759 870 1012 1084 1211 1387 1502 1524 1538 1516 1452 1336 1254 1086 1040 844 727 655 543 528 517 537 541 647 759 867 1011 1085 1243 1360 1474 1437 1542 1486 
753 913 1049 1166 1253 1296 1382 1461 1475 1495 1481 1405 1240 1080 1041 890 762 673 576 498 502 525 558 648 768 903 1008 1093 1242 1334 1442 1486 1570 1555 
754 866 1049 1184 1265 1286 1374 1438 1450 1524 1468 1398 1191 1105 1015 868 778 670 566 527 505 496 584 631 750 879 986 1171 1283 1403 1441 1538 1461 1447 
727 895 957 1162 1230 1378 1486 1495 1476 1532 1402 1412 1310 1102 1003 889 768 667 580 494 477 508 579 616 756 864 953 1117 1258 1376 1471 1536 1434 1481 
728 852 959 1157 1264 1288 1471 1428 1460 1516 1388 1344 1188 1104 977 902 776 657 554 512 478 527 550 644 774 861 1032 1140 1211 1400 1445 1531 1516 1489 
784 851 991 1161 1273 1355 1401 1438 1488 1454 1367 1303 1203 1120 1044 892 780 615 580 532 496 498 566 656 770 837 1041 1158 1296 1318 1459 1419 1448 1472 
760 874 1034 1126 1271 1336 1419 1475 1530 1525 1426 1393 1296 1133 1043 902 731 643 569 505 484 512 563 672 763 836 961 1174 1272 1401 1429 1488 1572 1548 
719 848 999 1152 1245 1372 1419 1523 1499 1411 1401 1386 1307 1178 999 897 784 644 591 510 496 533 571 639 757 886 1020 1111 1227 1308 1433 1494 1478 1519 
764 840 1000 1172 1300 1359 1446 1530 1532 1490 1385 1338 1274 1178 964 828 756 660 593 542 476 494 579 626 765 866 1016 1085 1260 1289 1457 1505 1430 1427 
716 860 981 1133 1208 1377 1437 1501 1478 1501 1420 1406 1272 1177 1034 836 777 661 584 520 522 529 564 651 720 858 1047 1165 1208 1330 1383 1483 1458 1493 
717 842 1024 1159 1305 1298 1490 1448 1507 1514 1396 1414 1219 1143 1002 879 716 630 586 511 504 521 584 624 767 868 955 1171 1251 1371 1460 1425 1570 1532 
783 911 1049 1132 1283 1305 1412 1466 1514 1487 1390 1405 1305 1112 970 872 718 671 572 532 501 539 556 645 761 835 991 1111 1282 1403 1382 1535 1495 1547 
756 828 1002 1106 1242 1406 1447 1533 1563 1546 1461 1415 1198 1150 991 888 770 678 576 509 497 505 558 648 714 906 981 1179 1197 1360 1380 1553 1493 1418 
737 828 1023 1088 1212 1391 1431 1450 1573 1501 1481 1292 1274 1078 979 867 724 633 554 504 508 513 558 620 775 882 1009 1096 1291 1307 1389 1510 1567 1523 
751 830 995 1180 1289 1411 1444 1524 1568 1538 1485 1397 1208 1176 1005 902 730 669 550 530 484 498 561 644 775 834 1005 1101 1215 1332 1464 1450 1488 1477 
749 886 1018 1110 1293 1292 1402 1469 1571 1508 1395 1363 1311 1113 964 860 759 628 554 528 508 501 558 639 742 892 1031 1183 1259 1348 1421 1446 1508 1412 
763 864 1025 1106 1311 1401 1382 1548 1454 1423 1393 1330 1202 1094 1022 844 721 678 590 532 522 507 568 670 719 913 956 1126 1289 1313 1500 1518 1465 1499 
777 878 1011 1116 1263 1380 1444 1501 1510 1487 1456 1361 1234 1167 959 879 786 641 588 493 485 518 594 630 736 885 978 1085 1206 1328 1468 1518 1473 1443 
713 839 1018 1156 1283 1390 1498 1546 1515 1518 1438 1417 1239 1145 983 871 759 657 585 511 491 496 541 654 772 887 1012 1181 1217 1306 1486 1516 1487 1443 
771 876 1049 1141 1301 1383 1377 1553 1467 1434 1382 1379 1312 1147 961 855 776 666 582 510 503 499 580 658 787 878 1023 1146 1295 1395 1412 1520 1487 1471 
736 886 1004 1109 1275 1348 1470 1514 1452 1524 1449 1383 1256 1077 1031 904 770 635 583 506 513 531 593 669 717 872 972 1121 1281 1386 1387 1444 1522 1409 
754 857 974 1114 1216 1366 1401 1470 1487 1520 1436 1402 1233 1120 1019 888 730 630 591 521 491 496 589 645 748 892 1033 1097 1284 1378 1469 1418 1463 1507 
782 898 952 1134 1190 1363 1393 1413 1565 1527 1398 1412 1274 1157 1047 870 757 663 594 512 511 530 581 625 727 841 1048 1088 1215 1396 1438 1457 1474 1545 
757 913 1036 1151 1244 1293 1369 1530 1473 1508 1476 1302 1277 1153 1000 904 780 653 592 492 513 506 583 650 764 888 1000 1148 1297 1370 1406 1521 1493 1423 
716 887 962 1133 1247 1402 1431 1497 1558 1555 1468 1392 1274 1130 967 841 766 641 585 539 517 506 588 628 778 872 986 1080 1203 1334 1395 1518 1536 1551 
775 863 965 1167 1284 1337 1454 1553 1565 1532 1445 1307 1308 1112 961 877 773 623 540 505 505 501 566 661 763 858 985 1157 1270 1355 1488 1459 1544 1532 
740 881 980 1122 1268 1309 1470 1436 1564 1458 1439 1299 1190 1136 974 842 732 639 542 538 489 497 543 644 780 904 1004 1155 1224 1305 1474 1435 1541 1417 
734 903 977 1088 1222 1339 1479 1483 1464 1423 1383 1414 1212 1133 1038 864 748 636 545 541 497 519 541 662 771 863 1011 1092 1212 1289 1409 1552 1430 1487 
770 905 966 1099 1275 1297 1444 1517 1440 1519 1414 1407 1253 1097 970 842 759 619 551 540 496 502 560 635 739 885 951 1095 1234 1304 1494 1551 1459 1553 
761 887 985 1128 1193 1300 1402 1474 1429 1437 1389 1355 1275 1167 981 885 747 634 592 502 496 539 587 638 772 889 1006 1107 1246 1345 1442 1454 1517 1553 
779 834 979 1079 1307 1287 1368 1490 1456 1416 1433 1347 1255 1121 1031 865 783 650 545 513 489 515 579 667 779 845 975 1182 1256 1333 1429 1485 1546 1439 
717 838 974 1170 1298 1331 1400 1490 1460 1538 1433 1358 1251 1114 954 835 767 660 579 523 503 542 580 648 782 848 1030 1185 1221 1414 1491 1434 1451 1496 
717 906 1011 1087 1236 1377 1452 1509 1460 1502 1416 1331 1216 1142 1014 862 785 676 575 538 514 539 556 659 771 881 1013 1088 1229 1319 1441 1471 1462 1484 
778 888 1044 1080 1251 1305 1448 1530 1553 1532 1483 1403 1227 1170 1029 835 784 644 544 493 486 517 584 619 771 842 1011 1149 1215 1330 1421 1483 1562 1421 
760 857 1028 1106 1231 1378 1497 1490 1508 1497 1406 1305 1279 1082 950 896 714 642 576 516 524 526 569 637 755 886 977 1156 1194 1311 1443 1483 1507 1421 
747 900 954 1102 1222 1339 1416 1481 1469 1413 1391 1350 1305 1098 980 889 763 632 557 500 490 502 561 642 782 895 998 1111 1223 1341 1368 1533 1522 1446 
718 833 955 1129 1272 1314 1362 1412 1492 1447 1433 1331 1190 1117 990 840 764 669 544 515 507 496 565 636 778 844 958 1126 1299 1303 1437 1508 1533 1424 
717 845 965 1119 1224 1331 1441 1546 1425 1540 1445 1418 1197 1090 1021 863 750 619 549 532 490 541 552 644 755 877 967 1122 1238 1420 1372 1527 1532 1421 
776 885 960 1176 1246 1342 1412 1539 1538 1547 1369 1286 1305 1077 1021 847 729 652 589 541 497 508 594 667 736 845 1014 1164 1196 1297 1504 1546 1452 1496 
746 863 1046 1089 1198 1357 1452 1513 1537 1436 1465 1339 1251 1109 982 876 775 638 549 514 481 519 544 671 767 866 1001 1111 1247 1385 1484 1511 1494 1440 
761 912 979 1104 1271 1380 1460 1537 1468 1496 1401 1416 1239 1156 1030 906 713 673 560 506 507 535 552 676 713 865 984 1155 1309 1352 1413 1468 1427 1452 
762 894 1015 1106 1249 1414 1457 1442 1574 1554 1465 1299 1254 1075 980 856 770 667 562 516 516 495 542 659 739 857 1044 1125 1245 1393 1412 1540 1503 1539 
766 900 1037 1078 1283 1335 1392 1473 1555 1500 1492 1406 1225 1157 1036 836 728 620 553 507 523 538 589 631 753 833 967 1177 1291 1293 1465 1512 1476 1506 
759 871 983 1133 1201 1366 1471 1441 1558 1468 1371 1377 1294 1112 968 913 741 667 589 509 519 508 589 660 786 830 993 1135 1282 1358 1410 1411 1523 1464 
