10 11 20
6 10
170 96 85 77 75 77 85 96 112 130 149 
170 129 113 103 100 103 113 129 149 174 199 
170 161 141 129 125 129 141 161 187 217 249 
170 193 170 155 150 155 170 193 224 261 299 
170 226 198 180 175 180 198 226 262 304 349 
170 258 226 206 200 206 226 258 299 348 399 
170 290 255 232 225 232 255 290 337 391 449 
170 323 283 258 250 258 283 323 374 435 499 
170 355 311 284 275 284 311 355 412 478 549 
170 387 340 310 300 310 340 387 449 522 599 
100000 6464 5669 5170 5000 5170 5669 6464 7499 8705 9999 
1353 1433 1482 1499 1482 1433 
1889 1439 1269 941 
1234 1817 580 542 
1117 842 1614 1287 
1704 1423 1591 1211 
1020 1375 760 910 
2096 1923 1565 799 
1995 1931 1727 1346 
1209 1667 841 993 
1332 1575 1473 1487 
1889 1859 1335 929 
