20 3 20
11 100
850 96 112 130 149 169 187 203 214 222 225 222 214 203 187 169 150 130 112 96 85 
850 129 149 174 199 225 249 270 286 296 300 296 286 270 250 225 200 174 150 129 113 
100000 6464 7499 8705 9999 11294 12499 13535 14330 14829 15000 14829 14330 13535 12500 11294 10000 8705 7500 6464 5669 
1353 1250 1129 1000 870 750 646 566 517 500 517 
594 587 700 903 1002 926 1491 1499 1346 
510 701 602 705 1181 1198 1172 1464 1353 
581 733 809 907 936 1101 1342 1331 1563 
511 746 660 898 833 1022 1181 1387 1582 
541 651 766 782 807 1324 1340 1605 1152 
493 585 690 925 1010 1151 1395 1094 1317 
583 754 718 995 1189 915 1230 1379 1221 
520 574 659 853 900 1064 1257 1166 1598 
460 767 720 752 1114 1131 1050 1575 1507 
613 586 669 987 1073 1001 1344 1433 1375 
569 723 724 909 1178 1095 1136 1199 1405 
560 766 642 776 1123 1308 1287 1084 1692 
458 695 801 841 1052 1186 1140 1205 1534 
660 667 774 936 833 939 1051 1570 1544 
655 683 796 848 892 975 1363 1402 1689 
580 673 764 987 820 1061 1289 1187 1670 
484 676 709 763 819 1002 1342 1233 1284 
568 681 845 708 873 1145 1482 1125 1423 
607 622 640 750 875 967 1302 1235 1415 
567 614 631 906 934 942 1293 1361 1657 
548 762 683 799 993 1292 1176 1171 1666 
581 564 673 948 1028 1311 1321 1430 1269 
580 646 845 963 1074 1218 1335 1244 1465 
558 749 616 1027 969 1008 1261 1523 1147 
471 758 789 941 1030 1092 1426 1184 1280 
568 574 793 931 899 1072 1209 1426 1480 
565 613 834 796 973 1318 1225 1150 1206 
507 748 740 863 1042 968 1050 1128 1346 
469 623 682 813 1091 1218 1092 1369 1503 
640 692 759 1013 1162 953 1304 1199 1311 
527 560 628 868 1051 958 1391 1300 1245 
489 588 700 885 938 1073 1154 1571 1190 
633 551 765 961 1140 1177 1112 1249 1705 
568 771 849 853 1045 924 1261 1435 1408 
543 572 673 708 1004 1153 1266 1193 1179 
520 637 892 1013 1057 1118 1203 1248 1228 
610 608 749 721 1048 1240 1386 1518 1683 
605 550 640 837 1159 1128 1494 1406 1243 
641 655 734 998 1160 963 1132 1276 1256 
479 595 809 920 1132 1101 1456 1455 1708 
479 667 706 919 836 1335 1411 1084 1213 
521 579 681 739 1082 986 1342 1091 1189 
581 554 804 873 942 1086 1132 1510 1712 
524 611 670 945 816 989 1282 1534 1601 
521 534 629 1034 803 1235 1078 1206 1188 
597 607 729 943 872 1241 1476 1397 1468 
618 589 846 713 1189 1098 1354 1275 1265 
477 529 851 877 825 1315 1343 1431 1559 
629 742 897 823 1068 922 1410 1108 1411 
480 616 759 975 1102 1065 1174 1571 1398 
557 611 801 838 1008 1293 1179 1159 1693 
588 583 779 998 1113 1165 1484 1465 1455 
477 545 841 920 1071 1098 1308 1187 1234 
548 521 618 1010 1008 1136 1320 1315 1501 
617 737 678 976 1156 1294 1311 1450 1656 
573 530 865 867 1178 1145 1053 1211 1251 
506 579 843 904 964 1342 1090 1467 1540 
555 630 637 740 923 1178 1226 1280 1579 
521 701 681 1008 1024 984 1148 1120 1573 
481 540 720 962 986 1114 1137 1378 1573 
526 757 617 848 1037 1338 1371 1100 1648 
655 693 867 956 1004 1073 1154 1316 1322 
553 721 863 892 837 1337 1433 1331 1579 
484 567 853 915 1192 1171 1449 1394 1273 
549 621 647 1016 1102 1296 1086 1208 1692 
496 654 651 801 829 1271 1133 1536 1147 
538 693 878 984 917 1215 1346 1550 1189 
679 753 775 824 1155 1106 1355 1424 1537 
639 737 607 832 1197 1123 1195 1168 1172 
554 692 707 933 1046 1195 1431 1248 1236 
496 635 813 986 849 1274 1466 1508 1603 
479 624 721 813 1027 939 1264 1573 1216 
534 701 842 862 1121 1247 1377 1436 1364 
506 566 725 699 876 1339 1307 1337 1635 
507 732 680 832 1177 1085 1262 1412 1522 
491 653 807 765 809 1352 1380 1541 1534 
607 636 745 901 953 1023 1251 1410 1148 
627 739 655 923 1045 943 1377 1359 1366 
590 547 738 709 879 1087 1059 1202 1147 
576 600 635 973 1059 1238 1038 1092 1401 
590 705 688 706 893 1268 1420 1100 1383 
543 664 794 772 1136 1036 1229 1284 1719 
632 663 832 729 856 1337 1117 1550 1236 
595 526 669 778 937 1093 1113 1357 1511 
590 605 775 998 951 942 1401 1581 1669 
666 582 740 999 958 1117 1129 1296 1364 
488 623 626 931 1061 991 1284 1433 1566 
510 694 887 797 1087 1354 1242 1350 1283 
598 556 634 809 837 1326 1213 1103 1170 
617 649 735 987 897 1038 1433 1467 1617 
505 588 697 742 1127 1345 1357 1471 1154 
659 583 734 934 1018 1245 1328 1114 1695 
504 567 748 1009 976 935 1191 1325 1678 
667 660 644 833 866 924 1066 1218 1486 
573 563 689 1005 908 988 1098 1371 1714 
460 714 679 837 903 1235 1085 1541 1505 
473 548 836 1009 990 1278 1308 1578 1666 
491 641 714 786 812 1179 1175 1459 1405 
650 743 781 746 1189 1251 1076 1208 1228 
455 524 722 902 1056 1118 1077 1434 1605 
