50 6 20
36 50
340 85 77 75 77 85 96 112 130 149 169 187 203 214 222 225 222 214 203 187 169 150 130 112 96 85 77 75 77 85 96 112 130 149 169 187 203 214 222 225 222 214 203 187 169 150 130 112 96 85 77 
340 113 103 100 103 113 129 149 174 199 225 249 270 286 296 300 296 286 270 250 225 200 174 150 129 113 103 100 103 113 129 149 174 199 225 249 270 286 296 300 296 286 270 250 225 200 174 150 129 113 103 
340 141 129 125 129 141 161 187 217 249 282 312 338 358 370 375 370 358 338 312 282 250 217 187 161 141 129 125 129 141 161 187 217 249 282 312 338 358 370 375 370 358 338 312 282 250 217 187 161 141 129 
340 170 155 150 155 170 193 224 261 299 338 374 406 429 444 450 444 429 406 375 338 300 261 225 193 170 155 150 155 170 193 224 261 299 338 374 406 429 444 450 444 429 406 375 338 300 261 225 193 170 155 
340 198 180 175 180 198 226 262 304 349 395 437 473 501 519 525 519 501 473 437 395 350 304 262 226 198 180 175 180 198 226 262 304 349 395 437 473 501 519 525 519 501 473 437 395 350 304 262 226 198 180 
100000 5669 5170 5000 5170 5669 6464 7499 8705 9999 11294 12499 13535 14330 14829 15000 14829 14330 13535 12500 11294 10000 8705 7500 6464 5669 5170 5000 5170 5669 6464 7499 8705 9999 11294 12499 13535 14330 14829 15000 14829 14330 13535 12500 11294 10000 8705 7500 6464 5669 5170 
1433 1482 1499 1482 1433 1353 1250 1129 1000 870 750 646 566 517 500 517 566 646 749 870 999 1129 1249 1353 1433 1482 1499 1482 1433 1353 1250 1129 1000 870 750 646 
550 510 521 493 594 653 720 833 1020 1094 1202 1415 1455 1438 
551 535 487 515 563 670 744 831 980 1128 1257 1357 1444 1505 
593 504 507 498 584 655 735 851 1004 1131 1280 1389 1467 1519 
555 510 491 501 584 652 724 828 980 1150 1188 1350 1448 1484 
580 511 512 511 586 627 767 857 971 1172 1262 1324 1369 1511 
551 491 477 535 581 673 758 865 1000 1121 1226 1303 1454 1478 
559 521 518 519 544 670 740 880 1009 1122 1203 1289 1386 1496 
540 500 521 524 581 669 720 892 1018 1165 1256 1350 1417 1549 
580 513 494 507 591 663 768 864 1046 1164 1287 1291 1480 1544 
583 541 476 517 548 618 762 881 989 1173 1196 1393 1448 1449 
556 522 492 500 542 663 765 853 979 1082 1277 1342 1397 1438 
579 510 487 504 570 643 766 876 1041 1182 1296 1360 1373 1423 
574 524 493 514 547 666 724 884 1006 1092 1215 1346 1373 1460 
545 505 498 506 549 629 761 899 959 1096 1284 1416 1431 1544 
552 496 503 541 542 624 725 868 990 1167 1234 1330 1363 1549 
585 530 477 495 546 628 763 873 1005 1103 1303 1382 1493 1477 
555 494 499 537 570 656 744 867 980 1115 1261 1348 1434 1423 
564 524 517 521 582 627 714 874 1028 1177 1264 1368 1439 1415 
542 527 494 537 539 645 776 901 1022 1108 1204 1419 1479 1496 
566 516 475 530 577 648 719 896 1018 1154 1303 1377 1493 1490 
569 512 486 498 545 635 765 881 974 1077 1295 1384 1461 1542 
592 513 509 507 545 651 749 888 966 1111 1229 1357 1432 1443 
583 499 488 528 558 618 713 831 980 1163 1301 1326 1485 1525 
545 512 502 540 540 625 757 851 955 1159 1278 1355 1486 1550 
583 538 500 522 580 640 740 874 999 1172 1267 1326 1482 1421 
589 542 494 541 572 662 746 891 982 1075 1289 1341 1393 1410 
566 517 505 525 551 636 737 887 1047 1133 1266 1362 1368 1472 
551 509 480 535 560 630 780 836 1008 1140 1270 1316 1456 1450 
549 536 519 505 578 660 716 852 954 1118 1309 1327 1476 1464 
554 533 508 515 549 653 755 871 1045 1084 1199 1401 1470 1517 
568 496 510 527 549 617 761 866 985 1174 1273 1294 1394 1540 
580 502 506 515 561 665 759 913 981 1129 1283 1306 1366 1414 
551 499 479 539 566 666 784 874 1037 1134 1249 1347 1440 1485 
586 528 492 534 555 627 782 837 1044 1125 1281 1314 1468 1466 
557 522 519 491 549 622 783 909 958 1124 1285 1351 1486 1432 
578 497 498 530 579 642 755 871 1016 1183 1224 1325 1455 1450 
566 519 521 522 594 641 758 867 993 1090 1309 1347 1498 1543 
558 527 496 539 589 632 742 873 984 1175 1270 1333 1387 1440 
562 528 482 497 588 656 765 868 1008 1171 1208 1324 1363 1527 
551 499 516 528 579 668 739 839 959 1156 1275 1349 1446 1444 
593 493 502 521 541 667 780 860 1004 1116 1215 1320 1366 1548 
557 534 504 535 541 657 751 844 1024 1185 1201 1317 1448 1442 
587 537 483 493 564 647 774 890 958 1157 1213 1407 1461 1531 
593 501 492 507 582 676 744 855 966 1144 1304 1334 1385 1520 
578 538 480 516 563 672 760 860 1014 1170 1233 1314 1427 1463 
550 541 483 505 584 647 761 865 1044 1182 1228 1346 1451 1498 
544 537 502 499 580 619 760 846 957 1100 1239 1393 1458 1474 
590 523 486 504 589 640 741 850 1041 1118 1204 1347 1388 1500 
580 526 517 499 544 633 736 890 992 1173 1253 1299 1437 1474 
580 506 489 532 569 646 755 892 961 1121 1226 1357 1480 1555 
