10 6 20
6 100
340 77 85 96 112 130 149 169 187 203 214 
340 103 113 129 149 174 199 225 249 270 286 
340 129 141 161 187 217 249 282 312 338 358 
340 155 170 193 224 261 299 338 374 406 429 
340 180 198 226 262 304 349 395 437 473 501 
100000 5170 5669 6464 7499 8705 9999 11294 12499 13535 14330 
1482 1433 1353 1250 1129 1000 
816 919 391 545 
1147 767 430 260 
1141 782 653 306 
1304 804 481 417 
1179 490 440 475 
1224 1138 484 419 
1011 744 1017 522 
936 747 875 845 
447 1029 869 332 
1022 669 933 480 
640 854 273 444 
507 454 964 757 
1386 420 333 489 
883 359 520 246 
386 727 372 617 
610 1174 396 287 
736 422 659 450 
967 782 651 671 
522 1087 379 334 
1332 971 857 338 
1096 1154 937 807 
599 1066 259 374 
585 968 640 276 
551 910 929 457 
867 981 907 436 
750 582 748 318 
813 1191 751 382 
602 444 1031 787 
913 905 477 491 
1297 636 855 320 
443 657 620 448 
1351 901 615 629 
775 848 792 237 
368 751 816 329 
1243 734 759 719 
590 872 778 391 
1149 444 642 368 
1000 359 335 342 
588 642 1025 445 
696 599 675 827 
1147 723 635 881 
1090 483 420 316 
1251 945 910 517 
665 961 917 905 
776 401 383 308 
1092 931 578 765 
1355 732 607 662 
681 666 754 453 
1331 1167 345 397 
1281 1080 653 635 
1025 1112 525 715 
423 631 695 745 
562 368 566 583 
1096 661 340 617 
697 594 807 538 
495 1175 472 338 
381 800 968 622 
578 553 1032 345 
460 382 839 613 
734 1006 882 430 
982 694 868 511 
763 864 676 349 
451 656 326 597 
599 706 976 693 
1235 802 814 395 
937 823 274 610 
1246 462 349 597 
607 823 674 546 
1170 687 555 492 
1119 466 291 476 
1116 303 558 406 
639 851 286 434 
1316 410 880 319 
364 522 951 617 
600 1118 1016 776 
1370 927 796 381 
1013 416 808 652 
1329 503 970 898 
807 580 933 615 
489 809 278 582 
886 523 979 720 
1270 389 956 296 
671 1076 513 301 
399 672 393 645 
1149 709 844 839 
784 518 593 896 
479 595 467 238 
1298 990 474 860 
956 999 508 288 
1073 572 485 322 
1221 719 754 770 
523 624 918 756 
877 453 1020 625 
1196 366 896 497 
795 1109 869 734 
1306 312 374 375 
1202 654 784 838 
553 632 486 754 
676 1192 914 781 
621 755 693 871 
