50 2 20
16 10
1700 85 77 75 77 85 96 112 130 149 169 187 203 214 222 225 222 214 203 187 169 150 130 112 96 85 77 75 77 85 96 112 130 149 169 187 203 214 222 225 222 214 203 187 169 150 130 112 96 85 77 
100000 5669 5170 5000 5170 5669 6464 7499 8705 9999 11294 12499 13535 14330 14829 15000 14829 14330 13535 12500 11294 10000 8705 7500 6464 5669 5170 5000 5170 5669 6464 7499 8705 9999 11294 12499 13535 14330 14829 15000 14829 14330 13535 12500 11294 10000 8705 7500 6464 5669 5170 
1433 1482 1499 1482 1433 1353 1250 1129 1000 870 750 646 566 517 500 517 
616 748 808 1027 1112 1019 1059 1400 1563 1215 1345 1500 1452 1093 1134 1035 1107 920 827 710 596 489 548 448 615 690 730 860 849 970 1427 1452 1711 1376 
513 530 893 840 1081 1257 1484 1525 1436 1720 1420 1441 1211 1158 1123 1189 822 840 865 538 548 570 550 429 604 588 784 926 853 1352 1387 1224 1179 1281 
473 517 746 1011 1138 1105 1447 1497 1199 1196 1714 1192 1435 1484 1322 1024 955 907 614 620 665 457 460 437 514 756 738 782 986 1050 1006 1205 1158 1210 
488 688 893 980 1009 1145 1119 1598 1566 1749 1292 1702 1470 1586 1016 905 866 774 782 709 469 530 418 550 552 622 872 943 912 1147 1326 1434 1204 1546 
558 619 817 1030 919 1129 1348 1540 1308 1493 1250 1403 1535 1321 1016 994 1041 1027 872 659 469 553 473 472 549 569 669 953 1133 921 1223 1155 1639 1337 
465 552 821 703 967 1098 1220 1499 1535 1708 1294 1288 1506 1164 1110 1215 1190 814 642 744 519 524 559 454 557 722 712 875 811 1122 1099 1110 1301 1483 
677 767 687 795 1062 1044 1025 1149 1300 1513 1587 1622 1271 1310 1328 1148 891 790 885 686 518 552 553 420 467 639 719 955 1191 921 1186 1537 1403 1713 
549 729 723 843 847 943 1390 1095 1434 1460 1699 1300 1460 1143 1109 1328 1130 1040 784 567 497 439 528 497 643 733 649 720 1027 1029 1245 1310 1516 1366 
606 767 606 736 972 961 1164 1449 1584 1572 1478 1393 1697 1125 1048 1226 1191 1024 892 534 646 599 466 524 498 666 683 796 981 1038 1252 1540 1645 1433 
479 745 877 868 1192 1163 1091 1099 1401 1717 1369 1760 1532 1553 1021 1206 1032 775 708 680 588 507 595 538 488 693 792 819 907 1080 1448 1530 1702 1433 
