5 3 20
4 100
850 112 96 85 77 75 
850 150 129 113 103 100 
100000 7500 6464 5669 5170 5000 
1249 1353 1433 1482 
672 
2313 
623 
2040 
2306 
986 
720 
1863 
1098 
1411 
1876 
1786 
2303 
1035 
1827 
1468 
2243 
677 
835 
1861 
947 
1512 
1515 
1010 
1916 
1022 
948 
2181 
1914 
916 
906 
1869 
1536 
1301 
1704 
1709 
1618 
1311 
1899 
1065 
1880 
2074 
1752 
1708 
1041 
1625 
2077 
1152 
2201 
1045 
1789 
675 
1144 
628 
1978 
981 
928 
1772 
1821 
741 
1651 
2375 
1352 
1551 
1533 
1451 
1811 
2161 
1407 
734 
2388 
1718 
1978 
985 
2085 
2057 
2111 
2386 
1912 
1794 
1938 
1314 
1730 
1059 
1026 
1895 
1371 
615 
797 
2228 
2150 
1606 
1459 
664 
2180 
2281 
816 
1857 
1416 
1527 
