20 2 20
11 10
1700 130 149 169 187 203 214 222 225 222 214 203 187 169 150 130 112 96 85 77 75 
100000 8705 9999 11294 12499 13535 14330 14829 15000 14829 14330 13535 12500 11294 10000 8705 7500 6464 5669 5170 5000 
1129 1000 870 750 646 566 517 500 517 566 646 
709 1265 1395 767 505 2138 2252 1086 2031 
918 402 645 996 733 1239 1917 1226 2009 
700 1339 1008 1136 1001 1132 1033 1375 930 
1154 1221 1104 1409 1879 2164 1943 979 1042 
845 1108 1150 505 954 566 1966 2032 1723 
630 565 485 505 1705 2099 1059 670 1984 
719 923 1456 884 1532 717 584 800 671 
309 1264 935 743 530 788 2244 2014 896 
1124 817 1593 1691 506 733 1130 1425 664 
1197 1012 518 767 1665 972 652 1722 1625 
