10 11 20
8 100
170 112 130 149 169 187 203 214 222 225 222 
170 149 174 199 225 249 270 286 296 300 296 
170 187 217 249 282 312 338 358 370 375 370 
170 224 261 299 338 374 406 429 444 450 444 
170 262 304 349 395 437 473 501 519 525 519 
170 299 348 399 451 499 541 573 593 600 593 
170 337 391 449 508 562 609 644 667 675 667 
170 374 435 499 564 624 676 716 741 750 741 
170 412 478 549 621 687 744 788 815 825 815 
170 449 522 599 677 749 812 859 889 900 889 
100000 7499 8705 9999 11294 12499 13535 14330 14829 15000 14829 
1250 1129 1000 870 750 646 566 517 
728 617 
779 441 
711 660 
438 434 
458 305 
311 253 
322 713 
399 315 
572 460 
220 586 
641 603 
255 684 
521 572 
575 634 
326 391 
332 207 
313 826 
254 721 
389 822 
400 440 
790 587 
744 452 
549 373 
429 380 
252 217 
257 825 
304 606 
670 552 
587 652 
373 373 
536 576 
464 503 
737 718 
615 218 
236 789 
576 260 
289 271 
739 679 
349 559 
645 768 
586 468 
555 590 
361 569 
774 226 
362 546 
269 573 
788 692 
632 579 
311 414 
759 341 
209 535 
288 592 
374 385 
763 577 
616 212 
367 331 
549 509 
600 701 
686 728 
333 282 
431 766 
419 596 
387 252 
296 714 
478 252 
761 697 
699 559 
343 646 
794 312 
661 463 
269 659 
396 773 
449 473 
461 793 
384 601 
594 421 
310 802 
360 479 
271 536 
398 314 
409 778 
680 332 
726 641 
628 617 
230 265 
262 717 
464 648 
614 444 
725 705 
785 561 
791 230 
682 713 
244 352 
211 321 
609 242 
361 395 
609 274 
554 210 
343 464 
710 448 
