10 11 20
6 100
170 77 75 77 85 96 112 130 149 169 187 
170 103 100 103 113 129 149 174 199 225 249 
170 129 125 129 141 161 187 217 249 282 312 
170 155 150 155 170 193 224 261 299 338 374 
170 180 175 180 198 226 262 304 349 395 437 
170 206 200 206 226 258 299 348 399 451 499 
170 232 225 232 255 290 337 391 449 508 562 
170 258 250 258 283 323 374 435 499 564 624 
170 284 275 284 311 355 412 478 549 621 687 
170 310 300 310 340 387 449 522 599 677 749 
100000 5170 5000 5170 5669 6464 7499 8705 9999 11294 12499 
1482 1499 1482 1433 1353 1250 
1290 1100 625 607 
1389 1111 841 533 
1268 429 555 728 
978 989 1317 368 
1382 1478 356 594 
825 1211 693 755 
1739 466 1265 433 
678 1577 715 327 
1073 1318 974 979 
538 468 426 537 
1476 684 377 420 
903 1391 1032 1195 
1450 400 1321 1126 
819 1365 701 395 
1662 601 556 973 
498 760 1252 627 
1719 1090 802 747 
1737 986 615 380 
1519 1345 1307 643 
711 834 1341 929 
1754 1589 1340 1144 
1609 1061 711 413 
851 1302 933 1090 
954 434 1078 397 
566 1184 979 1040 
901 1217 753 625 
1226 1370 582 1114 
1348 1307 962 856 
1560 695 1068 525 
699 630 643 794 
1741 607 986 599 
1192 1371 1047 797 
1519 530 904 484 
1188 872 1331 682 
1567 1480 1282 845 
1513 1166 801 1112 
1279 1129 738 1144 
1479 1565 512 372 
1130 718 973 410 
822 705 1072 935 
1493 1020 597 602 
799 827 846 608 
591 558 840 846 
1728 1124 817 677 
1108 864 1203 572 
1030 524 432 428 
1028 799 726 733 
1276 1533 1158 565 
1258 1509 700 413 
1115 720 1029 1107 
1556 448 445 522 
1624 661 1067 979 
1033 837 801 1077 
962 1326 615 1089 
519 576 699 1071 
1740 914 369 989 
1373 1414 383 935 
1269 1350 572 829 
733 1160 858 379 
1299 418 660 494 
831 1345 582 625 
644 551 1372 429 
1191 1539 918 1127 
512 671 996 556 
828 715 482 681 
860 1081 358 873 
956 862 1373 1115 
1316 997 894 1042 
1418 849 1168 977 
1263 743 1019 768 
1705 939 989 799 
1778 1388 1252 960 
1114 1155 366 1060 
1311 636 1366 1182 
781 689 860 928 
1350 564 1076 593 
791 774 672 492 
1762 809 1109 576 
513 1391 1136 1083 
700 1212 491 943 
799 1437 1065 982 
1797 705 493 547 
1265 1136 897 913 
1541 847 609 463 
799 706 956 427 
1552 817 1200 765 
1275 1272 1157 472 
1040 653 1303 795 
947 830 1099 449 
605 736 1004 1108 
542 860 551 559 
1138 1138 1084 812 
1726 792 1373 433 
508 800 949 1099 
664 720 429 354 
1603 1382 1146 551 
1060 1562 651 563 
555 1344 1039 1148 
599 1482 550 455 
1214 688 1057 652 
