50 6 20
36 10
340 77 85 96 112 130 149 169 187 203 214 222 225 222 214 203 187 169 150 130 112 96 85 77 75 77 85 96 112 130 149 169 187 203 214 222 225 222 214 203 187 169 150 130 112 96 85 77 75 77 85 
340 103 113 129 149 174 199 225 249 270 286 296 300 296 286 270 250 225 200 174 150 129 113 103 100 103 113 129 149 174 199 225 249 270 286 296 300 296 286 270 250 225 200 174 150 129 113 103 100 103 113 
340 129 141 161 187 217 249 282 312 338 358 370 375 370 358 338 312 282 250 217 187 161 141 129 125 129 141 161 187 217 249 282 312 338 358 370 375 370 358 338 312 282 250 217 187 161 141 129 125 129 141 
340 155 170 193 224 261 299 338 374 406 429 444 450 444 429 406 375 338 300 261 225 193 170 155 150 155 170 193 224 261 299 338 374 406 429 444 450 444 429 406 375 338 300 261 225 193 170 155 150 155 170 
340 180 198 226 262 304 349 395 437 473 501 519 525 519 501 473 437 395 350 304 262 226 198 180 175 180 198 226 262 304 349 395 437 473 501 519 525 519 501 473 437 395 350 304 262 226 198 180 175 180 198 
100000 5170 5669 6464 7499 8705 9999 11294 12499 13535 14330 14829 15000 14829 14330 13535 12500 11294 10000 8705 7500 6464 5669 5170 5000 5170 5669 6464 7499 8705 9999 11294 12499 13535 14330 14829 15000 14829 14330 13535 12500 11294 10000 8705 7500 6464 5669 5170 5000 5170 5669 
1482 1433 1353 1250 1129 1000 870 750 646 566 517 500 517 566 646 749 870 999 1129 1249 1353 1433 1482 1499 1482 1433 1353 1250 1129 1000 870 750 646 566 517 500 
441 841 654 769 714 1226 1074 1284 1370 1585 2363 716 2137 1066 
481 598 718 889 891 770 1382 707 651 1977 1118 903 1779 883 
223 632 443 954 468 1098 758 1769 1767 2202 1367 2077 1456 1297 
300 819 978 1004 974 550 1474 1011 1150 1842 967 1938 2191 2071 
232 608 661 983 524 1169 938 1370 2106 1731 1414 1221 1376 2218 
444 587 450 1043 1167 1194 1496 1561 754 1593 959 1104 775 1705 
789 700 867 710 444 816 807 1196 1431 798 1812 966 1188 1767 
463 345 791 859 704 743 1317 545 2102 2282 1455 1593 1158 2053 
806 336 557 994 888 1387 454 1256 1190 1305 2274 2214 788 2251 
350 433 924 755 610 1099 1126 1534 1863 1124 1869 1692 1866 1456 
