50 11 20
26 100
170 96 85 77 75 77 85 96 112 130 149 169 187 203 214 222 225 222 214 203 187 169 150 130 112 96 85 77 75 77 85 96 112 130 149 169 187 203 214 222 225 222 214 203 187 169 150 130 112 96 85 
170 129 113 103 100 103 113 129 149 174 199 225 249 270 286 296 300 296 286 270 250 225 200 174 150 129 113 103 100 103 113 129 149 174 199 225 249 270 286 296 300 296 286 270 250 225 200 174 150 129 113 
170 161 141 129 125 129 141 161 187 217 249 282 312 338 358 370 375 370 358 338 312 282 250 217 187 161 141 129 125 129 141 161 187 217 249 282 312 338 358 370 375 370 358 338 312 282 250 217 187 161 141 
170 193 170 155 150 155 170 193 224 261 299 338 374 406 429 444 450 444 429 406 375 338 300 261 225 193 170 155 150 155 170 193 224 261 299 338 374 406 429 444 450 444 429 406 375 338 300 261 225 193 170 
170 226 198 180 175 180 198 226 262 304 349 395 437 473 501 519 525 519 501 473 437 395 350 304 262 226 198 180 175 180 198 226 262 304 349 395 437 473 501 519 525 519 501 473 437 395 350 304 262 226 198 
170 258 226 206 200 206 226 258 299 348 399 451 499 541 573 593 600 593 573 541 500 451 400 348 300 258 226 206 200 206 226 258 299 348 399 451 499 541 573 593 600 593 573 541 500 451 400 348 300 258 226 
170 290 255 232 225 232 255 290 337 391 449 508 562 609 644 667 675 667 644 609 562 508 450 391 337 290 255 232 225 232 255 290 337 391 449 508 562 609 644 667 675 667 644 609 562 508 450 391 337 290 255 
170 323 283 258 250 258 283 323 374 435 499 564 624 676 716 741 750 741 716 676 625 564 500 435 375 323 283 258 250 258 283 323 374 435 499 564 624 676 716 741 750 741 716 676 625 564 500 435 375 323 283 
170 355 311 284 275 284 311 355 412 478 549 621 687 744 788 815 825 815 788 744 687 621 550 478 412 355 311 284 275 284 311 355 412 478 549 621 687 744 788 815 825 815 788 744 687 621 550 478 412 355 311 
170 387 340 310 300 310 340 387 449 522 599 677 749 812 859 889 900 889 859 812 750 677 600 522 450 387 340 310 300 310 340 387 449 522 599 677 749 812 859 889 900 889 859 812 750 677 600 522 450 387 340 
100000 6464 5669 5170 5000 5170 5669 6464 7499 8705 9999 11294 12499 13535 14330 14829 15000 14829 14330 13535 12500 11294 10000 8705 7500 6464 5669 5170 5000 5170 5669 6464 7499 8705 9999 11294 12499 13535 14330 14829 15000 14829 14330 13535 12500 11294 10000 8705 7500 6464 5669 
1353 1433 1482 1499 1482 1433 1353 1250 1129 1000 870 750 646 566 517 500 517 566 646 749 870 999 1129 1249 1353 1433 
1575 1460 1764 1156 1349 1476 1055 859 897 866 537 671 414 426 508 534 646 797 914 893 1301 1004 1352 1542 
1656 1758 1329 1420 1473 1124 925 1020 947 765 627 466 583 560 567 587 681 743 771 838 926 1143 1132 1266 
1511 1267 1312 1388 1131 1121 1220 1162 708 745 771 527 425 454 591 568 662 702 988 902 1132 1033 1349 1300 
1289 1252 1767 1344 1513 1132 1140 1149 885 782 525 643 584 447 532 513 620 894 1026 951 986 1359 1111 1370 
1396 1220 1351 1250 1411 1154 1188 1121 721 841 731 470 595 574 428 486 730 858 937 962 938 1399 1327 1432 
1451 1500 1565 1642 1172 1062 1240 1047 911 848 749 479 418 513 577 462 661 809 809 945 1265 1198 1433 1175 
1241 1529 1719 1586 1442 1098 1025 1024 723 627 687 618 603 502 546 639 570 866 1027 823 1133 1175 1197 1164 
1307 1681 1249 1162 1563 1289 1242 1129 826 698 632 517 466 434 528 593 655 831 940 1053 992 1179 1104 1629 
1384 1410 1648 1563 1436 1317 1223 823 1019 636 755 586 479 528 513 663 528 843 775 811 1071 1467 1314 1177 
1425 1518 1517 1700 1407 1309 1282 1101 885 695 728 581 597 572 558 594 773 786 906 912 956 1134 1370 1163 
1676 1557 1317 1608 1280 1082 1176 992 911 696 545 641 531 542 521 644 705 860 906 1088 1129 1471 1190 1394 
1773 1348 1234 1190 1160 1307 986 813 969 670 649 482 503 401 494 617 634 621 812 816 1081 1266 1178 1492 
1258 1223 1633 1191 1411 1131 1270 970 1001 871 615 601 436 461 479 465 601 675 788 892 1188 1039 1457 1616 
1499 1602 1364 1227 1192 1216 1117 1108 804 852 773 505 449 534 565 624 760 742 911 963 1160 1217 1304 1384 
1305 1287 1632 1187 1535 1232 903 814 976 895 561 542 614 448 555 517 571 676 740 994 910 1242 1496 1600 
1671 1681 1779 1409 1579 1279 1137 1070 873 713 601 525 576 543 497 647 669 852 768 1106 1138 1126 1445 1316 
1242 1336 1226 1652 1506 1247 1031 851 865 810 733 599 494 542 477 590 694 714 851 944 929 1431 1406 1703 
1500 1225 1634 1699 1357 1117 1305 879 895 802 727 491 615 591 470 583 585 887 878 1007 939 1196 1100 1255 
1491 1536 1574 1327 1119 1193 1285 924 913 706 585 543 504 483 494 585 671 745 855 1124 1324 1298 1251 1232 
1673 1393 1512 1350 1572 1282 1146 1056 739 683 670 455 430 450 418 454 571 754 790 880 1203 1251 1528 1299 
1465 1507 1296 1146 1537 1303 1156 845 754 755 648 487 546 533 468 540 770 864 1042 1194 995 1442 1406 1383 
1758 1338 1428 1275 1287 1331 1093 915 985 773 589 599 564 530 575 662 685 670 721 1045 1312 1304 1219 1179 
1722 1601 1595 1441 1293 1092 1184 843 1015 652 621 463 541 507 416 657 689 741 737 947 1115 1429 1265 1298 
1764 1279 1195 1245 1164 1378 959 1014 713 876 671 585 502 503 569 654 629 898 723 1178 1020 1116 1100 1476 
1369 1774 1283 1442 1505 1417 980 817 757 851 570 676 555 591 435 656 754 865 951 1155 1339 1357 1209 1581 
1322 1377 1388 1684 1100 1164 1126 803 845 829 770 487 459 529 583 539 683 883 908 1161 1197 1260 1088 1399 
1397 1663 1309 1639 1340 1041 1313 1182 821 799 569 624 517 573 415 478 528 776 775 822 992 1414 1317 1498 
1244 1213 1346 1449 1105 1113 1016 1076 888 829 575 597 473 478 455 664 574 793 963 1131 941 1182 1508 1150 
1493 1258 1571 1564 1599 1195 1234 922 911 780 606 490 555 465 585 541 527 603 723 830 1162 1444 1162 1344 
1521 1657 1319 1338 1097 1402 1187 819 888 878 541 542 534 561 422 506 676 656 721 1130 1024 1266 1269 1422 
1599 1582 1280 1581 1269 1138 1068 837 861 749 741 488 504 527 605 636 568 804 869 1193 913 1011 1236 1370 
1693 1350 1653 1298 1247 1017 1348 862 954 818 763 677 508 547 428 517 615 693 722 1156 1018 1393 1445 1180 
1687 1760 1712 1238 1109 1225 1340 1199 848 669 755 667 446 497 524 635 707 702 709 1107 1181 1457 1120 1277 
1220 1573 1380 1641 1226 1319 1102 1126 777 667 618 521 472 594 453 564 725 761 1042 813 924 1008 1289 1168 
1539 1500 1234 1630 1278 1464 1248 993 915 848 566 479 434 410 498 521 630 620 777 995 993 1468 1445 1439 
1633 1528 1558 1399 1090 1105 1124 1077 893 661 737 605 430 472 445 636 659 687 812 958 1010 1178 1276 1691 
1710 1763 1610 1461 1137 1081 1211 1177 841 782 654 631 612 426 501 639 580 725 770 964 910 1133 1528 1250 
1563 1405 1487 1257 1619 1172 1190 972 815 686 581 455 443 588 437 651 587 610 871 957 1185 1157 1271 1540 
1524 1241 1251 1698 1207 1084 1336 1122 707 683 664 611 521 456 456 594 754 758 812 848 1050 1012 1331 1494 
1271 1265 1453 1337 1402 1376 910 1114 984 618 670 666 548 411 483 475 576 710 857 1130 1283 1449 1418 1502 
1228 1230 1520 1634 1346 1321 1255 1071 763 626 610 537 472 583 573 640 682 678 975 1063 921 1194 1260 1546 
1229 1711 1318 1266 1512 1201 912 1097 904 661 678 655 478 497 567 642 758 656 807 800 1345 1369 1387 1564 
1766 1508 1762 1249 1084 1048 1309 983 953 879 772 499 428 492 443 573 683 695 799 1058 1056 1359 1419 1164 
1315 1562 1486 1396 1510 1314 1318 1057 752 786 627 513 618 515 538 557 711 835 1037 1150 1000 1106 1258 1562 
1594 1606 1456 1285 1586 1486 1020 985 780 747 567 591 553 491 613 664 734 708 903 958 1039 1345 1406 1711 
1770 1531 1493 1156 1410 1133 1123 924 893 763 535 572 476 469 436 574 658 894 958 865 1100 1284 1317 1248 
1199 1487 1771 1595 1121 1390 1187 1023 921 704 522 485 509 539 444 562 633 646 767 822 1141 1207 1199 1636 
1197 1299 1565 1415 1472 1386 1190 873 714 806 572 531 471 529 419 659 593 675 1042 986 1290 1028 1313 1512 
1695 1618 1193 1214 1351 1104 998 910 1003 633 623 593 417 470 512 672 676 801 1036 1088 1246 1278 1484 1706 
1679 1388 1208 1688 1463 1177 914 967 922 703 709 615 612 447 481 647 701 856 944 962 1201 1025 1336 1586 
1629 1246 1229 1303 1176 1129 1032 1177 869 765 736 508 569 415 464 605 524 668 954 1023 1136 1238 1295 1642 
1438 1439 1358 1354 1531 1045 1221 818 984 758 619 472 421 591 576 496 745 886 770 1094 1177 1084 1613 1408 
1511 1473 1449 1200 1404 1184 1274 1123 793 813 769 619 525 431 594 561 664 783 1018 1178 1224 1168 1600 1330 
1729 1484 1195 1451 1465 1029 1228 826 730 629 615 561 511 566 542 544 743 819 941 990 1203 1202 1226 1693 
1212 1732 1624 1362 1294 1269 950 866 1001 611 577 556 484 526 526 454 753 659 758 1031 1029 1119 1301 1474 
1283 1424 1477 1302 1573 1228 1244 1037 925 863 520 592 439 436 440 627 615 761 1021 814 1193 1123 1153 1714 
1526 1660 1516 1718 1611 1223 1068 991 847 753 635 571 583 481 582 618 558 624 699 1043 1265 1173 1373 1367 
1416 1703 1353 1457 1397 1366 1240 1188 697 834 600 464 491 554 475 564 600 898 979 935 1266 1406 1361 1666 
1570 1775 1237 1165 1163 1296 1087 1000 769 830 655 668 616 476 466 477 638 658 831 1104 962 1003 1401 1261 
1663 1580 1699 1470 1133 1355 1134 1161 891 883 698 517 568 587 501 639 645 638 712 1178 1127 1481 1145 1589 
1533 1749 1631 1653 1483 1200 1002 966 767 665 519 624 573 518 426 613 692 731 834 985 911 1438 1554 1291 
1327 1610 1339 1694 1426 1353 1073 1029 802 850 646 655 526 536 570 491 565 748 953 872 1253 1216 1086 1443 
1265 1686 1668 1378 1200 1182 1180 1177 966 652 701 478 568 462 554 526 755 842 985 1187 1233 1024 1289 1546 
1636 1314 1563 1625 1551 1332 1262 1108 832 720 694 602 508 566 438 509 720 692 709 902 918 1478 1229 1177 
1237 1592 1197 1159 1259 1079 1285 990 793 897 616 551 550 438 507 478 586 754 990 992 1215 1090 1322 1566 
1365 1653 1757 1703 1364 1136 1343 810 967 650 630 607 456 429 518 495 631 767 959 960 1183 1193 1418 1374 
1733 1456 1309 1644 1465 1384 1011 880 935 648 597 576 432 474 458 614 603 632 892 913 940 1304 1252 1563 
1356 1511 1551 1656 1108 1048 1134 1086 994 716 722 571 444 487 569 603 685 641 1040 1192 1116 1416 1094 1605 
1434 1321 1748 1662 1364 1308 1268 890 766 740 756 627 431 526 608 537 752 781 942 1142 1127 1241 1529 1345 
1338 1359 1190 1151 1206 1348 1354 882 715 645 583 523 604 541 439 458 752 892 955 1049 1232 1383 1260 1646 
1352 1360 1278 1159 1123 1342 1304 1082 1010 628 638 470 574 496 486 466 673 787 777 803 1144 1446 1083 1532 
1476 1540 1312 1580 1519 1378 1204 1188 869 755 629 652 425 456 613 545 602 642 894 938 1069 1084 1564 1549 
1641 1350 1614 1274 1326 1320 1245 1183 818 826 666 498 620 463 529 593 629 745 1021 1199 1107 1490 1454 1339 
1558 1738 1538 1550 1138 1105 903 1084 904 791 688 655 538 579 477 651 583 600 756 1073 1276 1317 1189 1714 
1373 1350 1266 1539 1147 1481 1021 1041 775 843 757 623 605 505 552 649 642 707 725 1065 1253 1040 1173 1511 
1368 1652 1439 1537 1436 1181 1067 995 941 862 677 669 571 575 516 574 751 694 713 1122 1185 1255 1348 1242 
1284 1773 1252 1674 1399 1032 1102 1071 1028 725 740 537 556 525 504 616 648 715 716 1015 1319 1416 1512 1527 
1648 1678 1496 1669 1529 1008 1186 1138 946 881 766 625 517 440 584 602 771 711 732 1058 1349 1008 1294 1444 
1768 1663 1313 1657 1617 1210 972 1106 804 786 521 641 414 474 589 531 664 836 1028 1194 1282 1159 1416 1397 
1502 1777 1693 1221 1323 1299 1261 1176 945 601 763 496 453 538 446 638 597 636 795 811 1122 1186 1369 1328 
1473 1768 1474 1224 1485 1346 1219 846 723 751 754 489 578 579 578 510 685 603 772 927 1179 1086 1082 1152 
1733 1554 1295 1553 1310 1141 1181 1060 896 851 533 558 458 417 528 680 632 684 765 1114 1188 1457 1171 1686 
1229 1617 1223 1659 1172 1424 1107 1110 921 690 686 632 583 567 550 552 593 853 791 1172 950 1360 1220 1499 
1658 1528 1591 1597 1286 1059 1010 1087 907 877 679 508 541 436 595 622 598 746 952 1159 1146 1117 1521 1719 
1450 1392 1666 1279 1128 1147 1115 1085 919 756 635 602 475 488 612 569 573 762 745 964 1161 1049 1222 1589 
1252 1416 1520 1369 1224 1075 1265 1147 754 776 633 628 556 593 508 511 732 719 942 1039 1137 1147 1551 1410 
1322 1408 1742 1242 1344 1499 965 1175 892 627 610 529 522 544 613 635 761 882 720 1071 1036 1187 1125 1392 
1525 1398 1599 1463 1619 1273 940 1173 799 636 629 679 546 549 552 574 655 846 852 1008 1228 1276 1207 1590 
1546 1583 1563 1600 1142 1306 1255 1054 834 735 723 491 521 508 482 569 624 783 748 839 991 1340 1412 1186 
1330 1599 1329 1410 1115 1363 953 1189 812 873 572 607 455 450 537 566 566 855 860 1120 1242 1046 1589 1718 
1742 1517 1596 1377 1146 1299 1033 911 781 811 580 539 541 556 563 638 681 886 1029 1048 1117 1165 1180 1636 
1294 1562 1345 1462 1177 1238 1264 964 887 766 714 577 462 555 546 478 629 896 718 889 1040 1371 1502 1675 
1410 1762 1255 1500 1445 1177 1242 1106 1025 820 734 503 439 488 501 678 590 702 751 1155 1003 1477 1188 1568 
1222 1520 1417 1522 1556 1043 1158 860 962 898 526 541 493 460 440 569 619 675 1020 930 1255 1105 1578 1259 
1495 1504 1644 1438 1399 1170 935 1015 943 698 520 467 606 552 617 581 605 669 748 949 926 1305 1485 1483 
1654 1275 1407 1215 1169 1233 1335 1080 1036 792 668 500 555 523 617 482 598 698 980 1018 1315 1098 1370 1403 
1189 1630 1775 1562 1597 1100 1174 1083 952 688 541 580 440 472 586 545 702 691 931 999 1232 1463 1214 1334 
1273 1473 1646 1677 1141 1138 1028 923 1040 749 565 527 456 489 475 637 562 800 738 930 1082 1263 1315 1384 
1276 1211 1315 1500 1489 1444 1242 872 985 782 765 621 547 471 600 650 743 774 854 1106 1256 1103 1108 1171 
1424 1276 1524 1616 1362 1023 1000 827 707 684 639 571 547 517 620 669 600 793 883 901 1133 1135 1447 1184 
