5 11 20
3 100
170 150 130 112 96 85 
170 200 174 150 129 113 
170 250 217 187 161 141 
170 300 261 225 193 170 
170 350 304 262 226 198 
170 400 348 300 258 226 
170 450 391 337 290 255 
170 500 435 375 323 283 
170 550 478 412 355 311 
170 600 522 450 387 340 
100000 10000 8705 7500 6464 5669 
1000 1129 1249 
1379 1448 
1354 1439 
1382 1416 
1308 1375 
1298 1402 
1411 1434 
1314 1430 
1409 1394 
1393 1368 
1360 1426 
1341 1420 
1384 1428 
1384 1415 
1294 1475 
1361 1491 
1417 1487 
1302 1391 
1380 1464 
1353 1401 
1313 1407 
1383 1417 
1404 1391 
1361 1472 
1290 1497 
1327 1498 
1318 1499 
1389 1484 
1326 1435 
1372 1415 
1292 1387 
1356 1410 
1379 1455 
1393 1450 
1416 1398 
1359 1416 
1380 1499 
1394 1374 
1312 1404 
1321 1417 
1414 1501 
1387 1424 
1291 1440 
1364 1472 
1411 1367 
1310 1406 
1390 1462 
1416 1447 
1297 1365 
1411 1487 
1409 1365 
1415 1372 
1320 1497 
1323 1404 
1408 1426 
1292 1497 
1359 1423 
1358 1366 
1303 1428 
1408 1472 
1356 1373 
1417 1372 
1327 1491 
1290 1368 
1395 1463 
1301 1504 
1322 1452 
1383 1391 
1294 1423 
1345 1489 
1302 1373 
1347 1439 
1324 1454 
1342 1394 
1390 1455 
1370 1495 
1361 1492 
1417 1438 
1396 1368 
1379 1433 
1305 1455 
1323 1498 
1400 1417 
1372 1376 
1410 1474 
1410 1465 
1293 1403 
1405 1467 
1318 1386 
1351 1432 
1329 1475 
1349 1478 
1305 1362 
1352 1434 
1362 1376 
1388 1398 
1414 1364 
1377 1460 
1359 1407 
1335 1439 
1315 1448 
