50 3 20
36 50
850 112 130 149 169 187 203 214 222 225 222 214 203 187 169 150 130 112 96 85 77 75 77 85 96 112 130 149 169 187 203 214 222 225 222 214 203 187 169 150 130 112 96 85 77 75 77 85 96 112 130 
850 149 174 199 225 249 270 286 296 300 296 286 270 250 225 200 174 150 129 113 103 100 103 113 129 149 174 199 225 249 270 286 296 300 296 286 270 250 225 200 174 150 129 113 103 100 103 113 129 149 174 
100000 7499 8705 9999 11294 12499 13535 14330 14829 15000 14829 14330 13535 12500 11294 10000 8705 7500 6464 5669 5170 5000 5170 5669 6464 7499 8705 9999 11294 12499 13535 14330 14829 15000 14829 14330 13535 12500 11294 10000 8705 7500 6464 5669 5170 5000 5170 5669 6464 7499 8705 
1250 1129 1000 870 750 646 566 517 500 517 566 646 749 870 999 1129 1249 1353 1433 1482 1499 1482 1433 1353 1250 1129 1000 870 750 646 566 517 500 517 566 646 
707 835 841 1271 1407 1136 1612 1312 1290 1260 1571 1133 1241 1047 
688 1014 1151 1183 1361 1227 1190 1660 1349 1380 1419 1274 1399 1162 
717 913 810 1162 1016 1471 1636 1322 1302 1425 1300 1237 1487 1110 
768 859 1189 1206 1374 1130 1503 1193 1441 1457 1393 1151 1287 1335 
639 940 830 947 1427 1515 1600 1448 1671 1665 1304 1454 1122 916 
701 969 1079 1142 1419 1330 1519 1409 1437 1712 1642 1512 1135 906 
878 828 835 980 1292 1602 1522 1531 1707 1291 1482 1250 1144 1083 
879 782 1038 922 1283 1534 1554 1740 1520 1737 1524 1489 1026 1180 
734 758 975 1055 1024 1545 1505 1306 1739 1609 1459 1489 1465 1267 
606 726 1025 987 1237 1458 1508 1770 1253 1645 1569 1212 1352 1115 
896 896 852 1258 1282 1270 1208 1535 1272 1379 1505 1354 1234 1135 
853 714 1010 992 1153 1571 1701 1683 1594 1499 1487 1548 1317 977 
855 1036 998 1077 1237 1133 1510 1271 1647 1455 1476 1419 1156 920 
633 953 817 1298 1376 1435 1653 1385 1344 1249 1265 1618 1160 1340 
774 747 1011 1256 1234 1433 1234 1601 1675 1201 1237 1432 1434 1181 
669 702 1055 1217 1352 1514 1550 1356 1533 1441 1206 1446 1108 1022 
699 782 961 1334 1262 1507 1540 1555 1408 1616 1151 1167 1232 1156 
869 860 861 1320 1281 1120 1695 1471 1572 1653 1655 1193 1317 1351 
639 741 889 977 1365 1180 1684 1270 1323 1299 1504 1571 1295 1197 
748 771 1142 1060 1316 1087 1240 1442 1286 1660 1700 1103 1333 917 
710 714 986 1200 1375 1133 1630 1665 1285 1384 1173 1573 1121 1013 
732 716 1059 1279 1064 1115 1246 1492 1646 1706 1610 1174 1323 1326 
664 866 898 937 1130 1204 1504 1462 1556 1437 1291 1310 1323 1001 
884 816 843 1036 1421 1484 1322 1570 1521 1534 1417 1437 1102 1313 
702 741 1135 1327 1042 1304 1348 1588 1219 1235 1586 1178 1067 1106 
665 851 1066 1042 1478 1227 1208 1283 1270 1675 1550 1322 1210 1090 
794 984 1031 971 1176 1232 1477 1766 1688 1695 1477 1529 1244 1335 
797 789 1076 1338 1053 1374 1701 1220 1486 1309 1373 1157 1075 1082 
695 882 1036 1300 1219 1387 1163 1708 1671 1508 1614 1594 1238 1065 
631 944 1111 969 1072 1588 1391 1323 1722 1533 1527 1558 1004 1091 
892 1035 970 1250 1485 1192 1686 1208 1458 1695 1323 1397 1461 1278 
780 852 1196 1309 1354 1495 1373 1732 1303 1240 1344 1616 1031 1211 
663 752 858 1292 1340 1568 1156 1463 1695 1604 1415 1441 1025 986 
829 1032 955 906 1036 1527 1216 1744 1658 1547 1248 1363 1390 1071 
688 846 1131 969 1201 1221 1475 1324 1320 1542 1484 1212 1197 1020 
676 783 1027 1118 1168 1599 1236 1727 1480 1249 1420 1305 1116 953 
692 745 841 961 1486 1208 1665 1489 1432 1474 1190 1589 1032 1016 
722 714 1011 929 1240 1086 1204 1268 1536 1600 1455 1274 1054 936 
751 942 1069 1058 1155 1606 1354 1442 1747 1503 1503 1372 1322 969 
758 731 1058 1117 1161 1130 1392 1339 1451 1700 1493 1106 1283 1155 
658 734 968 996 1252 1460 1283 1540 1232 1267 1653 1121 1247 1329 
872 762 804 1126 1446 1388 1237 1407 1671 1631 1508 1618 1218 1119 
865 883 829 956 1062 1581 1674 1606 1566 1609 1533 1292 1375 1248 
623 890 1178 1145 1140 1443 1521 1636 1343 1718 1528 1363 1420 1203 
607 817 1198 997 1293 1314 1377 1291 1604 1484 1269 1354 1403 1155 
696 850 1183 1323 1225 1146 1336 1695 1712 1409 1200 1158 1360 1073 
620 1025 849 1203 1417 1297 1518 1271 1319 1778 1409 1493 1266 1146 
602 776 1167 1132 1054 1471 1476 1591 1564 1598 1471 1583 1166 1333 
657 976 1034 906 1059 1171 1641 1670 1580 1287 1172 1132 1028 1352 
824 731 1093 1209 1046 1219 1498 1364 1541 1409 1632 1106 1120 1335 
