10 2 20
6 100
1700 112 96 85 77 75 77 85 96 112 130 
100000 7500 6464 5669 5170 5000 5170 5669 6464 7499 8705 
1249 1353 1433 1482 1499 1482 
1496 1315 1237 1155 
1493 1395 1201 1165 
1484 1386 1208 1173 
1440 1301 1218 1123 
1410 1399 1228 1182 
1371 1301 1194 1091 
1380 1380 1305 1160 
1498 1391 1245 1144 
1469 1299 1276 1088 
1496 1305 1261 1177 
1500 1416 1221 1181 
1500 1362 1305 1151 
1379 1326 1236 1141 
1495 1330 1266 1158 
1420 1353 1193 1148 
1418 1376 1225 1085 
1498 1287 1234 1091 
1375 1300 1199 1096 
1473 1346 1251 1073 
1417 1316 1233 1154 
1462 1414 1217 1179 
1437 1389 1229 1141 
1364 1292 1268 1167 
1482 1306 1259 1139 
1384 1399 1249 1103 
1469 1332 1243 1182 
1376 1355 1260 1144 
1467 1295 1227 1171 
1476 1330 1306 1130 
1373 1351 1276 1165 
1415 1404 1303 1120 
1442 1304 1228 1152 
1391 1395 1202 1073 
1361 1332 1302 1086 
1498 1404 1210 1135 
1455 1412 1195 1081 
1416 1332 1258 1174 
1438 1341 1285 1084 
1375 1399 1195 1149 
1443 1335 1195 1151 
1385 1353 1223 1075 
1453 1344 1221 1092 
1444 1360 1306 1135 
1432 1352 1231 1171 
1448 1319 1200 1163 
1441 1324 1190 1158 
1367 1304 1211 1181 
1444 1344 1283 1116 
1405 1396 1188 1080 
1389 1394 1275 1097 
1422 1411 1252 1133 
1410 1319 1235 1114 
1484 1368 1257 1073 
1436 1382 1236 1149 
1400 1330 1238 1150 
1365 1390 1296 1093 
1380 1289 1218 1182 
1493 1349 1302 1180 
1386 1382 1246 1125 
1503 1361 1293 1105 
1468 1337 1297 1118 
1439 1305 1224 1113 
1372 1326 1286 1118 
1371 1376 1223 1085 
1412 1385 1306 1148 
1470 1325 1195 1146 
1464 1419 1232 1122 
1498 1370 1297 1178 
1375 1396 1312 1181 
1424 1401 1268 1170 
1498 1324 1235 1155 
1445 1318 1238 1159 
1491 1405 1189 1092 
1419 1419 1282 1095 
1386 1305 1276 1142 
1430 1353 1200 1096 
1497 1361 1287 1157 
1469 1418 1285 1173 
1452 1402 1211 1116 
1385 1346 1196 1112 
1497 1388 1229 1141 
1397 1299 1200 1081 
1487 1413 1191 1102 
1435 1294 1263 1142 
1443 1360 1206 1179 
1466 1352 1254 1150 
1370 1416 1212 1094 
1380 1301 1263 1146 
1481 1286 1280 1092 
1422 1290 1270 1110 
1415 1350 1284 1157 
1465 1292 1304 1099 
1425 1299 1298 1161 
1413 1315 1213 1088 
1417 1401 1231 1076 
1433 1405 1287 1080 
1387 1366 1195 1094 
1468 1289 1244 1145 
1424 1310 1234 1130 
1434 1291 1202 1157 
