10 11 20
4 50
170 112 130 149 169 187 203 214 222 225 222 
170 149 174 199 225 249 270 286 296 300 296 
170 187 217 249 282 312 338 358 370 375 370 
170 224 261 299 338 374 406 429 444 450 444 
170 262 304 349 395 437 473 501 519 525 519 
170 299 348 399 451 499 541 573 593 600 593 
170 337 391 449 508 562 609 644 667 675 667 
170 374 435 499 564 624 676 716 741 750 741 
170 412 478 549 621 687 744 788 815 825 815 
170 449 522 599 677 749 812 859 889 900 889 
100000 7499 8705 9999 11294 12499 13535 14330 14829 15000 14829 
1250 1129 1000 870 
774 650 561 527 523 502 
723 643 570 535 489 538 
734 616 591 495 522 512 
730 636 540 492 478 526 
753 658 552 525 491 527 
751 634 581 492 511 524 
763 670 543 526 510 542 
715 655 589 521 511 519 
743 672 563 524 507 539 
723 664 559 537 494 514 
720 664 582 510 502 498 
728 649 547 498 483 510 
765 664 550 491 522 531 
771 652 546 531 476 498 
766 639 539 504 510 526 
750 617 547 532 511 519 
740 626 587 497 476 492 
726 677 538 524 487 510 
723 625 550 523 503 512 
761 649 587 502 518 505 
770 620 552 506 513 527 
744 645 595 523 477 495 
782 630 579 511 506 503 
786 615 557 493 523 519 
770 639 559 518 515 491 
770 646 562 511 504 541 
737 619 580 507 513 497 
745 618 577 503 487 491 
727 641 571 502 496 509 
774 661 561 515 500 529 
740 616 571 491 477 493 
777 668 554 507 493 523 
760 653 544 528 480 498 
719 654 592 505 502 504 
746 667 563 491 510 526 
775 664 565 508 476 511 
764 662 582 523 485 514 
779 646 546 500 495 522 
727 666 558 522 509 496 
764 633 567 536 488 526 
752 631 559 503 480 522 
763 659 592 511 489 493 
769 630 578 516 496 501 
718 635 595 535 477 526 
776 641 552 519 514 523 
763 648 554 525 501 525 
743 633 592 514 478 497 
773 662 577 504 477 520 
729 627 550 512 507 520 
713 623 562 541 510 499 
