10 2 20
4 50
1700 85 77 75 77 85 96 112 130 149 169 
100000 5669 5170 5000 5170 5669 6464 7499 8705 9999 11294 
1433 1482 1499 1482 
1502 1107 1379 1074 1019 877 
1709 1363 1246 1022 813 860 
1390 1468 1027 1346 860 1004 
1249 1394 1383 1308 946 1031 
1677 1092 1303 1026 960 998 
1548 1408 1453 1286 943 909 
1503 1296 1395 1165 978 750 
1478 1474 1187 1208 1185 749 
1166 1460 1175 1033 1123 924 
1247 1126 1266 1115 1165 1009 
1272 1206 1204 1088 1121 991 
1290 1241 1175 1046 979 749 
1553 1405 1027 1106 833 977 
1169 1525 1237 1241 826 898 
1425 1293 1207 1283 974 830 
1598 1610 1129 1015 875 998 
1241 1217 1292 1237 1012 917 
1512 1583 1483 1028 852 835 
1180 1259 1184 1114 1097 1036 
1298 1287 1384 1327 926 796 
1285 1454 1097 1062 1079 741 
1244 1257 1341 1228 838 866 
1322 1449 1073 1039 1099 823 
1185 1373 1078 1095 851 804 
1693 1508 1241 1276 1188 734 
1266 1185 1201 1255 1076 734 
1183 1109 1293 1286 1156 835 
1213 1240 1081 1234 1137 839 
1389 1347 1361 924 1029 788 
1486 1233 1034 927 1139 797 
1576 1449 1257 917 884 878 
1391 1372 1113 970 1102 778 
1246 1568 1285 959 1171 718 
1547 1136 1106 1242 1016 812 
1632 1606 1064 913 1155 736 
1195 1273 1054 1079 1099 702 
1609 1220 1076 969 959 885 
1196 1619 1377 1034 1192 758 
1593 1569 1387 1321 870 945 
1472 1090 1433 1189 879 1013 
1179 1508 1254 1271 956 1030 
1444 1119 1086 1255 881 930 
1223 1250 1046 1058 1079 739 
1408 1550 1115 1099 891 756 
1269 1313 1220 1326 1142 810 
1349 1096 1034 1060 811 938 
1312 1118 1265 1276 853 823 
1441 1118 1167 1130 949 778 
1674 1305 1354 1270 857 988 
1324 1538 1038 1078 954 749 
