50 2 20
26 5
1700 130 112 96 85 77 75 77 85 96 112 130 149 169 187 203 214 222 225 222 214 203 187 169 150 130 112 96 85 77 75 77 85 96 112 130 149 169 187 203 214 222 225 222 214 203 187 169 150 130 112 
100000 8705 7500 6464 5669 5170 5000 5170 5669 6464 7499 8705 9999 11294 12499 13535 14330 14829 15000 14829 14330 13535 12500 11294 10000 8705 7500 6464 5669 5170 5000 5170 5669 6464 7499 8705 9999 11294 12499 13535 14330 14829 15000 14829 14330 13535 12500 11294 10000 8705 7500 
1129 1249 1353 1433 1482 1499 1482 1433 1353 1250 1129 1000 870 750 646 566 517 500 517 566 646 749 870 999 1129 1249 
1390 1398 1414 1435 1432 1501 1389 1257 1137 987 897 733 619 545 491 508 492 575 623 757 885 960 1134 1242 
1327 1486 1508 1454 1444 1438 1407 1191 1149 952 848 782 676 584 504 524 499 543 658 722 856 1020 1117 1249 
1384 1453 1536 1491 1554 1365 1412 1256 1156 989 837 736 665 541 491 476 536 570 626 754 878 1032 1102 1256 
1333 1378 1455 1524 1547 1413 1326 1232 1128 1047 908 716 648 581 513 520 533 591 652 725 900 956 1163 1240 
1337 1451 1448 1496 1440 1393 1419 1234 1124 974 837 734 630 576 534 509 529 547 651 752 885 1042 1160 1309 
