10 3 20
8 100
850 96 85 77 75 77 85 96 112 130 149 
850 129 113 103 100 103 113 129 149 174 199 
100000 6464 5669 5170 5000 5170 5669 6464 7499 8705 9999 
1353 1433 1482 1499 1482 1433 1353 1250 
1179 1010 
1113 1006 
1078 997 
1126 990 
1088 1036 
1156 1037 
1073 1049 
1110 1011 
1165 1018 
1111 969 
1173 986 
1147 1026 
1138 1044 
1108 1009 
1152 1023 
1129 971 
1162 970 
1097 1042 
1139 1023 
1168 988 
1077 963 
1134 1044 
1102 961 
1149 1008 
1137 989 
1105 1042 
1111 1028 
1171 982 
1130 1031 
1101 1003 
1138 972 
1074 1035 
1076 951 
1102 970 
1171 973 
1078 972 
1109 983 
1111 1024 
1103 962 
1168 1012 
1134 972 
1140 996 
1158 968 
1137 963 
1132 1040 
1091 1008 
1183 1016 
1076 1036 
1120 999 
1173 951 
1165 1048 
1166 992 
1100 994 
1177 1009 
1165 991 
1116 1030 
1099 992 
1101 1009 
1132 961 
1170 1013 
1084 999 
1185 1021 
1150 1000 
1183 1026 
1096 1019 
1150 980 
1108 956 
1147 983 
1133 954 
1110 965 
1148 999 
1138 956 
1140 1034 
1124 994 
1075 971 
1138 956 
1096 994 
1170 976 
1120 977 
1183 1039 
1082 975 
1125 988 
1097 1017 
1154 963 
1115 978 
1165 994 
1133 1043 
1119 967 
1082 1043 
1144 998 
1139 971 
1103 1004 
1103 973 
1088 1043 
1175 1012 
1173 995 
1097 992 
1103 1039 
1111 958 
1177 1034 
