50 11 20
26 50
170 96 85 77 75 77 85 96 112 130 149 169 187 203 214 222 225 222 214 203 187 169 150 130 112 96 85 77 75 77 85 96 112 130 149 169 187 203 214 222 225 222 214 203 187 169 150 130 112 96 85 
170 129 113 103 100 103 113 129 149 174 199 225 249 270 286 296 300 296 286 270 250 225 200 174 150 129 113 103 100 103 113 129 149 174 199 225 249 270 286 296 300 296 286 270 250 225 200 174 150 129 113 
170 161 141 129 125 129 141 161 187 217 249 282 312 338 358 370 375 370 358 338 312 282 250 217 187 161 141 129 125 129 141 161 187 217 249 282 312 338 358 370 375 370 358 338 312 282 250 217 187 161 141 
170 193 170 155 150 155 170 193 224 261 299 338 374 406 429 444 450 444 429 406 375 338 300 261 225 193 170 155 150 155 170 193 224 261 299 338 374 406 429 444 450 444 429 406 375 338 300 261 225 193 170 
170 226 198 180 175 180 198 226 262 304 349 395 437 473 501 519 525 519 501 473 437 395 350 304 262 226 198 180 175 180 198 226 262 304 349 395 437 473 501 519 525 519 501 473 437 395 350 304 262 226 198 
170 258 226 206 200 206 226 258 299 348 399 451 499 541 573 593 600 593 573 541 500 451 400 348 300 258 226 206 200 206 226 258 299 348 399 451 499 541 573 593 600 593 573 541 500 451 400 348 300 258 226 
170 290 255 232 225 232 255 290 337 391 449 508 562 609 644 667 675 667 644 609 562 508 450 391 337 290 255 232 225 232 255 290 337 391 449 508 562 609 644 667 675 667 644 609 562 508 450 391 337 290 255 
170 323 283 258 250 258 283 323 374 435 499 564 624 676 716 741 750 741 716 676 625 564 500 435 375 323 283 258 250 258 283 323 374 435 499 564 624 676 716 741 750 741 716 676 625 564 500 435 375 323 283 
170 355 311 284 275 284 311 355 412 478 549 621 687 744 788 815 825 815 788 744 687 621 550 478 412 355 311 284 275 284 311 355 412 478 549 621 687 744 788 815 825 815 788 744 687 621 550 478 412 355 311 
170 387 340 310 300 310 340 387 449 522 599 677 749 812 859 889 900 889 859 812 750 677 600 522 450 387 340 310 300 310 340 387 449 522 599 677 749 812 859 889 900 889 859 812 750 677 600 522 450 387 340 
100000 6464 5669 5170 5000 5170 5669 6464 7499 8705 9999 11294 12499 13535 14330 14829 15000 14829 14330 13535 12500 11294 10000 8705 7500 6464 5669 5170 5000 5170 5669 6464 7499 8705 9999 11294 12499 13535 14330 14829 15000 14829 14330 13535 12500 11294 10000 8705 7500 6464 5669 
1353 1433 1482 1499 1482 1433 1353 1250 1129 1000 870 750 646 566 517 500 517 566 646 749 870 999 1129 1249 1353 1433 
1760 1789 1510 1229 1427 1159 1007 1132 1000 646 716 673 499 587 485 675 683 637 808 836 1077 1060 1227 1516 
1745 1558 1754 1435 1451 1045 1079 942 701 724 632 474 445 562 474 677 625 704 736 1160 1143 1239 1214 1276 
1561 1376 1376 1601 1338 1192 1160 973 881 845 712 561 512 433 608 642 710 629 924 1163 1208 1219 1353 1207 
1720 1343 1706 1181 1358 1385 1293 951 937 881 735 474 467 413 418 574 751 767 824 1142 1121 1163 1137 1681 
1330 1537 1391 1615 1233 1367 1348 1010 720 693 607 527 512 436 587 518 519 675 714 903 1213 1066 1355 1184 
1439 1488 1526 1182 1183 1430 1234 1127 972 802 689 486 568 415 487 491 749 718 971 1065 1030 1467 1231 1373 
1767 1664 1228 1525 1295 1188 1062 1104 932 774 547 591 577 581 449 505 751 793 947 921 1171 1349 1459 1464 
1533 1597 1441 1224 1343 1043 1235 1101 777 718 775 626 568 490 491 664 636 663 945 843 1003 1225 1205 1436 
1376 1219 1540 1603 1107 1329 1149 1119 882 790 637 657 488 508 467 679 674 701 1009 844 1284 1420 1551 1424 
1659 1232 1213 1297 1144 1158 977 1032 1038 820 605 505 423 574 603 590 615 651 719 882 1319 1023 1275 1347 
1282 1305 1663 1353 1342 1440 1156 1171 1019 643 714 650 585 434 563 676 532 899 1035 917 1021 1049 1245 1303 
1760 1485 1404 1372 1559 1097 1354 1057 756 847 703 510 451 550 554 535 595 859 865 1125 1109 1268 1148 1624 
1746 1447 1471 1594 1123 1465 1193 1080 824 629 639 658 553 484 543 519 553 763 911 1048 991 1235 1576 1415 
1546 1755 1661 1194 1504 1380 916 1138 778 871 728 583 535 563 489 538 739 879 853 907 1116 1003 1172 1322 
1648 1763 1445 1372 1342 1453 1089 1016 951 719 586 625 480 409 537 528 714 824 1012 1059 1187 1020 1277 1362 
1753 1324 1394 1209 1155 1035 1348 918 703 886 539 589 561 553 579 556 721 806 840 803 1046 1221 1323 1252 
1525 1541 1569 1188 1476 1367 1347 952 827 753 563 486 467 516 607 556 522 864 850 939 1041 1300 1177 1535 
1256 1529 1620 1202 1471 1417 1197 1163 1017 697 748 456 443 574 426 602 532 829 1014 876 979 1174 1271 1477 
1275 1413 1396 1636 1278 1404 945 914 788 622 694 541 454 590 573 587 592 697 865 1090 1292 1136 1564 1186 
1289 1340 1486 1232 1561 1014 1354 820 696 705 681 549 563 525 534 664 517 811 942 931 972 1189 1531 1669 
1415 1328 1313 1469 1391 1298 1008 830 728 759 742 458 447 423 444 647 615 659 720 980 1330 1072 1165 1645 
1373 1331 1304 1414 1453 1263 1045 861 738 897 737 673 555 470 480 617 625 783 1007 1161 1116 1476 1365 1468 
1375 1533 1428 1394 1247 1142 1246 1180 841 825 654 555 543 532 452 495 681 898 743 992 1060 1441 1553 1524 
1758 1662 1440 1707 1623 1363 1044 937 717 730 614 668 577 564 588 592 706 829 709 800 1142 1446 1556 1414 
1355 1740 1644 1568 1299 1193 918 847 964 796 594 573 548 492 451 670 536 656 926 1073 956 1182 1251 1658 
1721 1246 1205 1694 1436 1084 1027 825 920 821 629 556 500 580 508 666 539 674 800 1171 928 1019 1228 1583 
1209 1509 1733 1380 1468 1189 1144 966 974 853 720 506 617 456 569 595 648 863 962 985 1216 1151 1219 1454 
1418 1728 1296 1518 1383 1083 978 1081 997 736 720 677 564 432 487 546 645 772 887 1139 1007 1439 1163 1373 
1711 1216 1410 1530 1207 1159 1351 1175 826 668 695 510 457 482 609 527 689 717 994 955 917 1433 1129 1540 
1365 1263 1501 1668 1522 1217 1246 886 700 673 737 473 570 503 562 625 761 691 872 955 1271 1086 1160 1584 
1655 1233 1594 1523 1195 1238 1132 1063 952 788 753 595 593 455 488 571 603 880 953 1124 1230 1154 1601 1257 
1327 1482 1368 1613 1546 1350 1250 1100 972 754 729 669 530 565 592 527 655 803 993 914 1022 1287 1186 1337 
1496 1700 1516 1170 1239 1475 1211 822 903 730 704 537 529 417 474 592 634 657 959 1001 959 1298 1560 1313 
1575 1278 1461 1308 1393 1171 1337 911 858 610 721 468 484 508 485 619 669 672 823 1197 1293 1131 1443 1294 
1641 1703 1758 1521 1424 1153 1237 1096 793 661 733 476 433 487 589 582 586 890 1008 905 1120 1012 1556 1269 
1186 1373 1659 1556 1312 1007 1037 882 1027 768 746 642 526 464 433 558 722 740 706 928 1287 1281 1356 1153 
1337 1444 1364 1213 1097 1092 1198 833 988 692 663 603 541 591 427 580 630 842 1021 1025 925 1424 1122 1624 
1673 1695 1226 1496 1390 1129 922 805 1034 741 619 496 418 531 525 569 600 713 760 819 1145 1282 1260 1156 
1711 1422 1472 1409 1103 1471 1022 1131 762 759 761 620 559 583 422 581 562 787 886 859 1005 1455 1549 1303 
1720 1756 1262 1255 1621 1072 1309 1149 751 714 743 506 441 499 564 455 763 653 915 1023 1098 1382 1390 1295 
1692 1605 1231 1578 1143 1133 1091 1091 776 815 735 565 522 569 427 456 608 695 847 1076 1208 1128 1624 1456 
1410 1623 1214 1162 1430 1442 963 911 766 830 592 646 595 577 509 643 565 860 958 982 1074 1337 1401 1673 
1645 1202 1445 1565 1467 1401 937 869 1029 719 543 497 608 438 564 544 683 720 856 956 1103 1387 1485 1229 
1706 1694 1326 1531 1367 1234 1215 1064 1028 781 553 531 417 512 500 511 619 864 928 877 1205 1227 1527 1715 
1666 1446 1669 1380 1316 1391 1108 1119 909 716 685 641 548 582 427 659 681 789 961 1044 945 1402 1610 1563 
1556 1276 1527 1297 1549 1137 1054 809 892 893 663 462 455 520 468 575 757 811 807 1082 978 1266 1557 1677 
1654 1760 1480 1558 1159 1323 967 850 968 734 682 619 473 421 550 465 768 788 1004 1001 1277 1385 1255 1541 
1531 1355 1502 1249 1187 1354 1244 1025 903 813 646 666 433 409 577 584 578 750 915 807 1102 1120 1450 1276 
1386 1338 1729 1220 1132 1334 1002 873 887 863 660 503 533 530 579 515 635 751 1009 1053 1179 1405 1232 1609 
1526 1376 1362 1512 1360 1409 1225 917 754 899 716 527 518 504 423 575 520 821 907 1154 1302 1212 1400 1202 
