50 2 20
16 100
1700 130 149 169 187 203 214 222 225 222 214 203 187 169 150 130 112 96 85 77 75 77 85 96 112 130 149 169 187 203 214 222 225 222 214 203 187 169 150 130 112 96 85 77 75 77 85 96 112 130 149 
100000 8705 9999 11294 12499 13535 14330 14829 15000 14829 14330 13535 12500 11294 10000 8705 7500 6464 5669 5170 5000 5170 5669 6464 7499 8705 9999 11294 12499 13535 14330 14829 15000 14829 14330 13535 12500 11294 10000 8705 7500 6464 5669 5170 5000 5170 5669 6464 7499 8705 9999 
1129 1000 870 750 646 566 517 500 517 566 646 749 870 999 1129 1249 
1131 1527 1468 1516 1277 1564 1491 1293 1077 1013 933 693 551 499 589 505 535 610 603 796 724 1091 1035 1381 1241 1190 1475 1711 1663 1589 1617 1342 1335 964 
1460 1164 1482 1226 1771 1519 1091 1421 961 1152 884 619 710 487 494 490 416 514 689 791 974 1138 1062 1324 1350 1543 1513 1288 1636 1430 1497 1209 1281 1070 
1476 1593 1630 1645 1613 1415 1091 1483 1307 1034 752 833 649 508 556 530 538 551 726 870 704 1120 1144 1075 1257 1620 1464 1748 1468 1481 1598 1020 1293 1045 
1497 1393 1503 1230 1290 1618 1182 1278 1112 817 981 656 703 568 535 555 434 535 714 870 777 834 1029 1044 1105 1675 1705 1364 1599 1672 1231 1093 1292 803 
1267 1545 1204 1754 1626 1566 1148 1143 918 1157 714 816 689 520 524 473 595 634 727 775 1016 870 1125 1113 1410 1331 1372 1390 1586 1210 1593 1240 1292 1193 
1408 1697 1327 1708 1602 1473 1468 1212 1006 970 772 775 538 634 519 560 432 669 539 691 1020 899 970 1016 1432 1416 1257 1781 1200 1477 1443 1478 1130 1137 
1456 1489 1695 1607 1341 1330 1292 1478 1342 884 970 670 686 609 512 539 615 602 660 639 985 871 959 1415 1088 1323 1307 1646 1285 1221 1591 1352 1112 1060 
1267 1210 1737 1553 1338 1647 1623 1352 1265 1194 744 812 769 583 438 475 551 619 728 600 967 825 944 1324 1448 1229 1553 1493 1608 1656 1221 1319 1352 835 
1519 1550 1281 1774 1610 1475 1281 1035 1194 1031 760 757 617 589 549 526 440 500 575 617 852 990 1233 1331 1147 1423 1313 1781 1257 1244 1489 1274 1277 1044 
1092 1262 1709 1372 1672 1281 1456 1244 1035 1094 699 719 518 483 541 595 555 662 649 674 958 1160 1181 1017 1319 1561 1452 1690 1570 1231 1500 1360 1057 1130 
1409 1309 1535 1765 1567 1198 1128 1299 1148 1135 798 671 772 671 612 595 426 541 572 654 1006 1012 1336 1081 1612 1215 1665 1358 1342 1671 1209 1129 1049 1190 
1189 1357 1608 1506 1745 1565 1569 1472 989 1078 967 680 635 627 457 457 555 576 666 850 1029 1003 1258 1295 1325 1712 1641 1528 1420 1237 1534 1368 1022 966 
1595 1340 1682 1777 1380 1554 1333 1476 1077 996 755 616 628 523 585 548 444 514 568 660 799 1083 1301 1067 1404 1394 1256 1437 1346 1672 1350 1351 1014 1055 
1262 1343 1438 1261 1762 1252 1101 1337 1213 1129 876 835 624 513 604 525 424 658 589 875 875 894 1309 1430 1239 1180 1251 1697 1601 1469 1272 1468 1170 859 
1154 1175 1581 1368 1664 1346 1187 1135 1186 806 793 688 533 493 510 498 587 598 735 763 932 1035 1078 1229 1177 1580 1645 1233 1685 1280 1280 1431 1232 982 
1405 1635 1552 1500 1462 1615 1219 1134 1071 1100 896 795 517 470 505 451 510 459 717 852 866 849 1188 1478 1466 1692 1273 1799 1188 1259 1539 1094 1309 892 
1208 1484 1705 1260 1322 1594 1480 1136 1042 901 972 886 743 482 428 474 594 524 584 840 1040 1058 1171 1373 1375 1242 1451 1245 1451 1197 1522 1229 1020 1018 
1291 1705 1626 1654 1481 1264 1598 1325 1166 1071 797 771 630 677 517 433 612 556 542 604 906 1060 964 1071 1206 1515 1691 1776 1578 1321 1162 1383 1155 1006 
1253 1360 1712 1574 1214 1711 1462 1497 977 1152 849 899 526 460 507 453 447 504 520 778 1005 1120 1120 1133 1471 1481 1701 1353 1300 1212 1375 1009 1271 1109 
1203 1328 1763 1718 1231 1651 1263 1158 923 900 936 603 563 600 561 480 453 504 673 744 1017 1010 923 1350 1596 1441 1501 1758 1234 1716 1330 1032 1318 1117 
1599 1355 1320 1516 1760 1208 1253 1153 1140 1069 759 664 684 599 537 582 606 453 741 667 759 810 1134 1000 1163 1153 1494 1304 1659 1338 1345 1139 930 813 
1225 1344 1535 1470 1428 1403 1322 1028 949 1123 760 604 720 623 487 526 462 540 727 673 786 944 1296 1317 1509 1437 1622 1577 1494 1560 1190 1440 1307 1185 
1111 1441 1526 1606 1301 1528 1171 1243 1308 1019 836 758 571 483 521 447 615 453 773 885 822 1015 1090 1081 1360 1700 1613 1671 1263 1372 1310 1116 1160 974 
1166 1554 1405 1486 1303 1450 1462 1124 991 1113 932 813 729 509 422 584 536 646 553 879 877 1012 1229 1166 1555 1636 1453 1515 1623 1270 1452 1157 1169 1195 
1302 1683 1551 1461 1695 1196 1620 1376 1254 823 987 626 707 587 424 571 530 565 728 664 797 1075 1292 1014 1410 1543 1381 1322 1356 1276 1302 1334 1164 1181 
1317 1671 1762 1200 1618 1376 1284 1165 1283 1063 739 770 632 564 585 475 541 462 645 885 927 853 1300 1392 1234 1546 1553 1328 1324 1504 1089 1456 1018 1163 
1616 1663 1438 1444 1288 1231 1472 1035 1178 952 1026 894 772 496 583 410 611 458 606 811 837 865 1024 1210 1222 1310 1652 1471 1586 1526 1233 1283 990 1066 
1191 1244 1618 1564 1745 1522 1593 1260 1274 914 1017 605 756 569 544 551 429 454 557 796 890 927 960 1211 1558 1412 1409 1513 1362 1294 1206 1071 1022 1123 
1320 1298 1529 1780 1320 1405 1311 1038 1068 967 703 868 732 677 436 400 609 578 520 764 868 1028 1092 1346 1498 1307 1599 1546 1227 1229 1580 1080 1149 861 
1236 1589 1716 1565 1310 1572 1566 1205 1257 1164 768 755 724 545 506 524 433 565 767 794 836 1155 1061 1097 1331 1337 1209 1473 1522 1592 1151 1387 1045 826 
1477 1371 1617 1439 1736 1426 1353 1238 1242 844 902 785 557 474 589 549 519 576 755 756 858 1195 974 1276 1516 1621 1598 1762 1253 1198 1362 1024 1292 868 
1414 1644 1619 1565 1207 1561 1514 1253 912 1113 845 802 755 482 498 420 449 630 593 856 1030 992 1069 1492 1566 1508 1350 1524 1383 1234 1492 1141 1176 1081 
1304 1261 1693 1208 1205 1381 1472 1373 1107 1013 888 803 599 488 501 513 594 557 678 776 727 1046 1283 1285 1207 1162 1658 1212 1324 1167 1369 1083 1316 865 
1093 1674 1470 1498 1434 1193 1225 1153 1161 1057 771 747 533 570 427 586 519 579 689 714 803 874 1100 1464 1373 1442 1451 1625 1368 1287 1105 1430 984 894 
1357 1380 1740 1247 1629 1207 1300 1251 1099 1149 887 889 671 652 531 457 441 658 559 788 763 833 1254 1362 1569 1457 1753 1586 1440 1219 1396 1487 1277 1102 
1181 1573 1558 1505 1225 1688 1432 1013 1106 1192 704 706 604 658 596 557 489 626 684 841 812 1177 1101 1376 1398 1596 1516 1360 1222 1356 1353 1062 980 1123 
1336 1466 1291 1731 1702 1520 1308 1171 1242 1164 1028 823 682 587 615 435 577 651 675 809 783 1009 1080 1403 1491 1177 1220 1717 1732 1181 1623 1357 1213 1107 
1592 1404 1463 1449 1306 1464 1095 1275 970 949 862 855 552 494 508 507 542 617 741 600 932 1029 988 1363 1405 1220 1682 1249 1697 1507 1371 1062 975 1195 
1159 1692 1572 1699 1741 1574 1216 1282 1267 827 727 837 601 569 612 595 449 523 732 798 1000 1198 1036 1028 1263 1535 1216 1461 1252 1190 1204 1033 1328 1146 
1460 1213 1436 1467 1283 1327 1294 1358 980 1101 1014 895 727 598 492 507 484 537 689 611 826 1100 1284 1151 1595 1567 1401 1528 1260 1416 1222 1366 1072 825 
1224 1180 1432 1706 1383 1282 1522 1266 1168 1044 1034 630 531 621 574 542 469 568 681 760 745 952 914 1424 1122 1677 1450 1325 1679 1198 1518 1024 937 987 
1137 1480 1233 1221 1503 1321 1383 1258 1268 1192 733 883 729 549 460 501 513 669 606 692 995 1127 1299 1034 1275 1432 1624 1471 1310 1242 1263 1012 1321 873 
1310 1427 1753 1783 1703 1313 1244 1053 1259 857 776 889 757 597 603 553 604 553 545 719 780 921 1188 1393 1301 1316 1719 1339 1391 1459 1178 1260 1126 1180 
1508 1232 1441 1798 1191 1452 1457 1152 1294 999 906 881 652 671 552 423 523 469 644 727 915 1093 1171 1034 1234 1590 1342 1393 1627 1537 1501 1364 1279 871 
1610 1241 1245 1518 1635 1352 1450 1462 1050 1175 864 819 711 596 617 406 576 612 597 664 842 876 1288 1023 1129 1208 1249 1788 1235 1208 1618 1054 941 1117 
1257 1482 1346 1323 1614 1633 1093 1313 1164 1000 922 676 622 496 441 572 460 529 604 613 769 807 1199 1065 1265 1686 1536 1406 1334 1558 1185 1174 916 963 
1545 1557 1262 1560 1452 1413 1178 1451 995 888 989 655 614 478 520 480 443 676 527 712 925 832 951 1156 1517 1523 1601 1499 1519 1586 1166 1462 1121 1092 
1157 1276 1315 1430 1331 1602 1406 1369 1091 946 771 633 756 672 616 466 438 572 677 637 931 823 1162 1118 1364 1526 1372 1473 1326 1306 1335 1026 937 998 
1503 1590 1387 1352 1397 1709 1278 1403 987 806 967 830 604 541 482 519 602 656 749 709 731 896 1347 1069 1302 1311 1426 1702 1462 1410 1279 1446 1094 1002 
1414 1474 1393 1256 1776 1315 1442 1211 905 1114 712 720 682 551 570 497 459 597 755 840 854 1031 1192 1301 1289 1249 1472 1620 1492 1500 1242 1456 1269 904 
1508 1253 1620 1403 1707 1383 1149 1107 1026 1042 732 777 572 560 556 497 605 455 619 703 927 886 1121 1054 1549 1423 1271 1558 1407 1605 1231 1026 1006 936 
1125 1241 1717 1518 1332 1412 1373 1099 1302 945 760 866 761 627 484 586 488 574 766 721 911 1058 1035 1246 1597 1417 1473 1462 1740 1660 1391 1302 1191 1089 
1422 1600 1233 1296 1602 1347 1205 1371 1091 897 768 759 707 591 620 588 595 662 591 608 977 952 1233 1300 1244 1471 1376 1777 1221 1719 1138 1338 1278 1071 
1584 1236 1763 1315 1470 1406 1354 1255 1042 823 706 609 530 475 534 595 536 616 719 829 827 825 1051 1199 1382 1511 1353 1506 1343 1379 1138 1070 1210 1006 
1567 1622 1231 1758 1706 1225 1441 1422 1119 871 820 671 542 513 460 476 607 507 741 797 1020 1043 1059 1263 1175 1200 1189 1210 1712 1491 1530 1264 1068 934 
1379 1337 1672 1220 1354 1494 1454 1495 1282 934 796 880 639 663 484 470 473 657 596 704 698 982 1355 1336 1244 1335 1466 1770 1452 1544 1416 1376 1139 1013 
1328 1479 1645 1366 1544 1361 1366 1031 1293 1046 768 738 619 597 580 404 517 505 630 741 831 857 1002 1441 1618 1459 1319 1644 1321 1198 1469 1065 1240 1052 
1263 1153 1493 1325 1500 1616 1285 1197 1310 926 995 775 695 676 497 468 442 641 594 709 1018 1174 1088 1106 1310 1494 1261 1397 1743 1396 1355 1251 1245 872 
1117 1340 1225 1635 1317 1625 1421 1022 1275 1064 799 736 710 506 453 403 421 492 692 740 888 899 1310 1227 1394 1385 1246 1489 1415 1710 1314 1186 1003 1032 
1319 1500 1565 1781 1209 1387 1475 1149 938 1129 732 878 591 619 466 471 585 492 538 725 738 1065 989 1133 1191 1156 1712 1398 1381 1376 1250 1359 922 819 
1470 1314 1419 1456 1394 1661 1397 1102 1308 1167 940 867 761 611 583 492 517 669 551 850 1017 1108 1053 1256 1271 1299 1205 1374 1778 1435 1283 1148 1073 1109 
1373 1304 1677 1698 1451 1390 1292 1082 1039 1054 851 876 568 561 446 510 533 630 535 833 933 863 1335 1494 1465 1312 1360 1596 1193 1347 1296 1425 1314 956 
1420 1393 1429 1219 1591 1199 1381 1159 1101 1096 900 619 581 542 558 508 471 478 653 857 954 864 954 1432 1380 1648 1567 1755 1413 1390 1380 1210 1153 804 
1244 1314 1622 1560 1491 1442 1595 1415 1226 1118 979 632 602 536 524 513 464 507 665 873 907 1078 1113 1405 1102 1404 1660 1725 1235 1276 1503 1421 918 877 
1266 1177 1684 1214 1388 1622 1301 1480 1230 1125 1005 820 559 657 478 528 448 644 552 807 723 836 930 1036 1596 1169 1621 1735 1657 1245 1423 1217 963 915 
1501 1634 1383 1412 1522 1473 1467 1039 1082 934 989 853 589 485 432 403 464 673 717 694 931 1065 1345 1115 1253 1558 1453 1329 1302 1399 1406 1304 973 891 
1613 1708 1311 1410 1387 1693 1336 1040 1168 837 978 751 709 676 428 575 472 464 759 842 1000 892 1012 1113 1589 1234 1741 1413 1221 1596 1309 1305 1211 905 
1320 1575 1200 1770 1370 1203 1493 1159 1196 897 826 823 605 672 553 564 618 637 639 685 874 862 1256 1068 1162 1166 1595 1235 1536 1526 1181 1358 1104 1170 
1092 1177 1614 1643 1223 1234 1430 1286 935 1108 830 603 613 485 430 539 506 479 705 738 998 914 1002 1030 1353 1226 1359 1363 1523 1622 1362 1384 1094 1086 
1136 1472 1511 1321 1616 1393 1500 1006 954 808 739 742 657 500 481 580 429 526 623 806 918 1091 1061 1103 1482 1459 1348 1235 1208 1650 1179 1427 1097 949 
1410 1167 1739 1485 1337 1650 1104 1102 919 905 977 842 639 522 485 426 616 545 769 616 1022 1162 1236 1404 1121 1621 1473 1546 1231 1641 1242 1079 1342 879 
1291 1193 1272 1351 1347 1717 1385 1460 1081 1071 728 732 753 569 512 491 601 629 726 706 936 1042 939 1264 1314 1663 1627 1558 1703 1229 1476 1101 1041 938 
1574 1424 1486 1230 1472 1617 1581 1356 1011 1165 958 684 558 644 455 469 486 484 670 809 962 1010 1142 1307 1437 1367 1735 1666 1361 1446 1083 1039 1288 957 
1103 1282 1744 1386 1245 1452 1520 1389 1096 1001 912 756 702 666 578 461 420 468 757 644 887 876 962 1010 1529 1556 1449 1565 1709 1612 1155 1132 1242 1059 
1305 1549 1622 1486 1507 1470 1136 1220 1263 972 836 732 575 540 455 581 563 611 604 848 811 1107 1139 1420 1236 1650 1450 1679 1631 1639 1151 1297 1227 914 
1475 1489 1198 1363 1495 1483 1609 1235 1041 986 889 708 741 600 546 487 587 553 584 709 894 899 1024 1358 1237 1151 1507 1440 1328 1490 1095 1154 931 1068 
1448 1357 1211 1589 1647 1438 1389 1171 1149 1080 837 876 653 592 432 531 572 455 545 677 765 991 944 1063 1188 1479 1634 1449 1684 1716 1531 1093 1253 1115 
1408 1463 1293 1431 1436 1214 1519 1163 1255 1033 888 726 576 643 527 473 596 545 572 745 919 1025 1011 1283 1591 1149 1198 1520 1309 1352 1319 1469 1235 977 
1350 1666 1303 1535 1653 1513 1379 1354 1015 816 864 614 553 587 459 488 579 460 726 732 712 1194 1193 1276 1495 1194 1465 1271 1552 1543 1392 1342 1074 1140 
1254 1232 1652 1502 1697 1485 1343 1308 977 832 1018 682 529 532 577 474 531 591 732 882 806 984 1176 1387 1616 1212 1256 1436 1680 1640 1533 1481 1035 838 
1591 1292 1464 1646 1462 1294 1455 1222 958 1002 1004 692 610 621 615 525 550 453 517 705 846 1080 999 1357 1401 1634 1681 1663 1307 1692 1481 1158 1006 1078 
1465 1661 1635 1228 1523 1355 1516 1412 1284 1094 704 701 567 629 502 440 483 469 639 878 942 801 1137 1173 1347 1398 1294 1503 1393 1408 1342 1048 1133 801 
1221 1165 1424 1672 1704 1287 1424 1131 1191 929 858 617 748 465 528 533 475 564 547 836 779 1051 1037 1050 1515 1302 1737 1725 1402 1262 1302 1114 995 893 
1561 1363 1244 1353 1510 1568 1306 1418 965 877 919 758 639 550 585 478 451 588 757 874 820 885 1098 1436 1280 1519 1420 1332 1491 1697 1187 1319 1266 1008 
1121 1606 1475 1333 1718 1710 1433 1309 950 828 874 854 600 589 566 532 539 655 610 737 975 1158 1194 1290 1584 1622 1512 1684 1275 1261 1106 1158 1011 923 
1590 1150 1767 1700 1497 1429 1389 1297 1212 1055 828 617 703 670 443 542 536 617 768 869 988 872 976 1089 1528 1485 1396 1707 1531 1483 1561 1331 1347 1038 
1570 1393 1420 1615 1275 1423 1405 1369 1330 1069 746 645 580 453 606 425 485 545 549 806 747 1152 1008 1178 1310 1413 1474 1724 1269 1274 1243 1356 1010 1114 
1612 1609 1673 1549 1448 1318 1254 1163 962 1061 858 855 736 454 555 582 572 465 715 606 793 947 1045 1462 1581 1394 1768 1690 1274 1318 1577 1437 941 862 
1293 1270 1197 1615 1259 1640 1564 1288 991 1130 840 871 538 654 440 590 570 488 528 631 815 820 968 1121 1204 1571 1424 1509 1302 1519 1418 1383 1133 867 
1468 1438 1391 1256 1617 1581 1450 1476 1031 1038 1034 826 686 629 557 460 459 514 556 794 872 1199 1144 1379 1360 1571 1600 1215 1533 1371 1449 1348 1129 1024 
1248 1610 1209 1653 1779 1565 1467 1034 964 1168 1007 790 774 670 430 554 566 562 634 635 839 840 1144 1288 1284 1655 1229 1501 1327 1449 1602 1435 1205 1102 
1255 1628 1236 1277 1510 1450 1465 1376 1124 942 1017 623 644 626 505 457 521 619 570 742 733 1134 1138 1045 1229 1308 1407 1713 1338 1541 1323 1330 971 802 
1464 1479 1321 1445 1276 1486 1177 1243 1168 836 1019 777 760 629 486 538 438 463 638 767 968 982 1111 1321 1144 1342 1277 1488 1770 1267 1199 1483 1118 1197 
1512 1347 1356 1648 1646 1314 1589 1447 1101 1132 787 784 687 582 450 491 507 679 553 833 702 883 1054 1059 1085 1679 1772 1239 1356 1231 1546 1370 1296 886 
1228 1427 1314 1658 1641 1637 1450 1138 1252 981 790 796 586 638 514 524 606 638 622 696 956 1114 1246 1470 1351 1635 1322 1622 1275 1527 1450 1044 1174 827 
1358 1489 1611 1685 1717 1686 1183 1450 947 1183 735 808 670 483 584 459 453 464 754 724 1030 1053 1306 1084 1085 1432 1482 1246 1209 1302 1150 1346 1249 889 
1227 1179 1736 1235 1518 1455 1163 1102 1029 857 826 729 734 663 420 433 464 576 709 704 1011 1031 1206 1060 1569 1580 1398 1370 1205 1461 1185 1388 1240 949 
1195 1189 1359 1750 1498 1628 1179 1339 923 1061 814 708 692 494 615 433 587 600 673 785 825 1150 984 1476 1429 1642 1694 1672 1231 1215 1256 1499 1248 1064 
1151 1463 1436 1219 1228 1306 1299 1072 913 897 1033 693 571 630 532 460 498 631 607 836 702 953 1122 1487 1340 1447 1669 1700 1190 1514 1200 1352 973 1173 
1152 1526 1216 1439 1684 1419 1592 1087 1282 997 1001 693 740 526 429 511 607 589 759 670 724 1114 951 1427 1564 1268 1578 1488 1650 1323 1517 1258 914 933 
