10 2 20
4 100
1700 75 77 85 96 112 130 149 169 187 203 
100000 5000 5170 5669 6464 7499 8705 9999 11294 12499 13535 
1499 1482 1433 1353 
1264 1096 954 875 770 673 
1250 1080 1031 854 712 665 
1204 1145 1044 887 759 625 
1213 1134 999 878 747 657 
1310 1138 1024 855 717 665 
1295 1078 991 896 720 663 
1269 1184 1013 839 752 630 
1203 1170 1019 850 717 632 
1290 1092 972 846 774 655 
1276 1117 1032 911 719 616 
1273 1108 968 869 764 650 
1273 1078 973 832 747 616 
1202 1147 1016 853 735 634 
1235 1090 1016 889 721 669 
1270 1087 1016 892 745 676 
1284 1102 982 842 729 646 
1204 1097 1000 833 737 641 
1302 1150 997 876 728 618 
1296 1158 1008 907 715 675 
1203 1120 1025 878 754 666 
1238 1141 993 895 736 623 
1248 1109 1028 861 739 626 
1266 1161 1002 850 775 614 
1247 1163 964 836 786 644 
1202 1076 1009 884 764 677 
1215 1166 1014 905 774 623 
1292 1121 955 862 712 660 
1203 1126 1013 859 743 625 
1289 1182 974 906 767 633 
1245 1166 997 832 785 614 
1302 1158 957 855 742 667 
1281 1139 1041 889 759 641 
1253 1160 1029 889 765 670 
1223 1073 981 861 742 645 
1197 1160 1001 853 787 620 
1283 1140 1020 898 721 614 
1222 1106 967 832 743 624 
1249 1105 991 838 746 643 
1192 1120 996 878 759 627 
1300 1111 996 862 729 639 
1301 1095 1012 856 724 650 
1307 1164 973 848 720 630 
1192 1115 1003 835 718 633 
1219 1175 1018 882 775 676 
1233 1109 1034 828 714 650 
1221 1165 1031 859 732 666 
1222 1167 1029 904 754 649 
1269 1135 984 868 728 626 
1219 1160 997 830 752 652 
1300 1117 999 877 740 665 
1279 1079 1041 873 758 652 
1247 1109 1035 909 744 653 
1297 1077 954 835 766 614 
1262 1087 955 830 748 646 
1226 1171 1026 859 736 667 
1282 1143 990 844 714 658 
1260 1164 968 906 753 659 
1218 1137 967 874 755 659 
1238 1073 985 884 780 646 
1276 1153 1009 867 718 651 
1248 1168 984 846 765 662 
1193 1147 983 908 741 635 
1292 1110 971 877 770 668 
1266 1180 1000 911 767 665 
1263 1138 1021 893 773 671 
1207 1179 1049 863 755 677 
1204 1177 955 832 773 670 
1209 1076 959 877 781 656 
1230 1149 1022 834 781 670 
1259 1154 976 882 723 646 
1214 1081 1034 880 725 631 
1310 1079 955 866 762 659 
1229 1123 1023 847 749 655 
1252 1078 1038 895 745 622 
1242 1087 983 904 740 614 
1277 1123 1041 868 758 673 
1277 1087 972 852 760 645 
1203 1141 1003 871 738 666 
1193 1091 1028 847 768 669 
1242 1158 1017 884 714 673 
1277 1074 977 904 777 677 
1253 1124 1015 882 712 630 
1304 1149 978 830 742 668 
1236 1120 1014 853 717 671 
1267 1134 1001 865 718 668 
1225 1151 998 906 767 665 
1294 1181 973 828 737 644 
1206 1100 1033 837 753 645 
1218 1094 983 860 713 655 
1227 1175 1010 868 751 633 
1306 1130 987 851 724 676 
1201 1174 1003 847 785 653 
1247 1097 1007 849 715 640 
1305 1142 1026 853 767 664 
1272 1100 957 864 713 630 
1240 1096 994 912 716 678 
1260 1115 1001 878 740 622 
1262 1124 964 867 733 615 
1204 1137 957 857 784 670 
1218 1115 957 884 748 665 
