5 11 20
3 100
170 77 85 96 112 130 
170 103 113 129 149 174 
170 129 141 161 187 217 
170 155 170 193 224 261 
170 180 198 226 262 304 
170 206 226 258 299 348 
170 232 255 290 337 391 
170 258 283 323 374 435 
170 284 311 355 412 478 
170 310 340 387 449 522 
100000 5170 5669 6464 7499 8705 
1482 1433 1353 
1450 1118 
1018 1210 
1365 1025 
1076 1245 
1220 1210 
1135 1141 
1159 1263 
1359 1194 
1486 1167 
1361 1177 
1459 914 
1162 1286 
1319 1237 
1432 990 
1330 1226 
1114 1337 
1271 980 
1296 1195 
1141 992 
1433 1094 
1060 1026 
1287 1085 
1087 989 
1188 1327 
1448 1163 
1479 1277 
1414 1129 
1252 1252 
1297 1071 
1234 1325 
1318 1174 
1437 1315 
1316 1009 
1429 906 
1040 937 
1327 954 
1003 1087 
1385 934 
1144 1330 
1283 1274 
1261 927 
1465 1013 
1481 1296 
1151 1334 
1213 1087 
1374 1346 
1350 1003 
1148 1168 
1196 1253 
1141 979 
1334 916 
1439 1119 
1452 1095 
1289 951 
1330 1266 
1399 1126 
1496 1064 
1189 1068 
1268 1013 
1066 1312 
1180 1320 
1112 1138 
1015 1268 
1278 1152 
1439 1063 
1453 1241 
1464 973 
1002 1302 
1228 966 
1157 1045 
1318 1119 
1343 1301 
1142 1032 
1324 1322 
1052 1221 
1252 1287 
1232 1113 
1005 1340 
1070 1154 
1406 941 
1498 910 
1183 1170 
1046 1138 
1292 1091 
1076 1277 
1444 1227 
1454 1199 
1466 1185 
1113 955 
1335 1299 
1283 1037 
1008 1235 
1326 925 
1406 1331 
1446 1189 
1155 988 
1247 1021 
1447 1243 
1364 974 
1132 1301 
