5 11 20
4 50
170 130 112 96 85 77 
170 174 150 129 113 103 
170 217 187 161 141 129 
170 261 225 193 170 155 
170 304 262 226 198 180 
170 348 300 258 226 206 
170 391 337 290 255 232 
170 435 375 323 283 258 
170 478 412 355 311 284 
170 522 450 387 340 310 
100000 8705 7500 6464 5669 5170 
1129 1249 1353 1433 
1087 
1496 
1823 
1100 
1072 
2222 
2363 
1936 
2048 
767 
2118 
1039 
860 
1361 
1442 
1802 
1543 
1773 
1434 
814 
1325 
2157 
2079 
1216 
1958 
1986 
2335 
651 
1163 
1470 
1000 
1793 
1728 
1619 
1623 
1824 
1944 
1568 
746 
1709 
1363 
1554 
1872 
2306 
1567 
1265 
634 
1484 
2134 
1947 
