20 11 20
7 10
170 85 96 112 130 149 169 187 203 214 222 225 222 214 203 187 169 150 130 112 96 
170 113 129 149 174 199 225 249 270 286 296 300 296 286 270 250 225 200 174 150 129 
170 141 161 187 217 249 282 312 338 358 370 375 370 358 338 312 282 250 217 187 161 
170 170 193 224 261 299 338 374 406 429 444 450 444 429 406 375 338 300 261 225 193 
170 198 226 262 304 349 395 437 473 501 519 525 519 501 473 437 395 350 304 262 226 
170 226 258 299 348 399 451 499 541 573 593 600 593 573 541 500 451 400 348 300 258 
170 255 290 337 391 449 508 562 609 644 667 675 667 644 609 562 508 450 391 337 290 
170 283 323 374 435 499 564 624 676 716 741 750 741 716 676 625 564 500 435 375 323 
170 311 355 412 478 549 621 687 744 788 815 825 815 788 744 687 621 550 478 412 355 
170 340 387 449 522 599 677 749 812 859 889 900 889 859 812 750 677 600 522 450 387 
100000 5669 6464 7499 8705 9999 11294 12499 13535 14330 14829 15000 14829 14330 13535 12500 11294 10000 8705 7500 6464 
1433 1353 1250 1129 1000 870 750 
676 564 517 505 530 587 661 730 885 968 1164 1224 1382 
641 549 503 495 519 593 652 730 869 981 1079 1308 1402 
658 551 518 485 518 584 626 736 873 971 1122 1264 1291 
673 550 492 505 534 550 637 751 870 1011 1136 1196 1314 
621 593 516 520 519 585 642 715 909 982 1145 1295 1359 
630 591 537 489 524 541 661 743 870 1008 1161 1294 1398 
633 563 534 494 505 543 647 716 854 999 1180 1223 1364 
674 557 536 490 523 580 672 752 906 983 1149 1238 1369 
634 556 506 482 509 566 629 758 840 1004 1148 1281 1363 
621 560 529 478 512 563 660 786 888 1024 1094 1209 1386 
