5 2 20
4 100
1700 75 77 85 96 112 
100000 5000 5170 5669 6464 7499 
1499 1482 1433 1353 
1636 
1251 
1965 
1886 
1953 
1465 
927 
1385 
1729 
1553 
1726 
882 
1797 
1912 
1211 
1461 
789 
1761 
650 
1802 
1956 
1727 
772 
1626 
1143 
1479 
1190 
1002 
693 
601 
582 
1842 
1770 
1163 
799 
657 
1891 
691 
766 
1417 
1176 
992 
1323 
1577 
575 
526 
907 
1107 
1591 
1802 
1703 
1099 
1268 
1467 
1655 
1282 
962 
577 
993 
526 
1643 
1229 
1646 
652 
1273 
1510 
1193 
1143 
1495 
1477 
1746 
1564 
1671 
615 
890 
789 
1024 
969 
1594 
849 
1903 
917 
711 
1487 
1933 
1273 
1968 
742 
1072 
1189 
1093 
1146 
833 
1039 
954 
860 
697 
1763 
1364 
820 
