50 2 20
16 100
1700 77 85 96 112 130 149 169 187 203 214 222 225 222 214 203 187 169 150 130 112 96 85 77 75 77 85 96 112 130 149 169 187 203 214 222 225 222 214 203 187 169 150 130 112 96 85 77 75 77 85 
100000 5170 5669 6464 7499 8705 9999 11294 12499 13535 14330 14829 15000 14829 14330 13535 12500 11294 10000 8705 7500 6464 5669 5170 5000 5170 5669 6464 7499 8705 9999 11294 12499 13535 14330 14829 15000 14829 14330 13535 12500 11294 10000 8705 7500 6464 5669 5170 5000 5170 5669 
1482 1433 1353 1250 1129 1000 870 750 646 566 517 500 517 566 646 749 
842 1021 1156 1257 1372 1443 1456 1528 1473 1362 1315 1215 1141 1030 912 737 654 540 506 505 503 568 618 770 877 981 1117 1243 1337 1488 1432 1491 1478 1457 
910 1021 1091 1256 1287 1446 1410 1533 1540 1422 1329 1283 1146 956 910 736 630 566 538 481 531 539 614 776 862 976 1119 1239 1366 1429 1424 1484 1483 1381 
843 958 1185 1289 1293 1470 1463 1555 1455 1481 1300 1195 1137 992 890 776 666 591 502 480 526 555 669 733 846 991 1086 1280 1353 1419 1484 1446 1495 1398 
892 1016 1115 1245 1339 1374 1520 1469 1451 1400 1343 1215 1166 973 839 721 649 558 513 516 538 582 664 770 900 1017 1089 1307 1419 1427 1533 1481 1423 1423 
902 1037 1135 1197 1337 1451 1479 1512 1493 1409 1348 1264 1147 961 850 713 629 560 521 497 524 570 628 761 882 952 1160 1229 1289 1500 1439 1480 1487 1473 
850 981 1136 1254 1326 1486 1430 1437 1466 1427 1386 1256 1096 984 835 755 660 568 539 481 493 539 657 734 875 994 1164 1285 1364 1461 1474 1526 1528 1464 
846 1045 1155 1309 1337 1436 1441 1529 1462 1404 1359 1253 1091 1027 827 763 640 595 515 480 491 547 669 784 867 1029 1081 1262 1392 1470 1452 1531 1542 1363 
834 1020 1142 1239 1340 1463 1418 1488 1528 1468 1376 1193 1184 953 860 781 677 551 519 513 494 567 667 725 904 974 1167 1308 1377 1383 1516 1439 1410 1479 
849 975 1099 1236 1287 1392 1538 1448 1545 1386 1292 1214 1163 1036 861 758 629 591 510 485 509 556 650 768 910 1045 1160 1237 1343 1472 1485 1439 1530 1394 
901 955 1180 1211 1413 1483 1459 1525 1468 1402 1309 1192 1173 1000 839 731 669 572 496 518 541 551 654 718 845 974 1107 1294 1414 1392 1546 1465 1444 1433 
845 958 1137 1303 1344 1471 1426 1545 1499 1481 1419 1199 1121 1049 863 768 657 576 510 511 509 563 646 786 852 985 1185 1297 1323 1364 1442 1428 1517 1482 
885 992 1163 1237 1301 1471 1530 1560 1490 1440 1333 1207 1164 963 856 768 633 554 534 516 540 559 670 750 887 1023 1147 1292 1350 1410 1415 1521 1480 1413 
838 974 1089 1271 1300 1373 1524 1427 1443 1428 1368 1281 1173 990 887 780 665 583 531 505 498 583 640 742 911 1030 1130 1272 1321 1483 1495 1534 1442 1458 
897 997 1114 1241 1316 1445 1487 1477 1448 1366 1389 1204 1164 1006 832 753 675 560 533 517 535 564 626 765 885 1020 1084 1199 1410 1429 1551 1545 1489 1444 
833 975 1161 1230 1389 1500 1416 1560 1551 1455 1318 1212 1136 956 860 776 624 573 498 498 512 542 625 755 903 969 1158 1254 1328 1425 1504 1557 1457 1366 
886 981 1136 1213 1298 1467 1423 1559 1549 1465 1331 1190 1157 1014 831 724 654 593 531 481 493 589 645 726 888 1030 1112 1205 1317 1468 1526 1501 1483 1437 
882 1014 1112 1236 1335 1363 1440 1426 1482 1479 1369 1293 1181 1035 833 746 651 586 501 513 512 557 662 722 848 964 1106 1312 1386 1450 1434 1567 1529 1448 
882 967 1135 1235 1376 1490 1445 1514 1466 1365 1417 1216 1139 986 841 778 637 579 531 481 500 558 629 745 882 1042 1076 1252 1415 1438 1554 1443 1499 1486 
832 1008 1106 1214 1406 1383 1451 1457 1516 1371 1368 1207 1184 1012 834 772 629 552 525 488 527 579 674 735 838 1010 1125 1211 1306 1495 1522 1538 1535 1423 
864 1024 1167 1196 1341 1490 1481 1477 1543 1393 1366 1212 1164 998 832 760 625 575 494 495 526 558 619 746 884 1031 1120 1253 1346 1438 1484 1568 1515 1393 
876 1011 1149 1194 1300 1402 1501 1564 1501 1421 1394 1278 1090 991 831 730 670 574 502 514 518 589 667 732 911 958 1167 1240 1313 1418 1434 1484 1508 1473 
902 962 1074 1225 1316 1450 1530 1550 1432 1501 1415 1306 1184 1022 892 729 663 582 528 522 523 558 618 749 910 956 1150 1216 1307 1495 1531 1467 1495 1361 
848 954 1132 1263 1421 1465 1532 1441 1487 1478 1286 1286 1122 1029 857 783 644 589 492 517 497 561 659 757 855 963 1113 1250 1395 1438 1453 1434 1474 1414 
885 965 1082 1195 1370 1434 1487 1545 1477 1373 1386 1262 1166 992 846 727 637 570 520 483 530 574 618 713 898 1023 1127 1276 1327 1383 1529 1480 1435 1434 
835 1005 1091 1312 1312 1492 1421 1457 1496 1456 1415 1284 1184 1004 854 726 677 584 528 486 513 594 674 729 897 1016 1158 1260 1310 1411 1541 1559 1430 1450 
909 1038 1116 1237 1411 1470 1554 1531 1451 1367 1336 1292 1173 993 829 723 676 590 522 495 512 568 669 785 882 963 1180 1289 1420 1431 1472 1487 1450 1496 
871 1019 1116 1221 1287 1387 1444 1537 1496 1393 1348 1308 1122 1016 891 765 630 584 509 484 529 593 664 716 838 1002 1074 1241 1318 1473 1460 1485 1498 1429 
845 977 1173 1219 1293 1486 1474 1432 1516 1422 1294 1261 1090 958 892 786 623 578 529 507 535 541 634 743 900 1036 1183 1225 1306 1503 1452 1518 1479 1396 
904 1029 1169 1295 1329 1485 1517 1486 1534 1484 1304 1310 1073 1044 875 754 624 582 512 491 527 576 658 776 838 978 1136 1296 1392 1397 1501 1521 1469 1422 
875 1015 1097 1247 1403 1431 1529 1443 1477 1479 1355 1298 1151 967 866 771 665 569 494 509 497 565 630 768 851 1020 1174 1272 1343 1488 1544 1492 1553 1449 
889 1038 1173 1213 1297 1470 1521 1497 1466 1397 1286 1308 1086 1039 845 771 665 544 493 511 493 561 668 756 829 994 1073 1235 1417 1492 1515 1518 1553 1404 
901 958 1173 1295 1351 1406 1457 1528 1449 1406 1394 1309 1153 1018 901 765 660 575 504 511 523 545 624 737 898 998 1102 1260 1322 1503 1525 1450 1437 1445 
873 975 1181 1203 1370 1371 1504 1509 1437 1455 1313 1224 1164 1007 891 725 662 588 536 493 537 555 657 752 872 1042 1179 1252 1353 1385 1508 1451 1472 1427 
856 972 1092 1248 1366 1366 1424 1466 1470 1379 1398 1309 1076 973 868 769 658 585 513 503 528 584 654 723 906 997 1081 1207 1341 1397 1418 1534 1498 1412 
865 975 1178 1187 1344 1487 1548 1455 1506 1417 1405 1280 1127 1046 909 749 648 568 515 504 516 546 624 756 832 974 1169 1214 1291 1365 1500 1536 1483 1489 
900 1022 1092 1218 1313 1500 1505 1506 1546 1441 1409 1293 1122 1033 874 775 661 545 500 503 520 542 653 768 897 990 1077 1194 1292 1373 1414 1448 1530 1422 
862 1037 1126 1235 1386 1410 1428 1503 1556 1423 1388 1285 1126 985 888 757 666 581 532 503 514 550 640 724 901 971 1122 1255 1327 1362 1516 1468 1454 1500 
902 1033 1126 1305 1396 1425 1418 1499 1463 1464 1401 1205 1175 970 880 772 640 552 538 492 498 581 636 759 839 1024 1090 1265 1388 1429 1432 1495 1459 1390 
911 1021 1143 1201 1358 1436 1490 1504 1533 1433 1313 1196 1176 997 893 765 673 549 534 498 516 546 640 772 829 991 1123 1202 1329 1362 1513 1549 1550 1393 
876 974 1177 1277 1347 1437 1436 1566 1530 1406 1302 1224 1083 952 828 779 658 568 509 490 504 554 677 712 887 980 1102 1308 1366 1436 1518 1467 1556 1444 
901 950 1078 1255 1315 1390 1454 1428 1520 1429 1350 1279 1105 1037 842 721 618 562 523 484 524 551 659 720 873 993 1130 1259 1318 1492 1496 1542 1409 1364 
842 1032 1173 1215 1361 1395 1466 1571 1529 1485 1347 1284 1094 991 906 749 629 543 504 482 494 570 664 727 894 1021 1180 1231 1338 1435 1436 1444 1482 1378 
888 967 1166 1310 1386 1427 1537 1559 1528 1422 1411 1256 1098 972 888 780 655 540 527 507 529 584 651 726 912 954 1158 1236 1325 1419 1486 1521 1527 1425 
887 974 1140 1226 1316 1472 1445 1560 1546 1452 1344 1194 1123 961 843 742 669 560 505 499 538 575 615 764 864 950 1106 1268 1369 1371 1540 1521 1423 1501 
899 1012 1112 1302 1321 1432 1423 1534 1418 1382 1387 1263 1179 1045 839 762 631 549 526 488 509 548 644 780 852 987 1183 1255 1322 1446 1454 1440 1471 1392 
871 973 1178 1275 1375 1488 1521 1481 1518 1473 1353 1265 1128 991 895 759 652 576 535 504 505 574 641 773 883 1018 1169 1229 1414 1435 1475 1522 1533 1370 
909 974 1096 1201 1316 1409 1464 1497 1416 1442 1314 1252 1177 967 841 783 678 556 522 508 542 591 647 756 839 963 1182 1197 1294 1384 1456 1461 1489 1372 
884 988 1104 1230 1350 1364 1467 1448 1547 1477 1407 1307 1164 1016 899 776 649 565 507 494 507 583 627 748 887 1012 1133 1279 1389 1370 1500 1477 1449 1455 
899 992 1150 1212 1410 1502 1502 1443 1410 1478 1391 1292 1078 951 875 750 671 572 523 490 529 541 663 784 844 957 1167 1223 1367 1424 1509 1551 1537 1408 
871 976 1140 1294 1370 1393 1507 1469 1430 1501 1406 1282 1117 963 847 760 670 576 492 514 499 585 647 756 830 965 1136 1307 1395 1480 1481 1505 1451 1496 
828 1029 1139 1296 1332 1458 1533 1433 1437 1405 1314 1280 1185 986 852 771 673 584 504 524 492 561 661 739 839 1021 1183 1245 1405 1393 1439 1489 1457 1370 
873 1028 1145 1306 1371 1432 1469 1437 1476 1458 1409 1225 1074 961 906 749 658 547 508 493 495 542 650 767 898 1007 1111 1225 1324 1417 1454 1442 1526 1456 
846 1033 1088 1213 1363 1466 1551 1460 1528 1467 1419 1255 1076 989 872 785 627 543 499 521 526 555 635 784 845 989 1119 1306 1326 1452 1421 1447 1540 1469 
897 1007 1107 1203 1403 1460 1497 1522 1409 1425 1413 1227 1084 960 865 773 667 542 537 517 534 559 678 776 852 1021 1102 1253 1345 1488 1480 1553 1551 1421 
900 983 1150 1224 1327 1466 1513 1523 1542 1400 1305 1206 1180 1006 897 714 630 544 542 501 502 580 645 769 890 1041 1101 1245 1417 1362 1517 1435 1554 1457 
850 976 1078 1240 1362 1429 1517 1499 1514 1463 1386 1197 1149 1037 858 784 668 547 521 516 512 573 668 722 847 995 1119 1288 1301 1404 1430 1521 1526 1471 
827 1035 1176 1271 1404 1422 1438 1473 1546 1474 1400 1202 1118 1004 891 780 665 573 506 488 508 581 645 740 909 1004 1179 1232 1331 1504 1526 1571 1483 1487 
908 998 1112 1279 1333 1432 1511 1556 1492 1467 1313 1214 1116 990 889 738 630 551 518 502 510 580 667 731 904 1047 1090 1274 1306 1503 1543 1439 1500 1452 
896 982 1102 1279 1330 1391 1547 1453 1429 1438 1397 1221 1105 1043 844 744 635 567 528 476 511 576 644 735 895 1040 1083 1301 1382 1474 1531 1468 1469 1401 
858 998 1098 1236 1407 1417 1441 1470 1476 1371 1358 1193 1176 976 850 776 651 576 493 488 495 540 614 714 841 1029 1128 1309 1323 1376 1409 1565 1469 1386 
900 1025 1100 1280 1286 1433 1411 1477 1495 1369 1290 1267 1122 952 862 717 635 551 537 488 502 576 632 761 907 989 1129 1210 1419 1481 1488 1454 1522 1408 
879 958 1150 1232 1364 1449 1505 1433 1411 1489 1358 1270 1074 1011 902 744 677 573 510 508 527 567 663 749 903 962 1111 1280 1314 1492 1506 1556 1475 1469 
829 983 1137 1230 1292 1485 1435 1552 1537 1453 1356 1267 1113 999 846 722 617 543 492 489 537 564 657 786 885 1013 1099 1268 1321 1486 1424 1507 1466 1371 
893 1049 1094 1188 1375 1474 1454 1434 1469 1429 1368 1284 1115 983 861 726 625 593 503 482 538 553 624 766 892 1021 1123 1251 1383 1466 1516 1493 1448 1500 
876 1024 1127 1247 1331 1393 1482 1484 1485 1407 1289 1217 1092 994 866 743 669 551 520 523 520 561 631 740 839 1021 1108 1191 1366 1444 1486 1524 1523 1366 
867 963 1077 1270 1415 1455 1420 1560 1495 1404 1385 1259 1125 1000 904 785 637 570 505 492 522 587 640 721 890 1015 1088 1284 1333 1423 1483 1510 1452 1427 
833 961 1105 1247 1337 1363 1458 1494 1410 1435 1312 1197 1137 996 908 785 631 559 540 493 509 542 656 732 835 1006 1172 1261 1357 1470 1485 1516 1512 1441 
857 955 1140 1296 1338 1379 1489 1486 1550 1498 1316 1243 1153 1008 832 755 669 544 502 506 523 539 665 765 878 993 1155 1279 1352 1392 1524 1450 1460 1438 
913 989 1152 1208 1347 1448 1468 1560 1449 1422 1420 1221 1168 975 839 726 634 572 493 499 499 548 635 729 833 982 1122 1235 1388 1411 1528 1433 1550 1397 
833 1043 1126 1275 1358 1456 1444 1513 1546 1414 1332 1301 1079 1023 832 748 621 583 528 482 504 549 654 720 862 1017 1149 1278 1369 1463 1547 1543 1433 1393 
906 999 1152 1306 1384 1485 1481 1527 1543 1401 1304 1290 1181 1000 905 747 651 542 537 501 519 558 635 722 842 963 1074 1258 1351 1376 1476 1473 1509 1361 
879 995 1122 1299 1354 1430 1478 1471 1453 1434 1371 1264 1110 1000 865 753 621 562 494 478 538 553 645 760 876 1015 1100 1312 1323 1502 1450 1494 1445 1477 
842 954 1146 1250 1359 1385 1524 1547 1519 1431 1306 1238 1143 992 836 786 649 593 532 477 513 567 625 786 912 950 1164 1240 1396 1410 1412 1523 1530 1415 
864 1046 1103 1218 1307 1463 1424 1499 1552 1378 1286 1284 1120 981 863 750 638 590 513 488 497 567 646 739 834 983 1183 1226 1375 1443 1462 1531 1438 1438 
857 965 1116 1209 1366 1468 1441 1434 1419 1489 1414 1251 1096 1032 910 772 645 572 491 484 530 539 675 776 830 976 1097 1201 1404 1439 1433 1481 1422 1462 
889 961 1093 1194 1311 1380 1544 1466 1548 1446 1359 1287 1145 955 844 745 663 591 530 508 497 573 671 735 835 1030 1133 1202 1337 1373 1469 1568 1524 1423 
908 1046 1074 1272 1314 1453 1551 1513 1431 1365 1341 1256 1162 1046 887 757 654 579 498 510 491 583 617 723 879 989 1154 1282 1391 1383 1489 1572 1413 1466 
884 1003 1097 1305 1412 1427 1533 1548 1419 1448 1291 1253 1120 955 876 732 642 578 514 488 500 573 642 715 906 1045 1108 1286 1326 1447 1515 1475 1550 1503 
897 983 1088 1209 1354 1393 1448 1426 1458 1465 1412 1200 1174 965 845 759 670 565 538 505 517 563 650 763 886 1006 1153 1198 1333 1429 1491 1546 1473 1388 
842 1013 1091 1308 1355 1362 1505 1480 1490 1437 1287 1306 1138 1047 872 745 617 570 508 510 493 563 624 742 893 970 1115 1257 1417 1395 1431 1443 1408 1465 
904 1003 1088 1228 1363 1431 1548 1438 1466 1493 1345 1277 1103 985 888 774 651 577 525 484 523 562 665 765 855 1022 1134 1307 1367 1495 1544 1471 1540 1377 
855 967 1102 1227 1300 1433 1501 1434 1496 1402 1359 1268 1112 1024 910 779 646 559 519 524 517 554 667 774 868 966 1075 1271 1362 1390 1473 1515 1426 1389 
868 983 1118 1245 1340 1372 1501 1513 1465 1499 1395 1265 1109 1012 872 775 676 577 537 504 523 562 665 747 848 1008 1177 1212 1407 1451 1465 1505 1494 1393 
873 1012 1127 1237 1287 1504 1469 1448 1442 1467 1363 1294 1131 950 874 735 635 556 518 516 511 538 659 724 856 956 1157 1255 1398 1474 1485 1557 1488 1449 
892 968 1079 1232 1401 1408 1425 1476 1516 1402 1302 1272 1132 1035 875 715 643 540 542 491 511 542 644 751 875 990 1075 1190 1397 1423 1526 1430 1431 1404 
905 1047 1131 1283 1327 1453 1542 1476 1530 1385 1388 1256 1140 986 862 769 623 567 540 486 508 553 676 712 859 1028 1146 1214 1290 1426 1519 1473 1488 1453 
899 1049 1073 1290 1326 1384 1548 1463 1507 1486 1402 1289 1128 996 850 714 651 582 507 523 529 585 621 717 889 1029 1110 1236 1377 1441 1526 1513 1525 1469 
891 952 1097 1263 1373 1386 1450 1495 1424 1494 1407 1225 1145 1039 833 715 619 554 527 479 509 559 636 783 835 985 1094 1193 1333 1440 1553 1424 1464 1416 
830 975 1181 1266 1316 1394 1468 1452 1545 1386 1331 1257 1166 1011 889 770 666 581 491 504 515 576 620 774 881 1001 1155 1275 1367 1491 1430 1572 1446 1420 
890 1031 1152 1221 1311 1366 1547 1526 1454 1495 1398 1222 1138 954 834 747 670 549 521 483 513 552 640 745 853 1020 1123 1297 1369 1486 1473 1437 1506 1412 
874 1040 1100 1302 1343 1378 1458 1486 1507 1364 1344 1265 1147 1010 876 714 665 588 519 524 494 594 631 763 903 1002 1150 1198 1320 1362 1452 1483 1427 1459 
885 971 1181 1256 1294 1482 1484 1437 1460 1366 1386 1218 1135 996 897 748 629 566 501 477 526 551 671 763 880 1011 1128 1267 1288 1431 1476 1480 1550 1402 
844 1022 1180 1258 1303 1490 1519 1536 1505 1393 1306 1225 1175 1031 881 715 649 553 514 494 492 560 677 744 913 965 1081 1275 1302 1496 1541 1496 1542 1379 
855 987 1173 1203 1339 1390 1525 1433 1482 1482 1421 1309 1095 1049 904 784 632 579 514 520 529 564 659 745 873 1006 1107 1262 1371 1371 1545 1567 1461 1437 
891 1015 1118 1290 1374 1362 1498 1550 1489 1402 1392 1264 1087 969 896 727 674 582 500 504 526 544 634 717 896 1025 1147 1230 1312 1376 1412 1539 1445 1443 
847 950 1168 1192 1328 1435 1501 1465 1489 1385 1321 1280 1119 980 897 760 673 579 494 499 500 575 675 716 899 1003 1160 1215 1313 1401 1488 1455 1509 1374 
831 1033 1106 1258 1408 1457 1554 1554 1465 1374 1338 1308 1074 997 907 761 620 573 529 488 529 559 634 776 895 1016 1137 1281 1334 1372 1540 1486 1415 1477 
835 965 1146 1244 1414 1489 1505 1493 1534 1446 1299 1237 1130 973 835 733 642 556 527 511 524 564 643 750 885 981 1078 1306 1331 1397 1513 1438 1421 1492 
888 1030 1147 1240 1334 1471 1520 1433 1435 1473 1332 1214 1126 1044 877 759 616 565 526 499 496 567 671 756 871 1030 1169 1296 1286 1435 1479 1566 1488 1379 
882 1007 1170 1271 1407 1461 1554 1456 1470 1410 1389 1290 1105 1006 865 719 655 544 498 485 514 573 632 774 881 1000 1185 1268 1329 1477 1434 1430 1524 1425 
