20 3 20
15 5
850 85 96 112 130 149 169 187 203 214 222 225 222 214 203 187 169 150 130 112 96 
850 113 129 149 174 199 225 249 270 286 296 300 296 286 270 250 225 200 174 150 129 
100000 5669 6464 7499 8705 9999 11294 12499 13535 14330 14829 15000 14829 14330 13535 12500 11294 10000 8705 7500 6464 
1433 1353 1250 1129 1000 870 750 646 566 517 500 517 566 646 749 
1012 1131 1154 1420 1224 
919 1061 1104 1102 1175 
733 1026 1164 1150 1396 
963 1004 1221 1161 1615 
922 1036 1269 1478 1488 
