20 2 20
11 50
1700 75 77 85 96 112 130 149 169 187 203 214 222 225 222 214 203 187 169 150 130 
100000 5000 5170 5669 6464 7499 8705 9999 11294 12499 13535 14330 14829 15000 14829 14330 13535 12500 11294 10000 8705 
1499 1482 1433 1353 1250 1129 1000 870 750 646 566 
524 510 496 576 667 741 874 956 1115 
527 520 513 584 624 725 905 1047 1182 
542 489 522 584 626 784 879 978 1116 
504 516 496 552 631 727 909 1038 1171 
493 521 497 559 646 767 844 1034 1152 
509 489 526 590 630 781 834 1044 1101 
503 489 506 576 638 725 853 966 1172 
492 504 531 560 623 735 878 1012 1074 
507 499 532 579 672 755 870 997 1185 
522 479 530 582 669 786 829 986 1087 
519 492 521 546 672 733 874 1030 1152 
540 524 541 539 668 717 831 976 1098 
523 517 520 578 659 740 844 1046 1180 
530 512 539 553 616 753 881 1038 1078 
540 518 505 545 624 719 864 1026 1182 
519 496 495 556 670 721 849 1049 1143 
540 500 501 574 634 727 876 1011 1178 
508 486 500 562 617 740 868 996 1130 
506 510 541 581 672 760 876 1036 1179 
518 503 540 594 638 723 873 972 1085 
526 500 502 568 663 758 883 1003 1116 
509 487 525 551 631 777 850 1042 1163 
540 500 497 552 634 739 838 974 1128 
537 484 521 575 616 774 836 968 1181 
523 475 497 570 672 733 857 1028 1094 
509 517 522 567 671 784 858 968 1145 
534 521 539 566 623 787 861 987 1076 
512 498 517 576 618 776 848 965 1125 
495 487 501 543 640 731 862 1041 1182 
494 498 504 557 622 721 838 958 1087 
507 491 521 551 626 756 858 982 1139 
532 487 527 565 666 713 893 952 1143 
514 480 542 578 647 750 894 961 1139 
509 476 500 574 661 718 859 955 1079 
499 487 499 552 652 714 833 979 1077 
517 512 513 581 634 737 879 969 1165 
506 497 536 576 645 750 879 1013 1141 
539 487 515 568 637 723 865 1003 1083 
493 493 495 569 614 770 852 1043 1081 
538 500 493 589 645 747 846 1000 1130 
541 496 497 562 615 750 859 1028 1098 
503 506 518 543 661 713 860 997 1138 
531 485 524 543 637 714 911 983 1089 
503 480 505 543 619 750 876 960 1164 
535 488 525 559 668 740 851 973 1119 
499 490 511 592 621 783 893 1024 1156 
528 479 496 592 629 785 855 966 1160 
525 475 537 552 639 715 838 959 1077 
518 478 542 573 618 746 864 1013 1143 
514 492 526 569 671 784 861 1031 1184 
