5 6 20
3 50
340 130 112 96 85 77 
340 174 150 129 113 103 
340 217 187 161 141 129 
340 261 225 193 170 155 
340 304 262 226 198 180 
100000 8705 7500 6464 5669 5170 
1129 1249 1353 
1458 1318 
1718 1774 
1320 1334 
1717 1658 
1382 1553 
1149 1650 
1310 1688 
1551 1626 
1465 1503 
1310 1565 
1313 1249 
1214 1721 
1718 1269 
1510 1333 
1165 1513 
1522 1194 
1419 1375 
1195 1461 
1200 1768 
1314 1207 
1412 1561 
1151 1186 
1645 1553 
1207 1487 
1176 1580 
1201 1468 
1377 1568 
1537 1365 
1556 1616 
1270 1694 
1185 1238 
1384 1627 
1686 1750 
1231 1343 
1237 1256 
1535 1248 
1577 1640 
1248 1279 
1336 1593 
1639 1472 
1191 1612 
1484 1711 
1676 1517 
1311 1205 
1166 1603 
1153 1561 
1245 1610 
1155 1544 
1175 1509 
1522 1614 
