5 2 20
2 100
1700 96 112 130 149 169 
100000 6464 7499 8705 9999 11294 
1353 1250 
991 1083 1205 
714 1512 1358 
757 1037 590 
693 1585 1118 
553 926 693 
1633 1122 1212 
1754 950 1163 
895 1335 1144 
1055 474 388 
1346 1054 1314 
889 508 1067 
900 617 904 
1223 757 1134 
1120 863 953 
778 963 1211 
547 1083 717 
1441 650 418 
1466 413 947 
1167 603 1328 
1024 983 963 
948 845 403 
863 417 1327 
664 1105 746 
678 1039 454 
979 486 663 
1164 836 429 
1113 865 791 
746 776 925 
1661 743 990 
911 1367 1048 
766 1293 493 
548 1240 1109 
1543 1421 455 
507 481 563 
1018 1058 778 
1664 648 919 
1143 1287 1386 
457 817 990 
676 668 468 
649 1303 1273 
1746 1406 1311 
1727 603 1238 
1174 780 1348 
631 1114 1306 
862 570 1370 
1633 512 1267 
737 1024 408 
1037 1254 426 
1308 1306 671 
1073 804 1314 
956 722 1141 
1208 905 699 
1449 1162 907 
1620 1404 799 
1030 1101 1113 
1527 1007 1342 
1186 942 1170 
1502 1319 998 
1789 780 1265 
1249 1174 661 
706 988 997 
1521 471 400 
1549 917 433 
1043 893 351 
829 1596 986 
1477 1558 427 
461 1015 698 
1306 1153 1377 
946 1449 1270 
845 584 1034 
854 556 622 
1540 843 970 
680 557 757 
550 905 729 
1242 667 959 
1355 853 860 
1244 1594 568 
618 1020 378 
1323 600 925 
1594 615 765 
1803 517 979 
1371 551 1307 
725 1210 1252 
737 1223 817 
1720 1148 550 
1598 1036 1260 
693 621 493 
1339 1073 551 
1270 1423 1355 
1377 1594 639 
966 1469 783 
1320 552 366 
876 1579 792 
1622 880 654 
1037 511 1161 
1141 520 392 
931 1174 1059 
1242 577 607 
756 1578 951 
1677 1525 595 
