5 3 20
3 100
850 77 75 77 85 96 
850 103 100 103 113 129 
100000 5170 5000 5170 5669 6464 
1482 1499 1482 
1502 1382 
1476 1310 
1399 1335 
1415 1378 
1425 1352 
1455 1420 
1479 1312 
1468 1398 
1435 1382 
1467 1328 
1457 1376 
1366 1379 
1441 1372 
1396 1371 
1378 1339 
1469 1339 
1488 1290 
1467 1375 
1468 1358 
1473 1353 
1436 1409 
1492 1307 
1484 1346 
1390 1314 
1407 1310 
1454 1375 
1403 1322 
1449 1367 
1427 1307 
1430 1297 
1446 1338 
1473 1372 
1406 1412 
1428 1318 
1444 1388 
1454 1299 
1459 1377 
1414 1303 
1401 1297 
1471 1334 
1426 1383 
1398 1317 
1393 1410 
1365 1295 
1439 1369 
1428 1364 
1382 1364 
1485 1380 
1407 1285 
1499 1385 
1366 1288 
1468 1414 
1408 1333 
1364 1376 
1441 1351 
1376 1292 
1416 1373 
1409 1350 
1490 1299 
1445 1408 
1377 1399 
1432 1417 
1492 1330 
1463 1312 
1477 1325 
1474 1313 
1460 1325 
1494 1315 
1458 1286 
1426 1388 
1433 1416 
1501 1386 
1422 1387 
1397 1292 
1374 1320 
1460 1373 
1407 1301 
1424 1335 
1415 1412 
1381 1348 
1435 1332 
1375 1408 
1432 1353 
1383 1394 
1477 1306 
1483 1366 
1397 1399 
1395 1374 
1469 1327 
1499 1397 
1490 1394 
1483 1358 
1386 1312 
1475 1295 
1412 1380 
1366 1360 
1365 1307 
1454 1333 
1466 1360 
1427 1326 
