50 11 20
36 50
170 75 77 85 96 112 130 149 169 187 203 214 222 225 222 214 203 187 169 150 130 112 96 85 77 75 77 85 96 112 130 149 169 187 203 214 222 225 222 214 203 187 169 150 130 112 96 85 77 75 77 
170 100 103 113 129 149 174 199 225 249 270 286 296 300 296 286 270 250 225 200 174 150 129 113 103 100 103 113 129 149 174 199 225 249 270 286 296 300 296 286 270 250 225 200 174 150 129 113 103 100 103 
170 125 129 141 161 187 217 249 282 312 338 358 370 375 370 358 338 312 282 250 217 187 161 141 129 125 129 141 161 187 217 249 282 312 338 358 370 375 370 358 338 312 282 250 217 187 161 141 129 125 129 
170 150 155 170 193 224 261 299 338 374 406 429 444 450 444 429 406 375 338 300 261 225 193 170 155 150 155 170 193 224 261 299 338 374 406 429 444 450 444 429 406 375 338 300 261 225 193 170 155 150 155 
170 175 180 198 226 262 304 349 395 437 473 501 519 525 519 501 473 437 395 350 304 262 226 198 180 175 180 198 226 262 304 349 395 437 473 501 519 525 519 501 473 437 395 350 304 262 226 198 180 175 180 
170 200 206 226 258 299 348 399 451 499 541 573 593 600 593 573 541 500 451 400 348 300 258 226 206 200 206 226 258 299 348 399 451 499 541 573 593 600 593 573 541 500 451 400 348 300 258 226 206 200 206 
170 225 232 255 290 337 391 449 508 562 609 644 667 675 667 644 609 562 508 450 391 337 290 255 232 225 232 255 290 337 391 449 508 562 609 644 667 675 667 644 609 562 508 450 391 337 290 255 232 225 232 
170 250 258 283 323 374 435 499 564 624 676 716 741 750 741 716 676 625 564 500 435 375 323 283 258 250 258 283 323 374 435 499 564 624 676 716 741 750 741 716 676 625 564 500 435 375 323 283 258 250 258 
170 275 284 311 355 412 478 549 621 687 744 788 815 825 815 788 744 687 621 550 478 412 355 311 284 275 284 311 355 412 478 549 621 687 744 788 815 825 815 788 744 687 621 550 478 412 355 311 284 275 284 
170 300 310 340 387 449 522 599 677 749 812 859 889 900 889 859 812 750 677 600 522 450 387 340 310 300 310 340 387 449 522 599 677 749 812 859 889 900 889 859 812 750 677 600 522 450 387 340 310 300 310 
100000 5000 5170 5669 6464 7499 8705 9999 11294 12499 13535 14330 14829 15000 14829 14330 13535 12500 11294 10000 8705 7500 6464 5669 5170 5000 5170 5669 6464 7499 8705 9999 11294 12499 13535 14330 14829 15000 14829 14330 13535 12500 11294 10000 8705 7500 6464 5669 5170 5000 5170 
1499 1482 1433 1353 1250 1129 1000 870 750 646 566 517 500 517 566 646 749 870 999 1129 1249 1353 1433 1482 1499 1482 1433 1353 1250 1129 1000 870 750 646 566 517 
486 499 589 629 758 865 976 1076 1309 1406 1499 1494 1541 1412 
492 530 593 655 759 884 1045 1099 1256 1376 1491 1485 1547 1527 
523 501 565 670 741 905 958 1102 1215 1329 1390 1409 1552 1464 
512 539 569 647 775 874 1005 1080 1292 1339 1371 1502 1560 1500 
488 510 594 638 783 865 1009 1077 1305 1294 1377 1485 1555 1534 
477 536 551 657 718 878 1007 1141 1220 1329 1478 1476 1444 1412 
481 506 546 670 770 870 977 1173 1207 1385 1385 1411 1512 1464 
500 499 588 665 725 844 976 1080 1301 1340 1372 1480 1547 1439 
483 509 574 670 784 874 951 1175 1289 1345 1470 1538 1543 1456 
487 509 563 625 714 885 1002 1075 1280 1330 1447 1469 1490 1495 
484 512 563 624 749 901 1022 1137 1226 1396 1366 1556 1466 1460 
512 501 594 646 761 864 962 1117 1268 1405 1372 1485 1511 1480 
491 498 542 656 717 894 1029 1183 1203 1382 1503 1430 1565 1499 
494 506 565 676 766 832 1036 1152 1294 1349 1463 1488 1509 1552 
513 508 552 660 714 852 990 1130 1284 1287 1394 1454 1555 1443 
485 539 570 649 713 893 973 1145 1243 1289 1432 1473 1440 1487 
512 528 548 642 772 881 953 1180 1277 1357 1404 1465 1485 1510 
517 524 539 635 745 881 1034 1109 1253 1320 1476 1454 1552 1408 
521 506 558 649 730 884 962 1092 1227 1374 1495 1546 1562 1418 
515 534 593 643 745 855 979 1129 1298 1319 1427 1518 1471 1470 
522 516 544 628 727 911 973 1100 1272 1373 1398 1461 1498 1519 
509 502 572 660 729 895 998 1078 1253 1356 1496 1533 1428 1437 
475 526 563 664 776 852 1011 1104 1221 1319 1383 1445 1428 1495 
506 519 561 636 764 852 971 1177 1191 1352 1493 1454 1480 1446 
507 493 568 624 720 839 1019 1150 1213 1347 1499 1423 1441 1412 
486 542 577 675 753 881 961 1185 1206 1340 1457 1510 1566 1491 
485 499 590 639 753 862 978 1099 1222 1312 1449 1459 1450 1449 
524 541 575 631 730 892 1004 1167 1248 1400 1460 1453 1561 1510 
492 522 589 674 733 881 1036 1144 1222 1394 1421 1528 1435 1409 
496 532 557 656 766 869 1026 1079 1283 1377 1502 1543 1455 1524 
481 542 570 620 720 903 955 1176 1309 1398 1446 1488 1564 1511 
487 524 593 668 718 908 1030 1082 1242 1372 1408 1488 1431 1517 
515 514 573 636 744 904 994 1124 1217 1326 1471 1427 1451 1553 
486 517 542 623 738 898 994 1081 1218 1351 1380 1507 1517 1515 
483 542 541 661 736 853 1039 1165 1250 1404 1442 1469 1509 1448 
507 519 577 638 758 894 1021 1166 1245 1394 1494 1429 1474 1413 
491 494 592 638 719 891 1000 1112 1223 1413 1420 1528 1469 1551 
509 514 556 662 748 871 977 1119 1223 1344 1414 1556 1515 1461 
515 521 562 677 779 877 987 1142 1296 1320 1475 1421 1565 1469 
514 505 577 630 733 909 973 1109 1227 1375 1463 1497 1505 1467 
475 516 593 653 748 833 987 1142 1284 1296 1361 1521 1458 1419 
478 506 594 636 772 870 1002 1176 1253 1294 1434 1432 1485 1413 
510 517 558 642 716 892 1047 1076 1219 1327 1463 1413 1486 1409 
485 517 587 666 725 839 1007 1073 1253 1303 1451 1445 1476 1531 
514 492 549 676 785 898 994 1093 1240 1397 1401 1473 1493 1429 
510 500 578 642 754 901 996 1095 1271 1380 1415 1439 1454 1433 
515 523 557 621 730 848 986 1089 1206 1327 1396 1421 1498 1456 
512 542 559 644 739 901 950 1075 1294 1313 1458 1418 1555 1532 
499 510 555 674 773 870 1037 1145 1241 1395 1482 1503 1555 1533 
520 514 543 645 746 843 970 1111 1231 1379 1384 1409 1440 1445 
