50 3 20
26 50
850 75 77 85 96 112 130 149 169 187 203 214 222 225 222 214 203 187 169 150 130 112 96 85 77 75 77 85 96 112 130 149 169 187 203 214 222 225 222 214 203 187 169 150 130 112 96 85 77 75 77 
850 100 103 113 129 149 174 199 225 249 270 286 296 300 296 286 270 250 225 200 174 150 129 113 103 100 103 113 129 149 174 199 225 249 270 286 296 300 296 286 270 250 225 200 174 150 129 113 103 100 103 
100000 5000 5170 5669 6464 7499 8705 9999 11294 12499 13535 14330 14829 15000 14829 14330 13535 12500 11294 10000 8705 7500 6464 5669 5170 5000 5170 5669 6464 7499 8705 9999 11294 12499 13535 14330 14829 15000 14829 14330 13535 12500 11294 10000 8705 7500 6464 5669 5170 5000 5170 
1499 1482 1433 1353 1250 1129 1000 870 750 646 566 517 500 517 566 646 749 870 999 1129 1249 1353 1433 1482 1499 1482 
585 1603 1732 1763 596 776 705 767 607 384 378 625 808 458 375 798 1133 1531 1088 1599 1824 1415 1148 1192 
2238 815 1913 472 1079 625 858 379 470 824 703 257 521 601 1035 576 1292 1193 1719 595 1726 1141 2255 1493 
2289 1717 1373 1077 718 990 780 751 888 752 429 693 635 495 804 1093 1508 1152 1795 1418 1557 864 1112 705 
1132 1953 1063 1203 508 631 1059 907 261 420 569 817 869 650 357 859 1520 1600 1479 925 665 1814 1815 838 
1768 2142 1009 1479 503 1158 1112 871 403 293 247 645 537 935 687 820 925 1006 1973 1344 1764 770 1938 782 
2256 1263 1095 723 628 733 1054 699 234 293 683 746 447 269 584 574 1415 736 663 1647 2211 1137 2126 1658 
859 1581 903 1784 737 1221 311 966 620 211 407 344 306 864 760 724 1063 1379 1844 1723 1398 659 1971 1263 
1822 2013 1621 968 1130 592 1070 834 628 659 293 308 448 738 1115 926 1057 1599 995 1467 1920 2052 1961 749 
1168 1018 1003 1673 1107 854 365 667 829 218 421 476 429 870 1030 939 888 903 1123 1299 1060 2054 696 2183 
648 923 905 761 1583 1238 500 682 743 586 766 630 590 619 907 494 1187 869 1165 843 1839 1606 1792 2327 
1703 671 1872 506 949 647 908 270 613 467 308 765 473 811 440 1129 1005 790 1455 667 637 1582 1654 2208 
1791 1358 1296 1397 981 1023 1157 327 720 559 569 673 903 511 832 577 1559 1282 758 558 1253 1845 1316 2234 
1672 1824 1131 1557 1201 1185 677 833 268 394 373 673 870 691 1035 608 807 939 1354 850 2094 1872 974 641 
1307 2162 1170 1397 892 973 642 662 610 691 437 419 797 814 644 1153 492 957 1199 1923 1207 1143 2376 620 
1555 2151 1891 1344 1553 1094 777 396 556 656 380 717 619 753 418 569 424 1455 1639 1875 1953 1100 1097 1204 
1361 1109 1861 738 1413 741 1007 387 796 804 758 320 840 282 440 1003 417 1692 687 2112 2136 1538 1087 2165 
741 795 1698 638 1193 1349 744 279 400 726 529 687 437 803 418 1076 1476 1468 1871 1360 963 2111 1095 1579 
982 1606 1105 1027 715 825 312 755 381 507 738 760 470 767 321 983 1430 1005 1132 857 1502 1842 1565 2059 
2040 1823 962 568 763 1222 906 532 716 209 628 339 458 307 451 1193 621 654 1294 1204 1738 1962 1406 754 
583 1523 1476 1601 594 614 393 1020 330 511 581 273 456 341 957 1013 838 1792 1593 654 1752 1418 846 2252 
723 1425 901 1432 702 511 1147 799 755 788 472 722 662 811 781 1208 1105 765 1269 1302 1232 1045 1350 1020 
1310 1519 819 1054 1224 604 1123 857 498 226 664 577 605 368 547 1259 1113 1650 718 2093 1065 2185 817 986 
1073 1124 1477 1517 804 703 569 424 570 708 215 525 619 616 383 673 1511 1726 1712 1364 2133 1525 2057 1081 
962 1995 694 1472 703 440 973 463 731 323 713 454 865 953 784 1212 1039 1183 677 810 1316 1720 2136 1925 
1981 1471 829 1329 960 938 753 866 759 445 743 501 592 296 1108 622 1314 455 534 1125 1899 2229 2196 1607 
1941 1675 1309 468 605 1134 1176 648 614 327 772 787 391 258 1115 870 1265 1456 604 689 2265 599 1759 1918 
1461 630 719 1054 715 1265 923 375 852 301 457 443 606 474 1041 569 422 513 575 546 712 646 893 1907 
2012 1055 959 843 730 1022 888 613 578 558 386 297 692 808 1107 864 1451 1457 531 1065 915 841 1266 1895 
1167 1076 1460 727 1212 688 310 286 413 476 438 502 867 365 469 729 1136 1439 1544 1637 833 2046 663 1922 
2255 986 1464 1264 1054 1114 452 365 278 344 770 583 612 278 1005 502 1022 976 827 1804 1184 792 785 1756 
584 1677 1362 1756 1146 426 511 470 828 532 630 640 834 976 637 1102 494 1623 954 546 799 1909 1327 675 
1261 1246 1605 503 1279 1046 1063 821 386 582 389 615 838 899 497 1032 1116 774 1636 1881 1225 683 1917 2370 
1546 1145 663 1674 1113 916 653 975 289 706 209 716 319 550 717 559 619 1191 1065 751 1654 2161 1146 1827 
1365 751 1063 1670 1583 1302 822 800 291 717 726 535 244 1021 1077 548 534 1399 814 1206 1375 1079 1661 2239 
710 1489 971 1078 761 892 658 576 338 752 363 556 594 866 1067 1154 1077 814 813 1893 1149 723 1539 1445 
1124 998 1355 1539 968 1252 708 997 565 673 665 494 396 642 307 393 1290 641 867 829 1795 1313 738 1279 
952 1719 1698 1095 735 657 902 750 855 633 464 653 735 359 1092 936 820 528 1255 1606 1693 625 1012 682 
1552 1404 775 1563 413 1377 635 979 668 319 461 728 538 727 479 1105 962 483 885 1517 1822 1498 1118 1045 
2120 1300 1000 835 1034 1162 977 342 477 604 243 386 770 416 711 357 1339 1255 504 594 1111 1338 1680 658 
2032 1126 1326 1266 1223 1305 918 832 735 779 316 397 734 981 1077 465 641 489 1985 708 1045 962 1744 1390 
2112 1977 1214 1632 558 1004 1158 316 430 666 768 577 738 827 915 1347 1411 905 665 1204 594 771 1395 907 
1393 893 662 1120 980 988 1030 484 639 794 755 762 257 717 1142 934 880 688 747 838 2101 2034 1457 691 
1388 1482 795 1786 1456 742 1162 750 871 643 614 464 440 649 733 1185 1454 1328 1272 1136 622 833 2068 1373 
704 1583 522 1363 1488 834 1072 575 415 518 599 303 733 509 731 384 1248 1740 647 1422 1427 1365 1922 1409 
605 1859 1253 803 1477 927 710 932 630 262 442 267 540 637 493 983 674 1700 1731 1770 2030 2318 1797 861 
911 1177 1673 811 1131 793 528 1006 687 356 342 374 442 735 582 589 1076 1042 1000 879 658 833 1550 1413 
1696 1544 592 917 725 1198 992 1011 361 471 374 637 275 1011 584 593 1414 1407 752 1865 1931 1568 1390 811 
2191 1460 1841 1094 415 484 633 1032 372 420 727 325 868 898 875 1081 1406 1029 895 1608 822 641 2026 1323 
2059 2067 1746 487 1200 407 729 539 243 413 365 258 592 776 1118 832 1507 1570 1786 1015 1666 1371 1890 1964 
1585 1725 1152 1404 1526 374 433 914 507 610 715 676 322 500 898 1376 947 1210 1634 2076 1692 1326 2234 1169 
