20 3 20
7 100
850 112 130 149 169 187 203 214 222 225 222 214 203 187 169 150 130 112 96 85 77 
850 149 174 199 225 249 270 286 296 300 296 286 270 250 225 200 174 150 129 113 103 
100000 7499 8705 9999 11294 12499 13535 14330 14829 15000 14829 14330 13535 12500 11294 10000 8705 7500 6464 5669 5170 
1250 1129 1000 870 750 646 566 
507 522 533 545 627 760 873 1024 1159 1224 1365 1464 1540 
511 494 537 561 651 785 866 963 1169 1256 1418 1426 1448 
492 524 522 554 674 750 889 958 1110 1202 1398 1362 1476 
535 511 507 549 653 784 872 953 1101 1303 1357 1425 1449 
505 513 516 542 651 756 861 1005 1136 1309 1325 1444 1508 
497 496 511 565 658 731 830 1012 1107 1272 1360 1460 1454 
540 482 537 542 637 725 905 1049 1093 1297 1353 1453 1439 
539 513 535 549 660 733 870 1008 1111 1282 1367 1480 1444 
503 506 524 571 660 752 874 956 1134 1223 1308 1446 1480 
536 489 501 573 678 750 887 977 1144 1221 1388 1486 1555 
502 496 491 570 651 717 876 954 1141 1288 1343 1476 1513 
497 489 524 553 616 727 882 1045 1117 1253 1360 1408 1485 
531 516 525 543 678 766 887 970 1099 1212 1334 1461 1533 
523 479 515 590 652 771 828 1028 1177 1192 1305 1497 1457 
529 497 495 570 656 724 892 1036 1178 1273 1340 1381 1468 
510 486 541 566 671 750 894 1007 1170 1309 1315 1445 1416 
538 488 533 572 637 774 891 1042 1111 1265 1349 1429 1462 
539 482 500 543 618 762 883 994 1096 1285 1286 1392 1452 
517 495 499 585 640 720 892 963 1180 1217 1387 1490 1477 
542 502 526 577 641 750 839 1033 1154 1215 1374 1473 1544 
495 478 516 539 669 732 852 1008 1154 1240 1286 1454 1500 
510 509 539 549 621 780 860 970 1073 1213 1293 1473 1468 
541 480 504 560 615 720 833 1005 1113 1243 1357 1385 1458 
491 505 534 573 664 715 837 980 1150 1243 1407 1439 1477 
492 486 538 567 648 747 828 1019 1164 1201 1370 1397 1414 
518 503 515 569 664 785 858 1004 1160 1300 1303 1469 1544 
491 504 491 568 634 725 907 983 1145 1189 1392 1497 1544 
514 512 542 583 646 737 884 1030 1164 1240 1320 1439 1470 
537 511 494 595 662 756 827 1030 1085 1202 1368 1366 1416 
523 484 537 557 633 716 909 964 1137 1275 1295 1364 1483 
501 514 540 543 635 716 898 961 1152 1214 1309 1411 1472 
522 507 523 557 626 770 892 983 1139 1268 1397 1402 1456 
505 510 517 554 672 745 859 986 1081 1196 1365 1395 1429 
497 521 503 565 661 744 861 980 1169 1285 1334 1457 1515 
534 504 539 575 676 736 887 1012 1105 1256 1349 1458 1467 
492 475 512 570 616 744 898 982 1086 1216 1370 1374 1496 
513 497 533 586 649 778 860 1003 1085 1281 1407 1402 1421 
536 482 511 593 634 772 904 965 1144 1241 1367 1500 1424 
538 498 507 553 645 769 835 1040 1149 1260 1343 1493 1510 
496 516 541 557 624 744 857 965 1115 1230 1316 1450 1508 
497 503 510 548 663 767 845 1005 1160 1212 1373 1442 1429 
519 481 493 569 670 740 835 993 1182 1192 1347 1488 1452 
506 486 503 549 635 762 896 995 1132 1203 1355 1403 1435 
499 519 510 571 661 717 875 989 1113 1230 1302 1372 1469 
492 487 501 555 668 735 876 1024 1080 1289 1406 1472 1442 
532 524 536 577 628 733 891 964 1075 1217 1301 1379 1549 
499 484 518 560 638 714 859 970 1131 1239 1407 1405 1545 
531 520 518 578 644 764 873 1034 1178 1239 1393 1419 1449 
505 512 521 573 632 757 876 1035 1181 1275 1400 1364 1411 
542 481 496 588 651 734 855 1010 1141 1272 1402 1461 1539 
497 523 521 546 676 741 844 1003 1131 1222 1312 1392 1446 
501 514 517 595 650 726 887 1014 1101 1294 1386 1443 1475 
525 485 499 572 677 743 899 1015 1163 1214 1390 1401 1420 
523 521 502 555 636 735 888 982 1135 1228 1411 1480 1433 
499 494 493 581 653 735 860 978 1183 1307 1350 1368 1551 
534 493 534 548 661 733 887 1013 1144 1271 1338 1401 1475 
497 521 506 565 654 724 845 1006 1182 1303 1320 1386 1513 
525 496 533 557 618 746 863 980 1147 1306 1303 1419 1511 
515 517 500 571 627 718 910 957 1113 1267 1415 1397 1532 
516 490 537 555 639 738 827 978 1141 1307 1298 1393 1464 
510 484 510 565 630 784 846 973 1115 1189 1367 1484 1530 
530 519 541 592 669 751 866 1048 1149 1250 1339 1464 1529 
530 494 539 541 624 774 830 1024 1087 1226 1400 1381 1502 
507 500 522 562 655 781 838 975 1088 1238 1317 1394 1451 
497 504 523 580 675 745 878 1031 1080 1219 1302 1496 1483 
518 497 533 563 631 744 883 1011 1087 1198 1399 1456 1505 
533 517 537 566 638 748 836 982 1111 1193 1407 1373 1543 
497 495 509 590 614 762 876 1047 1160 1251 1377 1405 1545 
510 485 518 567 660 722 903 1043 1150 1261 1405 1374 1481 
537 492 493 545 663 740 838 969 1109 1232 1341 1381 1517 
535 501 528 542 673 781 845 978 1085 1222 1413 1466 1511 
507 512 507 544 663 718 887 977 1137 1304 1338 1373 1450 
539 499 501 572 632 767 885 950 1184 1250 1405 1432 1452 
526 508 510 561 675 752 829 1030 1108 1294 1387 1485 1469 
529 500 507 575 654 755 851 1004 1089 1206 1307 1383 1484 
530 496 508 584 654 748 873 1002 1140 1241 1373 1447 1431 
504 477 515 589 620 720 856 1039 1075 1205 1292 1453 1433 
516 521 528 569 638 779 909 988 1108 1220 1332 1414 1531 
514 493 518 594 618 780 850 1037 1151 1264 1317 1389 1497 
533 499 505 587 658 766 886 970 1077 1305 1373 1482 1450 
512 500 531 584 630 742 887 1018 1122 1253 1300 1444 1509 
539 514 540 590 640 716 866 1036 1104 1191 1353 1401 1533 
522 523 520 542 667 718 853 982 1168 1221 1308 1495 1554 
499 480 498 585 651 717 849 995 1131 1195 1398 1386 1426 
493 488 493 565 641 713 889 995 1114 1258 1392 1401 1413 
518 522 493 586 675 749 910 1023 1075 1226 1334 1469 1513 
536 501 530 589 641 726 883 970 1161 1264 1412 1444 1430 
517 524 539 546 638 774 846 1002 1139 1280 1394 1487 1540 
527 513 523 568 661 784 887 1029 1109 1236 1318 1380 1552 
535 508 516 584 632 744 850 1032 1161 1282 1351 1379 1534 
542 495 494 579 631 736 880 976 1163 1279 1386 1444 1412 
528 491 513 595 648 716 901 1003 1104 1223 1313 1367 1547 
540 504 491 555 651 728 887 961 1149 1278 1322 1392 1455 
531 515 530 552 675 746 853 1000 1124 1195 1291 1458 1508 
528 512 532 582 646 775 843 1013 1152 1200 1293 1423 1411 
513 486 529 590 624 776 905 1014 1124 1239 1326 1367 1428 
535 490 531 562 633 759 829 976 1073 1280 1319 1416 1418 
497 481 532 575 678 731 839 953 1129 1281 1326 1434 1492 
502 513 497 578 633 741 877 960 1121 1252 1302 1489 1514 
531 514 503 577 617 775 914 952 1170 1269 1383 1461 1434 
