10 11 20
4 10
170 85 96 112 130 149 169 187 203 214 222 
170 113 129 149 174 199 225 249 270 286 296 
170 141 161 187 217 249 282 312 338 358 370 
170 170 193 224 261 299 338 374 406 429 444 
170 198 226 262 304 349 395 437 473 501 519 
170 226 258 299 348 399 451 499 541 573 593 
170 255 290 337 391 449 508 562 609 644 667 
170 283 323 374 435 499 564 624 676 716 741 
170 311 355 412 478 549 621 687 744 788 815 
170 340 387 449 522 599 677 749 812 859 889 
100000 5669 6464 7499 8705 9999 11294 12499 13535 14330 14829 
1433 1353 1250 1129 
1044 757 809 558 483 473 
1048 920 843 594 516 469 
886 1033 712 623 524 559 
907 941 756 712 523 505 
982 798 702 627 502 617 
1186 888 761 750 604 578 
1063 793 716 744 511 433 
1064 792 679 767 645 580 
1193 784 792 655 505 603 
956 767 884 538 527 597 
