5 11 20
3 100
170 150 130 112 96 85 
170 200 174 150 129 113 
170 250 217 187 161 141 
170 300 261 225 193 170 
170 350 304 262 226 198 
170 400 348 300 258 226 
170 450 391 337 290 255 
170 500 435 375 323 283 
170 550 478 412 355 311 
170 600 522 450 387 340 
100000 10000 8705 7500 6464 5669 
1000 1129 1249 
1368 1363 
1411 1442 
1362 1372 
1392 1387 
1320 1395 
1322 1364 
1345 1499 
1295 1386 
1394 1489 
1390 1490 
1298 1460 
1311 1493 
1304 1414 
1309 1419 
1392 1494 
1380 1374 
1329 1417 
1359 1447 
1356 1366 
1349 1402 
1409 1369 
1311 1460 
1326 1401 
1287 1363 
1311 1397 
1348 1450 
1316 1419 
1387 1502 
1308 1420 
1344 1374 
1361 1452 
1298 1472 
1369 1458 
1341 1491 
1363 1501 
1343 1494 
1400 1423 
1338 1468 
1332 1500 
1418 1412 
1339 1387 
1328 1399 
1334 1467 
1357 1381 
1372 1485 
1322 1448 
1292 1432 
1290 1469 
1316 1428 
1356 1397 
1306 1409 
1298 1444 
1337 1374 
1341 1403 
1287 1433 
1328 1486 
1304 1406 
1309 1366 
1377 1496 
1360 1368 
1337 1504 
1368 1503 
1411 1400 
1418 1416 
1398 1423 
1365 1398 
1309 1382 
1300 1369 
1398 1484 
1356 1402 
1312 1495 
1368 1446 
1296 1414 
1369 1498 
1394 1480 
1297 1460 
1309 1389 
1293 1376 
1329 1408 
1370 1412 
1297 1411 
1291 1416 
1286 1367 
1331 1434 
1350 1456 
1382 1436 
1322 1492 
1373 1489 
1404 1386 
1412 1493 
1401 1482 
1366 1417 
1392 1493 
1417 1458 
1399 1448 
1404 1463 
1371 1373 
1290 1494 
1351 1395 
1402 1424 
