20 2 20
15 10
1700 85 96 112 130 149 169 187 203 214 222 225 222 214 203 187 169 150 130 112 96 
100000 5669 6464 7499 8705 9999 11294 12499 13535 14330 14829 15000 14829 14330 13535 12500 11294 10000 8705 7500 6464 
1433 1353 1250 1129 1000 870 750 646 566 517 500 517 566 646 749 
965 1229 1739 1319 2115 
936 643 1112 674 554 
1212 1476 1236 1899 2088 
682 906 1205 767 1674 
449 617 615 651 759 
863 878 654 1632 701 
1284 1111 1801 1273 1599 
376 936 930 813 873 
541 1454 1515 1878 2163 
1084 504 1701 1273 1850 
