20 11 20
7 10
170 85 77 75 77 85 96 112 130 149 169 187 203 214 222 225 222 214 203 187 169 
170 113 103 100 103 113 129 149 174 199 225 249 270 286 296 300 296 286 270 250 225 
170 141 129 125 129 141 161 187 217 249 282 312 338 358 370 375 370 358 338 312 282 
170 170 155 150 155 170 193 224 261 299 338 374 406 429 444 450 444 429 406 375 338 
170 198 180 175 180 198 226 262 304 349 395 437 473 501 519 525 519 501 473 437 395 
170 226 206 200 206 226 258 299 348 399 451 499 541 573 593 600 593 573 541 500 451 
170 255 232 225 232 255 290 337 391 449 508 562 609 644 667 675 667 644 609 562 508 
170 283 258 250 258 283 323 374 435 499 564 624 676 716 741 750 741 716 676 625 564 
170 311 284 275 284 311 355 412 478 549 621 687 744 788 815 825 815 788 744 687 621 
170 340 310 300 310 340 387 449 522 599 677 749 812 859 889 900 889 859 812 750 677 
100000 5669 5170 5000 5170 5669 6464 7499 8705 9999 11294 12499 13535 14330 14829 15000 14829 14330 13535 12500 11294 
1433 1482 1499 1482 1433 1353 1250 
939 1118 963 798 663 594 422 560 520 595 611 609 933 
1051 985 967 702 678 652 471 544 515 492 717 841 852 
913 854 964 604 545 467 586 425 476 538 693 836 733 
1178 851 967 844 610 544 592 476 539 587 573 728 874 
1168 1005 838 855 568 555 485 525 548 479 559 898 771 
1354 814 719 648 769 623 557 553 449 577 737 782 1039 
1080 1054 980 643 563 588 531 431 578 539 645 882 890 
1054 893 715 877 559 643 474 410 459 520 536 623 879 
1280 949 907 633 580 595 502 561 608 544 746 600 700 
980 1144 887 867 544 652 486 598 439 509 711 872 738 
