10 3 20
6 50
850 112 130 149 169 187 203 214 222 225 222 
850 149 174 199 225 249 270 286 296 300 296 
100000 7499 8705 9999 11294 12499 13535 14330 14829 15000 14829 
1250 1129 1000 870 750 646 
553 271 735 467 
243 549 653 737 
708 421 426 422 
270 244 207 622 
666 779 708 341 
873 765 236 614 
787 449 305 693 
429 556 436 447 
462 808 277 516 
582 523 495 736 
870 429 737 775 
633 778 524 399 
512 482 791 822 
336 418 508 218 
526 744 511 363 
240 322 585 731 
723 503 715 727 
242 289 351 667 
656 615 597 465 
429 441 788 273 
249 528 355 814 
828 689 421 209 
689 810 468 523 
715 738 692 381 
811 637 582 532 
234 640 766 544 
536 781 427 512 
902 642 361 213 
488 328 360 286 
249 345 401 358 
503 751 329 552 
321 258 296 677 
434 610 267 432 
786 800 242 515 
531 712 707 518 
465 601 757 325 
714 514 623 268 
474 307 627 570 
787 651 298 276 
821 727 490 549 
897 425 214 751 
658 285 639 243 
899 791 769 533 
829 448 250 228 
649 457 418 380 
550 544 436 267 
553 575 639 588 
472 560 326 306 
333 683 326 399 
546 759 571 768 
