5 11 20
4 50
170 96 85 77 75 77 
170 129 113 103 100 103 
170 161 141 129 125 129 
170 193 170 155 150 155 
170 226 198 180 175 180 
170 258 226 206 200 206 
170 290 255 232 225 232 
170 323 283 258 250 258 
170 355 311 284 275 284 
170 387 340 310 300 310 
100000 6464 5669 5170 5000 5170 
1353 1433 1482 1499 
1444 
1498 
1421 
1484 
1454 
1441 
1492 
1540 
1507 
1420 
1418 
1487 
1552 
1454 
1465 
1443 
1553 
1520 
1438 
1510 
1530 
1544 
1521 
1476 
1468 
1519 
1527 
1412 
1515 
1475 
1493 
1499 
1516 
1531 
1424 
1438 
1501 
1458 
1486 
1499 
1411 
1462 
1476 
1551 
1410 
1541 
1484 
1445 
1502 
1427 
