10 6 20
6 10
340 96 85 77 75 77 85 96 112 130 149 
340 129 113 103 100 103 113 129 149 174 199 
340 161 141 129 125 129 141 161 187 217 249 
340 193 170 155 150 155 170 193 224 261 299 
340 226 198 180 175 180 198 226 262 304 349 
100000 6464 5669 5170 5000 5170 5669 6464 7499 8705 9999 
1353 1433 1482 1499 1482 1433 
1349 1238 1113 1026 
1358 1225 1094 975 
1363 1270 1078 956 
1363 1262 1148 959 
1294 1246 1156 1015 
1363 1286 1171 1038 
1325 1272 1100 965 
1386 1205 1137 1017 
1402 1221 1113 950 
1319 1290 1086 1024 
