50 2 20
16 5
1700 77 75 77 85 96 112 130 149 169 187 203 214 222 225 222 214 203 187 169 150 130 112 96 85 77 75 77 85 96 112 130 149 169 187 203 214 222 225 222 214 203 187 169 150 130 112 96 85 77 75 
100000 5170 5000 5170 5669 6464 7499 8705 9999 11294 12499 13535 14330 14829 15000 14829 14330 13535 12500 11294 10000 8705 7500 6464 5669 5170 5000 5170 5669 6464 7499 8705 9999 11294 12499 13535 14330 14829 15000 14829 14330 13535 12500 11294 10000 8705 7500 6464 5669 5170 5000 
1482 1499 1482 1433 1353 1250 1129 1000 870 750 646 566 517 500 517 566 
641 781 877 1007 1153 1193 1400 1425 1411 1512 1473 1451 1288 1270 1141 1024 841 759 674 583 534 509 498 591 666 714 897 1046 1184 1296 1372 1446 1412 1452 
665 713 905 958 1080 1271 1300 1472 1443 1531 1487 1412 1337 1210 1130 1036 888 725 635 552 513 489 525 563 637 750 912 995 1164 1277 1379 1406 1447 1434 
677 714 884 1005 1182 1236 1361 1475 1447 1532 1437 1424 1364 1230 1129 972 867 781 629 546 524 505 509 576 631 773 873 998 1129 1291 1315 1477 1488 1572 
614 758 896 1009 1152 1285 1320 1415 1539 1537 1475 1448 1342 1244 1129 1015 879 726 641 550 514 486 498 589 663 771 870 981 1142 1208 1360 1457 1523 1532 
663 758 884 992 1074 1257 1355 1458 1430 1470 1447 1388 1310 1304 1161 996 885 717 614 589 509 485 525 588 659 748 836 1038 1132 1235 1392 1370 1556 1548 
