50 6 20
36 10
340 112 130 149 169 187 203 214 222 225 222 214 203 187 169 150 130 112 96 85 77 75 77 85 96 112 130 149 169 187 203 214 222 225 222 214 203 187 169 150 130 112 96 85 77 75 77 85 96 112 130 
340 149 174 199 225 249 270 286 296 300 296 286 270 250 225 200 174 150 129 113 103 100 103 113 129 149 174 199 225 249 270 286 296 300 296 286 270 250 225 200 174 150 129 113 103 100 103 113 129 149 174 
340 187 217 249 282 312 338 358 370 375 370 358 338 312 282 250 217 187 161 141 129 125 129 141 161 187 217 249 282 312 338 358 370 375 370 358 338 312 282 250 217 187 161 141 129 125 129 141 161 187 217 
340 224 261 299 338 374 406 429 444 450 444 429 406 375 338 300 261 225 193 170 155 150 155 170 193 224 261 299 338 374 406 429 444 450 444 429 406 375 338 300 261 225 193 170 155 150 155 170 193 224 261 
340 262 304 349 395 437 473 501 519 525 519 501 473 437 395 350 304 262 226 198 180 175 180 198 226 262 304 349 395 437 473 501 519 525 519 501 473 437 395 350 304 262 226 198 180 175 180 198 226 262 304 
100000 7499 8705 9999 11294 12499 13535 14330 14829 15000 14829 14330 13535 12500 11294 10000 8705 7500 6464 5669 5170 5000 5170 5669 6464 7499 8705 9999 11294 12499 13535 14330 14829 15000 14829 14330 13535 12500 11294 10000 8705 7500 6464 5669 5170 5000 5170 5669 6464 7499 8705 
1250 1129 1000 870 750 646 566 517 500 517 566 646 749 870 999 1129 1249 1353 1433 1482 1499 1482 1433 1353 1250 1129 1000 870 750 646 566 517 500 517 566 646 
740 913 990 1094 1263 1288 1433 1471 1484 1441 1394 1297 1232 1075 
786 872 985 1162 1244 1391 1424 1434 1506 1440 1503 1334 1234 1154 
770 831 986 1087 1287 1327 1429 1490 1572 1557 1470 1339 1206 1087 
732 894 1004 1149 1238 1414 1423 1441 1564 1514 1477 1293 1243 1093 
785 829 1036 1177 1294 1388 1428 1412 1553 1493 1379 1407 1219 1157 
739 861 1014 1114 1273 1316 1467 1476 1430 1555 1493 1376 1265 1078 
765 845 956 1122 1283 1308 1384 1552 1508 1423 1378 1409 1198 1181 
756 850 953 1092 1231 1292 1471 1409 1429 1492 1403 1290 1263 1098 
773 902 964 1157 1307 1398 1440 1450 1463 1542 1458 1341 1310 1134 
761 874 1046 1155 1289 1362 1420 1520 1573 1454 1417 1312 1256 1160 
