10 6 20
4 50
340 85 77 75 77 85 96 112 130 149 169 
340 113 103 100 103 113 129 149 174 199 225 
340 141 129 125 129 141 161 187 217 249 282 
340 170 155 150 155 170 193 224 261 299 338 
340 198 180 175 180 198 226 262 304 349 395 
100000 5669 5170 5000 5170 5669 6464 7499 8705 9999 11294 
1433 1482 1499 1482 
1307 1495 1318 1263 910 881 
1398 1575 1397 957 836 750 
1205 1147 1075 1059 1116 763 
1607 1575 1050 1124 990 846 
1282 1126 1215 995 1009 991 
1694 1128 1375 1276 880 810 
1462 1334 1146 1183 855 962 
1608 1116 1141 1242 869 791 
1615 1238 1080 1077 1034 930 
1699 1138 1050 1338 818 895 
1621 1391 1148 1025 950 701 
1497 1431 1244 1059 1000 937 
1227 1197 1385 1008 1050 699 
1687 1118 1462 952 980 963 
1289 1418 1109 1027 830 926 
1572 1127 1265 1173 891 752 
1398 1208 1454 1077 1171 835 
1218 1450 1444 1333 905 897 
1236 1398 1071 1097 1102 861 
1687 1616 1021 1010 914 888 
1209 1131 1267 1106 904 971 
1673 1085 1470 1006 1038 967 
1681 1192 1101 1007 875 808 
1167 1407 1055 1133 968 750 
1529 1115 1190 1161 855 962 
1253 1420 1433 906 1162 1032 
1643 1274 1253 971 1039 903 
1519 1433 1388 1204 1094 725 
1467 1351 1152 1083 1179 752 
1377 1157 1372 1074 1189 919 
1673 1512 1453 1031 1091 699 
1608 1370 1208 1281 836 706 
1635 1496 1257 1089 1183 715 
1544 1126 1125 1128 1102 927 
1343 1223 1336 1066 1111 969 
1376 1577 1496 1017 960 839 
1605 1374 1329 1188 877 742 
1575 1177 1429 911 840 725 
1258 1606 1010 970 888 763 
1458 1451 1096 1296 1116 1009 
1311 1342 1403 1218 874 842 
1488 1615 1450 1302 940 817 
1550 1338 1259 999 997 863 
1602 1225 1208 1062 1048 803 
1232 1236 1147 1051 1043 835 
1306 1585 1254 1133 1124 1006 
1456 1575 1192 936 1028 757 
1285 1275 1336 1102 965 996 
1348 1144 1221 973 1112 871 
1361 1450 1218 1052 839 723 
