5 11 20
4 100
170 77 75 77 85 96 
170 103 100 103 113 129 
170 129 125 129 141 161 
170 155 150 155 170 193 
170 180 175 180 198 226 
170 206 200 206 226 258 
170 232 225 232 255 290 
170 258 250 258 283 323 
170 284 275 284 311 355 
170 310 300 310 340 387 
100000 5170 5000 5170 5669 6464 
1482 1499 1482 1433 
1436 
1975 
1354 
2106 
1617 
1672 
1387 
1851 
1450 
1046 
560 
1501 
1634 
1960 
1690 
667 
1054 
802 
1574 
1542 
1596 
1432 
1484 
1545 
1591 
556 
1297 
1014 
953 
1330 
1533 
1733 
1339 
1313 
1105 
2129 
1667 
837 
2072 
670 
1540 
655 
1056 
1915 
1556 
804 
1381 
1023 
1676 
2057 
1204 
1270 
1246 
772 
1463 
1394 
1851 
1247 
1897 
819 
1977 
668 
1340 
1820 
901 
1607 
1435 
1441 
778 
670 
697 
955 
1619 
1753 
836 
1341 
862 
873 
894 
1159 
1968 
789 
1091 
1051 
1525 
749 
1710 
2022 
1519 
1718 
1020 
1713 
1636 
1650 
1945 
1807 
2005 
1672 
620 
1555 
