20 11 20
11 100
170 77 85 96 112 130 149 169 187 203 214 222 225 222 214 203 187 169 150 130 112 
170 103 113 129 149 174 199 225 249 270 286 296 300 296 286 270 250 225 200 174 150 
170 129 141 161 187 217 249 282 312 338 358 370 375 370 358 338 312 282 250 217 187 
170 155 170 193 224 261 299 338 374 406 429 444 450 444 429 406 375 338 300 261 225 
170 180 198 226 262 304 349 395 437 473 501 519 525 519 501 473 437 395 350 304 262 
170 206 226 258 299 348 399 451 499 541 573 593 600 593 573 541 500 451 400 348 300 
170 232 255 290 337 391 449 508 562 609 644 667 675 667 644 609 562 508 450 391 337 
170 258 283 323 374 435 499 564 624 676 716 741 750 741 716 676 625 564 500 435 375 
170 284 311 355 412 478 549 621 687 744 788 815 825 815 788 744 687 621 550 478 412 
170 310 340 387 449 522 599 677 749 812 859 889 900 889 859 812 750 677 600 522 450 
100000 5170 5669 6464 7499 8705 9999 11294 12499 13535 14330 14829 15000 14829 14330 13535 12500 11294 10000 8705 7500 
1482 1433 1353 1250 1129 1000 870 750 646 566 517 
400 577 455 555 655 974 1188 1059 1150 
493 531 647 651 763 780 1127 1171 1360 
515 415 463 633 811 729 893 933 1397 
493 559 495 725 729 909 1111 922 1418 
511 619 600 520 826 731 1044 963 1390 
514 490 626 726 838 912 1124 1190 1151 
484 533 542 538 657 756 888 1298 1341 
584 584 667 655 638 756 917 1125 1378 
449 579 655 610 653 778 1006 1322 1285 
519 490 648 624 842 881 1137 1071 1096 
525 578 643 689 614 901 1035 1000 1233 
566 485 567 728 711 748 883 1019 1378 
564 605 507 614 730 771 914 1134 1027 
540 535 673 686 810 1023 1039 1145 1189 
438 475 467 738 835 995 845 1031 1209 
448 424 520 652 785 889 1154 1157 1386 
434 433 635 574 884 889 1044 1195 1472 
451 603 664 518 800 1005 1002 1183 1242 
481 455 504 549 765 819 1107 1076 1236 
469 605 498 773 710 963 808 1046 1269 
440 576 474 554 646 995 936 1011 1332 
409 487 513 740 615 774 1185 968 1187 
587 470 526 553 858 846 888 1259 1247 
402 502 480 569 630 922 1064 1352 1169 
485 587 666 533 794 995 925 1001 1307 
570 430 527 533 665 965 868 1337 1288 
481 509 549 628 752 746 1034 1288 1399 
528 586 519 709 808 736 1152 1092 1015 
561 475 662 672 871 883 1121 1159 1445 
535 562 637 556 613 976 845 1012 1369 
586 578 653 528 723 1041 809 1182 1117 
453 577 456 635 861 944 961 1273 1122 
597 431 495 534 675 917 1164 1148 1289 
448 559 490 546 652 746 1041 986 1422 
463 427 499 631 850 944 902 1172 1347 
481 548 465 547 773 813 1132 1349 1144 
497 579 667 600 643 768 1098 1117 1094 
407 617 631 664 828 960 1156 938 1201 
476 469 570 607 824 887 1055 1343 1196 
524 547 554 759 840 929 1095 1306 1342 
594 481 571 519 699 860 1107 973 1171 
527 610 582 534 893 758 1114 1268 1164 
438 476 543 706 807 1039 1130 1330 1367 
451 531 646 592 832 835 930 1168 1412 
425 510 515 550 607 928 832 1040 1158 
500 619 610 665 879 898 1110 1071 1371 
505 595 455 696 613 837 1076 1076 1074 
463 617 517 642 619 1004 1146 1240 1351 
470 490 520 617 804 742 829 910 1244 
581 502 489 705 677 1003 839 1146 1196 
500 432 512 628 881 917 1005 1177 1359 
594 543 529 752 743 796 1056 1224 1109 
549 598 481 613 731 813 890 1238 1177 
475 456 463 771 628 944 899 996 1464 
520 548 674 533 827 1005 839 1085 1471 
529 414 609 625 683 976 1053 1048 1492 
505 548 550 751 854 712 971 1217 1064 
437 465 660 566 796 891 1148 1169 1374 
408 462 625 628 752 1043 1157 938 1240 
428 594 467 599 796 726 1053 1110 1064 
506 423 664 683 894 840 1061 996 1294 
445 555 545 720 634 1037 1015 1259 1314 
544 599 584 702 875 863 1074 1226 1113 
557 548 543 701 893 851 807 1161 1028 
552 588 552 606 748 739 934 1332 1111 
590 610 547 539 614 760 931 1302 1430 
545 426 612 772 789 829 1195 1086 1274 
424 485 550 693 812 1015 1164 937 1324 
544 547 527 723 830 833 919 1164 1136 
517 610 647 740 631 1000 1099 943 1055 
518 417 471 636 690 806 1085 1171 1026 
592 435 539 522 755 976 1179 1330 1418 
503 603 531 731 804 1040 1022 1191 1393 
476 472 564 708 647 913 1156 959 1361 
453 498 621 693 885 965 880 1064 1343 
490 618 461 762 764 966 940 1066 1032 
473 584 679 627 644 1039 1146 1052 1131 
410 561 628 656 803 946 941 1059 1346 
422 556 524 594 738 713 899 1236 1281 
400 428 646 675 684 735 1014 1237 1285 
529 524 563 623 897 888 934 916 1482 
433 596 494 558 744 951 1143 1242 1003 
539 618 514 711 744 998 860 1325 1157 
512 496 541 703 603 772 800 1346 1485 
593 469 546 680 676 824 1192 914 1267 
547 514 457 530 786 946 823 1110 1298 
573 497 676 633 797 727 977 1126 1171 
457 413 612 559 700 1031 1060 1052 1066 
497 581 493 546 763 1043 1004 1129 1484 
526 582 483 760 795 819 989 1241 1298 
560 441 493 728 745 877 945 1033 1401 
584 508 679 767 807 1027 943 1181 1382 
595 546 548 576 744 997 900 982 1281 
426 421 571 737 874 1001 824 1015 1077 
497 503 654 715 795 783 1064 1102 1327 
409 447 505 623 718 814 1159 1031 1362 
555 515 510 582 866 731 996 1168 1458 
458 615 529 523 647 753 940 1069 1242 
483 605 564 767 658 886 1140 1345 1320 
502 591 642 685 630 788 813 910 1259 
