5 2 20
3 100
1700 96 85 77 75 77 
100000 6464 5669 5170 5000 5170 
1353 1433 1482 
1547 1359 
1664 1622 
1397 1475 
1530 1273 
1389 1490 
1553 1489 
1399 1480 
1464 1685 
1696 1271 
1415 1636 
1371 1441 
1559 1464 
1614 1263 
1313 1372 
1337 1508 
1291 1774 
1205 1323 
1580 1212 
1782 1276 
1745 1603 
1645 1774 
1649 1589 
1571 1222 
1257 1189 
1457 1544 
1518 1487 
1486 1688 
1496 1202 
1366 1564 
1635 1748 
1397 1205 
1751 1277 
1572 1568 
1204 1187 
1253 1262 
1264 1423 
1660 1560 
1525 1529 
1693 1510 
1769 1587 
1325 1441 
1749 1596 
1295 1425 
1271 1738 
1330 1730 
1469 1501 
1237 1291 
1239 1276 
1680 1257 
1725 1437 
1791 1336 
1432 1342 
1230 1307 
1444 1565 
1438 1393 
1545 1707 
1709 1377 
1296 1250 
1610 1660 
1281 1745 
1781 1391 
1780 1768 
1457 1616 
1253 1330 
1519 1465 
1535 1240 
1237 1235 
1699 1657 
1707 1602 
1278 1342 
1733 1527 
1436 1246 
1575 1305 
1356 1499 
1497 1450 
1231 1362 
1550 1496 
1341 1295 
1512 1274 
1398 1275 
1431 1614 
1634 1636 
1684 1715 
1421 1755 
1200 1380 
1700 1672 
1764 1218 
1601 1367 
1446 1305 
1532 1593 
1281 1469 
1329 1598 
1621 1344 
1533 1775 
1515 1562 
1786 1227 
1518 1259 
1427 1273 
1686 1585 
1662 1302 
