20 2 20
7 100
1700 150 130 112 96 85 77 75 77 85 96 112 130 149 169 187 203 214 222 225 222 
100000 10000 8705 7500 6464 5669 5170 5000 5170 5669 6464 7499 8705 9999 11294 12499 13535 14330 14829 15000 14829 
1000 1129 1249 1353 1433 1482 1499 
1819 2138 788 1451 848 789 1134 990 818 694 403 372 815 
681 592 967 1539 1219 1355 362 998 523 423 465 747 763 
1850 2217 1787 1093 1270 835 803 447 758 362 259 594 271 
969 1006 1237 1001 1554 1332 561 1117 674 796 618 594 689 
676 591 1068 1592 577 1531 404 991 941 285 475 336 609 
1524 1090 1879 559 1104 466 1002 801 870 677 763 461 320 
763 1689 1086 615 1022 716 1258 1080 452 234 464 426 687 
2057 859 1420 655 653 1529 1294 408 460 670 240 552 715 
2298 1523 1679 635 505 982 1211 831 1011 370 599 548 622 
1306 1166 844 1811 1767 778 908 419 1030 681 657 358 328 
946 2251 971 652 824 1386 475 725 988 682 527 247 794 
1605 2069 1247 1903 1205 1246 945 731 561 776 492 328 232 
821 830 1790 1661 1697 698 1101 445 307 782 383 727 242 
1074 2237 1558 1460 993 1480 358 753 325 268 665 251 708 
800 2256 1998 1326 590 629 708 457 759 452 546 732 807 
1878 704 1942 1066 1069 542 1012 715 780 242 425 632 553 
1813 1385 1901 1095 1484 410 678 774 387 851 645 533 716 
1859 795 1599 703 1676 780 645 458 546 845 353 201 347 
941 986 744 967 501 496 947 1083 403 575 534 522 660 
2068 2268 872 1774 1027 923 1253 880 419 235 242 340 326 
737 2192 1888 688 1466 1207 386 728 450 307 250 594 622 
1527 788 1827 535 763 1126 1285 361 275 527 707 749 341 
972 1763 1926 618 834 1012 713 879 786 392 667 542 793 
1038 1498 681 1457 1251 1385 1026 984 767 723 448 667 804 
1426 2209 1341 1146 1572 1370 814 314 780 679 280 211 446 
622 1602 2054 1568 1106 1570 502 1187 1029 329 454 328 471 
1120 997 2120 1683 1381 970 962 788 338 731 568 293 548 
1142 2008 1325 1235 749 927 416 582 839 723 793 365 501 
1348 727 1532 1737 970 407 378 682 972 681 426 262 312 
1153 1377 2009 1154 780 793 1308 337 388 392 412 560 371 
861 1386 883 1191 573 706 904 382 735 787 333 506 423 
1959 1587 1740 1102 1449 762 1135 1088 879 560 528 302 463 
1206 1131 1052 939 1541 1073 376 391 968 567 672 339 721 
924 1186 1471 1847 486 1288 948 1052 394 257 503 449 402 
1856 634 1654 1861 545 1093 488 773 827 744 721 419 488 
2105 2199 1359 1534 1627 1218 377 856 620 247 585 668 740 
1232 1655 693 1480 841 910 814 1136 886 768 581 450 298 
1151 1650 722 950 1210 1042 507 974 941 518 418 378 666 
1983 780 1364 937 646 833 1085 493 993 776 228 485 612 
1519 1420 613 1924 662 955 555 490 599 691 513 783 617 
802 586 1491 1329 1440 1501 1200 629 708 269 574 518 370 
1512 1611 1683 680 1575 1598 942 488 1017 823 352 503 615 
2018 1529 1005 1984 529 700 541 508 933 308 748 572 386 
1047 2027 1982 1978 1185 717 962 885 507 465 713 342 548 
1088 1250 1756 971 508 572 1184 1195 464 452 626 204 472 
2139 722 1157 1205 963 832 409 518 800 415 383 670 797 
1079 2050 1964 1605 751 1196 1248 799 662 413 320 241 646 
606 1636 991 963 783 1205 559 421 558 296 323 670 370 
690 1255 1378 1055 1458 1118 607 964 406 811 761 693 804 
940 1853 890 1076 1563 546 935 467 299 247 510 247 507 
604 2147 865 1281 1681 1096 1296 1067 908 313 767 793 793 
1653 798 1223 945 1343 921 887 808 609 529 673 635 421 
1758 1176 1364 1229 669 1525 1168 713 282 438 623 760 685 
2202 1398 1522 1811 518 795 648 1091 743 608 532 780 324 
1871 1469 1361 783 860 1322 925 602 259 364 684 650 611 
1002 1796 2107 1415 1089 1555 724 992 697 298 317 775 757 
2304 1689 2023 1240 584 823 909 459 298 512 655 772 363 
1729 1206 1878 656 566 1457 512 480 532 807 549 282 823 
822 1430 1989 863 1791 1229 604 872 779 467 336 569 795 
1295 2148 1689 1940 1464 1565 723 351 840 705 247 702 759 
1129 1986 742 1646 853 1064 423 845 546 618 306 326 792 
1833 1008 1540 1284 526 962 728 543 474 277 648 661 248 
788 1616 1277 1684 1784 1357 1036 462 829 843 695 650 336 
2033 1477 2134 1723 689 1136 1302 446 649 301 340 328 514 
1717 1147 901 692 1198 1361 518 508 709 446 747 779 680 
1855 1608 541 947 814 689 1133 464 825 830 540 292 414 
600 2233 1969 669 1655 907 1249 334 764 906 245 239 484 
1811 1705 1676 726 723 1540 512 501 478 813 676 780 698 
611 1549 2008 1196 1550 1573 840 898 714 382 699 794 310 
1534 1792 609 1846 1588 1344 603 841 972 610 222 436 667 
1837 941 1931 1754 827 413 894 929 1021 460 311 699 425 
2350 2010 1380 1737 812 511 1297 1047 799 560 555 559 459 
1787 2221 2078 1523 612 579 1099 722 1034 292 302 322 255 
2025 2023 1812 742 1607 1035 383 358 565 545 539 520 362 
1564 779 735 723 1666 1467 837 978 434 318 819 521 560 
2273 1189 693 1516 1656 1450 381 1011 727 270 804 788 594 
1595 1873 1852 960 1433 1116 850 468 963 894 381 575 791 
977 1311 643 1565 1160 554 1134 605 533 238 392 775 824 
1887 2041 1344 587 1503 761 829 1160 659 430 359 774 426 
1470 1989 2020 1934 1491 858 579 903 929 797 333 720 347 
1829 1215 1255 1086 750 1337 504 1014 580 906 255 392 660 
2056 2061 1282 532 876 1573 714 907 456 711 633 454 589 
878 1707 1790 712 1610 1503 891 853 494 795 448 765 298 
2201 802 1541 717 1349 633 1027 945 986 443 585 354 698 
802 1951 2059 1963 511 661 561 554 833 474 671 559 364 
1500 680 579 563 1131 883 1273 569 808 449 219 506 333 
1534 791 1755 1650 714 1080 1025 1026 728 527 557 685 330 
1111 2018 1144 1704 800 1215 829 535 310 634 795 316 614 
2205 654 658 1714 703 1262 714 856 463 680 752 288 584 
2369 1085 728 1481 643 1167 1349 1193 359 815 268 754 725 
1558 1936 1065 866 984 826 653 630 969 338 560 736 719 
1003 858 811 1253 1426 621 941 462 445 444 788 265 378 
2317 706 1153 1330 1070 1572 1016 974 507 782 493 402 292 
1259 1420 2062 1783 1673 633 1392 386 325 459 324 443 318 
616 1064 2028 1830 840 1549 750 405 547 406 264 312 442 
955 1507 1456 1190 693 963 1124 775 799 281 443 372 318 
664 952 1800 778 644 1557 507 1139 365 668 794 459 641 
1705 1399 695 1985 1463 1221 494 1008 917 254 622 593 279 
2093 1840 741 1158 1169 693 691 595 467 261 277 513 546 
746 620 1924 1935 1605 658 809 1132 358 669 763 542 369 
