50 11 20
16 10
170 112 130 149 169 187 203 214 222 225 222 214 203 187 169 150 130 112 96 85 77 75 77 85 96 112 130 149 169 187 203 214 222 225 222 214 203 187 169 150 130 112 96 85 77 75 77 85 96 112 130 
170 149 174 199 225 249 270 286 296 300 296 286 270 250 225 200 174 150 129 113 103 100 103 113 129 149 174 199 225 249 270 286 296 300 296 286 270 250 225 200 174 150 129 113 103 100 103 113 129 149 174 
170 187 217 249 282 312 338 358 370 375 370 358 338 312 282 250 217 187 161 141 129 125 129 141 161 187 217 249 282 312 338 358 370 375 370 358 338 312 282 250 217 187 161 141 129 125 129 141 161 187 217 
170 224 261 299 338 374 406 429 444 450 444 429 406 375 338 300 261 225 193 170 155 150 155 170 193 224 261 299 338 374 406 429 444 450 444 429 406 375 338 300 261 225 193 170 155 150 155 170 193 224 261 
170 262 304 349 395 437 473 501 519 525 519 501 473 437 395 350 304 262 226 198 180 175 180 198 226 262 304 349 395 437 473 501 519 525 519 501 473 437 395 350 304 262 226 198 180 175 180 198 226 262 304 
170 299 348 399 451 499 541 573 593 600 593 573 541 500 451 400 348 300 258 226 206 200 206 226 258 299 348 399 451 499 541 573 593 600 593 573 541 500 451 400 348 300 258 226 206 200 206 226 258 299 348 
170 337 391 449 508 562 609 644 667 675 667 644 609 562 508 450 391 337 290 255 232 225 232 255 290 337 391 449 508 562 609 644 667 675 667 644 609 562 508 450 391 337 290 255 232 225 232 255 290 337 391 
170 374 435 499 564 624 676 716 741 750 741 716 676 625 564 500 435 375 323 283 258 250 258 283 323 374 435 499 564 624 676 716 741 750 741 716 676 625 564 500 435 375 323 283 258 250 258 283 323 374 435 
170 412 478 549 621 687 744 788 815 825 815 788 744 687 621 550 478 412 355 311 284 275 284 311 355 412 478 549 621 687 744 788 815 825 815 788 744 687 621 550 478 412 355 311 284 275 284 311 355 412 478 
170 449 522 599 677 749 812 859 889 900 889 859 812 750 677 600 522 450 387 340 310 300 310 340 387 449 522 599 677 749 812 859 889 900 889 859 812 750 677 600 522 450 387 340 310 300 310 340 387 449 522 
100000 7499 8705 9999 11294 12499 13535 14330 14829 15000 14829 14330 13535 12500 11294 10000 8705 7500 6464 5669 5170 5000 5170 5669 6464 7499 8705 9999 11294 12499 13535 14330 14829 15000 14829 14330 13535 12500 11294 10000 8705 7500 6464 5669 5170 5000 5170 5669 6464 7499 8705 
1250 1129 1000 870 750 646 566 517 500 517 566 646 749 870 999 1129 
1221 1404 1486 1469 1530 1423 1467 1400 1221 1174 1005 889 717 640 549 541 521 504 567 623 757 855 1016 1100 1301 1357 1459 1555 1562 1518 1444 1325 1262 1110 
1271 1300 1468 1475 1489 1538 1364 1391 1244 1120 1004 872 776 661 544 529 510 504 560 643 786 860 974 1177 1229 1365 1409 1450 1470 1534 1411 1418 1243 1086 
1193 1352 1463 1424 1455 1452 1462 1326 1300 1173 962 877 726 666 540 499 494 505 556 639 742 880 1023 1076 1305 1420 1396 1492 1457 1486 1487 1310 1201 1123 
1272 1289 1372 1466 1461 1448 1377 1333 1216 1137 1028 863 746 659 583 541 513 522 543 632 758 902 1039 1096 1209 1400 1465 1426 1459 1449 1474 1353 1250 1170 
1283 1349 1448 1479 1497 1512 1436 1351 1231 1182 1001 909 720 661 572 496 516 493 555 668 762 845 1048 1165 1218 1340 1411 1494 1465 1530 1428 1357 1215 1117 
1302 1323 1458 1516 1484 1526 1388 1329 1233 1096 970 888 719 656 539 518 511 539 543 630 759 855 1049 1125 1273 1351 1376 1487 1564 1509 1397 1356 1301 1103 
1273 1308 1416 1513 1489 1528 1471 1419 1226 1184 1019 897 776 666 562 508 491 521 548 675 715 904 979 1144 1209 1383 1411 1510 1499 1505 1489 1319 1295 1156 
1198 1306 1369 1443 1431 1411 1500 1376 1299 1158 993 864 748 643 591 510 513 539 553 659 771 900 1021 1125 1224 1371 1425 1419 1540 1442 1490 1302 1213 1159 
1299 1403 1381 1446 1438 1527 1405 1349 1270 1118 1012 907 767 667 576 507 497 512 562 626 734 896 989 1110 1243 1357 1369 1475 1548 1552 1440 1407 1264 1125 
1259 1401 1491 1467 1516 1496 1402 1313 1205 1139 1043 830 729 665 547 491 475 540 584 660 743 852 1016 1099 1293 1337 1363 1541 1574 1504 1466 1315 1247 1097 
