5 2 20
3 100
1700 112 96 85 77 75 
100000 7500 6464 5669 5170 5000 
1249 1353 1433 
1594 2136 
1840 1777 
2072 814 
1509 2223 
1407 2087 
1582 1560 
1623 1639 
1430 1943 
1827 787 
2168 1851 
1898 2260 
2044 857 
1460 2293 
983 1807 
1198 796 
1337 1130 
2025 1882 
1661 2091 
2022 1302 
818 2114 
904 1479 
2123 1581 
1271 2090 
1005 1443 
2136 1472 
1076 1043 
698 1829 
1143 1290 
1403 1291 
1622 1184 
2005 1813 
1361 1817 
1924 1568 
1294 2281 
834 808 
1948 1581 
767 670 
2339 1784 
991 2275 
1505 1327 
746 1812 
1312 688 
874 1561 
1115 2154 
1625 1932 
692 693 
1917 1676 
2049 1656 
890 1958 
1587 1125 
1689 1835 
596 631 
2307 636 
672 1043 
1893 1981 
1337 2377 
2011 742 
2027 1111 
1019 1681 
852 954 
1960 664 
1167 1657 
1902 2396 
2337 1624 
914 1960 
1775 2295 
2148 2327 
632 1467 
2105 2294 
1071 1329 
1246 1839 
1744 2168 
2001 742 
760 2131 
1226 1454 
2087 987 
1077 1077 
850 1294 
873 1423 
2216 1294 
1039 2227 
1260 1756 
1278 1072 
1648 1284 
917 1108 
2312 2306 
1383 1523 
1468 2271 
953 636 
2335 1260 
1310 991 
2266 2348 
1815 1306 
1271 1713 
1022 655 
956 632 
922 1553 
1390 2167 
1423 1302 
729 1273 
