50 2 20
16 5
1700 75 77 85 96 112 130 149 169 187 203 214 222 225 222 214 203 187 169 150 130 112 96 85 77 75 77 85 96 112 130 149 169 187 203 214 222 225 222 214 203 187 169 150 130 112 96 85 77 75 77 
100000 5000 5170 5669 6464 7499 8705 9999 11294 12499 13535 14330 14829 15000 14829 14330 13535 12500 11294 10000 8705 7500 6464 5669 5170 5000 5170 5669 6464 7499 8705 9999 11294 12499 13535 14330 14829 15000 14829 14330 13535 12500 11294 10000 8705 7500 6464 5669 5170 5000 5170 
1499 1482 1433 1353 1250 1129 1000 870 750 646 566 517 500 517 566 646 
768 1220 1273 526 503 608 1937 2179 855 1357 2187 1075 1704 1473 846 1216 1041 491 445 797 399 721 627 684 718 638 1368 1646 1214 1065 805 1315 1840 1294 
830 1031 720 765 1621 2162 1049 1632 657 1792 2292 759 947 1661 1569 618 1150 557 723 640 356 351 689 844 511 674 579 554 1316 893 2290 1768 2282 2333 
1040 505 1261 1065 765 558 1612 1834 2071 1820 1588 852 1118 944 532 604 926 526 352 474 522 673 753 567 1098 918 480 1665 614 1361 2128 1228 1377 1052 
366 1281 1216 1733 1542 593 755 1698 1306 673 2181 2116 1258 746 1496 827 324 949 597 511 506 599 881 777 880 734 1470 1489 1599 1901 1781 1450 2009 906 
1171 971 923 492 1336 1514 1333 2352 1833 1304 2140 1695 1868 728 463 951 801 382 652 346 492 734 779 866 984 609 1297 704 627 897 1262 1261 1618 835 
