10 2 20
8 100
1700 85 77 75 77 85 96 112 130 149 169 
100000 5669 5170 5000 5170 5669 6464 7499 8705 9999 11294 
1433 1482 1499 1482 1433 1353 1250 1129 
960 895 
1009 854 
957 853 
1023 895 
960 897 
1042 884 
984 882 
975 904 
958 849 
1029 854 
1025 883 
975 862 
953 861 
1012 862 
1038 900 
1010 876 
1048 852 
1032 902 
973 895 
989 889 
1029 860 
950 830 
997 860 
953 846 
1029 873 
1041 879 
1006 880 
966 873 
986 861 
987 913 
1021 871 
1002 892 
983 835 
951 827 
976 886 
1012 871 
978 864 
1042 827 
987 831 
982 850 
1018 857 
966 852 
1018 832 
978 912 
1049 893 
965 913 
1022 851 
978 831 
1002 902 
1039 850 
985 847 
994 900 
974 890 
967 903 
1041 899 
976 859 
999 850 
1004 845 
989 908 
1010 867 
995 886 
967 872 
986 872 
998 858 
1011 837 
1018 892 
1037 831 
1032 872 
956 900 
1021 875 
963 851 
1044 909 
1014 892 
997 893 
968 868 
959 901 
1047 842 
963 850 
981 910 
1023 884 
992 845 
955 844 
993 830 
1023 862 
1034 848 
1044 871 
984 852 
995 874 
979 832 
1038 912 
1028 852 
1021 832 
1003 837 
967 872 
996 884 
1007 829 
995 856 
965 905 
1036 868 
958 870 
