20 6 20
7 5
340 130 112 96 85 77 75 77 85 96 112 130 149 169 187 203 214 222 225 222 214 
340 174 150 129 113 103 100 103 113 129 149 174 199 225 249 270 286 296 300 296 286 
340 217 187 161 141 129 125 129 141 161 187 217 249 282 312 338 358 370 375 370 358 
340 261 225 193 170 155 150 155 170 193 224 261 299 338 374 406 429 444 450 444 429 
340 304 262 226 198 180 175 180 198 226 262 304 349 395 437 473 501 519 525 519 501 
100000 8705 7500 6464 5669 5170 5000 5170 5669 6464 7499 8705 9999 11294 12499 13535 14330 14829 15000 14829 14330 
1129 1249 1353 1433 1482 1499 1482 
1404 1297 1192 1168 973 894 720 646 594 525 490 503 556 
1472 1305 1287 1101 957 846 779 622 564 520 477 496 580 
1384 1327 1301 1169 1014 846 755 669 580 507 486 494 592 
1381 1348 1213 1076 974 875 733 621 556 535 502 527 562 
1475 1315 1245 1086 1015 839 723 677 577 494 497 510 583 
