5 6 20
4 50
340 75 77 85 96 112 
340 100 103 113 129 149 
340 125 129 141 161 187 
340 150 155 170 193 224 
340 175 180 198 226 262 
100000 5000 5170 5669 6464 7499 
1499 1482 1433 1353 
1823 
1371 
629 
1125 
1145 
873 
637 
1319 
644 
1427 
935 
1688 
1309 
1426 
1528 
918 
1227 
918 
589 
1309 
807 
1510 
545 
1566 
1711 
1132 
1113 
1767 
767 
851 
1164 
1329 
1890 
1199 
563 
1552 
748 
701 
1369 
1074 
1221 
1086 
1047 
1809 
1897 
1852 
1069 
1698 
1129 
655 
