50 2 20
16 100
1700 96 85 77 75 77 85 96 112 130 149 169 187 203 214 222 225 222 214 203 187 169 150 130 112 96 85 77 75 77 85 96 112 130 149 169 187 203 214 222 225 222 214 203 187 169 150 130 112 96 85 
100000 6464 5669 5170 5000 5170 5669 6464 7499 8705 9999 11294 12499 13535 14330 14829 15000 14829 14330 13535 12500 11294 10000 8705 7500 6464 5669 5170 5000 5170 5669 6464 7499 8705 9999 11294 12499 13535 14330 14829 15000 14829 14330 13535 12500 11294 10000 8705 7500 6464 5669 
1353 1433 1482 1499 1482 1433 1353 1250 1129 1000 870 750 646 566 517 500 
346 354 313 688 1217 545 1084 881 1415 2091 1221 1767 1466 1837 1066 791 961 1417 1056 351 1023 548 376 395 570 714 717 907 670 684 453 1163 991 1831 
636 721 803 786 585 1111 1331 829 863 2239 1828 1365 2296 1176 889 1926 1634 1464 863 534 337 871 447 420 414 751 855 661 845 738 1058 1539 1754 1720 
708 732 386 1031 1266 1486 1629 793 601 792 1077 1164 747 1602 1341 886 1701 1172 394 764 635 710 363 562 365 767 538 853 1357 558 1544 928 1838 1494 
586 677 827 461 762 1575 878 802 2065 1988 1519 2327 1985 895 2116 933 1610 1016 538 834 683 435 275 279 361 509 768 592 1169 1102 1011 1163 1756 1192 
397 567 382 1147 784 1271 1086 633 1573 1299 1179 1793 1347 1570 759 1842 954 500 1152 1187 856 808 563 277 788 751 992 784 859 1246 1256 1387 1020 1508 
750 681 515 749 578 1347 651 1388 648 1675 890 1712 1170 707 1418 1200 1551 1256 1150 408 736 680 715 310 758 284 1000 558 362 1014 1778 807 1538 1809 
288 252 565 365 728 752 812 567 826 960 1862 2316 1965 998 2016 1296 1437 1363 867 670 963 565 556 279 726 816 814 970 597 1117 1505 1428 2152 1562 
229 603 403 814 921 1322 1156 1911 1242 2085 1909 868 1731 1345 1137 1245 700 655 769 1080 459 608 360 706 365 487 682 350 473 1435 690 600 596 1119 
276 694 939 907 728 427 1064 1523 1703 768 2247 1405 1481 1461 1332 1085 581 1195 985 493 569 457 222 792 807 315 830 1123 395 622 612 1876 917 786 
552 630 1006 704 969 1190 1212 953 616 1388 646 2208 700 1830 1147 1214 1257 1491 975 466 466 627 308 554 249 367 297 588 1254 851 757 1368 931 1130 
624 850 662 814 1114 513 1264 1167 2098 1223 1307 1486 976 772 1410 1145 781 1526 417 916 559 517 762 284 665 624 801 466 736 1566 1696 1452 2061 2016 
663 672 478 380 917 695 965 1160 1926 1260 943 1698 767 1482 1876 1812 922 692 857 1061 526 284 672 682 752 432 679 697 1320 716 845 1025 1497 1625 
737 296 398 958 848 721 1263 1470 1329 926 1112 2268 2235 2269 1975 1553 1675 730 1277 642 895 586 524 294 331 459 1001 1124 734 762 821 1416 1655 867 
299 719 676 991 1046 1475 1591 1052 1305 1113 993 2371 1105 2231 1629 1039 914 798 1159 321 684 666 458 350 221 407 956 539 1210 751 1275 1324 1249 602 
785 612 984 552 996 1338 900 1025 1355 1087 630 1328 1334 2229 1936 826 1183 729 1170 423 886 878 517 774 642 588 356 988 397 1253 955 1053 754 586 
278 498 857 615 1302 1194 1290 620 1165 2061 1243 903 2273 1056 745 1977 1620 956 1035 731 334 636 633 264 765 637 276 613 1006 1012 1393 733 1791 1125 
727 359 726 1062 910 634 1162 1486 1082 1049 1380 1925 1737 1566 960 1893 1523 453 1261 1002 931 717 651 714 298 479 435 424 640 1349 859 1377 2097 1701 
286 546 502 508 798 1074 1440 1713 1423 1890 1118 948 1126 1098 1581 656 760 451 703 1037 1023 252 596 745 533 852 752 673 1348 636 1615 939 1450 683 
265 563 987 1044 931 1004 1507 1281 1157 1765 872 2101 1010 1134 2010 1861 860 1077 1355 415 465 439 350 494 583 395 903 869 1251 1461 877 699 740 585 
656 342 581 587 375 545 837 1483 1912 959 939 1678 2355 2054 608 1764 1468 1098 823 431 560 536 287 335 739 795 952 684 506 577 1444 1270 1044 1908 
513 520 651 889 866 853 745 1483 1734 621 2225 1247 2267 1012 1008 977 698 637 760 646 442 232 713 331 491 319 394 793 717 969 531 954 1481 977 
692 349 716 1089 1369 1329 1349 1907 1289 1996 1442 821 1238 1825 590 1206 1782 1389 401 1173 512 678 618 467 722 733 654 364 536 1446 515 1018 1781 1817 
356 830 778 926 746 1448 1453 1487 899 1408 1673 1803 904 898 917 923 1524 647 1247 769 419 233 771 267 714 364 823 369 1259 1114 1401 917 886 2057 
630 231 946 837 573 656 1582 653 1344 1375 1277 2031 1603 981 1793 1292 1433 1132 749 930 683 227 820 491 577 893 739 331 545 1370 944 1966 945 1878 
682 287 798 1042 427 940 916 1876 578 2205 1939 850 1294 1380 660 828 557 1127 580 950 900 403 534 265 486 863 389 523 1024 544 1051 1212 877 1517 
412 764 876 952 677 744 515 1296 2019 1266 882 1104 2203 751 1793 557 1473 1074 588 819 339 542 279 671 779 564 344 1113 541 575 1784 1095 1540 1227 
791 799 580 576 355 1167 1106 1123 1627 2172 702 1479 1546 1475 1045 1660 709 655 1136 760 1010 426 254 454 761 672 444 508 836 724 972 1746 1436 1318 
513 348 294 831 633 1036 1264 660 910 692 667 2059 1306 1565 1830 1492 1465 627 1335 646 725 817 349 453 338 676 741 321 1205 816 1475 1779 937 1563 
768 853 587 363 1118 662 1715 512 1433 2058 2155 893 982 801 867 1852 1238 647 1196 875 607 888 550 698 211 726 607 394 1165 605 725 1452 2024 1237 
467 449 999 651 921 1524 1689 1799 2066 1760 1909 1604 719 1471 549 681 946 1013 1363 1010 694 639 688 616 294 394 996 460 1130 1558 1802 1937 693 1541 
344 544 486 1160 958 668 620 930 1715 1581 882 1309 2266 1796 969 843 875 493 736 590 780 509 272 730 626 486 342 879 1053 1396 1287 507 1518 591 
347 657 726 800 682 458 1304 1378 736 1137 1844 2002 2109 1445 673 1640 1761 1340 385 867 956 294 495 206 423 373 306 670 876 1422 788 956 950 587 
583 705 841 337 361 1170 1040 1405 870 1166 2053 649 2339 1394 821 891 1536 747 793 1147 971 233 444 617 742 454 742 543 779 817 611 1380 1883 1824 
823 430 664 805 806 1564 1729 1471 868 1331 2031 1663 1765 1427 1343 1339 1706 914 1113 338 1007 612 442 466 314 496 598 1076 782 813 567 1856 2103 1991 
765 817 500 881 370 574 954 1050 1277 879 2264 1859 1012 2000 2146 1320 1393 995 1074 1002 650 778 644 399 679 420 709 952 1185 1277 1690 1383 2134 1957 
252 442 358 762 401 874 1672 555 1144 1515 1911 1870 1560 1009 1660 1204 474 1309 1109 945 345 332 773 663 760 662 1023 1132 822 1038 1392 1000 1498 808 
548 667 494 375 585 1221 662 784 1058 593 2137 1451 1821 1924 893 1083 629 1204 1003 1112 662 363 500 484 358 510 669 806 415 561 1221 1595 810 1714 
541 877 728 619 699 688 1630 1688 1482 741 1963 2370 1349 626 1172 1090 1580 1104 661 447 482 278 687 418 474 607 418 845 935 628 1055 1837 1367 1449 
393 228 881 1006 1279 772 1321 1985 688 1126 1689 1520 1963 1996 1600 780 537 1572 505 988 547 318 698 420 413 817 1008 369 825 1461 867 809 1632 1089 
384 483 624 340 724 1577 1686 1666 1529 788 840 842 1218 1693 1706 1504 1417 793 787 590 718 773 670 653 221 513 925 671 737 975 684 1458 1131 639 
390 702 557 1083 955 457 538 1456 2087 1765 1558 2213 1059 2283 1308 533 1673 1281 509 886 916 787 713 633 770 542 638 956 711 554 1065 889 1580 898 
648 516 683 791 857 737 802 654 834 1961 2000 1355 1965 1559 1171 1098 644 1194 480 612 469 871 484 348 694 449 909 839 1204 402 958 1479 1639 1236 
422 503 436 982 1084 615 1214 857 1339 803 2007 915 680 1543 1460 1337 681 784 516 778 973 356 659 566 442 632 700 922 1355 936 1752 1181 1541 1400 
505 389 668 1164 696 416 1323 566 1470 1417 1741 1849 1978 625 1606 1179 586 858 728 1141 363 830 702 433 613 382 621 432 963 767 555 1012 1000 1199 
553 702 628 1131 998 1331 1774 1477 1405 1388 1443 1926 1231 875 1426 1805 998 818 517 690 272 879 745 785 540 598 980 827 923 732 1145 859 906 2068 
408 722 954 907 1102 709 1343 1710 1685 1098 850 1749 2019 2018 968 1267 873 992 402 312 918 751 466 593 641 842 996 567 1282 932 1189 744 1433 847 
225 772 547 641 940 1377 1593 998 2125 1792 617 1685 1941 1822 1235 922 464 1568 434 1123 996 708 797 706 385 313 1032 320 483 990 679 1869 1639 2192 
411 602 564 1053 995 859 1677 1960 822 2186 1123 1524 1840 2257 694 1970 1658 617 941 438 325 875 616 328 351 559 404 1186 914 1186 1245 1390 1909 1922 
746 522 343 1192 432 1285 604 642 1983 1624 1775 1929 1665 2110 1261 1716 853 1191 1233 974 462 719 739 696 530 900 550 321 977 1571 454 1327 1059 1234 
657 676 836 323 880 1348 620 1967 856 1741 2238 1128 1937 1456 1772 672 889 1265 751 785 1011 560 530 244 653 649 773 326 1124 1356 1344 1525 917 2054 
352 622 945 490 555 1348 1144 1834 1426 1393 1808 1441 890 1647 2076 984 1008 714 885 656 396 244 804 212 702 505 914 1140 767 1057 1436 550 2129 2059 
582 235 953 699 535 912 506 1190 2049 1123 1182 1526 1460 2260 1865 820 824 1522 424 1061 914 747 291 495 785 800 763 670 1036 1105 1126 585 1967 1120 
575 601 341 585 436 1574 499 780 1601 1137 717 757 892 1319 1978 1950 968 1313 811 627 949 480 497 725 272 858 894 1109 779 468 1476 1579 974 2199 
544 605 600 737 757 1183 625 1741 793 581 832 1826 2047 1978 1957 817 699 755 741 1076 852 806 244 780 419 442 593 734 489 735 1101 1519 687 757 
808 331 437 994 710 1592 1195 594 1305 1318 1288 1107 2210 2049 1890 516 1805 993 1370 351 569 651 646 292 430 684 844 774 757 426 1373 1853 1553 2079 
596 271 639 324 768 1075 489 1828 1787 1647 1390 1647 1477 2162 960 1280 592 699 982 482 829 700 266 607 331 541 846 716 973 1410 1059 890 1359 1476 
417 463 420 995 1134 1544 1741 1370 606 1398 1726 1357 1922 2135 2137 1480 1472 681 966 475 747 416 765 530 780 710 625 1017 960 1163 1292 1416 968 1588 
706 858 787 542 1178 818 1576 1805 622 2046 866 1225 1129 2231 1364 1197 1517 1446 401 1166 353 723 724 613 375 639 467 346 960 700 756 1418 1148 979 
796 354 1024 841 927 745 1640 1330 960 992 1640 1219 823 2053 822 1875 1177 1532 1375 663 274 598 400 245 719 413 918 1056 1166 987 1047 1806 1811 1909 
249 552 682 739 981 1364 1720 1586 893 1303 1439 1688 2280 1415 1122 728 1051 937 988 881 451 896 628 671 646 395 330 762 1258 1571 1127 1743 1220 1584 
660 528 309 1080 510 1158 997 958 2158 747 1754 1892 2167 980 1030 805 902 1082 438 366 524 766 393 684 762 362 942 897 884 1421 804 508 1563 1170 
472 889 1017 778 564 1068 1442 1957 819 1772 1619 1619 960 1403 1349 677 679 470 794 495 729 446 538 366 224 236 517 364 1041 733 927 1415 888 1124 
555 705 672 495 681 467 1443 1240 2147 962 1745 1616 621 1113 841 1433 1311 1241 821 359 989 700 336 246 555 523 676 677 980 1433 833 613 792 832 
287 764 1025 673 1295 568 1493 534 2099 915 1292 1311 891 1287 1777 1404 1143 1333 1021 863 777 819 760 564 606 848 794 1154 1223 848 587 1385 1497 1011 
558 447 732 876 1035 975 883 1403 1718 1981 1474 702 1835 577 1014 1501 1485 944 1388 644 346 888 563 626 519 866 591 587 1221 954 918 578 1300 1061 
272 883 641 1056 1127 953 1404 893 1982 808 1356 1855 865 1285 561 1678 615 1081 460 868 862 385 536 273 796 896 951 1129 1053 516 1406 510 2154 667 
333 271 342 1138 988 1145 1003 817 592 924 1120 896 1840 1340 1060 1027 1606 888 910 631 922 906 600 447 763 802 805 993 1270 914 749 1728 1861 2013 
276 659 517 307 833 1369 1370 1636 1786 1493 1892 1464 967 1652 1217 1755 1789 972 507 563 308 644 557 697 454 854 413 932 429 561 1042 1330 1046 1720 
414 741 886 677 1010 773 1063 1415 1511 829 1938 1062 2309 884 701 1077 1387 1535 516 808 810 352 560 723 486 362 413 1062 646 799 589 1380 1656 1293 
540 574 458 784 435 1532 981 1901 968 694 1934 1349 1821 1238 1080 681 714 661 597 1150 934 503 219 506 558 753 774 309 1104 910 514 1646 687 1459 
208 791 444 801 1177 1042 968 1802 762 983 1349 1047 1545 911 1796 1229 654 1430 1182 1006 948 529 515 618 811 324 460 912 1045 1338 787 1749 1215 1084 
416 868 324 1085 457 902 1205 594 1854 920 1215 1987 2111 1015 1413 1095 1394 1275 1008 327 770 479 642 203 603 445 568 911 491 1400 635 1650 1583 674 
289 282 856 712 925 428 707 1925 1224 1710 1897 1291 1637 1859 1754 1154 1014 1017 414 764 598 627 599 669 629 828 437 1069 1286 1345 803 1002 1198 1466 
245 698 846 1174 1142 1195 1787 1855 631 1760 1628 2073 2339 1549 543 1043 534 1387 1244 845 920 886 547 224 418 367 670 864 495 1200 1748 1641 545 1946 
764 552 692 1182 1263 1303 1544 1952 1996 975 1076 1059 1919 1017 1109 1924 1451 985 1145 530 748 235 595 297 799 409 322 680 809 1119 1754 1124 1834 2006 
496 233 660 913 677 1572 1803 1009 1085 744 1653 790 2318 1474 2071 1073 1348 982 505 1095 715 886 322 449 653 522 340 343 1028 591 942 569 876 1138 
784 487 456 702 816 637 1442 753 697 618 1137 858 1364 844 1673 1951 1701 1546 425 1056 518 561 540 205 696 457 358 847 979 1412 921 1974 1721 1892 
606 278 961 831 1251 402 969 1040 682 1213 1066 1321 2120 1405 1120 1620 819 1547 977 875 926 849 779 751 699 440 744 904 661 983 605 1945 1912 1485 
280 240 1021 844 540 1201 972 1617 1494 1289 2335 1109 1408 2290 1697 1205 837 1261 1246 656 674 539 448 675 591 699 507 1040 1278 785 1208 1168 2054 1783 
316 535 899 953 990 1316 1318 845 1740 713 2057 1800 1081 1434 1797 957 1193 592 608 1062 263 588 750 677 522 527 610 666 1221 911 831 1371 1165 1417 
347 588 674 1110 1140 1100 1339 599 1585 2171 910 847 1576 1775 1808 1080 827 625 423 1189 861 621 708 360 696 231 312 341 553 770 968 696 1996 1091 
363 631 547 1145 448 1471 1404 771 2146 1324 948 2249 1055 1817 1235 1711 944 1102 1183 628 263 695 505 275 824 801 883 536 1175 706 1725 1203 885 1014 
211 551 467 915 747 442 1281 1138 1169 1764 1537 1113 775 1001 541 1576 1147 631 1112 804 803 898 636 400 407 591 322 492 408 1224 728 894 992 740 
347 248 764 592 663 518 1642 1221 2135 1702 1123 1094 1383 1857 1485 1731 1073 655 582 328 713 903 248 766 556 788 678 1045 727 1551 1665 1123 1948 2292 
255 296 764 677 907 945 1596 1838 1522 2062 1485 605 1948 1823 1364 1161 1006 1506 809 544 598 239 448 426 379 895 389 896 1042 1324 1707 673 1878 1670 
580 444 497 753 552 1016 727 834 1064 1925 2205 792 660 1446 888 1306 953 1099 1327 307 691 653 670 475 480 673 632 495 1384 855 1316 1130 1250 1780 
359 389 998 760 1261 1316 995 1048 2099 2079 693 866 928 2250 1886 972 668 1462 1298 1021 277 761 422 315 419 586 638 533 1258 587 1509 1152 1332 2277 
754 462 1023 414 948 1572 1752 1500 1212 1541 1443 1596 1684 1985 1826 1003 629 1110 1157 940 566 562 411 319 635 695 618 996 980 829 813 1707 1500 2200 
519 340 278 1043 390 1399 1535 1134 1873 1963 2137 1365 1685 1892 1760 743 807 639 811 972 742 526 647 245 796 510 432 549 1301 937 1166 1562 2144 2226 
379 286 590 699 1136 1441 1192 1240 668 1291 1484 1150 843 821 1094 1152 1376 538 867 463 651 426 492 469 389 887 915 665 1380 998 1246 1702 868 2132 
481 424 767 754 956 1100 551 589 1227 1942 1515 1749 1411 1984 1605 1587 882 488 1270 915 813 537 716 309 568 826 344 886 398 641 462 1090 1348 2088 
660 507 606 542 377 1096 1047 1701 2074 940 1770 2362 1032 1728 1428 1224 1110 469 381 513 371 651 661 679 751 887 810 1101 614 1154 586 1164 617 807 
365 881 614 460 1088 1122 887 1861 1488 1863 1813 637 1902 1426 1847 1543 885 1374 1351 1183 1031 769 278 637 523 785 911 896 1237 1506 1149 1533 1698 1076 
347 240 630 480 765 672 1067 790 1424 1960 1546 2255 900 1169 676 1132 853 1484 528 514 640 679 810 295 213 576 605 1184 1278 1066 612 661 1415 986 
266 442 854 432 452 1104 1449 547 1658 1049 1960 1010 1338 1471 1404 515 656 640 895 1193 427 427 426 301 626 233 858 917 733 970 1725 1915 2157 1238 
742 303 984 685 894 1201 489 1717 1536 618 625 2023 1278 2106 2029 1221 1217 864 1352 1049 877 623 468 262 583 568 996 913 687 644 1410 1354 2106 635 
812 520 651 889 854 981 1224 1844 810 784 2234 786 1563 1600 1870 1994 1143 1117 996 913 770 287 627 736 794 383 978 355 1245 1288 713 947 1878 1487 
600 840 322 1178 713 953 1455 1448 1435 869 966 2009 1176 1324 1789 1451 1048 830 827 751 349 375 226 707 412 586 387 743 888 1300 1370 1823 864 1064 
788 693 649 1033 573 1181 481 1390 826 2281 2340 2027 1003 924 897 1211 1785 1121 1287 572 627 546 490 549 481 322 837 940 695 1425 1580 1480 964 1833 
473 578 767 958 799 1396 1538 1850 1374 1635 2349 2020 1064 2053 1342 1048 1591 932 494 535 703 344 575 630 538 885 392 335 885 1385 933 1928 1135 1603 
