50 6 20
16 100
340 85 96 112 130 149 169 187 203 214 222 225 222 214 203 187 169 150 130 112 96 85 77 75 77 85 96 112 130 149 169 187 203 214 222 225 222 214 203 187 169 150 130 112 96 85 77 75 77 85 96 
340 113 129 149 174 199 225 249 270 286 296 300 296 286 270 250 225 200 174 150 129 113 103 100 103 113 129 149 174 199 225 249 270 286 296 300 296 286 270 250 225 200 174 150 129 113 103 100 103 113 129 
340 141 161 187 217 249 282 312 338 358 370 375 370 358 338 312 282 250 217 187 161 141 129 125 129 141 161 187 217 249 282 312 338 358 370 375 370 358 338 312 282 250 217 187 161 141 129 125 129 141 161 
340 170 193 224 261 299 338 374 406 429 444 450 444 429 406 375 338 300 261 225 193 170 155 150 155 170 193 224 261 299 338 374 406 429 444 450 444 429 406 375 338 300 261 225 193 170 155 150 155 170 193 
340 198 226 262 304 349 395 437 473 501 519 525 519 501 473 437 395 350 304 262 226 198 180 175 180 198 226 262 304 349 395 437 473 501 519 525 519 501 473 437 395 350 304 262 226 198 180 175 180 198 226 
100000 5669 6464 7499 8705 9999 11294 12499 13535 14330 14829 15000 14829 14330 13535 12500 11294 10000 8705 7500 6464 5669 5170 5000 5170 5669 6464 7499 8705 9999 11294 12499 13535 14330 14829 15000 14829 14330 13535 12500 11294 10000 8705 7500 6464 5669 5170 5000 5170 5669 6464 
1433 1353 1250 1129 1000 870 750 646 566 517 500 517 566 646 749 870 
976 1115 1285 1385 1446 1511 1507 1491 1379 1304 1310 1087 972 840 773 655 576 537 503 498 595 621 728 862 978 1165 1271 1329 1431 1550 1450 1510 1398 1412 
1035 1099 1219 1358 1457 1546 1545 1522 1500 1415 1199 1104 1030 893 754 677 559 519 512 505 571 635 741 901 984 1114 1294 1308 1392 1500 1524 1506 1395 1330 
992 1179 1279 1353 1472 1535 1513 1542 1444 1371 1307 1167 965 845 780 620 578 533 520 507 572 665 764 851 1047 1078 1249 1317 1501 1528 1562 1539 1401 1311 
1022 1083 1225 1331 1470 1550 1497 1485 1375 1311 1220 1180 1035 884 718 666 571 538 524 500 584 647 727 849 1022 1081 1222 1401 1388 1514 1435 1443 1425 1287 
976 1116 1280 1294 1464 1553 1556 1498 1398 1394 1209 1076 968 838 774 624 549 531 481 518 538 627 749 843 977 1130 1275 1371 1382 1524 1510 1411 1375 1335 
966 1087 1222 1386 1475 1458 1443 1491 1389 1421 1238 1109 1025 874 748 653 563 527 520 542 550 616 728 887 995 1118 1307 1318 1447 1459 1555 1540 1498 1293 
976 1107 1210 1301 1423 1447 1511 1456 1397 1374 1223 1077 1020 900 777 640 571 513 481 522 595 648 771 894 954 1158 1298 1378 1392 1522 1491 1511 1484 1400 
973 1087 1231 1305 1409 1515 1469 1427 1389 1297 1224 1178 1038 913 767 620 560 506 478 511 559 642 714 841 1012 1097 1234 1290 1396 1536 1475 1448 1501 1292 
1014 1150 1289 1404 1392 1474 1437 1495 1403 1355 1224 1157 969 848 779 616 565 535 486 494 575 617 775 878 968 1180 1233 1332 1373 1438 1468 1556 1457 1361 
1022 1124 1287 1290 1420 1543 1474 1474 1399 1416 1300 1170 998 840 780 658 581 507 510 527 562 671 717 912 962 1176 1258 1418 1486 1494 1479 1509 1375 1297 
1040 1079 1249 1408 1450 1529 1469 1539 1484 1373 1284 1132 1007 907 760 665 547 497 480 528 540 667 727 853 983 1150 1225 1402 1401 1432 1472 1462 1430 1336 
997 1171 1310 1410 1394 1515 1451 1412 1397 1343 1229 1162 1044 833 784 617 563 496 510 511 572 626 717 834 1047 1116 1257 1332 1378 1535 1515 1493 1409 1368 
1032 1105 1219 1373 1370 1428 1462 1503 1450 1386 1196 1153 973 906 775 649 554 533 510 504 566 658 723 840 1041 1161 1258 1297 1419 1550 1561 1460 1384 1374 
1041 1166 1288 1399 1493 1468 1492 1474 1470 1316 1210 1172 1007 833 756 641 549 498 498 527 589 656 764 850 957 1136 1203 1360 1488 1530 1512 1554 1371 1337 
1030 1154 1224 1342 1426 1523 1440 1424 1374 1401 1279 1084 1048 897 723 643 590 495 483 533 583 665 743 893 962 1084 1284 1313 1400 1473 1568 1466 1437 1295 
972 1172 1292 1401 1436 1527 1475 1470 1398 1361 1247 1157 1042 891 778 644 580 493 511 520 577 622 772 832 1044 1089 1190 1342 1380 1543 1511 1543 1418 1344 
991 1185 1288 1385 1418 1541 1566 1533 1453 1319 1222 1136 998 849 729 630 573 492 491 494 578 654 757 895 971 1134 1250 1417 1448 1552 1482 1435 1446 1387 
956 1108 1293 1330 1419 1527 1525 1486 1402 1343 1305 1131 960 892 722 667 546 539 496 526 584 660 774 883 982 1137 1235 1381 1439 1514 1479 1538 1471 1405 
984 1126 1204 1390 1405 1412 1481 1528 1443 1297 1272 1117 1010 900 730 620 578 535 497 542 561 664 726 884 1027 1106 1204 1298 1405 1462 1531 1525 1455 1396 
993 1133 1303 1341 1405 1432 1541 1479 1376 1346 1298 1090 962 902 736 645 554 497 481 501 540 626 767 881 971 1166 1264 1339 1369 1455 1517 1489 1430 1336 
999 1136 1212 1408 1368 1549 1482 1509 1430 1296 1263 1133 967 880 776 623 580 512 482 494 555 633 766 907 956 1118 1223 1386 1388 1494 1466 1409 1440 1363 
1000 1119 1311 1350 1412 1455 1492 1430 1484 1332 1222 1074 1013 871 756 621 546 497 504 525 560 667 714 829 975 1107 1237 1359 1456 1504 1460 1521 1363 1293 
979 1156 1275 1290 1427 1423 1483 1486 1461 1312 1295 1090 1010 847 713 628 589 529 517 515 565 621 721 845 988 1163 1229 1414 1404 1507 1556 1429 1465 1305 
1045 1074 1284 1408 1368 1446 1518 1462 1458 1350 1231 1177 955 842 749 634 570 504 522 529 562 654 740 863 1033 1080 1196 1291 1444 1552 1450 1531 1431 1405 
976 1157 1191 1381 1407 1474 1428 1461 1495 1359 1304 1158 1033 902 771 617 573 502 476 527 577 626 753 879 996 1170 1306 1393 1446 1500 1502 1519 1411 1289 
1038 1185 1207 1297 1462 1428 1438 1508 1455 1381 1240 1141 1018 842 727 615 547 519 511 522 577 655 713 854 966 1169 1195 1298 1375 1432 1439 1463 1430 1315 
1010 1147 1234 1370 1378 1426 1508 1518 1486 1346 1217 1123 956 907 739 629 540 538 490 528 585 666 767 856 1022 1132 1205 1308 1380 1500 1434 1476 1391 1320 
1001 1084 1305 1407 1408 1488 1556 1414 1400 1304 1205 1168 1003 899 724 618 559 535 505 542 568 641 775 907 989 1104 1273 1396 1389 1516 1517 1508 1428 1329 
956 1100 1187 1387 1395 1517 1492 1554 1497 1416 1302 1111 1033 887 755 648 575 526 512 503 580 678 745 868 1008 1102 1287 1291 1442 1473 1485 1482 1444 1370 
1046 1073 1293 1368 1403 1437 1515 1508 1377 1388 1292 1097 1005 887 777 677 591 537 518 501 579 625 730 865 962 1113 1300 1392 1410 1455 1451 1514 1493 1404 
1018 1126 1206 1346 1480 1493 1430 1414 1369 1382 1279 1159 1022 840 787 642 581 525 501 508 577 619 771 882 1005 1151 1207 1412 1381 1468 1566 1547 1481 1398 
972 1173 1304 1351 1501 1423 1494 1410 1420 1372 1228 1152 965 909 714 632 592 506 499 496 579 664 752 900 1004 1183 1232 1395 1425 1513 1496 1546 1443 1305 
1032 1124 1255 1400 1378 1506 1533 1509 1409 1334 1311 1119 989 884 787 673 588 525 486 525 594 653 718 873 978 1102 1208 1377 1483 1514 1435 1451 1501 1387 
1020 1087 1212 1408 1451 1513 1428 1418 1424 1396 1272 1082 994 873 760 622 591 497 478 498 545 624 713 855 971 1108 1229 1402 1425 1539 1499 1535 1470 1392 
1046 1155 1306 1287 1397 1553 1538 1425 1474 1367 1307 1176 965 835 773 677 546 504 522 537 548 662 714 831 988 1158 1223 1412 1371 1476 1480 1500 1468 1398 
985 1114 1247 1350 1441 1439 1532 1552 1367 1331 1238 1115 970 829 756 646 574 503 477 518 559 632 752 871 950 1180 1307 1351 1436 1465 1427 1500 1410 1420 
1025 1091 1288 1420 1441 1504 1429 1483 1501 1421 1283 1074 1037 842 718 623 564 537 494 511 562 676 777 904 955 1081 1256 1398 1403 1442 1465 1499 1465 1401 
1028 1109 1249 1396 1377 1501 1427 1439 1433 1375 1263 1101 958 833 776 629 570 528 514 524 594 625 772 877 964 1147 1215 1355 1407 1464 1519 1495 1381 1288 
1032 1118 1226 1334 1404 1477 1540 1505 1428 1347 1219 1175 977 846 762 649 565 534 490 527 553 651 736 874 1001 1078 1255 1412 1403 1499 1555 1538 1491 1287 
1000 1167 1209 1347 1399 1505 1458 1439 1369 1289 1231 1153 1040 842 741 648 573 534 480 535 564 622 713 837 1030 1117 1206 1340 1402 1505 1456 1409 1420 1374 
1010 1082 1191 1325 1468 1506 1542 1450 1404 1393 1280 1168 1004 862 755 641 570 513 488 492 573 661 775 855 971 1146 1197 1295 1405 1473 1512 1540 1377 1350 
995 1091 1310 1377 1444 1553 1566 1521 1368 1388 1193 1174 1013 892 747 648 583 533 491 523 550 665 719 851 975 1167 1292 1298 1423 1419 1551 1553 1398 1397 
950 1169 1242 1406 1459 1428 1574 1425 1378 1306 1205 1141 977 881 746 617 552 502 491 505 539 639 725 881 1007 1126 1213 1314 1437 1427 1501 1531 1498 1352 
969 1103 1253 1374 1380 1415 1430 1412 1398 1315 1310 1112 1047 849 756 660 564 532 512 510 569 617 737 895 1049 1161 1249 1383 1452 1505 1435 1499 1437 1400 
957 1104 1228 1378 1389 1422 1426 1453 1395 1369 1244 1174 1013 911 764 665 578 530 496 529 543 678 767 891 1015 1157 1236 1392 1460 1551 1569 1525 1435 1310 
1029 1086 1198 1374 1395 1414 1462 1486 1407 1346 1281 1139 1047 841 778 636 549 503 516 528 549 645 751 864 1038 1148 1218 1286 1484 1522 1519 1522 1377 1340 
978 1154 1269 1295 1477 1467 1478 1457 1423 1408 1199 1110 1035 839 757 622 578 510 475 537 549 626 753 888 975 1175 1239 1406 1476 1503 1451 1492 1426 1291 
1029 1130 1230 1391 1457 1546 1461 1548 1458 1303 1285 1113 1020 903 781 616 574 508 494 527 549 632 738 878 1020 1159 1188 1372 1397 1497 1480 1418 1369 1414 
1032 1121 1278 1368 1481 1479 1454 1542 1426 1347 1306 1184 1030 872 742 653 560 533 521 528 550 656 757 865 1030 1164 1302 1348 1488 1550 1525 1474 1484 1332 
983 1153 1311 1417 1501 1472 1459 1421 1374 1408 1282 1113 993 827 717 654 553 509 508 513 587 643 738 864 962 1083 1307 1368 1462 1484 1518 1512 1454 1357 
1004 1143 1209 1420 1369 1427 1461 1415 1401 1394 1282 1106 1041 866 786 645 573 491 478 532 561 677 723 861 1013 1144 1198 1305 1490 1547 1448 1456 1424 1334 
1030 1107 1249 1377 1485 1526 1568 1529 1390 1379 1189 1164 979 855 715 622 574 540 491 499 574 629 716 859 1007 1162 1193 1377 1460 1459 1533 1527 1462 1365 
1018 1079 1281 1353 1429 1421 1493 1541 1364 1347 1271 1087 952 852 776 668 540 539 500 515 563 669 771 862 954 1161 1243 1391 1436 1454 1510 1483 1413 1393 
954 1129 1266 1289 1367 1419 1456 1461 1503 1295 1282 1154 1032 903 718 640 546 535 481 535 547 637 745 855 1043 1166 1196 1413 1497 1437 1554 1506 1393 1294 
978 1159 1229 1399 1421 1510 1490 1455 1434 1330 1251 1178 1008 910 724 628 569 535 524 518 561 653 715 880 1018 1130 1213 1320 1377 1499 1444 1479 1420 1305 
1005 1107 1201 1401 1441 1554 1521 1524 1463 1332 1220 1092 1006 853 728 617 562 504 507 498 593 630 770 870 1007 1161 1266 1400 1495 1549 1435 1515 1470 1292 
982 1128 1216 1310 1450 1473 1436 1547 1426 1400 1275 1161 1022 860 744 635 569 524 487 534 586 623 721 854 1002 1160 1206 1378 1421 1525 1552 1422 1460 1342 
1019 1182 1187 1337 1375 1552 1431 1409 1400 1337 1285 1128 1035 830 713 619 585 511 500 512 581 669 750 829 1014 1169 1275 1330 1444 1550 1492 1514 1434 1337 
992 1120 1200 1313 1440 1539 1470 1515 1389 1384 1231 1084 1007 879 782 676 563 539 487 537 588 643 758 878 977 1082 1255 1366 1420 1503 1514 1470 1453 1298 
977 1169 1196 1412 1385 1473 1552 1433 1425 1387 1232 1143 963 873 746 621 548 511 501 497 573 678 755 868 966 1126 1188 1380 1392 1416 1497 1500 1452 1369 
978 1169 1261 1301 1465 1500 1497 1505 1372 1383 1235 1076 991 830 786 663 592 507 502 498 544 657 767 870 974 1142 1308 1316 1487 1553 1431 1502 1431 1355 
1013 1108 1300 1365 1457 1550 1431 1518 1497 1342 1226 1135 1047 905 728 649 573 495 501 519 559 617 767 854 1030 1168 1294 1399 1391 1488 1509 1415 1462 1360 
1005 1108 1194 1323 1383 1515 1491 1491 1391 1310 1221 1090 951 872 744 666 569 526 476 541 575 675 713 895 1002 1141 1273 1341 1499 1522 1508 1458 1496 1388 
1001 1152 1301 1410 1481 1458 1465 1436 1482 1334 1263 1095 1040 854 784 640 569 522 515 537 551 672 719 861 1037 1166 1284 1318 1401 1425 1489 1494 1475 1392 
989 1165 1242 1361 1468 1488 1503 1527 1484 1384 1226 1135 1019 891 753 660 573 529 496 491 588 617 713 897 1014 1099 1228 1331 1428 1435 1495 1490 1403 1302 
1038 1078 1312 1413 1498 1446 1459 1482 1397 1342 1279 1122 1004 876 787 632 592 537 488 497 549 669 775 891 996 1116 1262 1375 1496 1480 1557 1519 1387 1361 
996 1163 1269 1414 1470 1423 1527 1529 1387 1418 1297 1172 1006 877 744 632 582 536 490 539 549 676 774 883 997 1170 1249 1359 1366 1531 1525 1533 1460 1321 
1046 1138 1200 1333 1492 1496 1458 1488 1467 1401 1247 1169 1039 907 783 634 548 515 482 507 589 643 773 855 973 1091 1214 1384 1364 1495 1471 1435 1374 1330 
1000 1106 1259 1363 1381 1413 1447 1431 1433 1364 1275 1130 999 840 740 639 581 515 498 497 564 634 719 847 998 1074 1220 1349 1366 1424 1433 1532 1472 1310 
1015 1134 1226 1296 1501 1542 1573 1474 1438 1377 1209 1164 988 833 758 631 578 538 491 533 588 622 748 869 1026 1089 1275 1332 1468 1437 1478 1479 1431 1322 
969 1076 1306 1382 1488 1458 1492 1419 1484 1346 1250 1110 1047 897 720 618 563 519 486 526 565 623 730 846 971 1175 1298 1420 1398 1540 1536 1480 1412 1413 
1012 1145 1279 1339 1478 1450 1502 1545 1486 1352 1268 1115 1002 898 778 672 574 500 489 503 580 631 756 871 955 1104 1200 1328 1424 1538 1492 1497 1418 1318 
1018 1180 1233 1404 1388 1531 1498 1459 1365 1354 1206 1110 1038 831 743 641 558 502 509 535 590 653 760 875 959 1173 1304 1302 1395 1483 1503 1482 1424 1362 
968 1116 1191 1349 1387 1425 1445 1546 1435 1390 1277 1166 1023 883 765 661 583 516 494 509 590 667 714 911 1044 1168 1256 1404 1375 1543 1477 1410 1457 1329 
978 1170 1265 1358 1441 1498 1498 1446 1476 1399 1262 1134 1045 885 724 655 556 524 523 518 555 620 750 884 982 1146 1193 1339 1407 1453 1514 1429 1402 1389 
984 1163 1249 1382 1404 1537 1515 1461 1488 1326 1228 1091 972 896 717 619 581 520 520 495 539 623 757 869 965 1117 1295 1371 1369 1452 1494 1501 1463 1360 
1022 1145 1250 1375 1461 1470 1468 1492 1452 1355 1281 1114 960 911 717 637 562 539 485 533 567 663 715 894 958 1123 1249 1311 1409 1501 1563 1543 1451 1287 
951 1148 1282 1386 1410 1475 1464 1449 1486 1386 1191 1115 1001 892 713 669 548 502 486 520 548 671 764 862 1021 1095 1253 1377 1366 1479 1451 1506 1374 1405 
1006 1162 1243 1360 1393 1439 1430 1451 1430 1290 1259 1081 997 852 735 666 546 528 518 519 593 638 776 885 1024 1115 1306 1328 1495 1501 1472 1449 1498 1385 
1033 1175 1199 1325 1370 1458 1458 1473 1445 1302 1205 1175 991 830 755 662 554 493 514 513 559 674 771 834 990 1179 1196 1310 1451 1521 1560 1478 1443 1292 
956 1154 1198 1310 1377 1522 1528 1431 1502 1366 1259 1110 958 904 742 623 575 537 479 504 570 668 785 859 982 1165 1227 1320 1423 1497 1513 1552 1491 1411 
1011 1084 1199 1414 1490 1543 1508 1473 1399 1294 1218 1089 955 832 760 634 549 537 478 513 544 618 716 849 951 1143 1275 1347 1453 1427 1574 1488 1430 1329 
969 1142 1195 1365 1503 1520 1465 1496 1468 1310 1307 1128 989 862 726 618 559 508 476 540 550 640 763 888 1044 1082 1229 1345 1404 1470 1555 1417 1441 1302 
1037 1169 1192 1296 1467 1444 1479 1469 1451 1367 1211 1089 1040 910 762 663 590 514 489 512 574 634 748 849 963 1109 1234 1370 1404 1479 1486 1487 1486 1402 
952 1092 1207 1327 1501 1550 1490 1412 1488 1383 1258 1157 971 884 764 642 565 524 501 502 579 643 736 881 986 1126 1267 1384 1371 1503 1490 1439 1486 1287 
984 1077 1257 1375 1446 1536 1564 1487 1462 1360 1236 1147 966 847 745 659 560 499 485 536 540 658 714 867 960 1176 1305 1414 1474 1552 1441 1524 1432 1377 
966 1083 1209 1376 1412 1438 1455 1477 1456 1305 1309 1147 1002 857 751 669 568 514 487 507 578 635 731 838 1005 1151 1311 1380 1481 1541 1441 1470 1496 1358 
956 1129 1288 1362 1403 1491 1510 1437 1450 1286 1267 1145 1013 912 742 667 585 532 490 492 594 641 748 897 1047 1118 1284 1418 1368 1471 1449 1555 1365 1401 
1001 1150 1255 1401 1470 1500 1489 1409 1401 1393 1283 1096 1011 856 741 668 559 528 502 532 563 677 748 876 971 1172 1253 1398 1383 1433 1522 1513 1404 1401 
1036 1114 1311 1412 1446 1540 1507 1450 1402 1304 1194 1083 998 885 715 665 567 504 485 520 544 624 716 885 958 1156 1232 1354 1413 1483 1511 1489 1437 1294 
958 1116 1201 1331 1381 1522 1563 1463 1464 1405 1243 1182 950 900 775 661 577 526 490 520 582 655 759 847 980 1092 1243 1307 1414 1481 1444 1539 1501 1413 
1036 1129 1228 1306 1466 1475 1525 1440 1432 1405 1259 1154 1027 842 773 624 558 527 498 506 559 637 758 830 953 1078 1221 1369 1450 1518 1529 1449 1441 1287 
950 1135 1203 1409 1374 1456 1525 1412 1457 1346 1305 1126 1019 872 741 674 584 508 520 496 539 659 718 829 998 1081 1223 1353 1410 1525 1537 1551 1452 1326 
1035 1101 1217 1308 1483 1480 1539 1453 1407 1351 1247 1075 988 831 716 661 547 514 491 515 561 640 772 848 1026 1075 1205 1366 1479 1543 1467 1549 1362 1412 
997 1120 1284 1394 1499 1520 1456 1414 1422 1374 1207 1116 957 882 742 638 562 510 506 542 573 660 714 837 989 1133 1190 1405 1449 1446 1430 1465 1398 1350 
952 1075 1305 1353 1397 1547 1558 1425 1415 1379 1229 1120 972 894 737 624 555 492 519 506 562 651 749 841 993 1116 1296 1316 1464 1409 1445 1473 1363 1368 
1047 1126 1243 1413 1406 1527 1505 1437 1487 1378 1263 1132 964 854 767 629 550 491 503 498 591 663 786 859 1041 1079 1210 1308 1466 1429 1425 1490 1497 1394 
963 1163 1217 1402 1502 1497 1477 1446 1480 1353 1192 1074 962 897 768 620 568 518 490 507 564 633 726 842 1039 1097 1287 1302 1376 1446 1471 1533 1503 1314 
978 1089 1303 1296 1502 1431 1506 1484 1403 1307 1248 1121 976 830 757 642 554 518 497 494 579 629 762 866 966 1147 1220 1370 1379 1434 1431 1534 1389 1316 
989 1103 1264 1373 1465 1460 1469 1467 1462 1313 1200 1131 1003 873 760 669 562 492 481 496 576 623 767 891 978 1075 1192 1364 1456 1462 1542 1465 1398 1325 
