20 11 20
7 10
170 77 75 77 85 96 112 130 149 169 187 203 214 222 225 222 214 203 187 169 150 
170 103 100 103 113 129 149 174 199 225 249 270 286 296 300 296 286 270 250 225 200 
170 129 125 129 141 161 187 217 249 282 312 338 358 370 375 370 358 338 312 282 250 
170 155 150 155 170 193 224 261 299 338 374 406 429 444 450 444 429 406 375 338 300 
170 180 175 180 198 226 262 304 349 395 437 473 501 519 525 519 501 473 437 395 350 
170 206 200 206 226 258 299 348 399 451 499 541 573 593 600 593 573 541 500 451 400 
170 232 225 232 255 290 337 391 449 508 562 609 644 667 675 667 644 609 562 508 450 
170 258 250 258 283 323 374 435 499 564 624 676 716 741 750 741 716 676 625 564 500 
170 284 275 284 311 355 412 478 549 621 687 744 788 815 825 815 788 744 687 621 550 
170 310 300 310 340 387 449 522 599 677 749 812 859 889 900 889 859 812 750 677 600 
100000 5170 5000 5170 5669 6464 7499 8705 9999 11294 12499 13535 14330 14829 15000 14829 14330 13535 12500 11294 10000 
1482 1499 1482 1433 1353 1250 1129 
926 926 606 921 487 812 789 311 790 402 851 1194 846 
1536 1150 460 491 532 353 406 577 671 949 1133 546 1526 
1138 1072 309 476 677 740 794 615 426 685 798 1316 447 
851 1115 1078 593 658 503 574 541 266 457 556 519 1136 
1059 1132 329 492 452 640 697 470 305 876 672 674 1221 
1493 426 1152 309 584 295 484 753 285 909 360 1016 993 
1194 449 372 619 365 274 286 805 696 673 916 827 555 
1173 883 455 560 693 728 262 241 688 850 1184 778 1431 
1394 1301 646 416 444 774 686 224 449 321 1053 489 654 
1064 1226 699 684 281 627 572 298 440 740 869 606 1149 
