20 6 20
15 50
340 96 112 130 149 169 187 203 214 222 225 222 214 203 187 169 150 130 112 96 85 
340 129 149 174 199 225 249 270 286 296 300 296 286 270 250 225 200 174 150 129 113 
340 161 187 217 249 282 312 338 358 370 375 370 358 338 312 282 250 217 187 161 141 
340 193 224 261 299 338 374 406 429 444 450 444 429 406 375 338 300 261 225 193 170 
340 226 262 304 349 395 437 473 501 519 525 519 501 473 437 395 350 304 262 226 198 
100000 6464 7499 8705 9999 11294 12499 13535 14330 14829 15000 14829 14330 13535 12500 11294 10000 8705 7500 6464 5669 
1353 1250 1129 1000 870 750 646 566 517 500 517 566 646 749 870 
1000 1125 1273 1405 1448 
980 1150 1245 1396 1462 
1018 1176 1302 1374 1396 
1004 1135 1194 1366 1405 
972 1149 1209 1317 1438 
971 1163 1259 1288 1472 
1014 1176 1205 1370 1400 
1034 1166 1265 1404 1379 
961 1185 1200 1311 1394 
958 1119 1290 1392 1449 
999 1165 1223 1287 1465 
1004 1150 1262 1290 1382 
977 1174 1217 1338 1428 
951 1112 1281 1406 1421 
1016 1176 1225 1399 1396 
968 1157 1295 1388 1494 
1002 1164 1193 1381 1400 
992 1126 1197 1394 1384 
998 1163 1188 1335 1418 
988 1131 1220 1396 1460 
974 1079 1273 1372 1459 
953 1123 1264 1294 1491 
976 1146 1201 1335 1476 
953 1152 1204 1349 1415 
1049 1108 1272 1385 1417 
996 1075 1307 1411 1389 
1040 1157 1245 1371 1425 
1008 1093 1263 1341 1384 
1038 1170 1282 1321 1428 
974 1147 1296 1308 1374 
1013 1125 1310 1377 1429 
962 1147 1209 1403 1449 
1043 1171 1208 1412 1386 
1044 1103 1249 1326 1473 
965 1126 1188 1297 1491 
1001 1087 1264 1404 1394 
987 1180 1277 1396 1370 
959 1081 1198 1309 1396 
1001 1108 1230 1365 1437 
976 1087 1252 1331 1445 
962 1076 1195 1310 1407 
1016 1098 1262 1314 1484 
952 1083 1200 1301 1409 
988 1087 1269 1290 1466 
985 1083 1238 1356 1446 
1032 1101 1276 1307 1447 
1017 1134 1232 1290 1484 
1035 1164 1235 1296 1391 
993 1138 1192 1343 1395 
1016 1176 1261 1375 1451 
