5 3 20
2 100
850 85 77 75 77 85 
850 113 103 100 103 113 
100000 5669 5170 5000 5170 5669 
1433 1482 
2101 1741 2123 
1759 1738 865 
2211 1794 1205 
605 643 1326 
1336 1354 1381 
2163 838 1126 
835 785 587 
916 1443 1318 
1786 890 904 
1777 1647 1438 
633 2291 1466 
1956 1716 1688 
2349 1296 2095 
2072 1074 1056 
1101 1116 1334 
1066 2330 2228 
940 1753 981 
2140 1453 1994 
1666 2368 2141 
1606 1680 1387 
1195 1359 1613 
1858 2283 2211 
797 1201 1307 
1788 1473 2090 
729 2156 1484 
1084 1923 1235 
1094 1743 1554 
1845 790 1629 
2394 873 1055 
2395 1294 1693 
1974 1643 1750 
2388 2085 2019 
892 2158 879 
2314 724 1468 
2057 1230 661 
1868 2021 666 
609 1499 585 
1943 1579 1218 
1861 1095 1601 
1988 1460 1166 
817 861 1053 
2155 2055 1330 
1899 821 1717 
1975 2185 662 
2303 1703 1668 
1641 2297 1027 
1204 1805 2065 
1369 1541 2174 
2187 1001 876 
788 1136 1195 
2179 2008 1560 
1242 604 1434 
2177 799 2246 
873 1363 1312 
1569 1583 653 
1881 1481 1814 
615 1756 1582 
1548 2290 627 
2277 1865 1885 
1273 2239 1723 
788 1871 2009 
2308 1850 857 
623 679 2213 
1421 648 1170 
2237 1118 1614 
1906 1211 1639 
1751 2032 2104 
1616 1007 1110 
2135 1134 574 
1418 2152 1475 
1594 2206 2213 
1902 1415 1000 
2289 705 1577 
1319 817 2281 
694 2361 586 
1267 2038 853 
2018 1089 609 
1868 1941 1058 
902 773 782 
1183 1049 1176 
1261 2354 2093 
766 1973 1181 
1643 2338 847 
838 993 1933 
1384 1218 2144 
985 788 1024 
766 2042 1050 
1879 1167 776 
1022 1811 1446 
1143 1104 1024 
2280 1392 2042 
1807 2308 2026 
1435 1801 1824 
1096 1888 656 
1785 2018 2109 
1048 964 2249 
717 894 1604 
2349 1826 629 
2299 1663 1284 
1040 1631 1717 
