50 2 20
16 10
1700 77 75 77 85 96 112 130 149 169 187 203 214 222 225 222 214 203 187 169 150 130 112 96 85 77 75 77 85 96 112 130 149 169 187 203 214 222 225 222 214 203 187 169 150 130 112 96 85 77 75 
100000 5170 5000 5170 5669 6464 7499 8705 9999 11294 12499 13535 14330 14829 15000 14829 14330 13535 12500 11294 10000 8705 7500 6464 5669 5170 5000 5170 5669 6464 7499 8705 9999 11294 12499 13535 14330 14829 15000 14829 14330 13535 12500 11294 10000 8705 7500 6464 5669 5170 5000 
1482 1499 1482 1433 1353 1250 1129 1000 870 750 646 566 517 500 517 566 
644 720 897 993 1082 1280 1403 1490 1551 1531 1553 1379 1411 1311 1106 1024 852 756 638 589 525 481 527 568 640 717 865 954 1112 1293 1339 1393 1551 1543 
654 736 891 965 1146 1212 1301 1382 1540 1448 1453 1397 1415 1258 1162 1018 889 781 654 559 525 489 505 554 639 783 845 990 1179 1204 1299 1405 1502 1505 
651 749 842 1017 1129 1258 1385 1468 1536 1482 1515 1500 1291 1208 1180 960 884 771 678 550 528 487 507 548 635 749 913 973 1128 1260 1393 1502 1502 1490 
624 783 828 957 1178 1240 1391 1451 1501 1507 1548 1373 1378 1230 1165 1042 899 762 644 577 531 511 512 578 648 740 856 1027 1118 1256 1286 1417 1430 1442 
622 712 847 1017 1108 1304 1360 1418 1556 1530 1540 1434 1323 1191 1088 998 894 754 661 572 506 491 509 588 641 731 834 957 1177 1246 1359 1465 1541 1561 
661 784 899 1047 1099 1195 1324 1432 1536 1486 1452 1375 1385 1307 1128 950 865 767 671 563 496 501 499 572 667 740 886 1000 1138 1290 1419 1441 1535 1535 
665 723 849 1007 1128 1208 1321 1485 1440 1547 1451 1484 1296 1240 1130 954 840 769 634 571 516 506 540 551 658 717 856 1039 1146 1306 1340 1415 1515 1508 
616 743 906 1014 1082 1266 1350 1446 1454 1486 1497 1418 1405 1240 1097 1027 852 770 614 560 497 495 512 562 663 781 891 977 1129 1220 1322 1365 1532 1508 
639 716 884 995 1144 1259 1303 1407 1509 1537 1538 1465 1320 1269 1100 978 903 720 635 573 515 502 522 556 658 785 880 1024 1093 1201 1388 1421 1469 1537 
657 714 854 1010 1181 1282 1362 1435 1426 1539 1491 1407 1311 1284 1171 974 910 753 647 548 516 475 518 577 649 720 850 957 1158 1299 1288 1405 1429 1430 
