5 6 20
2 100
340 85 77 75 77 85 
340 113 103 100 103 113 
340 141 129 125 129 141 
340 170 155 150 155 170 
340 198 180 175 180 198 
100000 5669 5170 5000 5170 5669 
1433 1482 
1438 1539 1498 
1570 1537 1471 
1508 1482 1497 
1529 1544 1497 
1443 1443 1364 
1543 1440 1499 
1492 1527 1478 
1520 1527 1379 
1454 1542 1418 
1503 1465 1404 
1442 1455 1379 
1553 1494 1374 
1539 1531 1460 
1500 1496 1500 
1545 1450 1482 
1569 1446 1466 
1556 1438 1481 
1565 1507 1473 
1553 1537 1383 
1532 1435 1446 
1515 1453 1384 
1562 1489 1457 
1533 1478 1409 
1488 1481 1464 
1436 1464 1402 
1550 1524 1404 
1551 1553 1439 
1545 1418 1470 
1544 1413 1466 
1531 1428 1434 
1560 1444 1488 
1537 1547 1371 
1434 1541 1426 
1527 1506 1375 
1435 1484 1362 
1555 1444 1472 
1460 1420 1374 
1477 1470 1486 
1509 1522 1434 
1459 1507 1462 
1532 1450 1404 
1429 1450 1398 
1478 1525 1418 
1451 1491 1378 
1465 1555 1472 
1517 1549 1434 
1462 1421 1362 
1528 1487 1369 
1528 1500 1428 
1464 1495 1477 
1439 1446 1426 
1445 1528 1415 
1469 1415 1440 
1489 1439 1400 
1505 1413 1386 
1549 1433 1377 
1489 1474 1449 
1513 1457 1383 
1557 1502 1433 
1475 1502 1422 
1462 1527 1461 
1440 1537 1400 
1514 1487 1493 
1559 1537 1462 
1443 1411 1447 
1501 1534 1495 
1427 1468 1498 
1561 1462 1501 
1564 1417 1377 
1565 1554 1420 
1521 1449 1393 
1547 1462 1409 
1490 1553 1440 
1514 1498 1392 
1556 1507 1469 
1478 1512 1432 
1460 1443 1407 
1462 1556 1397 
1460 1522 1502 
1515 1468 1390 
1457 1457 1476 
1523 1510 1372 
1452 1466 1450 
1518 1450 1434 
1464 1555 1412 
1529 1508 1406 
1497 1522 1468 
1458 1454 1470 
1574 1541 1462 
1473 1432 1442 
1446 1556 1399 
1526 1426 1401 
1467 1466 1432 
1429 1534 1461 
1438 1419 1403 
1544 1455 1438 
1487 1412 1408 
1566 1447 1364 
1484 1465 1412 
1479 1547 1483 
