20 2 20
15 100
1700 96 112 130 149 169 187 203 214 222 225 222 214 203 187 169 150 130 112 96 85 
100000 6464 7499 8705 9999 11294 12499 13535 14330 14829 15000 14829 14330 13535 12500 11294 10000 8705 7500 6464 5669 
1353 1250 1129 1000 870 750 646 566 517 500 517 566 646 749 870 
1044 1057 1285 1276 1661 
823 1019 1024 1495 1196 
1192 1100 1476 1287 1592 
895 1053 1383 1301 1670 
1144 1291 1019 1306 1549 
1050 1308 1124 1293 1595 
970 1231 1250 1394 1365 
1062 1310 1013 1306 1395 
1156 1027 1220 1505 1346 
830 1141 1010 1224 1186 
978 1011 1322 1573 1540 
861 1038 1410 1138 1167 
962 1244 1460 1385 1374 
1043 1060 1432 1126 1574 
982 1240 1245 1244 1504 
903 1101 1206 1180 1493 
886 1352 1269 1436 1399 
829 1122 1451 1346 1354 
1152 1034 1248 1141 1417 
1048 1093 1416 1101 1158 
828 937 1281 1193 1515 
1067 1242 1481 1455 1570 
976 1196 1492 1581 1317 
821 1041 1478 1301 1429 
1009 1014 1497 1332 1174 
970 938 1337 1099 1496 
843 1302 1172 1265 1433 
901 1253 1433 1153 1551 
964 1299 1298 1093 1549 
877 1100 1030 1153 1498 
804 1345 1001 1316 1321 
1089 1036 1383 1256 1548 
814 1026 1162 1586 1272 
933 1188 1277 1434 1339 
868 914 1380 1143 1455 
1124 1286 1065 1492 1151 
1063 1163 1233 1422 1641 
1141 1248 1484 1249 1517 
956 1309 1294 1145 1454 
942 1291 1162 1577 1711 
951 1129 1185 1170 1566 
879 1239 1165 1212 1153 
863 1335 1236 1538 1447 
1171 1078 1206 1308 1609 
804 931 1031 1453 1248 
964 1214 1039 1228 1172 
1159 1195 1208 1482 1332 
837 980 1183 1238 1208 
819 945 1316 1447 1147 
1151 1144 1295 1192 1708 
962 1159 1082 1336 1551 
1080 1194 1198 1526 1564 
918 1218 1363 1545 1470 
962 1228 1252 1492 1323 
1134 1305 1390 1405 1299 
1062 1135 1312 1316 1456 
912 1081 1481 1242 1364 
1119 1033 1400 1173 1304 
824 1202 1317 1596 1227 
857 1338 1414 1264 1607 
809 987 1326 1428 1312 
1083 1010 1058 1151 1423 
1102 1320 1467 1332 1386 
1103 951 1222 1281 1180 
910 1004 1321 1594 1618 
1177 1115 1135 1136 1315 
819 956 1171 1424 1485 
1017 1253 1294 1526 1710 
1119 1051 1317 1137 1617 
1182 991 1221 1426 1304 
836 1251 1417 1290 1650 
947 1012 1143 1429 1266 
1120 934 1413 1238 1680 
1098 949 1001 1502 1358 
951 1313 1165 1354 1598 
1063 1329 1313 1517 1462 
843 1186 1105 1325 1180 
1147 989 1222 1143 1178 
868 970 1121 1287 1566 
1151 1286 1048 1206 1514 
869 967 1189 1220 1358 
1125 1146 1198 1433 1252 
1142 907 1254 1244 1182 
1128 1131 1379 1125 1374 
1001 1263 1087 1354 1686 
967 1319 1085 1623 1560 
1041 1039 1101 1610 1358 
844 1087 1274 1508 1338 
1048 1045 1027 1327 1524 
1026 1166 1420 1120 1205 
859 982 1165 1366 1352 
1159 1247 1179 1430 1243 
852 962 1230 1102 1392 
1159 904 1142 1501 1405 
817 1226 1448 1442 1259 
898 1007 1085 1243 1534 
800 1319 1046 1320 1344 
1087 914 1093 1571 1339 
896 1169 1417 1242 1503 
851 1253 1459 1093 1317 
