20 3 20
15 10
850 150 130 112 96 85 77 75 77 85 96 112 130 149 169 187 203 214 222 225 222 
850 200 174 150 129 113 103 100 103 113 129 149 174 199 225 249 270 286 296 300 296 
100000 10000 8705 7500 6464 5669 5170 5000 5170 5669 6464 7499 8705 9999 11294 12499 13535 14330 14829 15000 14829 
1000 1129 1249 1353 1433 1482 1499 1482 1433 1353 1250 1129 1000 870 750 
625 567 501 520 514 
634 542 538 520 509 
622 585 512 508 499 
663 571 495 520 517 
647 549 503 514 523 
664 571 536 521 525 
640 592 517 481 511 
650 563 504 480 515 
664 576 528 486 537 
647 583 540 515 497 
