50 2 20
26 10
1700 112 130 149 169 187 203 214 222 225 222 214 203 187 169 150 130 112 96 85 77 75 77 85 96 112 130 149 169 187 203 214 222 225 222 214 203 187 169 150 130 112 96 85 77 75 77 85 96 112 130 
100000 7499 8705 9999 11294 12499 13535 14330 14829 15000 14829 14330 13535 12500 11294 10000 8705 7500 6464 5669 5170 5000 5170 5669 6464 7499 8705 9999 11294 12499 13535 14330 14829 15000 14829 14330 13535 12500 11294 10000 8705 7500 6464 5669 5170 5000 5170 5669 6464 7499 8705 
1250 1129 1000 870 750 646 566 517 500 517 566 646 749 870 999 1129 1249 1353 1433 1482 1499 1482 1433 1353 1250 1129 
874 994 691 604 526 604 508 555 664 659 604 713 1184 1246 1277 1493 1379 1238 1488 1497 1496 1378 1071 1214 
1166 888 739 629 534 560 596 538 596 722 686 750 822 1234 1221 1575 1571 1772 1322 1568 1536 1158 1328 961 
1196 709 641 573 459 485 588 534 581 741 842 756 1122 1086 1305 1617 1365 1547 1342 1365 1212 1399 1079 1300 
1093 911 779 591 514 594 563 610 527 624 743 1029 805 1054 1252 1226 1527 1457 1499 1433 1221 1252 1050 1037 
1139 986 690 535 541 530 433 601 615 718 880 874 1152 1010 1490 1170 1354 1250 1548 1340 1579 1463 1489 915 
825 874 808 628 518 478 513 608 574 701 745 772 942 1350 1146 1234 1479 1494 1680 1370 1305 1468 1211 1199 
859 951 709 547 460 594 571 441 613 762 719 1025 1129 1130 1227 1253 1158 1319 1574 1761 1197 1287 1349 1016 
929 911 786 556 635 415 554 476 641 675 777 1043 881 1121 1491 1535 1509 1422 1480 1283 1654 1190 1285 1249 
802 713 721 521 512 513 579 422 460 664 801 1037 959 927 1001 1597 1506 1659 1723 1670 1288 1291 1266 1051 
1190 771 776 713 501 607 411 541 514 672 707 878 851 1024 1371 1537 1650 1531 1236 1299 1490 1619 1212 1082 
