10 6 20
8 100
340 112 96 85 77 75 77 85 96 112 130 
340 150 129 113 103 100 103 113 129 149 174 
340 187 161 141 129 125 129 141 161 187 217 
340 225 193 170 155 150 155 170 193 224 261 
340 262 226 198 180 175 180 198 226 262 304 
100000 7500 6464 5669 5170 5000 5170 5669 6464 7499 8705 
1249 1353 1433 1482 1499 1482 1433 1353 
1293 1129 
1305 1119 
1200 1153 
1235 1155 
1242 1183 
1200 1177 
1206 1176 
1224 1148 
1305 1143 
1243 1149 
1253 1175 
1308 1164 
1276 1151 
1224 1127 
1244 1182 
1257 1147 
1232 1185 
1212 1167 
1189 1102 
1250 1100 
1283 1181 
1265 1167 
1220 1110 
1298 1078 
1234 1151 
1189 1081 
1286 1138 
1209 1153 
1305 1158 
1216 1102 
1259 1129 
1233 1156 
1260 1179 
1229 1170 
1228 1173 
1245 1182 
1223 1172 
1286 1128 
1197 1173 
1231 1180 
1277 1128 
1191 1103 
1218 1169 
1191 1101 
1244 1112 
1232 1077 
1189 1096 
1222 1133 
1258 1180 
1226 1116 
1205 1082 
1262 1143 
1259 1158 
1222 1144 
1198 1168 
1264 1114 
1289 1097 
1263 1146 
1253 1136 
1288 1116 
1203 1143 
1189 1134 
1225 1099 
1269 1156 
1306 1166 
1240 1102 
1268 1074 
1200 1119 
1288 1167 
1198 1184 
1296 1096 
1244 1154 
1202 1108 
1215 1133 
1235 1101 
1263 1135 
1240 1178 
1298 1128 
1196 1121 
1272 1132 
1310 1141 
1226 1106 
1202 1139 
1187 1185 
1280 1138 
1260 1101 
1202 1150 
1248 1176 
1268 1119 
1274 1100 
1266 1094 
1235 1145 
1237 1169 
1311 1134 
1194 1113 
1237 1133 
1248 1135 
1308 1107 
1304 1122 
1208 1128 
