50 2 20
26 100
1700 85 96 112 130 149 169 187 203 214 222 225 222 214 203 187 169 150 130 112 96 85 77 75 77 85 96 112 130 149 169 187 203 214 222 225 222 214 203 187 169 150 130 112 96 85 77 75 77 85 96 
100000 5669 6464 7499 8705 9999 11294 12499 13535 14330 14829 15000 14829 14330 13535 12500 11294 10000 8705 7500 6464 5669 5170 5000 5170 5669 6464 7499 8705 9999 11294 12499 13535 14330 14829 15000 14829 14330 13535 12500 11294 10000 8705 7500 6464 5669 5170 5000 5170 5669 6464 
1433 1353 1250 1129 1000 870 750 646 566 517 500 517 566 646 749 870 999 1129 1249 1353 1433 1482 1499 1482 1433 1353 
1247 1115 956 864 784 639 573 539 482 512 540 672 744 838 1040 1084 1270 1404 1371 1419 1511 1445 1362 1412 
1238 1180 1025 882 778 671 543 495 516 539 553 674 760 905 953 1122 1270 1377 1361 1416 1567 1448 1406 1354 
1245 1171 1010 883 779 634 548 537 503 508 560 667 727 902 971 1123 1232 1417 1368 1524 1451 1450 1418 1337 
1191 1168 1042 854 724 632 557 505 502 537 562 633 727 896 953 1174 1205 1383 1503 1545 1459 1486 1502 1418 
1202 1081 984 903 751 645 573 531 475 511 546 642 754 859 965 1138 1204 1290 1363 1457 1475 1539 1477 1292 
1262 1138 1047 871 780 663 560 515 499 533 548 672 745 906 971 1166 1273 1386 1372 1541 1504 1435 1444 1396 
1287 1111 1044 892 713 627 556 526 509 509 584 674 714 913 1047 1177 1216 1388 1459 1442 1508 1477 1403 1417 
1253 1109 975 901 732 668 593 522 496 535 589 633 769 904 1044 1108 1254 1340 1370 1439 1456 1415 1499 1362 
1237 1117 958 908 738 645 569 535 490 517 555 627 774 908 979 1160 1225 1360 1451 1474 1572 1484 1460 1385 
1263 1086 989 836 782 631 544 534 496 502 576 669 721 895 975 1115 1210 1373 1493 1495 1441 1489 1381 1336 
1187 1118 1049 856 780 622 547 538 510 533 570 620 751 865 1024 1117 1198 1373 1486 1484 1428 1507 1407 1365 
1263 1077 1042 854 776 625 575 526 497 508 593 670 757 850 1001 1079 1309 1393 1422 1467 1444 1533 1485 1302 
1247 1087 967 839 716 670 551 533 495 542 549 643 760 899 1007 1092 1308 1322 1442 1507 1574 1544 1439 1364 
1303 1110 1042 905 769 626 539 497 478 493 548 662 717 883 954 1141 1284 1385 1466 1525 1559 1556 1401 1362 
1205 1079 1045 830 776 648 573 497 494 525 543 629 733 888 981 1153 1267 1384 1443 1554 1535 1506 1422 1378 
1211 1129 1013 896 779 652 577 531 523 519 558 617 770 831 1020 1133 1253 1418 1371 1524 1478 1416 1436 1342 
1231 1132 962 850 756 619 575 491 500 516 542 658 769 829 984 1183 1281 1358 1375 1478 1457 1536 1411 1407 
1299 1126 958 877 753 637 593 542 509 528 579 661 712 875 1007 1162 1305 1398 1403 1470 1489 1434 1416 1354 
1206 1164 1010 893 747 668 579 517 492 505 563 642 728 848 1008 1121 1245 1362 1409 1442 1454 1435 1452 1341 
1190 1150 1020 879 766 638 567 540 483 496 560 624 763 853 1004 1169 1198 1354 1443 1537 1515 1524 1486 1408 
1296 1107 951 853 729 647 588 517 507 498 580 654 733 865 955 1086 1206 1305 1371 1490 1547 1418 1387 1380 
1273 1100 1048 834 770 647 592 534 495 497 591 630 786 878 1044 1174 1189 1318 1501 1495 1514 1506 1492 1289 
1285 1141 983 879 766 640 569 541 477 519 553 616 759 867 1004 1167 1307 1313 1406 1417 1462 1547 1371 1375 
1277 1077 954 850 787 664 573 538 480 498 595 656 715 832 968 1170 1236 1341 1377 1467 1564 1424 1494 1391 
1276 1147 1002 866 756 646 542 494 508 518 577 627 762 914 972 1099 1248 1335 1494 1529 1471 1442 1390 1385 
1228 1168 982 873 733 639 539 528 485 522 595 670 745 893 984 1143 1205 1381 1469 1503 1518 1412 1426 1376 
1268 1171 962 901 778 653 557 501 514 532 582 650 721 893 977 1178 1233 1303 1397 1479 1438 1498 1496 1290 
1276 1127 965 873 767 614 571 497 508 502 576 633 783 855 1035 1084 1191 1310 1426 1454 1535 1419 1476 1413 
1238 1100 1042 839 761 641 563 503 492 531 591 650 764 875 999 1149 1304 1411 1464 1467 1509 1410 1460 1348 
1273 1175 991 852 732 659 554 515 520 542 580 643 720 832 955 1116 1229 1348 1387 1429 1437 1526 1455 1381 
1213 1129 1004 833 758 662 557 519 510 534 585 665 762 869 1045 1122 1286 1328 1431 1518 1462 1532 1441 1400 
1225 1116 963 858 733 630 546 529 504 511 567 615 774 833 1036 1169 1241 1392 1497 1523 1540 1512 1463 1289 
1229 1094 959 828 768 649 559 502 486 510 543 619 751 911 1009 1133 1250 1292 1371 1502 1543 1414 1502 1294 
1246 1137 963 908 730 621 595 522 482 518 569 616 718 865 992 1108 1242 1313 1422 1535 1559 1476 1401 1300 
1281 1169 1026 827 780 621 593 496 516 539 585 658 755 911 1035 1161 1208 1314 1497 1451 1515 1445 1409 1306 
1263 1143 1016 909 737 657 541 525 497 500 551 677 746 849 1015 1085 1295 1374 1442 1435 1443 1551 1497 1336 
1276 1083 998 908 750 624 553 541 511 509 559 637 757 831 983 1141 1195 1338 1392 1424 1503 1544 1440 1345 
1216 1118 1048 848 718 631 567 512 495 491 563 672 773 900 1044 1102 1208 1299 1395 1526 1473 1481 1385 1366 
1239 1158 1003 882 718 676 577 525 523 535 584 644 748 871 984 1088 1221 1383 1385 1528 1482 1470 1470 1379 
1263 1130 953 886 783 638 549 516 508 521 545 650 781 895 1023 1138 1243 1378 1482 1428 1457 1530 1492 1291 
1262 1075 965 913 783 646 575 499 480 501 573 625 771 875 1012 1117 1225 1298 1500 1495 1525 1439 1493 1313 
1233 1126 952 848 712 662 551 533 479 523 593 648 717 839 966 1163 1192 1393 1498 1432 1570 1458 1400 1364 
1211 1131 970 838 774 648 544 530 515 532 558 649 742 859 1037 1113 1278 1316 1397 1437 1446 1542 1423 1414 
1203 1166 961 843 750 645 569 521 500 492 540 636 764 873 1019 1151 1204 1319 1494 1476 1550 1435 1374 1396 
1300 1128 1026 869 744 664 548 499 498 535 551 652 728 849 996 1088 1285 1392 1468 1421 1494 1476 1468 1379 
1203 1106 1044 841 754 624 576 518 490 494 557 654 787 847 1023 1097 1242 1336 1437 1466 1542 1465 1449 1313 
1300 1174 1023 907 723 614 587 523 517 514 578 649 762 895 950 1079 1188 1361 1493 1490 1545 1442 1364 1301 
1291 1169 987 854 767 616 549 540 478 515 566 624 756 857 975 1141 1280 1310 1440 1438 1440 1549 1372 1312 
1234 1132 1003 907 758 624 569 495 511 529 548 668 743 902 1047 1162 1297 1358 1442 1531 1498 1432 1468 1415 
1260 1172 950 865 761 617 565 540 482 518 556 621 717 908 991 1131 1262 1343 1429 1429 1433 1410 1410 1330 
1214 1088 1015 882 742 648 579 502 499 541 573 635 784 909 986 1133 1240 1292 1429 1441 1516 1538 1407 1301 
1215 1107 1038 837 764 617 553 511 491 505 568 617 766 832 970 1092 1302 1392 1368 1499 1496 1552 1437 1339 
1263 1139 982 831 754 666 570 528 511 528 544 638 730 832 982 1077 1292 1406 1364 1445 1524 1528 1468 1391 
1272 1150 956 893 752 672 557 501 498 521 554 623 718 830 953 1122 1261 1418 1495 1450 1488 1492 1456 1358 
1269 1179 960 837 736 631 570 504 521 540 567 677 735 829 1021 1165 1203 1349 1478 1520 1449 1454 1390 1363 
1268 1115 979 902 774 650 541 510 478 507 585 631 757 866 991 1185 1205 1401 1409 1436 1540 1419 1395 1335 
1191 1142 1005 899 760 668 546 524 477 499 547 672 778 871 1031 1101 1278 1404 1406 1411 1464 1531 1458 1374 
1209 1144 1008 827 772 628 541 498 524 510 548 619 728 856 1003 1120 1228 1360 1450 1542 1554 1461 1491 1301 
1259 1127 1031 864 782 633 556 495 485 516 559 665 717 842 1037 1149 1202 1296 1425 1544 1485 1551 1450 1400 
1226 1156 1035 832 778 646 587 495 521 538 575 631 715 851 1038 1113 1282 1369 1495 1500 1444 1416 1369 1387 
1303 1074 975 865 755 635 554 496 485 537 546 634 779 898 1031 1135 1246 1418 1394 1409 1559 1503 1439 1391 
1274 1088 1009 850 739 644 568 507 487 514 570 647 784 876 1043 1143 1256 1302 1482 1454 1530 1506 1430 1297 
1209 1117 959 901 760 659 540 535 486 499 582 631 785 869 1027 1137 1217 1366 1424 1511 1516 1441 1454 1421 
1217 1133 992 863 784 667 548 516 494 537 586 662 730 850 1019 1107 1304 1393 1498 1530 1432 1509 1497 1411 
1241 1148 953 849 744 635 541 495 499 501 563 660 723 879 1030 1159 1291 1305 1384 1455 1503 1501 1426 1298 
1274 1079 1026 904 750 616 580 491 508 533 572 628 724 864 986 1178 1297 1304 1436 1413 1516 1516 1488 1310 
1250 1164 1036 906 725 646 586 511 512 542 588 622 718 831 994 1149 1210 1313 1430 1452 1487 1476 1423 1397 
1228 1113 993 902 750 641 567 500 514 517 586 654 764 836 1049 1137 1276 1361 1375 1548 1481 1509 1499 1420 
1250 1176 961 906 758 670 575 504 479 534 595 645 778 861 985 1122 1240 1395 1372 1447 1491 1428 1448 1319 
1248 1156 980 862 776 635 582 503 500 492 540 629 714 879 954 1180 1281 1354 1382 1530 1513 1523 1465 1402 
1244 1105 1014 854 759 660 595 503 492 514 565 637 770 905 1048 1176 1246 1363 1483 1431 1543 1409 1392 1398 
1223 1104 1040 876 737 626 566 519 489 515 579 616 733 867 956 1141 1305 1363 1457 1457 1468 1520 1395 1388 
1306 1138 979 847 777 674 559 494 523 493 561 623 763 891 962 1167 1274 1401 1440 1464 1469 1479 1404 1367 
1213 1183 955 877 740 659 585 527 518 491 548 666 717 890 977 1185 1244 1370 1478 1502 1425 1554 1460 1324 
1281 1173 1002 827 743 633 584 527 497 517 589 619 774 832 1010 1175 1248 1398 1420 1543 1433 1432 1411 1319 
1275 1169 998 904 754 675 587 525 520 492 542 634 726 911 974 1141 1229 1413 1440 1490 1472 1494 1365 1388 
1241 1179 1048 850 735 645 570 522 476 517 583 645 744 839 1036 1180 1305 1373 1469 1470 1435 1550 1493 1319 
1293 1080 994 860 739 645 547 535 507 503 594 638 726 865 996 1085 1202 1332 1393 1506 1506 1485 1443 1334 
1310 1088 970 839 734 628 577 529 491 522 546 660 734 871 1011 1073 1243 1361 1451 1470 1554 1439 1398 1287 
1309 1081 987 864 762 647 562 507 500 533 547 616 786 846 950 1125 1244 1322 1394 1470 1473 1525 1455 1318 
1244 1157 966 852 740 643 577 530 522 511 591 646 744 831 993 1126 1226 1288 1423 1462 1439 1529 1496 1419 
1219 1156 998 829 748 677 545 534 508 521 594 654 756 853 961 1079 1278 1418 1453 1452 1463 1481 1396 1378 
1258 1073 1047 836 743 639 547 496 479 524 578 670 760 843 990 1101 1237 1399 1440 1523 1457 1464 1430 1393 
1233 1121 989 912 748 658 543 493 513 492 582 677 755 895 1037 1163 1274 1367 1475 1545 1504 1555 1441 1310 
1231 1098 993 895 775 661 557 496 487 509 547 640 730 907 1026 1166 1284 1322 1498 1467 1433 1451 1497 1332 
1200 1095 1028 908 766 642 548 518 500 514 554 643 775 904 1030 1107 1199 1330 1498 1434 1504 1409 1459 1365 
1282 1180 1021 870 727 658 585 500 510 542 581 636 759 829 997 1122 1221 1311 1481 1449 1495 1539 1452 1418 
1310 1171 1045 877 725 625 587 493 488 502 558 623 724 844 999 1180 1224 1349 1492 1455 1498 1521 1396 1319 
1226 1080 1046 867 774 625 546 537 491 516 561 655 776 839 1039 1091 1208 1308 1398 1546 1569 1491 1449 1362 
1301 1089 1004 890 744 619 588 518 509 526 571 676 776 888 973 1078 1298 1373 1451 1426 1438 1425 1498 1302 
1272 1175 1041 838 746 674 560 497 524 515 540 626 739 906 988 1081 1286 1369 1465 1473 1471 1542 1423 1375 
1282 1163 955 867 731 660 587 506 493 516 589 664 738 912 1010 1181 1229 1403 1482 1412 1440 1505 1408 1403 
1233 1120 1003 848 774 654 586 499 495 509 551 669 752 835 1045 1110 1207 1413 1487 1496 1451 1527 1460 1368 
1192 1155 1006 850 732 623 589 499 499 521 550 646 778 848 966 1096 1262 1376 1465 1439 1426 1534 1394 1291 
1222 1101 1013 830 737 677 574 534 504 512 587 658 737 889 1033 1114 1258 1367 1370 1409 1540 1494 1460 1376 
1249 1085 979 837 754 614 552 516 491 511 539 632 716 878 952 1142 1281 1320 1427 1518 1518 1433 1437 1307 
1236 1176 1000 852 761 672 555 523 502 542 579 674 782 838 967 1177 1220 1326 1499 1443 1486 1428 1367 1306 
1277 1135 974 882 734 663 591 513 478 540 541 653 751 912 998 1119 1262 1366 1492 1513 1531 1438 1468 1400 
1231 1170 1004 868 736 653 564 536 522 521 547 632 738 847 1009 1101 1191 1295 1399 1546 1458 1413 1405 1358 
1288 1091 1035 845 736 658 557 541 485 540 588 637 754 868 1016 1117 1227 1362 1392 1457 1519 1526 1454 1416 
