20 6 20
7 10
340 96 112 130 149 169 187 203 214 222 225 222 214 203 187 169 150 130 112 96 85 
340 129 149 174 199 225 249 270 286 296 300 296 286 270 250 225 200 174 150 129 113 
340 161 187 217 249 282 312 338 358 370 375 370 358 338 312 282 250 217 187 161 141 
340 193 224 261 299 338 374 406 429 444 450 444 429 406 375 338 300 261 225 193 170 
340 226 262 304 349 395 437 473 501 519 525 519 501 473 437 395 350 304 262 226 198 
100000 6464 7499 8705 9999 11294 12499 13535 14330 14829 15000 14829 14330 13535 12500 11294 10000 8705 7500 6464 5669 
1353 1250 1129 1000 870 750 646 
570 494 477 497 591 643 737 911 1047 1121 1232 1291 1365 
543 497 482 539 565 622 725 847 1049 1144 1232 1366 1491 
570 514 516 503 544 661 718 908 996 1139 1255 1394 1474 
579 507 508 525 563 655 756 842 991 1105 1251 1290 1386 
553 497 507 525 571 638 770 858 974 1107 1245 1294 1412 
584 495 521 504 588 619 777 889 1045 1098 1306 1325 1491 
538 529 495 512 594 639 762 829 1029 1118 1297 1415 1422 
577 500 506 524 545 666 726 839 959 1171 1304 1318 1376 
587 540 513 499 593 668 783 897 950 1157 1298 1394 1405 
583 516 524 491 590 641 747 841 987 1181 1287 1345 1471 
