20 3 20
11 50
850 85 96 112 130 149 169 187 203 214 222 225 222 214 203 187 169 150 130 112 96 
850 113 129 149 174 199 225 249 270 286 296 300 296 286 270 250 225 200 174 150 129 
100000 5669 6464 7499 8705 9999 11294 12499 13535 14330 14829 15000 14829 14330 13535 12500 11294 10000 8705 7500 6464 
1433 1353 1250 1129 1000 870 750 646 566 517 500 
512 579 663 727 839 1047 1144 1224 1384 
527 574 647 760 862 963 1175 1303 1364 
534 592 675 759 892 1007 1107 1293 1338 
518 563 635 750 827 956 1157 1196 1357 
526 578 658 760 841 1011 1099 1293 1301 
535 585 649 756 840 1047 1123 1308 1413 
494 548 671 755 896 1005 1128 1222 1290 
497 554 652 751 892 1024 1103 1300 1359 
541 558 654 786 877 976 1183 1273 1407 
495 539 642 719 844 1006 1087 1294 1409 
493 548 644 730 849 1043 1183 1214 1287 
534 544 624 757 891 1016 1081 1189 1300 
502 580 619 761 891 1004 1089 1188 1390 
536 573 614 724 894 958 1095 1280 1391 
502 544 675 787 832 954 1170 1286 1312 
527 572 644 726 879 1013 1106 1278 1345 
533 549 627 749 895 989 1152 1206 1366 
519 568 654 717 866 952 1074 1289 1398 
531 581 644 757 847 1010 1072 1268 1355 
495 578 614 755 896 1014 1086 1257 1344 
503 546 640 757 895 959 1134 1271 1355 
530 590 662 714 833 1034 1148 1274 1412 
507 558 672 727 911 987 1151 1292 1339 
500 574 674 730 878 1009 1125 1233 1299 
501 580 672 771 871 967 1093 1203 1409 
519 571 655 765 840 966 1134 1215 1313 
497 569 626 770 830 1025 1074 1273 1395 
540 576 661 739 839 966 1104 1306 1371 
533 547 630 763 880 1002 1168 1280 1414 
521 571 648 764 841 962 1167 1205 1384 
515 561 669 779 867 1020 1142 1213 1316 
538 586 677 762 834 1004 1086 1263 1375 
498 582 623 735 850 999 1123 1234 1405 
496 580 664 775 879 1021 1158 1197 1360 
541 554 673 725 906 982 1098 1259 1365 
503 547 643 776 829 982 1130 1254 1402 
534 546 664 775 848 997 1109 1193 1405 
505 591 622 746 837 1022 1106 1239 1404 
515 539 625 732 902 991 1124 1249 1376 
516 587 642 764 839 963 1158 1268 1342 
492 550 665 756 850 1009 1113 1259 1365 
517 576 655 734 871 951 1112 1236 1383 
503 547 650 756 900 992 1102 1276 1403 
497 540 647 730 855 985 1155 1275 1357 
506 558 634 777 907 963 1113 1231 1296 
503 583 638 741 834 952 1096 1310 1287 
503 594 673 785 907 1046 1154 1260 1397 
516 549 672 725 848 1012 1109 1215 1348 
530 587 676 769 882 973 1083 1301 1363 
540 547 649 753 829 1034 1185 1191 1328 
