50 2 20
36 10
1700 130 112 96 85 77 75 77 85 96 112 130 149 169 187 203 214 222 225 222 214 203 187 169 150 130 112 96 85 77 75 77 85 96 112 130 149 169 187 203 214 222 225 222 214 203 187 169 150 130 112 
100000 8705 7500 6464 5669 5170 5000 5170 5669 6464 7499 8705 9999 11294 12499 13535 14330 14829 15000 14829 14330 13535 12500 11294 10000 8705 7500 6464 5669 5170 5000 5170 5669 6464 7499 8705 9999 11294 12499 13535 14330 14829 15000 14829 14330 13535 12500 11294 10000 8705 7500 
1129 1249 1353 1433 1482 1499 1482 1433 1353 1250 1129 1000 870 750 646 566 517 500 517 566 646 749 870 999 1129 1249 1353 1433 1482 1499 1482 1433 1353 1250 1129 1000 
843 721 655 549 518 489 535 563 671 749 871 971 1147 1275 
901 769 665 568 495 524 513 554 639 733 831 1004 1158 1197 
890 714 662 549 541 522 523 566 665 714 906 1045 1181 1204 
880 785 652 581 516 499 540 555 625 726 854 983 1078 1216 
841 717 629 576 508 507 533 543 635 721 880 1018 1142 1225 
885 730 620 567 528 480 509 565 656 781 832 954 1151 1306 
838 760 660 588 540 494 538 589 633 730 910 1040 1107 1202 
904 767 674 542 496 481 518 577 641 754 906 1021 1135 1218 
850 724 633 592 524 510 520 568 625 780 854 1045 1174 1278 
830 776 620 548 519 476 505 565 648 745 878 991 1091 1274 
