50 6 20
26 5
340 112 96 85 77 75 77 85 96 112 130 149 169 187 203 214 222 225 222 214 203 187 169 150 130 112 96 85 77 75 77 85 96 112 130 149 169 187 203 214 222 225 222 214 203 187 169 150 130 112 96 
340 150 129 113 103 100 103 113 129 149 174 199 225 249 270 286 296 300 296 286 270 250 225 200 174 150 129 113 103 100 103 113 129 149 174 199 225 249 270 286 296 300 296 286 270 250 225 200 174 150 129 
340 187 161 141 129 125 129 141 161 187 217 249 282 312 338 358 370 375 370 358 338 312 282 250 217 187 161 141 129 125 129 141 161 187 217 249 282 312 338 358 370 375 370 358 338 312 282 250 217 187 161 
340 225 193 170 155 150 155 170 193 224 261 299 338 374 406 429 444 450 444 429 406 375 338 300 261 225 193 170 155 150 155 170 193 224 261 299 338 374 406 429 444 450 444 429 406 375 338 300 261 225 193 
340 262 226 198 180 175 180 198 226 262 304 349 395 437 473 501 519 525 519 501 473 437 395 350 304 262 226 198 180 175 180 198 226 262 304 349 395 437 473 501 519 525 519 501 473 437 395 350 304 262 226 
100000 7500 6464 5669 5170 5000 5170 5669 6464 7499 8705 9999 11294 12499 13535 14330 14829 15000 14829 14330 13535 12500 11294 10000 8705 7500 6464 5669 5170 5000 5170 5669 6464 7499 8705 9999 11294 12499 13535 14330 14829 15000 14829 14330 13535 12500 11294 10000 8705 7500 6464 
1249 1353 1433 1482 1499 1482 1433 1353 1250 1129 1000 870 750 646 566 517 500 517 566 646 749 870 999 1129 1249 1353 
1808 1271 1649 1064 1063 1751 709 622 1220 1263 1158 651 730 264 301 316 254 619 842 453 1544 1279 1608 1069 
1148 1395 2081 1613 803 1006 537 1307 1127 365 426 351 475 745 677 675 897 610 865 1055 854 1170 1115 2101 
1702 1075 1653 2148 1790 1227 778 463 635 528 837 921 371 257 288 774 422 968 1174 1367 1585 1436 721 1495 
1973 655 1576 1281 1657 1237 1042 908 782 828 1071 625 841 300 296 372 804 1019 959 539 1305 1358 1036 1408 
861 1694 949 994 1816 1129 1735 1104 814 1228 997 372 713 754 494 614 721 788 487 637 588 1394 1578 1666 
