20 6 20
11 10
340 85 96 112 130 149 169 187 203 214 222 225 222 214 203 187 169 150 130 112 96 
340 113 129 149 174 199 225 249 270 286 296 300 296 286 270 250 225 200 174 150 129 
340 141 161 187 217 249 282 312 338 358 370 375 370 358 338 312 282 250 217 187 161 
340 170 193 224 261 299 338 374 406 429 444 450 444 429 406 375 338 300 261 225 193 
340 198 226 262 304 349 395 437 473 501 519 525 519 501 473 437 395 350 304 262 226 
100000 5669 6464 7499 8705 9999 11294 12499 13535 14330 14829 15000 14829 14330 13535 12500 11294 10000 8705 7500 6464 
1433 1353 1250 1129 1000 870 750 646 566 517 500 
336 902 726 603 943 1199 716 582 2062 
217 756 612 412 1127 734 669 1359 805 
467 603 1012 426 581 573 1231 631 1311 
235 311 276 1079 791 1466 933 557 955 
676 540 438 511 1270 1164 1500 797 1878 
552 309 925 892 1164 1208 805 580 1283 
253 726 826 989 582 1286 897 859 1702 
471 291 663 1130 611 904 1367 1185 1350 
606 656 406 338 469 1440 1268 837 2155 
769 661 366 944 1137 1365 738 1487 1892 
