20 3 20
15 100
850 130 149 169 187 203 214 222 225 222 214 203 187 169 150 130 112 96 85 77 75 
850 174 199 225 249 270 286 296 300 296 286 270 250 225 200 174 150 129 113 103 100 
100000 8705 9999 11294 12499 13535 14330 14829 15000 14829 14330 13535 12500 11294 10000 8705 7500 6464 5669 5170 5000 
1129 1000 870 750 646 566 517 500 517 566 646 749 870 999 1129 
1214 1557 1348 1372 1332 
1357 1241 1585 1234 1429 
1444 1181 1272 1649 1385 
1462 1333 1268 1657 1386 
1113 1534 1248 1447 1744 
1424 1179 1541 1359 1592 
1407 1531 1186 1590 1679 
1120 1111 1210 1320 1326 
1093 1205 1388 1629 1767 
1287 1246 1673 1316 1626 
1024 1168 1300 1592 1495 
1252 1547 1170 1196 1366 
1069 1359 1338 1247 1447 
1071 1617 1616 1373 1244 
1445 1179 1476 1584 1679 
1422 1566 1289 1198 1589 
1027 1139 1260 1523 1730 
1025 1388 1367 1239 1327 
1221 1374 1524 1347 1430 
1036 1533 1655 1649 1322 
1142 1365 1301 1460 1568 
1184 1523 1629 1604 1575 
1375 1622 1193 1673 1631 
1433 1532 1375 1626 1677 
1102 1251 1351 1491 1488 
1401 1142 1168 1287 1285 
1130 1570 1264 1467 1243 
1350 1156 1470 1468 1473 
1497 1416 1433 1591 1723 
1438 1244 1566 1685 1375 
1043 1243 1303 1708 1732 
1294 1189 1185 1412 1289 
1369 1471 1566 1631 1375 
1018 1471 1363 1451 1260 
1008 1482 1342 1322 1200 
1138 1340 1655 1691 1307 
1305 1292 1364 1360 1698 
1026 1282 1428 1407 1270 
1392 1296 1329 1202 1627 
1472 1475 1383 1392 1690 
1158 1304 1656 1239 1377 
1282 1459 1256 1427 1236 
1252 1390 1610 1443 1273 
1015 1562 1470 1400 1376 
1272 1137 1504 1545 1293 
1036 1591 1156 1577 1740 
1410 1186 1711 1492 1656 
1128 1285 1616 1631 1610 
1322 1187 1496 1544 1241 
1137 1372 1492 1727 1641 
1322 1305 1270 1341 1755 
1231 1608 1406 1408 1706 
1104 1565 1557 1488 1300 
1022 1363 1333 1225 1369 
1023 1543 1515 1590 1639 
1168 1622 1631 1515 1768 
1426 1345 1269 1543 1713 
1467 1316 1425 1748 1416 
1096 1432 1414 1700 1401 
1316 1102 1264 1345 1637 
1413 1264 1254 1563 1394 
1256 1438 1237 1283 1308 
1419 1536 1217 1379 1372 
1485 1572 1460 1543 1225 
1371 1394 1598 1770 1495 
1202 1457 1295 1329 1686 
1167 1212 1191 1455 1498 
1412 1124 1301 1417 1683 
1056 1301 1583 1720 1563 
1179 1244 1700 1644 1575 
1310 1266 1421 1472 1665 
1385 1248 1248 1494 1762 
1449 1224 1297 1766 1331 
1104 1089 1176 1636 1277 
1076 1276 1348 1621 1452 
1300 1433 1310 1718 1425 
1418 1508 1366 1439 1649 
1024 1618 1292 1723 1771 
1137 1110 1486 1514 1689 
1203 1410 1297 1478 1673 
1347 1547 1370 1326 1418 
1239 1422 1289 1227 1440 
1479 1265 1400 1624 1506 
1102 1416 1629 1469 1220 
1127 1400 1220 1681 1426 
1137 1608 1336 1525 1426 
1206 1274 1539 1672 1656 
1105 1405 1175 1728 1200 
1079 1401 1474 1379 1743 
1143 1265 1381 1546 1214 
1256 1107 1309 1205 1783 
1182 1502 1496 1739 1741 
1208 1298 1703 1725 1794 
1485 1162 1371 1461 1767 
1265 1543 1532 1382 1228 
1082 1360 1336 1732 1577 
1361 1270 1481 1526 1739 
1168 1308 1467 1646 1402 
1058 1415 1381 1349 1250 
1230 1269 1641 1568 1341 
