50 2 20
26 10
1700 112 96 85 77 75 77 85 96 112 130 149 169 187 203 214 222 225 222 214 203 187 169 150 130 112 96 85 77 75 77 85 96 112 130 149 169 187 203 214 222 225 222 214 203 187 169 150 130 112 96 
100000 7500 6464 5669 5170 5000 5170 5669 6464 7499 8705 9999 11294 12499 13535 14330 14829 15000 14829 14330 13535 12500 11294 10000 8705 7500 6464 5669 5170 5000 5170 5669 6464 7499 8705 9999 11294 12499 13535 14330 14829 15000 14829 14330 13535 12500 11294 10000 8705 7500 6464 
1249 1353 1433 1482 1499 1482 1433 1353 1250 1129 1000 870 750 646 566 517 500 517 566 646 749 870 999 1129 1249 1353 
668 1759 2360 1866 1707 593 1678 1755 962 661 1080 361 552 450 298 630 905 922 407 920 1500 1031 1709 774 
1584 1933 1791 1546 893 1676 1131 465 1442 593 613 849 633 424 412 771 873 1021 389 948 1346 1014 1497 890 
728 797 2235 2317 2006 1346 603 710 683 920 961 977 377 718 660 533 528 840 535 485 1253 1402 720 922 
863 2129 1554 693 679 1020 1024 1712 927 551 712 595 662 722 634 505 835 329 500 442 1478 654 727 608 
1777 919 1536 884 1832 1581 865 1052 820 355 936 795 709 547 449 816 449 258 1026 953 611 1347 1754 1468 
1688 2149 1327 2259 981 1127 880 800 738 724 657 873 642 248 615 291 527 511 878 543 834 504 543 1554 
1871 1089 1429 1724 1437 1448 1159 595 765 589 325 1010 551 512 635 809 599 995 870 917 1019 759 1270 559 
757 1619 2078 2093 2062 2116 990 716 930 997 655 589 836 479 522 720 490 521 580 645 490 1701 781 660 
1565 1425 1391 1556 2008 1688 1539 1609 1276 722 475 688 424 758 447 291 788 619 348 735 1423 1214 649 1475 
812 980 2296 1615 1792 1140 841 1193 600 629 743 643 344 478 312 547 508 346 464 1191 1503 1388 1038 2126 
