50 3 20
16 100
850 130 112 96 85 77 75 77 85 96 112 130 149 169 187 203 214 222 225 222 214 203 187 169 150 130 112 96 85 77 75 77 85 96 112 130 149 169 187 203 214 222 225 222 214 203 187 169 150 130 112 
850 174 150 129 113 103 100 103 113 129 149 174 199 225 249 270 286 296 300 296 286 270 250 225 200 174 150 129 113 103 100 103 113 129 149 174 199 225 249 270 286 296 300 296 286 270 250 225 200 174 150 
100000 8705 7500 6464 5669 5170 5000 5170 5669 6464 7499 8705 9999 11294 12499 13535 14330 14829 15000 14829 14330 13535 12500 11294 10000 8705 7500 6464 5669 5170 5000 5170 5669 6464 7499 8705 9999 11294 12499 13535 14330 14829 15000 14829 14330 13535 12500 11294 10000 8705 7500 
1129 1249 1353 1433 1482 1499 1482 1433 1353 1250 1129 1000 870 750 646 566 
516 506 492 562 678 728 904 1015 1074 1241 1391 1393 1419 1493 1494 1472 1414 1216 1084 985 863 725 643 560 526 510 516 590 676 752 904 1006 1094 1213 
505 514 508 548 668 721 848 1046 1178 1305 1375 1409 1439 1473 1416 1408 1365 1271 1077 1048 884 755 631 577 542 509 496 580 660 785 855 990 1179 1207 
496 511 510 581 629 755 903 998 1113 1213 1410 1433 1509 1520 1417 1374 1299 1218 1100 991 869 782 614 594 520 480 517 555 648 714 855 980 1145 1258 
497 497 541 540 674 755 890 964 1098 1253 1407 1462 1503 1428 1425 1385 1337 1211 1102 998 839 762 653 578 531 504 507 558 636 731 883 990 1159 1294 
506 506 492 547 656 728 889 986 1143 1256 1290 1376 1548 1559 1453 1489 1332 1295 1146 1026 897 753 628 577 541 482 516 552 624 777 837 984 1168 1199 
527 495 512 561 619 761 880 1015 1134 1210 1392 1443 1462 1461 1455 1367 1332 1259 1079 1015 874 719 661 573 537 511 519 572 617 786 840 1014 1082 1277 
519 511 497 584 643 785 832 981 1095 1225 1420 1459 1499 1493 1504 1446 1371 1311 1139 955 878 745 627 560 518 483 520 571 651 784 902 1018 1074 1203 
528 519 522 590 618 772 833 965 1154 1233 1356 1364 1492 1504 1428 1432 1325 1255 1119 1028 892 722 624 546 529 506 507 549 638 722 834 1003 1169 1283 
508 493 525 545 655 726 843 967 1090 1203 1380 1407 1483 1437 1509 1395 1408 1221 1114 954 902 714 661 561 512 522 517 545 639 774 878 1044 1161 1277 
517 476 516 560 619 764 869 1011 1102 1202 1290 1451 1536 1504 1501 1503 1361 1248 1117 985 898 773 662 556 530 519 536 589 619 764 908 1026 1170 1244 
518 512 504 552 635 772 829 980 1113 1310 1292 1439 1552 1500 1465 1504 1398 1256 1112 1006 832 775 627 591 535 502 522 594 652 773 880 1005 1077 1215 
521 517 508 566 640 746 867 1045 1135 1201 1309 1482 1481 1476 1501 1372 1392 1191 1178 1005 875 783 676 572 516 501 513 574 627 765 881 1021 1081 1221 
542 521 509 560 656 736 893 1028 1109 1250 1304 1435 1491 1473 1508 1409 1391 1306 1081 1036 846 772 627 579 539 497 527 568 630 720 898 1047 1146 1291 
515 480 523 587 625 776 857 995 1093 1279 1388 1455 1504 1469 1536 1501 1371 1287 1180 1039 851 766 645 593 528 515 501 554 615 723 869 990 1174 1300 
509 488 510 555 615 722 832 990 1150 1239 1346 1427 1451 1436 1511 1378 1399 1262 1111 984 848 738 647 572 497 476 539 577 649 735 863 971 1096 1216 
493 516 540 564 665 726 841 1041 1173 1200 1287 1380 1455 1485 1543 1443 1301 1212 1103 973 907 723 614 547 540 486 527 576 638 767 904 993 1179 1296 
522 513 493 592 636 743 906 970 1166 1252 1306 1424 1486 1495 1472 1440 1344 1281 1113 1044 843 743 649 545 524 480 527 558 642 749 910 1009 1103 1304 
542 512 529 549 648 747 859 957 1123 1218 1340 1489 1438 1487 1476 1427 1400 1270 1109 1004 850 744 676 576 542 485 502 595 616 776 836 976 1127 1303 
501 495 534 556 621 719 830 954 1140 1241 1342 1436 1544 1487 1409 1392 1345 1217 1160 1042 831 779 635 574 542 501 503 551 620 752 907 1046 1172 1225 
493 519 512 558 638 734 871 1013 1095 1227 1315 1378 1413 1536 1542 1384 1396 1200 1089 1030 867 726 666 572 527 477 495 594 633 759 857 1049 1123 1194 
512 479 515 575 671 713 891 1046 1142 1258 1384 1445 1468 1568 1445 1390 1334 1295 1154 1014 834 766 659 556 529 492 502 587 644 757 864 988 1086 1189 
539 476 533 542 634 738 846 970 1128 1227 1286 1393 1555 1447 1499 1364 1288 1187 1138 986 873 770 651 583 537 517 514 551 646 725 863 981 1185 1249 
529 486 507 542 676 783 854 1021 1083 1254 1296 1447 1509 1527 1537 1431 1341 1309 1145 1039 912 712 618 593 536 521 502 563 677 759 867 990 1118 1306 
503 497 523 549 663 771 861 993 1145 1304 1312 1467 1463 1503 1410 1499 1360 1293 1089 957 840 777 656 579 503 521 510 542 662 734 909 1011 1142 1252 
535 515 493 581 614 744 905 974 1143 1254 1316 1471 1435 1530 1539 1439 1302 1263 1086 984 829 757 637 543 541 486 533 591 667 755 838 955 1087 1199 
537 478 509 595 624 738 851 1038 1156 1198 1291 1438 1458 1514 1529 1457 1355 1245 1139 1002 864 718 616 548 506 488 535 548 648 751 891 1037 1149 1236 
500 504 534 582 633 719 894 1008 1082 1285 1383 1410 1550 1543 1483 1433 1324 1243 1117 1030 878 741 635 569 500 510 527 545 670 742 859 1008 1143 1265 
512 513 527 589 667 753 837 1022 1179 1291 1304 1498 1534 1566 1467 1398 1327 1296 1140 1039 890 724 632 563 519 513 518 561 647 769 837 998 1129 1226 
507 501 541 568 635 758 913 1034 1161 1268 1406 1432 1489 1548 1453 1449 1395 1205 1168 1025 829 757 621 543 519 478 504 551 644 752 894 957 1167 1273 
536 488 501 577 674 778 840 1029 1138 1197 1381 1502 1499 1436 1531 1370 1374 1210 1137 992 874 744 654 544 508 501 534 542 615 748 894 1003 1162 1276 
522 480 541 545 639 773 865 1035 1094 1256 1363 1364 1424 1433 1513 1435 1347 1194 1081 1038 852 759 619 562 526 495 497 575 648 764 877 956 1156 1193 
510 502 513 570 653 725 884 979 1141 1305 1412 1501 1432 1433 1487 1454 1286 1216 1180 975 862 778 668 584 492 496 506 554 658 767 839 1013 1130 1282 
494 494 532 573 621 784 846 953 1125 1208 1387 1405 1412 1473 1521 1501 1396 1193 1169 958 869 749 666 560 498 517 499 556 658 785 898 965 1183 1200 
508 524 538 553 616 729 885 993 1166 1188 1352 1382 1533 1477 1549 1443 1356 1243 1089 1015 881 771 676 563 524 508 522 544 671 772 881 1049 1086 1227 
528 519 529 547 638 715 855 960 1166 1209 1401 1403 1448 1549 1426 1448 1377 1246 1155 1013 872 754 636 587 516 479 508 568 637 772 884 1033 1137 1249 
498 483 503 580 663 769 851 992 1128 1247 1356 1404 1548 1486 1450 1371 1348 1270 1118 969 836 724 628 591 538 516 509 580 618 712 902 1018 1085 1234 
532 511 504 560 642 779 874 978 1108 1306 1407 1493 1483 1508 1446 1404 1291 1284 1111 955 834 755 644 593 523 500 491 566 633 716 884 1005 1118 1274 
519 502 503 568 671 773 835 968 1125 1240 1318 1362 1503 1531 1515 1392 1293 1222 1150 1047 907 780 616 553 531 485 540 547 669 729 848 1028 1176 1200 
539 487 517 589 623 780 890 993 1154 1245 1319 1470 1491 1561 1537 1468 1415 1193 1106 982 853 757 630 552 503 501 536 573 638 757 850 959 1090 1305 
516 477 521 565 637 761 874 1043 1162 1194 1356 1461 1551 1518 1437 1456 1382 1263 1183 1014 906 783 671 575 541 509 526 552 621 769 903 999 1181 1257 
511 509 523 541 654 742 834 1039 1120 1300 1304 1400 1413 1525 1464 1488 1348 1305 1166 1037 828 713 646 545 537 488 518 573 639 766 844 988 1119 1297 
511 513 502 584 616 736 905 980 1161 1224 1346 1487 1496 1574 1554 1436 1372 1286 1077 951 908 734 653 577 502 491 509 562 649 729 850 1029 1087 1211 
539 478 524 543 645 725 903 1000 1159 1197 1388 1431 1501 1558 1500 1459 1389 1196 1163 982 845 787 641 585 530 493 515 566 646 762 903 1041 1157 1197 
491 507 516 551 678 780 883 952 1114 1267 1329 1362 1498 1539 1454 1441 1388 1191 1183 965 831 732 674 555 516 491 513 550 631 769 909 1019 1106 1212 
497 507 506 582 621 744 828 994 1168 1227 1290 1426 1429 1546 1486 1500 1289 1260 1133 1048 877 781 629 572 504 503 520 581 625 766 897 1015 1116 1203 
519 502 517 594 637 758 897 1021 1180 1237 1295 1379 1547 1486 1452 1388 1415 1257 1153 1039 865 775 615 561 521 483 512 593 673 760 841 1026 1085 1303 
518 492 501 570 657 756 912 996 1102 1286 1409 1409 1495 1475 1551 1473 1379 1297 1177 986 880 774 662 565 491 484 495 566 625 726 907 1031 1097 1208 
510 498 529 581 636 767 846 955 1126 1242 1357 1483 1525 1526 1444 1430 1367 1209 1157 990 833 739 653 544 536 488 542 564 649 737 909 951 1170 1210 
498 502 535 567 665 721 889 965 1143 1194 1324 1427 1470 1467 1480 1504 1420 1209 1094 1021 848 744 674 582 491 479 495 584 644 747 889 979 1173 1281 
540 490 498 548 669 759 842 1020 1172 1261 1368 1480 1507 1467 1522 1457 1326 1274 1104 1031 830 748 643 545 506 516 534 541 619 720 897 1010 1139 1295 
534 493 500 578 637 715 879 1024 1137 1267 1332 1389 1455 1554 1437 1453 1341 1300 1073 1012 866 713 646 546 516 488 502 575 651 773 861 965 1157 1290 
496 523 501 582 619 771 861 970 1164 1264 1386 1391 1448 1443 1512 1404 1392 1205 1176 1020 880 769 624 573 513 507 527 571 649 737 833 1012 1080 1276 
519 480 517 586 646 786 865 964 1184 1265 1355 1493 1486 1512 1469 1460 1372 1265 1088 1040 909 749 624 572 521 502 535 584 639 774 886 1046 1085 1268 
528 486 525 560 660 720 900 1000 1131 1193 1370 1402 1556 1522 1442 1453 1311 1311 1110 984 908 761 639 587 525 484 522 565 653 747 863 1003 1083 1250 
491 516 501 569 675 765 866 1021 1082 1302 1389 1376 1432 1441 1477 1459 1296 1252 1114 1021 844 720 676 556 542 501 522 575 670 739 883 990 1073 1269 
520 485 530 569 619 740 855 1046 1077 1297 1386 1483 1445 1554 1457 1416 1309 1238 1175 981 855 730 620 594 520 509 526 547 675 782 865 969 1138 1258 
521 516 531 577 621 777 845 999 1088 1206 1344 1447 1491 1462 1431 1371 1317 1194 1174 971 906 769 639 567 540 497 501 554 645 769 833 1034 1143 1291 
516 500 520 541 664 727 855 1026 1129 1215 1366 1417 1439 1537 1525 1404 1346 1281 1149 1026 841 763 652 552 499 518 523 573 678 782 901 976 1158 1310 
498 520 509 594 624 781 872 974 1140 1196 1329 1394 1553 1505 1454 1438 1292 1294 1074 1004 859 787 628 557 526 524 511 566 623 738 892 989 1142 1283 
522 500 508 555 625 744 834 1000 1139 1311 1297 1459 1472 1502 1555 1487 1309 1206 1171 1012 856 751 669 543 511 516 499 580 626 733 840 1046 1108 1212 
509 479 527 579 672 779 843 975 1097 1207 1331 1479 1528 1522 1552 1399 1363 1254 1080 1002 886 720 628 541 515 503 512 561 628 772 858 967 1142 1300 
541 490 503 560 639 783 857 1033 1092 1290 1307 1494 1532 1481 1521 1446 1361 1266 1073 966 844 783 641 565 509 512 526 568 661 734 855 1034 1121 1264 
525 480 520 579 630 715 883 960 1079 1245 1322 1460 1493 1444 1491 1410 1291 1235 1156 951 850 750 647 565 525 493 514 543 649 749 837 974 1075 1206 
499 522 522 573 619 747 899 1048 1174 1202 1418 1497 1469 1486 1462 1482 1333 1246 1080 973 828 714 660 569 527 518 500 587 658 715 877 1009 1158 1275 
537 515 511 590 626 723 862 981 1166 1227 1292 1470 1535 1514 1503 1402 1383 1268 1136 951 887 726 662 574 540 499 508 541 671 747 912 1029 1121 1234 
494 510 499 574 653 759 894 1049 1185 1260 1389 1455 1452 1441 1408 1396 1348 1224 1163 995 904 718 646 556 538 504 535 582 651 769 862 1005 1097 1225 
496 476 510 546 635 725 859 975 1150 1189 1300 1408 1482 1571 1498 1494 1365 1244 1140 1017 847 774 668 545 531 499 510 585 668 712 873 987 1158 1306 
527 507 535 568 672 741 874 1012 1181 1193 1374 1398 1479 1456 1548 1397 1338 1256 1121 1039 836 739 627 569 508 522 522 589 633 772 842 1044 1149 1272 
520 486 536 583 654 743 898 957 1158 1310 1307 1452 1423 1558 1541 1447 1314 1303 1111 976 838 775 642 586 512 517 510 579 664 753 867 996 1128 1296 
502 501 518 553 664 785 909 1001 1109 1304 1372 1414 1531 1486 1491 1471 1383 1308 1166 977 900 777 664 593 504 497 507 551 634 783 871 1004 1118 1294 
502 477 541 594 625 762 849 954 1128 1273 1286 1403 1447 1534 1416 1482 1411 1273 1154 966 839 772 614 569 535 498 522 584 638 773 873 975 1076 1262 
526 479 506 580 665 722 906 1028 1110 1223 1419 1448 1515 1498 1469 1488 1340 1258 1155 987 851 770 670 578 531 496 525 577 633 743 878 1020 1101 1310 
539 500 513 571 648 755 897 963 1099 1269 1380 1463 1497 1524 1450 1450 1369 1212 1110 963 839 737 639 591 530 507 540 553 671 723 837 958 1142 1210 
500 523 505 592 647 736 856 1010 1137 1255 1307 1471 1533 1517 1518 1394 1287 1290 1160 1022 833 723 677 577 511 522 505 576 667 751 886 999 1151 1202 
516 512 525 538 645 760 870 972 1084 1302 1377 1436 1537 1562 1520 1400 1320 1213 1136 1010 860 727 618 584 512 522 492 547 635 756 847 958 1158 1288 
518 481 528 562 629 728 894 1031 1124 1197 1369 1382 1497 1444 1466 1376 1378 1261 1180 960 829 744 637 576 512 502 522 545 653 720 836 1041 1124 1223 
537 479 499 550 671 720 911 1019 1122 1226 1308 1397 1459 1527 1463 1373 1349 1281 1179 1009 867 749 666 594 510 484 503 576 669 775 909 1034 1154 1218 
501 480 515 562 618 752 883 975 1151 1278 1369 1388 1501 1542 1494 1503 1293 1227 1121 952 840 749 637 560 499 497 526 555 650 776 894 1046 1175 1193 
537 493 528 564 638 732 913 1036 1078 1292 1362 1377 1520 1442 1439 1482 1330 1291 1123 1028 839 767 678 559 521 524 539 544 644 769 862 984 1177 1249 
541 476 523 546 643 724 899 1031 1116 1215 1329 1491 1530 1517 1491 1429 1390 1225 1088 1026 907 754 675 572 534 479 492 576 643 754 879 984 1184 1262 
502 481 497 560 646 732 860 1046 1124 1262 1411 1403 1535 1495 1460 1394 1364 1244 1159 985 866 767 621 541 519 481 509 566 637 743 827 966 1169 1306 
519 498 539 556 676 781 842 1040 1089 1284 1328 1405 1474 1490 1495 1398 1408 1229 1092 951 885 779 677 545 491 480 540 549 636 748 829 1028 1180 1262 
509 476 521 560 635 787 888 966 1114 1241 1346 1436 1421 1439 1458 1402 1352 1189 1138 978 835 715 676 575 515 479 514 594 621 733 836 967 1108 1250 
535 493 523 568 639 771 895 978 1168 1290 1404 1412 1502 1455 1429 1400 1412 1263 1131 1027 854 753 638 569 534 519 508 571 640 773 890 1023 1121 1264 
521 505 523 548 658 730 843 986 1139 1299 1418 1407 1438 1470 1552 1499 1380 1271 1156 995 866 781 622 542 528 487 533 557 669 767 833 1008 1144 1291 
511 480 518 577 624 780 887 954 1088 1196 1298 1443 1556 1447 1552 1439 1361 1215 1167 1006 829 724 626 560 536 514 505 564 655 745 912 974 1105 1257 
498 521 517 591 647 756 868 962 1140 1255 1341 1462 1478 1528 1503 1499 1286 1286 1112 998 866 749 665 564 540 517 496 542 659 740 870 1023 1145 1221 
495 506 501 584 675 738 897 1012 1155 1297 1314 1485 1478 1572 1525 1488 1419 1200 1087 1006 851 775 622 583 515 479 528 550 664 715 875 1049 1168 1303 
530 496 497 587 626 728 873 1014 1075 1223 1302 1476 1459 1440 1546 1475 1369 1199 1153 1011 868 724 674 586 532 485 518 545 659 736 897 994 1079 1269 
496 522 519 574 646 764 878 1015 1103 1208 1310 1456 1447 1431 1438 1503 1287 1278 1178 1029 887 738 650 555 527 516 504 565 622 753 894 964 1148 1210 
491 487 513 562 643 722 841 955 1090 1282 1309 1371 1556 1527 1516 1407 1398 1251 1081 988 864 778 669 552 530 505 491 555 643 716 838 979 1080 1228 
501 522 541 558 657 760 867 1003 1177 1287 1415 1365 1553 1538 1530 1371 1356 1242 1153 1031 838 762 618 588 531 498 515 594 640 732 874 962 1159 1205 
510 495 502 557 655 723 904 1037 1173 1234 1351 1449 1542 1460 1487 1464 1360 1242 1105 1010 862 742 670 573 493 475 493 554 654 779 843 1005 1152 1295 
537 512 521 576 648 763 865 1003 1137 1275 1343 1462 1515 1446 1546 1442 1376 1284 1109 974 893 781 630 577 497 512 534 584 654 747 904 1027 1104 1279 
518 482 511 555 620 771 840 954 1082 1208 1392 1411 1507 1493 1438 1381 1383 1245 1081 984 914 713 638 557 491 477 508 588 656 760 882 984 1074 1271 
498 500 501 588 660 777 905 977 1133 1275 1344 1483 1468 1555 1534 1373 1352 1256 1078 998 835 774 637 580 525 500 522 563 664 776 912 970 1129 1296 
538 476 510 574 630 760 901 978 1156 1308 1341 1411 1450 1437 1529 1494 1420 1193 1092 984 867 786 615 583 500 505 498 581 657 766 854 1011 1102 1302 
532 476 536 587 660 778 909 998 1177 1210 1415 1421 1544 1512 1450 1379 1299 1206 1092 1037 911 779 655 542 528 514 528 548 646 764 837 1021 1107 1304 
532 499 502 539 631 752 850 970 1090 1190 1390 1408 1438 1516 1550 1468 1387 1243 1087 1018 838 726 621 587 493 497 496 583 626 714 891 997 1126 1195 
517 521 528 580 635 745 870 1027 1125 1275 1404 1483 1470 1555 1522 1461 1312 1283 1140 1031 873 723 674 564 503 491 492 593 653 785 882 956 1172 1258 
