50 2 20
26 5
1700 85 96 112 130 149 169 187 203 214 222 225 222 214 203 187 169 150 130 112 96 85 77 75 77 85 96 112 130 149 169 187 203 214 222 225 222 214 203 187 169 150 130 112 96 85 77 75 77 85 96 
100000 5669 6464 7499 8705 9999 11294 12499 13535 14330 14829 15000 14829 14330 13535 12500 11294 10000 8705 7500 6464 5669 5170 5000 5170 5669 6464 7499 8705 9999 11294 12499 13535 14330 14829 15000 14829 14330 13535 12500 11294 10000 8705 7500 6464 5669 5170 5000 5170 5669 6464 
1433 1353 1250 1129 1000 870 750 646 566 517 500 517 566 646 749 870 999 1129 1249 1353 1433 1482 1499 1482 1433 1353 
919 1770 1474 680 658 920 683 437 324 333 401 881 339 549 514 1718 1252 1968 609 1921 1837 1107 1231 1168 
613 1478 907 1298 888 525 482 734 559 640 410 805 466 554 1456 1723 732 1688 1978 1639 1089 2030 952 665 
891 1594 410 677 1085 727 347 640 365 224 294 322 754 1105 754 899 766 1682 1698 1552 970 793 1542 1395 
1568 956 1500 1047 1087 648 551 642 754 223 604 690 1190 634 965 1583 582 1242 1919 636 1843 921 1822 592 
1740 854 1429 494 527 1010 468 815 253 405 873 729 1129 1214 1554 828 1771 707 1246 639 827 1979 1552 1555 
