20 11 20
7 10
170 96 85 77 75 77 85 96 112 130 149 169 187 203 214 222 225 222 214 203 187 
170 129 113 103 100 103 113 129 149 174 199 225 249 270 286 296 300 296 286 270 250 
170 161 141 129 125 129 141 161 187 217 249 282 312 338 358 370 375 370 358 338 312 
170 193 170 155 150 155 170 193 224 261 299 338 374 406 429 444 450 444 429 406 375 
170 226 198 180 175 180 198 226 262 304 349 395 437 473 501 519 525 519 501 473 437 
170 258 226 206 200 206 226 258 299 348 399 451 499 541 573 593 600 593 573 541 500 
170 290 255 232 225 232 255 290 337 391 449 508 562 609 644 667 675 667 644 609 562 
170 323 283 258 250 258 283 323 374 435 499 564 624 676 716 741 750 741 716 676 625 
170 355 311 284 275 284 311 355 412 478 549 621 687 744 788 815 825 815 788 744 687 
170 387 340 310 300 310 340 387 449 522 599 677 749 812 859 889 900 889 859 812 750 
100000 6464 5669 5170 5000 5170 5669 6464 7499 8705 9999 11294 12499 13535 14330 14829 15000 14829 14330 13535 12500 
1353 1433 1482 1499 1482 1433 1353 
1253 1064 1167 916 781 750 497 581 564 548 620 711 729 
1074 1077 830 906 693 659 568 591 597 417 509 604 891 
1089 1018 946 779 835 710 514 485 413 585 659 701 697 
1267 1316 1102 966 643 538 595 593 429 601 562 719 797 
1350 1340 912 916 683 529 621 568 541 549 555 596 611 
1184 918 1172 873 793 534 560 456 546 571 672 681 856 
1393 1318 865 945 622 735 639 414 548 487 545 753 864 
1322 1088 923 854 815 687 593 610 449 454 466 546 693 
1191 1031 945 1031 778 529 503 594 527 610 536 773 654 
1466 1186 990 809 749 664 634 548 480 605 529 730 828 
