10 2 20
4 50
1700 130 149 169 187 203 214 222 225 222 214 
100000 8705 9999 11294 12499 13535 14330 14829 15000 14829 14330 
1129 1000 870 750 
323 393 316 352 545 327 
440 793 432 548 609 472 
845 645 511 346 290 651 
520 347 602 220 747 720 
451 472 612 414 563 384 
992 489 767 567 756 766 
724 883 759 440 499 604 
739 475 307 573 416 533 
411 656 225 239 674 449 
341 582 681 691 235 559 
593 495 710 259 677 426 
567 705 328 302 418 711 
1018 527 538 503 368 399 
423 828 606 367 464 246 
399 280 706 456 494 374 
394 737 747 730 494 318 
716 373 624 712 510 260 
629 793 481 391 771 895 
413 781 789 692 454 597 
501 468 708 421 500 687 
557 347 775 359 377 435 
909 526 397 442 450 873 
338 554 466 301 446 468 
1018 798 575 326 556 825 
536 565 371 304 822 820 
903 805 541 451 743 227 
641 812 262 383 694 890 
1000 599 286 762 512 549 
498 783 640 780 535 863 
526 243 443 381 536 540 
695 811 717 723 770 741 
518 748 731 404 570 475 
936 321 504 224 286 556 
455 799 623 240 665 293 
691 281 682 534 393 372 
324 248 711 316 584 232 
597 289 428 329 281 316 
972 634 446 320 704 682 
362 759 500 626 770 603 
640 774 643 395 534 317 
967 625 595 530 522 452 
700 819 233 457 630 804 
702 373 766 396 272 605 
628 579 604 250 291 816 
582 788 249 505 490 874 
684 733 821 718 558 582 
944 446 394 448 586 810 
863 229 782 297 552 374 
868 704 689 508 591 388 
611 523 561 513 391 550 
