20 3 20
15 100
850 130 149 169 187 203 214 222 225 222 214 203 187 169 150 130 112 96 85 77 75 
850 174 199 225 249 270 286 296 300 296 286 270 250 225 200 174 150 129 113 103 100 
100000 8705 9999 11294 12499 13535 14330 14829 15000 14829 14330 13535 12500 11294 10000 8705 7500 6464 5669 5170 5000 
1129 1000 870 750 646 566 517 500 517 566 646 749 870 999 1129 
1236 1287 1373 1434 1447 
1241 1368 1439 1417 1547 
1242 1292 1463 1544 1466 
1211 1317 1492 1461 1478 
1268 1388 1413 1478 1530 
1309 1393 1398 1421 1498 
1241 1315 1403 1463 1569 
1203 1288 1502 1464 1458 
1243 1361 1389 1533 1460 
1255 1314 1460 1498 1550 
1274 1353 1394 1452 1545 
1214 1356 1426 1436 1506 
1297 1291 1423 1409 1490 
1201 1342 1388 1420 1486 
1215 1361 1373 1529 1510 
1223 1316 1421 1486 1527 
1270 1305 1429 1487 1508 
1240 1289 1492 1495 1556 
1288 1290 1417 1472 1563 
1221 1306 1498 1416 1472 
1216 1385 1474 1470 1444 
1298 1339 1452 1519 1432 
1243 1311 1378 1479 1504 
1274 1370 1485 1504 1499 
1298 1415 1395 1519 1471 
1228 1373 1447 1485 1493 
1302 1291 1446 1463 1524 
1283 1346 1493 1556 1527 
1201 1323 1390 1454 1484 
1227 1308 1480 1510 1526 
1216 1414 1386 1447 1502 
1224 1361 1469 1451 1519 
1225 1289 1442 1484 1502 
1189 1341 1457 1500 1562 
1205 1400 1481 1453 1569 
1219 1372 1503 1430 1480 
1208 1319 1409 1466 1556 
1213 1307 1489 1447 1435 
1253 1302 1364 1544 1425 
1243 1360 1470 1493 1463 
1307 1380 1374 1428 1524 
1268 1406 1407 1512 1525 
1276 1332 1469 1457 1497 
1187 1308 1369 1430 1474 
1282 1417 1503 1545 1557 
1212 1379 1386 1479 1427 
1267 1391 1430 1548 1507 
1204 1359 1388 1424 1558 
1207 1335 1444 1463 1474 
1188 1307 1372 1546 1559 
1304 1286 1451 1486 1467 
1306 1398 1479 1497 1516 
1223 1358 1375 1493 1566 
1209 1382 1368 1506 1448 
1273 1347 1406 1547 1564 
1270 1421 1464 1529 1425 
1282 1377 1425 1543 1523 
1200 1418 1398 1485 1511 
1201 1322 1390 1473 1480 
1195 1392 1470 1443 1522 
1238 1299 1461 1497 1453 
1196 1339 1366 1421 1459 
1297 1320 1502 1435 1435 
1264 1399 1427 1501 1568 
1227 1294 1379 1447 1524 
1206 1405 1473 1440 1561 
1217 1329 1418 1548 1449 
1309 1354 1409 1425 1557 
1204 1375 1467 1468 1521 
1192 1375 1406 1469 1524 
1278 1322 1409 1521 1574 
1222 1327 1430 1409 1474 
1200 1375 1405 1415 1494 
1303 1296 1413 1517 1441 
1268 1313 1492 1480 1540 
1200 1352 1466 1490 1539 
1287 1304 1470 1485 1480 
1309 1357 1449 1411 1508 
1197 1345 1374 1547 1502 
1234 1375 1454 1469 1518 
1191 1369 1371 1495 1484 
1249 1324 1378 1409 1510 
1253 1329 1458 1505 1451 
1198 1416 1484 1412 1448 
1297 1401 1422 1541 1500 
1243 1338 1429 1446 1432 
1198 1380 1403 1548 1558 
1214 1391 1482 1497 1471 
1236 1383 1483 1551 1563 
1227 1339 1431 1463 1487 
1216 1337 1391 1438 1474 
1263 1339 1475 1546 1439 
1279 1341 1362 1503 1445 
1188 1299 1486 1482 1430 
1308 1367 1440 1437 1466 
1215 1371 1447 1527 1473 
1255 1351 1415 1463 1504 
1281 1291 1441 1489 1486 
1261 1365 1477 1462 1431 
1261 1406 1442 1432 1563 
