50 11 20
16 50
170 85 77 75 77 85 96 112 130 149 169 187 203 214 222 225 222 214 203 187 169 150 130 112 96 85 77 75 77 85 96 112 130 149 169 187 203 214 222 225 222 214 203 187 169 150 130 112 96 85 77 
170 113 103 100 103 113 129 149 174 199 225 249 270 286 296 300 296 286 270 250 225 200 174 150 129 113 103 100 103 113 129 149 174 199 225 249 270 286 296 300 296 286 270 250 225 200 174 150 129 113 103 
170 141 129 125 129 141 161 187 217 249 282 312 338 358 370 375 370 358 338 312 282 250 217 187 161 141 129 125 129 141 161 187 217 249 282 312 338 358 370 375 370 358 338 312 282 250 217 187 161 141 129 
170 170 155 150 155 170 193 224 261 299 338 374 406 429 444 450 444 429 406 375 338 300 261 225 193 170 155 150 155 170 193 224 261 299 338 374 406 429 444 450 444 429 406 375 338 300 261 225 193 170 155 
170 198 180 175 180 198 226 262 304 349 395 437 473 501 519 525 519 501 473 437 395 350 304 262 226 198 180 175 180 198 226 262 304 349 395 437 473 501 519 525 519 501 473 437 395 350 304 262 226 198 180 
170 226 206 200 206 226 258 299 348 399 451 499 541 573 593 600 593 573 541 500 451 400 348 300 258 226 206 200 206 226 258 299 348 399 451 499 541 573 593 600 593 573 541 500 451 400 348 300 258 226 206 
170 255 232 225 232 255 290 337 391 449 508 562 609 644 667 675 667 644 609 562 508 450 391 337 290 255 232 225 232 255 290 337 391 449 508 562 609 644 667 675 667 644 609 562 508 450 391 337 290 255 232 
170 283 258 250 258 283 323 374 435 499 564 624 676 716 741 750 741 716 676 625 564 500 435 375 323 283 258 250 258 283 323 374 435 499 564 624 676 716 741 750 741 716 676 625 564 500 435 375 323 283 258 
170 311 284 275 284 311 355 412 478 549 621 687 744 788 815 825 815 788 744 687 621 550 478 412 355 311 284 275 284 311 355 412 478 549 621 687 744 788 815 825 815 788 744 687 621 550 478 412 355 311 284 
170 340 310 300 310 340 387 449 522 599 677 749 812 859 889 900 889 859 812 750 677 600 522 450 387 340 310 300 310 340 387 449 522 599 677 749 812 859 889 900 889 859 812 750 677 600 522 450 387 340 310 
100000 5669 5170 5000 5170 5669 6464 7499 8705 9999 11294 12499 13535 14330 14829 15000 14829 14330 13535 12500 11294 10000 8705 7500 6464 5669 5170 5000 5170 5669 6464 7499 8705 9999 11294 12499 13535 14330 14829 15000 14829 14330 13535 12500 11294 10000 8705 7500 6464 5669 5170 
1433 1482 1499 1482 1433 1353 1250 1129 1000 870 750 646 566 517 500 517 
755 737 390 499 1013 1074 1033 1032 1411 1584 2147 1931 880 1482 1787 1144 1335 1080 331 570 715 490 698 489 443 358 446 505 1546 1312 1423 877 1545 1310 
710 369 1045 534 822 901 1831 947 614 1947 2287 686 2052 905 1299 1294 580 508 1161 930 501 718 494 285 594 364 1141 1385 791 1409 828 1907 1641 1435 
535 311 805 920 700 1114 867 1391 1739 2122 645 2303 1732 547 520 821 727 881 1082 815 559 492 487 662 358 388 862 693 1404 975 825 1725 1183 2320 
370 276 394 807 1328 492 763 1233 1984 716 2237 1436 1421 2001 1992 660 1224 875 1154 1009 374 817 418 211 712 430 961 1221 1423 1260 831 1466 2278 1352 
361 732 1049 731 1506 485 775 1337 860 597 1371 1067 865 1196 1677 658 1273 1215 1161 271 772 334 358 279 533 517 1066 1245 950 987 603 573 1422 2118 
642 812 416 1152 1022 1479 1387 2008 1650 1845 1616 1857 1538 894 1850 1226 1451 408 817 491 508 425 642 433 570 560 475 1204 487 1342 767 1150 1035 1203 
722 739 929 350 1055 1583 1794 1567 1715 1250 2186 2108 1880 643 675 1034 968 1048 996 917 613 678 244 303 411 305 394 1171 1184 1406 1900 1552 1204 1267 
273 991 853 1183 1459 1218 1509 1383 710 2020 2074 1509 1934 1426 510 1185 901 483 422 796 761 344 353 316 725 611 787 1112 1241 469 1121 1664 1324 2199 
633 368 660 468 1015 642 1940 1202 1964 1457 2365 2214 1265 2134 1840 864 1423 1058 1057 835 516 251 798 389 692 788 873 419 1548 517 628 1815 1462 1573 
293 1021 1043 411 1354 1266 1520 1960 1836 824 1690 2196 942 673 1019 1240 887 1361 1004 643 499 539 283 288 754 597 1019 1166 1315 580 1415 638 1650 2313 
887 994 592 1299 1120 1704 605 1997 1058 694 2156 1948 1374 1523 1423 782 458 390 1129 263 352 822 270 740 544 315 917 1320 802 513 1407 2092 623 1160 
743 613 1162 582 1570 1805 1721 620 1940 1017 1101 1120 1559 549 1490 639 402 473 585 666 660 315 321 789 594 1021 632 587 1148 1715 1694 1398 1910 2291 
470 805 665 683 766 884 1139 541 694 1571 1236 1984 1904 655 1335 1658 705 699 545 499 884 360 490 540 639 780 514 1369 1346 1503 1289 1695 1652 1735 
422 908 818 510 1178 626 1018 1515 2288 949 1079 2299 2234 2038 1892 950 1521 649 696 806 320 499 297 695 890 461 517 461 1146 1304 1712 1603 1452 1695 
339 791 1037 661 1392 489 1273 2131 1831 1964 745 1328 1421 2024 1248 760 428 1255 835 459 478 406 398 237 301 580 433 561 595 1405 1910 1890 1147 2175 
748 865 712 1138 1464 1711 1224 1053 951 873 1177 1672 1971 1089 1750 626 900 1356 1000 548 749 642 239 470 675 667 456 450 886 1438 585 1483 1921 1376 
498 299 353 1349 1063 787 757 1421 576 1351 1845 2236 1788 1724 1451 791 590 745 946 778 566 651 306 380 593 635 935 1041 437 1023 1456 1725 625 1533 
873 309 921 416 630 1190 1017 1668 2154 1274 957 1928 1854 1139 1252 622 1100 872 769 808 358 666 307 741 642 322 904 1308 1072 1400 1923 766 1337 1204 
477 343 305 1124 854 554 872 879 1576 812 1891 888 595 1739 1600 1584 1554 1042 900 863 383 556 714 531 302 586 528 1389 1567 696 1095 2133 1899 1601 
777 492 614 954 880 1786 1781 1544 2270 743 816 1811 1444 1204 1051 1388 432 1247 344 470 328 590 322 283 831 924 423 659 1156 800 1711 1295 1024 2342 
718 695 358 758 1267 1601 1188 799 1379 1984 978 674 581 1744 755 510 654 363 447 331 579 244 262 278 701 628 1142 921 524 1368 1248 773 890 1871 
840 416 857 634 1009 476 1883 844 781 1786 2145 1672 1368 2132 1265 665 1051 1153 611 346 232 327 276 235 278 508 303 1307 542 1440 1453 685 1498 1103 
698 411 1177 1272 1076 995 1224 1024 1661 2244 1930 2221 2220 1214 1847 1213 1234 355 461 347 307 629 666 295 615 841 470 646 639 530 1355 1518 1968 1955 
344 704 924 631 1013 500 1625 844 1094 1819 2013 2090 1968 1314 939 870 1194 859 822 566 729 618 551 566 397 994 494 719 1076 725 1342 2112 2087 1478 
794 1023 647 440 822 1411 1889 1736 1334 2085 2096 1684 1579 1242 1954 1161 1174 928 864 750 602 610 385 484 392 298 347 595 699 1314 1021 1608 1815 731 
403 842 568 1041 1420 561 1398 785 1393 893 1926 1713 723 574 1490 1619 495 1289 917 301 798 273 237 556 593 993 1108 819 749 1333 975 1229 1008 1337 
341 308 1006 710 569 1622 853 1242 1658 599 1437 1254 903 1133 1546 992 1514 1110 1007 914 681 609 497 623 398 981 1107 1047 1354 782 1179 1465 1019 1962 
844 838 458 777 1074 1515 1806 1346 616 1602 648 1404 669 800 1902 1065 1072 528 548 579 472 725 662 482 785 645 795 455 1501 1513 1381 1319 2065 754 
246 697 1093 1083 1332 1662 734 846 864 2145 1853 1141 713 1917 568 716 785 663 790 1007 659 329 311 528 362 963 905 1113 1466 1451 1668 1807 989 1392 
626 848 650 1211 1260 1007 1765 1666 793 704 1433 1269 1591 1534 1183 596 910 1054 973 446 625 639 543 773 712 400 854 1323 672 1547 1368 1389 643 1689 
544 856 329 349 988 915 1747 1735 2107 1234 632 1863 1523 2103 1022 1371 1266 846 372 727 717 648 202 822 868 491 538 1151 424 1253 1360 589 1408 668 
840 512 994 960 705 1443 1851 2073 1625 1286 1862 1208 1653 1805 1845 1318 640 765 1125 446 551 277 655 772 509 912 989 1191 981 1607 1463 1848 1580 1201 
612 675 1032 926 1288 623 694 734 937 734 1590 2146 1136 1053 1917 1584 1178 1172 328 720 687 634 602 708 387 773 338 379 1422 537 1729 1512 2249 1749 
835 872 642 1133 1356 1773 1418 1077 1204 2291 2017 2250 1916 963 1435 1778 1047 949 320 564 558 228 239 825 557 723 973 1045 1365 775 967 1714 2036 833 
572 648 577 1002 1178 1273 948 717 1897 1942 1761 1685 1894 1812 1756 844 1415 1013 1016 637 303 822 210 637 691 498 490 350 536 1667 509 1133 1486 2213 
789 517 559 1144 1044 1149 1230 2022 2194 1362 1011 1505 1837 647 1869 1625 1592 1107 707 390 780 543 636 533 349 429 421 1037 1182 931 1362 1105 2263 2290 
712 1029 516 813 1442 927 1320 1912 1206 2067 613 1169 1791 1152 1918 1674 853 769 316 616 683 640 390 715 465 911 344 424 981 490 1815 2058 1138 2091 
591 467 808 1264 1360 1226 1654 1729 1260 1627 1383 1139 2271 1776 1101 1673 1290 1253 320 299 704 403 770 588 517 711 1040 365 495 881 1632 853 1469 1385 
867 365 762 1321 681 1220 1436 1265 603 1732 2259 1733 1008 902 600 810 412 1032 1090 900 463 515 789 232 820 424 864 1122 1399 819 890 1399 724 1698 
885 904 1004 373 838 1293 644 867 610 1441 2192 1066 644 959 1368 1016 1433 408 453 530 828 638 579 435 244 595 860 1030 1344 678 1711 1617 2142 1979 
672 364 545 1292 437 1346 541 1834 1371 1085 1831 1554 1250 695 700 868 721 742 538 949 787 251 352 344 500 454 394 455 1151 1047 1345 1951 1100 1090 
884 401 1110 902 579 1425 1068 1907 2263 2196 2108 1105 1686 1307 1559 626 677 415 1095 848 738 529 600 410 353 392 1006 1363 1129 1524 1123 824 635 1385 
569 389 359 1350 682 1660 1838 904 598 1374 2081 661 1900 1347 1783 1462 1564 1092 691 524 317 507 781 395 394 356 480 1219 1452 1652 557 1786 1184 1975 
854 900 1073 1082 805 1106 1616 1899 1519 750 2345 1867 882 1453 1938 519 1220 655 962 776 473 530 614 585 883 936 1024 1205 998 883 1537 1188 1154 991 
425 952 491 1131 1079 1276 781 1025 612 1247 984 1001 1336 1744 1023 1227 1154 525 521 989 579 813 796 444 588 826 1122 732 958 1702 1092 1588 1946 1353 
484 404 965 1111 1073 1721 1810 1149 2184 1592 1928 1651 1861 2118 772 1296 957 1157 1060 741 804 473 565 649 733 469 615 434 1177 695 1788 1531 1719 691 
391 275 1170 1254 1219 457 946 1295 2076 1065 1810 2152 2269 555 1751 894 1011 1170 803 779 775 335 455 507 728 609 407 883 607 574 1814 1682 1896 846 
342 682 1047 1255 654 1721 1403 949 1219 1070 2133 1744 810 2155 598 1201 1150 727 403 1028 470 550 642 487 429 972 893 1251 1330 1231 1603 1514 1266 637 
848 972 809 424 870 1663 1376 1712 1959 955 833 1071 1928 1922 519 927 1289 556 1119 349 347 421 287 376 536 467 391 569 730 1456 1050 2079 1864 1412 
372 305 688 743 990 997 644 1659 1484 1905 1806 1390 846 668 666 852 907 1299 845 444 289 229 751 818 608 448 516 1143 680 1197 1066 752 2257 913 
