10 11 20
6 10
170 112 96 85 77 75 77 85 96 112 130 
170 150 129 113 103 100 103 113 129 149 174 
170 187 161 141 129 125 129 141 161 187 217 
170 225 193 170 155 150 155 170 193 224 261 
170 262 226 198 180 175 180 198 226 262 304 
170 300 258 226 206 200 206 226 258 299 348 
170 337 290 255 232 225 232 255 290 337 391 
170 375 323 283 258 250 258 283 323 374 435 
170 412 355 311 284 275 284 311 355 412 478 
170 450 387 340 310 300 310 340 387 449 522 
100000 7500 6464 5669 5170 5000 5170 5669 6464 7499 8705 
1249 1353 1433 1482 1499 1482 
1391 1206 1337 1296 
1684 1365 1340 975 
1320 1235 1075 1148 
1510 1213 1092 1056 
1518 1494 1357 1003 
1364 1096 1385 1277 
1293 1210 1403 963 
1631 1477 1102 1044 
1223 1359 1276 1045 
1537 1176 1374 1295 
