10 6 20
4 100
340 96 85 77 75 77 85 96 112 130 149 
340 129 113 103 100 103 113 129 149 174 199 
340 161 141 129 125 129 141 161 187 217 249 
340 193 170 155 150 155 170 193 224 261 299 
340 226 198 180 175 180 198 226 262 304 349 
100000 6464 5669 5170 5000 5170 5669 6464 7499 8705 9999 
1353 1433 1482 1499 
1525 1423 1419 1290 1111 1020 
1466 1372 1307 1287 1144 961 
1496 1390 1320 1302 1125 1015 
1527 1382 1357 1226 1093 986 
1498 1438 1316 1289 1097 1000 
1516 1462 1371 1233 1163 989 
1412 1392 1415 1268 1160 995 
1511 1386 1363 1311 1181 1016 
1457 1474 1332 1258 1136 953 
1452 1470 1337 1286 1106 999 
1479 1372 1318 1258 1129 989 
1547 1395 1304 1270 1074 1035 
1439 1432 1301 1261 1093 1033 
1522 1418 1337 1291 1141 994 
1461 1377 1358 1217 1131 964 
1476 1460 1386 1304 1075 977 
1536 1475 1319 1257 1165 990 
1449 1402 1343 1281 1093 978 
1469 1428 1311 1224 1169 1038 
1415 1384 1355 1241 1184 980 
1443 1464 1299 1187 1185 1035 
1477 1422 1378 1248 1163 1041 
1434 1484 1309 1236 1171 1014 
1464 1433 1318 1277 1126 988 
1473 1453 1331 1242 1144 1046 
1474 1407 1314 1216 1167 985 
1438 1467 1374 1246 1114 1044 
1538 1388 1321 1257 1171 993 
1477 1385 1342 1295 1142 1003 
1496 1435 1322 1236 1116 983 
1450 1477 1342 1248 1138 1048 
1481 1363 1323 1255 1120 1018 
1531 1398 1419 1264 1089 964 
1446 1439 1365 1304 1101 980 
1472 1493 1314 1238 1185 1049 
1452 1397 1416 1203 1090 1034 
1553 1487 1299 1264 1085 985 
1454 1391 1339 1199 1168 1028 
1531 1407 1407 1273 1082 965 
1411 1377 1362 1187 1156 1011 
1511 1496 1340 1307 1094 967 
1498 1402 1349 1240 1178 960 
1495 1408 1362 1189 1177 1022 
1468 1448 1323 1300 1087 1016 
1450 1448 1298 1303 1172 1049 
1451 1437 1410 1223 1102 1003 
1470 1408 1344 1255 1143 1019 
1477 1477 1354 1277 1093 1041 
1510 1363 1396 1233 1123 1029 
1553 1383 1415 1272 1081 1023 
1435 1388 1380 1236 1154 1020 
1503 1423 1297 1191 1077 968 
1476 1416 1340 1232 1150 1038 
1533 1443 1347 1240 1125 1015 
1448 1362 1310 1265 1115 986 
1521 1482 1320 1312 1131 979 
1496 1422 1357 1240 1138 1033 
1488 1453 1347 1283 1147 1026 
1542 1400 1415 1250 1126 1049 
1549 1424 1368 1265 1098 994 
1448 1393 1310 1304 1168 1040 
1414 1382 1352 1227 1087 1013 
1451 1414 1386 1208 1139 1020 
1464 1410 1403 1238 1149 954 
1472 1416 1297 1190 1110 1032 
1453 1472 1395 1240 1139 950 
1510 1432 1317 1279 1169 1032 
1538 1440 1359 1234 1097 1037 
1449 1458 1408 1287 1107 1043 
1534 1417 1353 1289 1175 953 
1446 1491 1326 1269 1149 1023 
1475 1419 1347 1244 1166 1016 
1497 1498 1340 1309 1146 1018 
1440 1464 1342 1279 1166 964 
1541 1444 1290 1260 1109 962 
1509 1428 1309 1217 1169 1046 
1409 1434 1345 1292 1165 1004 
1445 1419 1298 1233 1139 956 
1539 1392 1384 1248 1116 1002 
1546 1468 1321 1207 1133 1000 
1409 1468 1402 1268 1168 978 
1454 1420 1337 1274 1126 985 
1469 1454 1372 1218 1092 976 
1483 1407 1352 1310 1124 1031 
1409 1404 1316 1227 1076 1008 
1460 1485 1302 1274 1090 975 
1409 1449 1384 1257 1172 1033 
1506 1407 1396 1277 1171 984 
1431 1429 1348 1261 1150 959 
1530 1389 1365 1300 1180 1042 
1524 1486 1314 1219 1155 1007 
1477 1405 1332 1296 1174 1031 
1415 1371 1333 1247 1141 1030 
1488 1459 1397 1237 1182 957 
1504 1470 1417 1305 1174 1025 
1491 1499 1293 1201 1136 957 
1457 1448 1410 1206 1132 1032 
1454 1421 1404 1202 1083 1039 
1455 1370 1411 1200 1120 954 
1524 1401 1358 1220 1159 973 
