50 3 20
36 50
850 77 85 96 112 130 149 169 187 203 214 222 225 222 214 203 187 169 150 130 112 96 85 77 75 77 85 96 112 130 149 169 187 203 214 222 225 222 214 203 187 169 150 130 112 96 85 77 75 77 85 
850 103 113 129 149 174 199 225 249 270 286 296 300 296 286 270 250 225 200 174 150 129 113 103 100 103 113 129 149 174 199 225 249 270 286 296 300 296 286 270 250 225 200 174 150 129 113 103 100 103 113 
100000 5170 5669 6464 7499 8705 9999 11294 12499 13535 14330 14829 15000 14829 14330 13535 12500 11294 10000 8705 7500 6464 5669 5170 5000 5170 5669 6464 7499 8705 9999 11294 12499 13535 14330 14829 15000 14829 14330 13535 12500 11294 10000 8705 7500 6464 5669 5170 5000 5170 5669 
1482 1433 1353 1250 1129 1000 870 750 646 566 517 500 517 566 646 749 870 999 1129 1249 1353 1433 1482 1499 1482 1433 1353 1250 1129 1000 870 750 646 566 517 500 
524 592 646 783 853 1020 1159 1204 1401 1388 1451 1488 1546 1456 
503 540 618 736 840 986 1130 1268 1338 1440 1526 1518 1517 1419 
513 567 651 778 892 965 1091 1195 1334 1453 1459 1425 1424 1369 
507 543 624 731 897 1002 1079 1266 1329 1452 1440 1478 1482 1405 
537 561 656 748 835 1023 1119 1193 1328 1498 1458 1561 1503 1476 
523 576 626 769 892 1010 1113 1222 1306 1445 1514 1537 1512 1415 
505 582 629 785 900 1035 1167 1283 1297 1388 1409 1529 1439 1419 
520 568 661 723 868 978 1112 1232 1315 1501 1456 1434 1409 1464 
509 565 655 730 866 982 1074 1199 1393 1402 1435 1476 1539 1387 
498 548 625 715 828 967 1138 1261 1402 1471 1505 1481 1539 1418 
501 589 629 720 837 957 1085 1201 1402 1426 1456 1561 1518 1426 
499 568 633 787 892 1000 1164 1292 1347 1412 1479 1432 1528 1464 
492 584 647 733 871 956 1160 1269 1290 1400 1505 1438 1550 1437 
530 560 648 755 902 1033 1129 1298 1394 1432 1488 1469 1440 1471 
492 561 644 747 845 959 1129 1220 1293 1475 1508 1426 1548 1400 
512 566 648 780 827 972 1167 1229 1413 1364 1409 1435 1466 1450 
523 557 629 738 846 995 1081 1194 1399 1387 1528 1457 1415 1403 
493 568 649 769 839 1034 1155 1302 1402 1479 1439 1561 1507 1369 
525 580 658 719 842 985 1079 1216 1335 1368 1549 1463 1461 1428 
541 549 677 767 839 976 1113 1294 1307 1491 1415 1553 1435 1405 
491 591 671 721 885 955 1182 1294 1308 1396 1528 1543 1427 1497 
518 569 617 773 841 1000 1158 1221 1323 1364 1525 1451 1466 1456 
506 593 674 752 865 998 1078 1263 1362 1381 1499 1507 1467 1409 
502 572 645 779 853 964 1079 1255 1303 1454 1492 1425 1534 1404 
493 584 637 734 885 998 1096 1193 1364 1384 1439 1448 1444 1375 
494 569 646 745 877 996 1164 1263 1407 1500 1464 1497 1438 1414 
541 539 638 737 843 977 1092 1214 1377 1449 1427 1445 1458 1502 
542 572 673 786 903 1041 1183 1292 1398 1419 1523 1539 1411 1454 
533 588 634 758 902 985 1125 1195 1305 1447 1489 1432 1434 1436 
540 584 642 747 881 1049 1091 1293 1382 1430 1433 1468 1477 1456 
512 539 643 754 831 999 1185 1255 1355 1366 1527 1449 1507 1401 
531 575 637 737 830 1028 1129 1260 1413 1450 1543 1526 1454 1471 
503 595 651 764 836 1048 1084 1282 1365 1437 1462 1508 1480 1370 
500 538 636 731 892 959 1164 1208 1395 1431 1547 1540 1462 1501 
511 563 646 713 845 1014 1169 1209 1365 1397 1548 1435 1527 1456 
498 552 659 740 867 1019 1145 1305 1416 1454 1467 1437 1527 1374 
492 592 671 771 848 959 1096 1208 1415 1419 1495 1574 1542 1417 
493 594 671 716 881 995 1126 1300 1375 1369 1532 1460 1483 1480 
509 546 655 746 906 999 1086 1307 1338 1438 1477 1564 1436 1489 
524 554 643 780 879 1026 1171 1223 1384 1390 1466 1506 1531 1451 
493 566 616 739 850 981 1076 1211 1360 1399 1449 1525 1427 1454 
511 577 642 727 872 985 1074 1227 1402 1411 1507 1496 1548 1472 
512 547 621 762 849 1004 1166 1209 1293 1450 1528 1514 1519 1443 
497 554 620 733 843 1006 1086 1297 1322 1471 1508 1435 1436 1419 
542 548 636 760 902 1006 1163 1207 1323 1459 1519 1491 1556 1504 
535 579 624 728 834 988 1102 1217 1307 1418 1478 1571 1490 1403 
535 572 616 737 864 988 1146 1250 1339 1444 1443 1542 1525 1457 
504 569 658 738 843 979 1105 1241 1300 1475 1550 1471 1514 1467 
520 594 653 782 858 981 1179 1217 1339 1448 1424 1466 1555 1498 
534 593 631 768 861 957 1083 1259 1408 1476 1477 1570 1523 1438 
