20 3 20
15 50
850 150 130 112 96 85 77 75 77 85 96 112 130 149 169 187 203 214 222 225 222 
850 200 174 150 129 113 103 100 103 113 129 149 174 199 225 249 270 286 296 300 296 
100000 10000 8705 7500 6464 5669 5170 5000 5170 5669 6464 7499 8705 9999 11294 12499 13535 14330 14829 15000 14829 
1000 1129 1249 1353 1433 1482 1499 1482 1433 1353 1250 1129 1000 870 750 
562 537 419 458 482 
640 548 512 443 432 
554 582 457 410 433 
552 545 474 492 456 
639 673 551 454 427 
575 563 600 471 502 
700 580 615 440 498 
691 471 437 449 554 
709 541 567 592 497 
623 472 499 517 512 
595 604 540 503 506 
662 569 460 514 417 
741 547 433 559 580 
744 562 487 576 564 
698 529 614 488 513 
710 466 511 541 525 
767 652 432 503 601 
680 559 485 580 442 
703 592 608 531 586 
673 459 428 592 597 
731 636 431 453 446 
576 491 459 405 496 
577 557 506 505 511 
659 621 601 538 504 
656 632 448 544 463 
756 536 500 417 449 
629 520 538 408 424 
588 603 506 492 445 
719 583 470 416 420 
561 670 416 418 444 
635 594 584 548 414 
734 459 456 494 547 
654 520 480 413 513 
609 587 440 583 519 
743 627 489 517 576 
596 637 473 574 546 
655 540 500 528 465 
585 486 607 427 562 
588 600 413 452 596 
559 531 597 408 530 
638 579 569 553 502 
584 469 616 594 425 
624 596 462 572 535 
577 544 487 474 506 
521 652 466 552 461 
678 504 416 528 618 
539 520 609 486 474 
601 499 543 552 605 
723 542 539 526 612 
529 527 429 590 562 
