20 2 20
11 10
1700 75 77 85 96 112 130 149 169 187 203 214 222 225 222 214 203 187 169 150 130 
100000 5000 5170 5669 6464 7499 8705 9999 11294 12499 13535 14330 14829 15000 14829 14330 13535 12500 11294 10000 8705 
1499 1482 1433 1353 1250 1129 1000 870 750 646 566 
537 492 510 574 651 757 864 990 1099 
524 511 536 586 651 729 905 954 1119 
520 520 500 578 660 760 870 952 1163 
529 505 497 542 649 762 885 1042 1179 
498 491 502 565 667 723 856 1025 1170 
540 501 516 555 658 719 897 985 1131 
522 492 514 570 676 786 870 950 1135 
516 490 523 591 672 765 851 1021 1091 
507 506 542 567 639 743 883 986 1152 
522 494 507 539 673 750 877 950 1170 
