5 3 20
3 50
850 130 112 96 85 77 
850 174 150 129 113 103 
100000 8705 7500 6464 5669 5170 
1129 1249 1353 
1246 1233 
1357 1146 
1220 1648 
1072 2205 
908 1726 
1826 1792 
1011 1524 
1277 594 
576 1660 
1837 2095 
1544 2317 
1306 1390 
1420 1758 
2129 1613 
2164 1411 
1589 2328 
655 2346 
1810 1188 
851 1985 
1878 1254 
967 780 
635 1218 
956 996 
1692 1854 
802 2012 
1062 596 
2248 961 
2270 2240 
1648 1340 
1507 1646 
2063 1052 
1440 2012 
1328 1642 
1414 1501 
1396 1315 
2013 1078 
856 1023 
950 1940 
2179 2222 
1062 928 
739 702 
2213 2093 
911 1321 
1333 1234 
2241 1118 
1615 714 
978 1241 
1804 682 
1541 2254 
977 904 
