50 2 20
26 50
1700 75 77 85 96 112 130 149 169 187 203 214 222 225 222 214 203 187 169 150 130 112 96 85 77 75 77 85 96 112 130 149 169 187 203 214 222 225 222 214 203 187 169 150 130 112 96 85 77 75 77 
100000 5000 5170 5669 6464 7499 8705 9999 11294 12499 13535 14330 14829 15000 14829 14330 13535 12500 11294 10000 8705 7500 6464 5669 5170 5000 5170 5669 6464 7499 8705 9999 11294 12499 13535 14330 14829 15000 14829 14330 13535 12500 11294 10000 8705 7500 6464 5669 5170 5000 5170 
1499 1482 1433 1353 1250 1129 1000 870 750 646 566 517 500 517 566 646 749 870 999 1129 1249 1353 1433 1482 1499 1482 
1442 1408 1191 1085 969 867 728 644 554 509 498 491 554 647 743 847 1001 1076 1200 1353 1440 1544 1429 1451 
1463 1326 1302 1120 1037 829 744 617 587 502 509 530 571 677 756 878 958 1169 1304 1352 1481 1547 1465 1534 
1434 1357 1238 1124 968 843 762 677 575 536 514 540 571 628 736 862 958 1156 1294 1329 1468 1495 1497 1529 
1424 1297 1197 1115 1043 880 774 614 589 524 496 524 540 621 751 880 1049 1128 1275 1364 1368 1537 1535 1517 
1473 1354 1212 1141 952 827 744 639 560 527 509 491 552 631 757 904 1044 1116 1293 1383 1482 1432 1558 1416 
1496 1327 1192 1078 1037 907 748 635 588 518 498 498 572 644 750 894 977 1107 1270 1349 1398 1429 1534 1539 
1392 1386 1245 1082 973 851 762 636 541 512 486 531 566 668 785 886 1012 1160 1246 1308 1428 1508 1486 1501 
1484 1353 1311 1137 984 904 781 651 575 526 483 533 574 672 737 897 968 1174 1284 1412 1385 1485 1461 1484 
1452 1310 1207 1145 1002 892 744 669 549 534 512 533 579 656 748 899 1003 1084 1301 1389 1408 1544 1570 1544 
1449 1392 1228 1117 954 857 778 662 586 525 502 503 564 636 744 878 1017 1168 1199 1345 1418 1420 1470 1506 
1429 1410 1286 1123 995 885 732 640 589 496 505 529 542 626 718 874 1006 1084 1283 1337 1481 1488 1558 1428 
1370 1287 1226 1119 978 846 779 635 563 542 522 497 594 678 748 845 1047 1164 1238 1326 1371 1459 1522 1450 
1420 1330 1189 1092 954 904 778 617 564 533 512 510 545 656 738 856 1022 1089 1270 1392 1468 1437 1496 1482 
1376 1403 1269 1084 1018 879 784 649 559 499 504 513 557 641 717 837 977 1149 1295 1388 1427 1465 1475 1463 
1503 1310 1221 1086 989 828 766 656 589 501 491 537 562 629 713 838 1025 1118 1300 1387 1471 1507 1528 1456 
1408 1420 1211 1145 1024 906 723 636 551 535 486 519 562 660 731 849 980 1148 1256 1304 1451 1551 1478 1422 
1396 1392 1242 1115 979 875 757 669 580 498 494 535 551 626 760 862 1028 1178 1194 1310 1389 1553 1532 1430 
1451 1305 1247 1077 997 911 725 656 586 493 514 507 576 649 730 841 1045 1126 1211 1418 1362 1505 1467 1543 
1408 1300 1237 1174 1039 911 739 636 567 514 495 516 595 673 729 853 1040 1169 1265 1321 1436 1486 1523 1540 
1477 1323 1238 1100 954 843 722 641 588 493 524 504 571 636 713 837 1044 1115 1276 1302 1370 1551 1555 1512 
1378 1405 1278 1148 980 904 746 671 564 534 523 524 546 625 776 891 1033 1116 1266 1361 1375 1440 1437 1546 
1396 1378 1294 1105 990 885 715 663 568 530 522 525 556 643 778 848 990 1116 1300 1406 1493 1476 1528 1540 
1486 1388 1219 1162 969 839 758 644 544 496 495 493 570 623 734 879 1003 1082 1222 1304 1463 1492 1534 1447 
1430 1306 1225 1118 1037 853 747 619 542 529 517 527 563 625 727 884 1002 1109 1189 1306 1497 1540 1539 1494 
1481 1341 1280 1147 997 911 744 643 589 507 493 507 557 647 759 895 1032 1170 1254 1384 1395 1532 1434 1500 
1485 1289 1242 1089 1031 908 726 629 568 505 500 519 563 674 784 877 966 1074 1239 1353 1424 1457 1453 1505 
1486 1376 1250 1076 1034 835 787 659 586 534 500 503 553 662 777 857 952 1095 1288 1395 1400 1434 1567 1494 
1386 1338 1290 1133 974 865 771 651 556 523 476 517 559 641 742 867 1000 1112 1210 1332 1389 1449 1535 1545 
1372 1371 1309 1095 1001 902 755 654 547 517 478 527 571 617 759 885 1006 1096 1251 1386 1466 1515 1461 1514 
1395 1307 1246 1088 991 907 735 625 583 492 497 500 568 658 758 838 1014 1123 1280 1290 1383 1524 1502 1445 
1421 1396 1239 1081 1024 860 722 642 583 532 500 491 569 651 764 873 1011 1160 1279 1411 1433 1517 1491 1512 
1442 1316 1251 1102 1001 893 777 669 594 536 490 518 540 632 729 902 971 1159 1250 1288 1367 1497 1510 1505 
1410 1322 1246 1111 1001 880 716 624 548 534 481 534 541 651 762 850 1021 1153 1296 1403 1368 1516 1469 1474 
1498 1362 1285 1073 972 896 730 640 544 535 492 493 564 639 787 877 955 1099 1247 1411 1502 1451 1499 1475 
1422 1378 1293 1137 963 872 766 667 583 523 512 516 552 643 757 903 987 1168 1212 1334 1367 1495 1490 1439 
1384 1335 1249 1122 989 861 754 653 554 495 479 534 564 674 744 904 1029 1114 1299 1385 1376 1457 1443 1466 
1501 1357 1299 1113 1038 844 722 649 581 497 486 541 550 673 759 841 1024 1092 1256 1364 1503 1511 1574 1518 
1427 1309 1289 1151 1013 884 778 644 543 499 497 533 561 660 744 852 999 1117 1290 1400 1389 1451 1433 1521 
1458 1311 1220 1121 1011 913 754 658 570 512 485 494 568 622 752 900 970 1178 1301 1314 1485 1414 1462 1466 
1407 1419 1251 1087 1044 866 774 629 553 509 492 529 539 647 776 851 975 1116 1291 1320 1405 1541 1480 1483 
1387 1295 1250 1158 989 879 723 677 570 529 506 520 590 665 748 885 950 1165 1195 1363 1464 1467 1456 1446 
1364 1340 1260 1117 985 879 728 653 551 528 498 511 591 631 731 862 1037 1118 1259 1375 1418 1437 1454 1464 
1473 1385 1275 1156 961 848 754 652 577 528 496 507 588 635 752 878 1036 1073 1211 1390 1404 1464 1468 1449 
1397 1385 1297 1142 1004 912 764 668 585 502 509 528 562 622 743 870 993 1136 1239 1364 1496 1509 1479 1416 
1504 1290 1203 1101 963 891 754 638 541 514 482 508 556 676 737 898 1016 1114 1253 1391 1463 1499 1558 1464 
1471 1303 1277 1127 995 885 738 667 586 535 516 538 591 656 786 891 1045 1098 1200 1351 1441 1467 1428 1444 
1391 1312 1289 1166 1040 887 764 668 570 521 503 492 547 666 765 913 1046 1131 1305 1364 1362 1533 1434 1495 
1504 1382 1251 1118 1043 830 736 632 578 529 487 519 580 669 722 892 951 1081 1228 1409 1452 1418 1465 1531 
1404 1287 1214 1159 1006 873 779 639 570 518 489 500 592 619 736 855 1024 1185 1266 1329 1479 1418 1439 1435 
1457 1380 1239 1139 984 904 746 666 543 507 499 528 573 641 724 899 985 1104 1236 1369 1500 1443 1537 1555 
