50 6 20
36 10
340 77 75 77 85 96 112 130 149 169 187 203 214 222 225 222 214 203 187 169 150 130 112 96 85 77 75 77 85 96 112 130 149 169 187 203 214 222 225 222 214 203 187 169 150 130 112 96 85 77 75 
340 103 100 103 113 129 149 174 199 225 249 270 286 296 300 296 286 270 250 225 200 174 150 129 113 103 100 103 113 129 149 174 199 225 249 270 286 296 300 296 286 270 250 225 200 174 150 129 113 103 100 
340 129 125 129 141 161 187 217 249 282 312 338 358 370 375 370 358 338 312 282 250 217 187 161 141 129 125 129 141 161 187 217 249 282 312 338 358 370 375 370 358 338 312 282 250 217 187 161 141 129 125 
340 155 150 155 170 193 224 261 299 338 374 406 429 444 450 444 429 406 375 338 300 261 225 193 170 155 150 155 170 193 224 261 299 338 374 406 429 444 450 444 429 406 375 338 300 261 225 193 170 155 150 
340 180 175 180 198 226 262 304 349 395 437 473 501 519 525 519 501 473 437 395 350 304 262 226 198 180 175 180 198 226 262 304 349 395 437 473 501 519 525 519 501 473 437 395 350 304 262 226 198 180 175 
100000 5170 5000 5170 5669 6464 7499 8705 9999 11294 12499 13535 14330 14829 15000 14829 14330 13535 12500 11294 10000 8705 7500 6464 5669 5170 5000 5170 5669 6464 7499 8705 9999 11294 12499 13535 14330 14829 15000 14829 14330 13535 12500 11294 10000 8705 7500 6464 5669 5170 5000 
1482 1499 1482 1433 1353 1250 1129 1000 870 750 646 566 517 500 517 566 646 749 870 999 1129 1249 1353 1433 1482 1499 1482 1433 1353 1250 1129 1000 870 750 646 566 
504 218 504 264 562 496 1033 1385 1390 606 817 638 2094 2380 
822 671 284 261 734 1128 865 804 1049 1633 1985 2094 1173 1258 
648 259 633 281 816 1188 562 733 471 541 1443 683 1269 713 
296 762 619 235 507 326 806 1334 497 520 1577 900 1295 1096 
468 381 287 532 1000 1135 743 1474 913 1584 1848 964 1316 1814 
518 487 574 460 769 302 1005 1228 1034 1532 930 2030 639 1705 
568 594 482 703 771 610 1227 970 977 730 547 1502 1623 1118 
756 699 537 237 786 546 832 716 1003 1854 1311 1538 1415 751 
398 597 281 829 719 932 811 664 1513 834 1473 2032 1557 2257 
750 693 678 531 955 741 1343 548 1281 1432 898 2111 2240 2002 
