10 11 20
4 50
170 96 112 130 149 169 187 203 214 222 225 
170 129 149 174 199 225 249 270 286 296 300 
170 161 187 217 249 282 312 338 358 370 375 
170 193 224 261 299 338 374 406 429 444 450 
170 226 262 304 349 395 437 473 501 519 525 
170 258 299 348 399 451 499 541 573 593 600 
170 290 337 391 449 508 562 609 644 667 675 
170 323 374 435 499 564 624 676 716 741 750 
170 355 412 478 549 621 687 744 788 815 825 
170 387 449 522 599 677 749 812 859 889 900 
100000 6464 7499 8705 9999 11294 12499 13535 14330 14829 15000 
1353 1250 1129 1000 
905 873 725 594 467 561 
739 837 755 614 536 471 
965 893 742 593 561 412 
919 875 760 490 515 492 
845 637 531 513 602 569 
963 670 657 633 431 574 
921 887 658 574 590 585 
849 807 542 512 522 454 
900 885 656 546 482 427 
1019 801 624 637 538 435 
846 822 528 596 488 462 
922 794 606 572 545 494 
883 851 605 546 533 426 
788 621 724 552 562 560 
965 809 622 530 464 457 
972 628 554 560 527 420 
909 763 529 462 583 573 
723 703 653 575 575 565 
710 857 534 643 549 477 
815 709 570 624 613 424 
944 883 574 677 592 468 
743 866 602 485 424 498 
873 733 582 617 588 541 
857 776 589 632 543 445 
1017 678 720 614 528 459 
818 754 534 625 556 435 
828 825 605 470 415 472 
923 834 724 634 470 406 
1037 787 594 610 428 472 
823 826 730 476 548 558 
941 728 524 649 420 461 
779 701 631 496 506 517 
913 615 530 462 429 513 
1035 758 748 489 501 494 
747 636 622 626 427 512 
959 871 647 529 453 469 
978 826 543 560 573 448 
854 659 673 600 554 546 
930 746 748 526 416 554 
768 782 573 612 539 488 
983 861 551 611 575 458 
957 600 532 649 569 586 
717 777 533 572 590 438 
760 803 748 541 476 473 
778 758 572 483 610 565 
885 851 706 650 422 429 
809 803 600 611 602 598 
1001 725 767 455 559 403 
960 693 627 460 416 438 
761 735 757 471 463 481 
