5 6 20
3 50
340 112 96 85 77 75 
340 150 129 113 103 100 
340 187 161 141 129 125 
340 225 193 170 155 150 
340 262 226 198 180 175 
100000 7500 6464 5669 5170 5000 
1249 1353 1433 
1446 1570 
1433 1442 
1478 1571 
1513 1467 
1424 1566 
1434 1560 
1553 1552 
1531 1566 
1455 1569 
1482 1530 
1474 1460 
1418 1524 
1409 1568 
1495 1507 
1512 1558 
1494 1539 
1532 1431 
1507 1567 
1485 1499 
1413 1559 
1533 1448 
1545 1494 
1543 1431 
1510 1550 
1419 1428 
1481 1527 
1434 1488 
1458 1518 
1430 1508 
1459 1507 
1541 1510 
1426 1441 
1506 1516 
1415 1437 
1531 1548 
1447 1548 
1480 1433 
1468 1496 
1493 1544 
1497 1467 
1549 1474 
1551 1508 
1444 1503 
1416 1521 
1534 1466 
1471 1515 
1538 1429 
1549 1530 
1467 1483 
1537 1515 
