10 3 20
4 100
850 96 112 130 149 169 187 203 214 222 225 
850 129 149 174 199 225 249 270 286 296 300 
100000 6464 7499 8705 9999 11294 12499 13535 14330 14829 15000 
1353 1250 1129 1000 
886 716 621 588 527 497 
850 725 635 573 534 502 
904 772 672 591 535 493 
872 722 618 565 519 479 
900 730 620 571 529 506 
882 756 645 555 516 521 
886 756 648 571 536 518 
841 735 653 572 492 508 
833 715 659 566 533 480 
903 753 632 568 499 508 
884 732 619 539 525 520 
857 763 672 585 495 496 
846 737 673 573 540 501 
898 743 637 558 513 515 
911 766 663 543 517 496 
846 717 667 566 523 501 
874 762 624 568 542 524 
839 767 615 586 507 507 
848 738 654 585 511 524 
860 767 632 584 511 513 
830 732 626 579 501 488 
835 739 624 547 536 496 
899 732 675 575 523 479 
828 722 615 552 531 510 
878 749 662 570 527 486 
911 770 617 546 516 483 
903 783 633 585 506 516 
901 783 643 549 524 494 
836 758 625 561 492 508 
875 781 619 551 497 480 
865 725 656 560 517 524 
912 753 631 546 492 492 
862 786 677 551 501 505 
862 733 630 584 512 493 
848 747 628 563 527 495 
882 777 670 549 520 523 
830 759 614 570 539 519 
828 746 661 582 521 475 
874 768 634 580 521 518 
893 755 670 584 491 491 
827 720 669 586 523 482 
897 787 615 578 511 501 
885 751 676 580 499 483 
868 761 629 548 515 488 
853 779 666 545 506 485 
837 769 633 550 532 509 
875 735 643 595 518 510 
862 741 646 580 521 520 
858 786 673 543 503 513 
907 747 638 582 519 510 
842 753 660 592 520 499 
913 760 660 551 518 506 
860 785 666 572 526 502 
871 770 658 589 525 515 
886 770 658 540 514 489 
867 760 635 595 539 488 
872 749 639 567 510 515 
829 760 620 577 532 489 
884 738 637 550 502 497 
905 786 678 584 529 513 
907 712 647 584 535 481 
903 722 654 578 515 510 
830 735 674 587 539 517 
833 723 621 586 528 485 
890 783 636 555 530 513 
830 751 672 560 497 511 
828 775 654 543 491 493 
836 733 641 558 500 486 
898 737 665 563 538 481 
841 775 663 574 496 478 
896 782 647 555 501 511 
841 746 635 558 501 513 
876 760 660 583 514 518 
885 769 643 587 520 478 
846 755 627 554 519 501 
898 726 624 592 494 483 
857 722 614 575 517 486 
882 776 670 564 497 498 
852 725 633 570 504 523 
870 749 635 592 508 515 
830 752 650 548 497 512 
874 733 653 572 515 506 
870 745 672 550 505 507 
884 719 633 588 538 518 
853 716 623 582 533 493 
829 769 672 559 537 479 
840 761 665 590 541 521 
903 728 644 551 539 509 
894 775 621 541 495 522 
853 784 643 559 519 504 
864 729 659 572 519 506 
899 760 675 556 522 494 
838 772 676 588 532 484 
885 737 622 570 528 490 
864 768 632 552 505 523 
843 725 624 558 531 518 
831 766 670 543 513 510 
891 725 645 578 540 508 
832 734 677 550 533 482 
848 747 639 590 520 486 
