10 2 20
8 100
1700 150 130 112 96 85 77 75 77 85 96 
100000 10000 8705 7500 6464 5669 5170 5000 5170 5669 6464 
1000 1129 1249 1353 1433 1482 1499 1482 
1392 1389 
1481 1290 
1375 1397 
1473 1330 
1409 1304 
1427 1303 
1409 1333 
1376 1393 
1391 1411 
1383 1412 
1366 1359 
1451 1414 
1440 1366 
1470 1314 
1504 1392 
1483 1324 
1488 1358 
1390 1411 
1401 1295 
1416 1330 
1437 1300 
1418 1334 
1488 1406 
1378 1308 
1362 1352 
1452 1293 
1480 1302 
1467 1401 
1467 1350 
1402 1385 
1441 1379 
1451 1386 
1392 1297 
1487 1417 
1471 1308 
1383 1370 
1427 1299 
1445 1400 
1445 1310 
1404 1389 
1490 1341 
1366 1336 
1381 1392 
1463 1400 
1452 1331 
1440 1408 
1427 1371 
1375 1388 
1367 1381 
1466 1330 
1479 1294 
1361 1317 
1472 1407 
1420 1311 
1420 1290 
1498 1343 
1380 1385 
1363 1376 
1419 1416 
1361 1329 
1477 1314 
1397 1345 
1412 1341 
1448 1288 
1363 1307 
1392 1336 
1369 1378 
1494 1408 
1501 1390 
1485 1312 
1460 1318 
1430 1381 
1474 1413 
1480 1411 
1419 1293 
1383 1337 
1459 1363 
1455 1318 
1395 1393 
1446 1414 
1454 1378 
1416 1381 
1421 1408 
1365 1302 
1419 1345 
1434 1407 
1372 1359 
1415 1405 
1475 1288 
1407 1333 
1400 1344 
1476 1402 
1436 1340 
1453 1347 
1425 1355 
1448 1377 
1402 1418 
1486 1305 
1393 1364 
1431 1294 
