10 11 20
8 100
170 96 112 130 149 169 187 203 214 222 225 
170 129 149 174 199 225 249 270 286 296 300 
170 161 187 217 249 282 312 338 358 370 375 
170 193 224 261 299 338 374 406 429 444 450 
170 226 262 304 349 395 437 473 501 519 525 
170 258 299 348 399 451 499 541 573 593 600 
170 290 337 391 449 508 562 609 644 667 675 
170 323 374 435 499 564 624 676 716 741 750 
170 355 412 478 549 621 687 744 788 815 825 
170 387 449 522 599 677 749 812 859 889 900 
100000 6464 7499 8705 9999 11294 12499 13535 14330 14829 15000 
1353 1250 1129 1000 870 750 646 566 
517 451 
639 249 
724 592 
252 422 
658 590 
315 449 
604 463 
322 414 
576 286 
625 282 
401 455 
628 275 
667 679 
256 722 
297 335 
349 259 
519 674 
394 516 
480 680 
419 563 
441 311 
497 656 
307 501 
341 358 
742 451 
501 370 
804 200 
822 347 
626 590 
778 243 
570 236 
436 447 
419 793 
469 462 
602 337 
585 393 
304 564 
385 784 
672 416 
765 276 
533 629 
568 433 
267 228 
270 395 
632 453 
556 317 
399 744 
753 441 
694 475 
504 374 
664 650 
321 404 
428 672 
682 441 
277 576 
287 204 
301 251 
575 448 
564 644 
357 450 
430 257 
710 541 
254 345 
256 720 
328 715 
357 520 
297 740 
344 769 
742 690 
444 415 
243 585 
609 461 
764 679 
485 376 
425 783 
509 226 
754 723 
712 495 
663 357 
285 242 
536 241 
716 551 
431 756 
651 742 
305 203 
801 277 
506 475 
231 445 
530 407 
472 756 
499 409 
677 317 
226 300 
248 341 
352 729 
225 647 
418 314 
622 699 
815 680 
525 457 
