20 2 20
7 10
1700 150 130 112 96 85 77 75 77 85 96 112 130 149 169 187 203 214 222 225 222 
100000 10000 8705 7500 6464 5669 5170 5000 5170 5669 6464 7499 8705 9999 11294 12499 13535 14330 14829 15000 14829 
1000 1129 1249 1353 1433 1482 1499 
1281 1627 1507 1091 1005 826 736 694 764 666 607 533 422 
1430 1589 1619 1400 1062 842 729 742 643 653 467 480 574 
1647 1298 1233 1265 1013 870 764 630 712 551 566 506 469 
1400 1606 1619 1166 1234 940 797 851 614 655 497 571 524 
1667 1322 1384 1499 1067 1168 925 786 632 591 491 469 614 
1768 1355 1226 1488 1082 1032 1008 678 773 585 450 536 534 
1288 1355 1587 1151 1330 935 1015 672 672 563 523 414 532 
1599 1152 1547 1451 1184 1025 1039 854 705 580 522 436 475 
1739 1643 1423 1456 931 1193 865 774 726 489 575 406 613 
1500 1179 1262 1409 1028 856 827 613 728 669 488 530 587 
