50 6 20
16 50
340 96 85 77 75 77 85 96 112 130 149 169 187 203 214 222 225 222 214 203 187 169 150 130 112 96 85 77 75 77 85 96 112 130 149 169 187 203 214 222 225 222 214 203 187 169 150 130 112 96 85 
340 129 113 103 100 103 113 129 149 174 199 225 249 270 286 296 300 296 286 270 250 225 200 174 150 129 113 103 100 103 113 129 149 174 199 225 249 270 286 296 300 296 286 270 250 225 200 174 150 129 113 
340 161 141 129 125 129 141 161 187 217 249 282 312 338 358 370 375 370 358 338 312 282 250 217 187 161 141 129 125 129 141 161 187 217 249 282 312 338 358 370 375 370 358 338 312 282 250 217 187 161 141 
340 193 170 155 150 155 170 193 224 261 299 338 374 406 429 444 450 444 429 406 375 338 300 261 225 193 170 155 150 155 170 193 224 261 299 338 374 406 429 444 450 444 429 406 375 338 300 261 225 193 170 
340 226 198 180 175 180 198 226 262 304 349 395 437 473 501 519 525 519 501 473 437 395 350 304 262 226 198 180 175 180 198 226 262 304 349 395 437 473 501 519 525 519 501 473 437 395 350 304 262 226 198 
100000 6464 5669 5170 5000 5170 5669 6464 7499 8705 9999 11294 12499 13535 14330 14829 15000 14829 14330 13535 12500 11294 10000 8705 7500 6464 5669 5170 5000 5170 5669 6464 7499 8705 9999 11294 12499 13535 14330 14829 15000 14829 14330 13535 12500 11294 10000 8705 7500 6464 5669 
1353 1433 1482 1499 1482 1433 1353 1250 1129 1000 870 750 646 566 517 500 
512 585 663 719 856 981 1123 1278 1357 1438 1527 1429 1438 1491 1310 1267 1138 1026 898 746 665 581 504 476 493 544 662 740 880 1010 1144 1253 1353 1414 
525 577 641 774 846 975 1185 1208 1329 1471 1472 1555 1496 1475 1292 1214 1175 1046 895 757 674 546 533 505 506 591 654 748 873 998 1154 1191 1375 1485 
504 576 645 778 871 1014 1117 1266 1412 1494 1540 1544 1485 1373 1351 1278 1174 999 856 752 646 548 501 480 531 580 671 748 893 1005 1094 1189 1341 1471 
503 559 650 728 913 994 1078 1296 1347 1390 1417 1556 1526 1466 1408 1290 1074 977 875 731 659 587 495 480 497 590 621 725 854 1024 1169 1311 1360 1384 
516 573 658 729 865 994 1163 1222 1368 1442 1511 1453 1547 1501 1366 1216 1099 1032 887 735 669 559 531 522 497 572 657 776 905 971 1145 1245 1352 1365 
525 551 620 740 871 951 1178 1260 1369 1435 1476 1467 1530 1494 1371 1227 1144 1030 897 727 646 561 541 524 516 560 624 730 894 968 1139 1203 1374 1492 
511 557 630 723 884 1033 1141 1234 1323 1368 1485 1520 1514 1450 1364 1301 1179 978 828 776 661 539 522 504 524 588 635 783 884 954 1076 1308 1289 1363 
532 542 629 764 852 1011 1137 1256 1367 1411 1448 1440 1437 1425 1371 1221 1088 1010 850 767 644 592 526 519 530 543 641 740 891 979 1075 1189 1289 1499 
540 538 671 737 899 954 1084 1282 1411 1448 1513 1486 1496 1470 1390 1270 1105 1026 832 723 674 593 525 509 512 548 635 713 894 1044 1173 1272 1419 1371 
501 584 671 767 837 979 1093 1240 1416 1366 1539 1475 1548 1468 1337 1204 1075 960 864 776 656 567 495 475 539 565 614 740 865 1030 1106 1273 1376 1444 
540 583 669 719 858 983 1118 1283 1407 1441 1518 1471 1548 1413 1360 1304 1131 970 872 717 654 588 505 485 532 585 668 761 891 958 1103 1235 1362 1416 
522 539 654 755 830 978 1116 1303 1334 1434 1444 1489 1475 1362 1409 1267 1081 1006 841 730 658 540 520 515 508 552 677 787 880 967 1138 1266 1390 1454 
542 587 647 747 864 1044 1083 1217 1336 1474 1424 1556 1506 1472 1323 1307 1145 954 833 781 618 583 502 490 519 572 672 721 846 1011 1166 1222 1329 1413 
492 562 643 717 855 959 1104 1232 1355 1408 1431 1452 1430 1490 1396 1277 1182 958 860 728 676 557 532 502 537 574 617 741 857 1043 1108 1279 1337 1429 
504 578 648 741 891 1003 1101 1233 1302 1418 1528 1538 1455 1380 1348 1309 1185 997 834 749 675 593 541 491 542 594 614 738 871 958 1185 1209 1413 1398 
505 548 640 725 870 972 1147 1305 1350 1452 1499 1520 1446 1394 1378 1309 1095 1016 831 747 622 539 506 495 521 592 633 713 901 977 1182 1200 1317 1391 
528 572 615 737 842 978 1126 1230 1287 1368 1503 1535 1493 1368 1421 1248 1185 958 907 770 648 573 538 522 538 570 649 769 840 1004 1090 1308 1290 1447 
500 558 643 778 844 990 1149 1270 1353 1443 1430 1426 1454 1403 1356 1232 1130 1034 885 751 677 550 513 487 504 585 655 780 904 1014 1128 1244 1412 1385 
521 547 624 719 878 973 1109 1193 1316 1382 1411 1444 1441 1402 1372 1280 1183 954 896 739 663 542 531 520 538 563 638 723 835 1039 1167 1297 1290 1427 
539 558 653 786 842 1019 1183 1275 1301 1473 1485 1475 1507 1384 1297 1193 1132 1021 886 748 643 574 534 494 525 546 660 720 830 1030 1140 1211 1317 1486 
511 573 661 732 906 1041 1151 1279 1377 1425 1487 1429 1551 1416 1338 1229 1163 991 850 776 650 593 537 521 491 582 631 747 863 1014 1165 1197 1354 1400 
504 579 671 784 908 970 1165 1190 1389 1432 1545 1551 1516 1500 1361 1222 1159 1014 881 737 632 573 519 476 534 574 678 721 876 959 1107 1263 1366 1395 
495 595 620 721 905 1043 1128 1303 1370 1391 1549 1443 1447 1493 1301 1225 1175 1014 839 786 659 567 528 489 498 588 643 768 914 1021 1095 1215 1293 1384 
520 546 661 752 866 1039 1080 1216 1364 1502 1413 1528 1416 1410 1369 1312 1173 1004 886 730 639 572 492 482 519 573 656 723 837 980 1151 1255 1394 1448 
540 573 674 728 879 1011 1097 1248 1402 1415 1545 1498 1453 1431 1292 1252 1137 1030 913 786 626 545 541 523 500 593 677 736 845 971 1111 1266 1293 1429 
536 589 673 715 877 976 1138 1220 1373 1461 1536 1449 1438 1483 1323 1213 1097 957 868 785 615 584 507 508 491 557 626 727 900 951 1114 1294 1390 1386 
492 548 643 763 900 958 1159 1204 1359 1365 1416 1457 1491 1495 1335 1278 1082 1034 828 778 656 551 493 505 519 567 617 732 833 1047 1153 1253 1332 1449 
528 584 626 716 860 969 1179 1198 1337 1504 1409 1564 1458 1361 1364 1291 1116 1009 883 719 646 575 518 480 532 575 626 751 861 1011 1136 1308 1338 1426 
540 587 629 747 912 978 1082 1223 1295 1449 1499 1452 1535 1361 1376 1201 1134 967 861 726 662 592 491 480 521 574 620 737 892 1028 1131 1203 1330 1450 
523 583 674 754 838 1040 1076 1298 1323 1473 1427 1485 1482 1406 1352 1293 1108 962 840 782 660 558 541 523 528 583 634 756 852 956 1117 1309 1345 1391 
512 583 652 742 829 960 1074 1251 1420 1368 1495 1543 1475 1500 1348 1268 1076 1044 829 767 671 571 527 492 492 588 676 729 827 951 1094 1310 1341 1480 
523 540 616 718 834 982 1114 1301 1386 1485 1441 1554 1504 1376 1288 1288 1091 991 891 716 622 568 540 480 537 554 673 732 910 1008 1095 1254 1352 1472 
535 545 636 740 872 1044 1171 1257 1349 1405 1444 1439 1422 1413 1342 1212 1159 992 884 719 649 580 519 505 526 582 642 767 866 1019 1135 1227 1309 1504 
505 541 618 717 912 1012 1150 1257 1316 1422 1494 1481 1438 1457 1293 1209 1134 957 878 722 643 558 529 476 537 557 623 717 848 958 1127 1303 1407 1494 
540 547 624 752 846 985 1093 1204 1304 1449 1556 1437 1487 1401 1372 1267 1097 1019 849 734 637 593 501 500 524 561 620 728 838 1012 1171 1294 1352 1371 
522 565 630 778 850 995 1160 1285 1338 1423 1551 1450 1464 1395 1405 1279 1152 951 881 715 666 575 521 495 530 569 634 731 865 1034 1108 1266 1363 1412 
532 583 630 776 901 1009 1080 1242 1416 1470 1525 1500 1470 1444 1368 1284 1129 964 898 735 616 580 540 507 494 564 641 724 862 1013 1125 1287 1388 1394 
516 540 618 763 896 1003 1073 1239 1354 1405 1552 1499 1543 1440 1391 1267 1167 977 856 717 646 584 505 492 504 554 620 775 890 965 1167 1287 1410 1485 
515 578 642 776 859 1048 1159 1278 1290 1466 1498 1433 1424 1412 1304 1259 1098 1047 853 717 656 566 540 519 494 593 675 748 877 1005 1084 1249 1342 1393 
541 554 628 770 858 956 1126 1249 1395 1463 1549 1515 1489 1423 1385 1195 1115 961 895 782 621 589 508 511 530 569 640 716 841 976 1147 1290 1343 1415 
519 570 660 775 867 1048 1155 1268 1372 1383 1482 1471 1451 1487 1397 1239 1080 969 911 745 630 583 538 519 520 554 667 766 849 953 1182 1247 1308 1448 
534 583 649 737 884 1024 1112 1218 1289 1484 1498 1564 1532 1380 1388 1219 1108 1036 872 770 631 577 499 511 513 575 655 740 899 1009 1159 1265 1327 1488 
521 576 677 754 835 1009 1157 1308 1392 1464 1513 1446 1552 1444 1357 1278 1096 979 893 780 619 557 537 476 519 554 637 747 903 1028 1110 1223 1396 1371 
501 561 661 740 903 1025 1103 1273 1395 1369 1501 1435 1500 1480 1378 1302 1119 969 840 750 659 545 496 486 542 570 668 769 887 990 1162 1264 1404 1402 
540 551 628 753 898 976 1144 1211 1357 1379 1431 1450 1513 1388 1331 1303 1183 962 913 735 661 573 502 477 537 577 663 775 864 981 1149 1306 1327 1400 
500 587 649 776 891 1008 1107 1262 1327 1500 1458 1518 1524 1389 1290 1257 1123 976 848 772 657 587 495 480 517 562 677 724 860 1034 1094 1200 1389 1432 
539 584 665 787 863 1032 1170 1271 1287 1461 1413 1548 1500 1448 1334 1296 1159 965 834 755 632 546 517 485 492 546 669 723 899 1026 1134 1238 1391 1425 
520 590 627 757 842 1043 1128 1294 1354 1408 1540 1510 1500 1390 1391 1309 1098 1003 848 733 674 566 518 482 492 580 633 770 889 1030 1099 1198 1405 1434 
533 548 626 761 903 1001 1152 1309 1400 1389 1513 1511 1424 1442 1288 1289 1136 1004 871 766 662 545 540 486 517 546 617 720 895 1049 1152 1278 1321 1403 
516 589 656 717 846 1022 1110 1277 1379 1436 1544 1449 1474 1387 1374 1235 1141 1013 855 780 665 593 504 490 538 592 632 742 832 967 1116 1207 1309 1362 
