10 3 20
4 50
850 130 112 96 85 77 75 77 85 96 112 
850 174 150 129 113 103 100 103 113 129 149 
100000 8705 7500 6464 5669 5170 5000 5170 5669 6464 7499 
1129 1249 1353 1433 
1879 714 1917 1033 1319 1349 
1368 701 855 1586 1991 925 
834 993 1342 2023 1896 1337 
1291 735 1225 1224 1624 1067 
705 1336 765 1562 1930 1041 
2074 2158 1792 1046 1598 1582 
960 1125 632 1523 947 1149 
842 1504 1850 1420 1553 813 
1797 1731 806 2076 1555 1619 
1521 1477 727 1048 568 1328 
2059 1372 1823 827 723 1296 
2205 1827 1937 1477 800 751 
1801 1033 1775 1226 1892 1271 
1210 1897 2295 1894 1348 728 
899 833 1982 625 1914 1535 
2086 937 1876 2289 844 657 
1969 1272 1723 1475 1758 724 
2289 1207 2161 1299 2148 643 
1876 1333 2319 2277 1486 505 
939 1761 1557 1682 1914 1328 
1466 681 830 1469 830 1888 
1471 2327 1905 1110 631 1015 
1758 1526 773 1801 1593 1031 
1895 1589 1352 1887 1298 1781 
2023 1192 2335 1960 740 1814 
1861 2065 1437 1783 1457 967 
1782 1570 1272 840 1237 1741 
1448 2316 1984 1327 1997 754 
794 1290 1665 1190 1913 1468 
1304 1248 980 1791 1692 1714 
854 2179 2320 1946 1521 1993 
2174 665 1502 1663 889 1029 
1684 1261 1155 2094 1003 815 
995 2030 1937 1992 1200 1790 
1864 1649 2252 1915 1781 611 
1192 1581 1821 867 1847 1556 
641 997 2297 2105 1949 1212 
2280 1375 1310 1170 641 1083 
879 1654 1607 2119 1186 1945 
664 797 1697 1559 1868 1405 
1881 1189 2212 1644 1633 1621 
2353 2311 1020 1686 1706 1686 
1914 2031 829 1412 951 730 
1145 1384 1042 1933 544 514 
954 691 1477 2088 2150 628 
1306 1567 1883 1154 1465 1058 
2118 720 2190 875 670 1269 
958 1265 2349 1941 2025 1763 
2302 853 1927 1798 938 1278 
931 2174 1809 1103 1941 1500 
