50 3 20
16 5
850 77 75 77 85 96 112 130 149 169 187 203 214 222 225 222 214 203 187 169 150 130 112 96 85 77 75 77 85 96 112 130 149 169 187 203 214 222 225 222 214 203 187 169 150 130 112 96 85 77 75 
850 103 100 103 113 129 149 174 199 225 249 270 286 296 300 296 286 270 250 225 200 174 150 129 113 103 100 103 113 129 149 174 199 225 249 270 286 296 300 296 286 270 250 225 200 174 150 129 113 103 100 
100000 5170 5000 5170 5669 6464 7499 8705 9999 11294 12499 13535 14330 14829 15000 14829 14330 13535 12500 11294 10000 8705 7500 6464 5669 5170 5000 5170 5669 6464 7499 8705 9999 11294 12499 13535 14330 14829 15000 14829 14330 13535 12500 11294 10000 8705 7500 6464 5669 5170 5000 
1482 1499 1482 1433 1353 1250 1129 1000 870 750 646 566 517 500 517 566 
953 981 1391 478 715 817 971 1174 943 1220 1204 2276 1695 933 1358 1230 461 1178 881 365 415 489 372 363 378 913 838 1454 736 1123 638 1020 622 2229 
703 881 830 1147 1386 805 2024 1159 2308 888 1537 1564 1130 1330 1627 581 830 327 544 286 601 586 729 604 331 414 884 505 578 1424 1757 1939 940 1086 
288 998 1268 1350 912 1206 1176 1058 1259 868 819 1293 2108 897 1064 910 361 1113 444 763 337 213 221 368 317 942 421 1283 1009 826 924 1561 1964 2186 
998 760 387 1362 691 1178 1687 1203 1724 636 2288 1273 953 1542 586 625 406 708 690 869 467 433 732 362 274 548 1176 1074 839 1303 1310 992 1923 1680 
286 1193 443 530 1749 1522 994 2179 2112 1069 1601 1417 1236 935 1506 760 1022 1001 772 417 667 525 638 724 374 1026 509 972 1714 891 1866 819 2078 1134 
