20 3 20
11 100
850 112 96 85 77 75 77 85 96 112 130 149 169 187 203 214 222 225 222 214 203 
850 150 129 113 103 100 103 113 129 149 174 199 225 249 270 286 296 300 296 286 270 
100000 7500 6464 5669 5170 5000 5170 5669 6464 7499 8705 9999 11294 12499 13535 14330 14829 15000 14829 14330 13535 
1249 1353 1433 1482 1499 1482 1433 1353 1250 1129 1000 
828 723 644 577 495 492 529 575 635 
875 721 631 547 520 502 542 567 652 
872 754 643 575 505 523 498 547 628 
853 783 651 573 514 507 537 558 660 
903 768 675 572 507 486 524 574 647 
904 752 647 580 502 513 519 549 672 
907 754 641 557 493 491 528 570 677 
885 715 621 564 497 489 495 543 652 
897 760 630 583 516 503 534 583 645 
909 763 647 541 511 524 519 566 632 
848 719 654 553 491 502 524 551 632 
844 726 641 577 530 478 528 592 642 
886 755 639 583 522 522 518 560 620 
884 755 642 569 498 482 512 589 652 
885 779 663 544 539 497 533 584 636 
913 728 668 558 517 476 531 551 625 
897 777 626 553 531 486 533 565 653 
874 761 635 550 514 476 504 567 622 
831 756 663 553 533 519 503 586 656 
840 774 619 564 510 507 531 546 644 
896 759 615 573 521 503 504 545 645 
888 731 670 587 496 520 520 592 663 
905 769 673 542 524 512 528 556 634 
868 752 628 564 520 488 505 568 649 
844 768 617 552 492 484 522 579 656 
858 741 649 575 504 499 524 590 633 
888 778 657 555 494 491 527 553 664 
855 760 655 582 523 476 498 578 640 
872 764 642 568 518 506 539 589 643 
882 757 632 581 531 516 510 538 667 
839 748 627 560 510 511 527 544 635 
913 750 627 566 518 521 542 549 657 
912 723 653 551 508 516 507 546 662 
848 756 629 560 524 475 502 539 649 
834 787 649 540 533 497 536 590 634 
893 758 666 560 507 494 523 540 636 
877 761 667 561 496 518 498 579 668 
867 733 648 588 501 492 519 576 663 
912 755 631 578 522 497 503 587 658 
852 782 629 565 506 517 540 562 614 
898 739 630 555 527 524 522 546 641 
848 729 615 588 523 507 522 573 644 
865 724 667 586 533 484 524 573 661 
855 720 646 564 519 514 532 554 656 
885 777 664 564 496 477 507 555 636 
903 768 650 578 520 497 526 581 637 
876 732 641 588 504 520 527 542 641 
860 767 667 548 527 515 529 576 654 
845 747 668 563 519 513 505 544 626 
899 781 618 580 493 518 520 593 651 
833 768 633 561 536 503 501 565 644 
872 747 626 550 519 520 532 574 663 
856 751 637 577 520 503 525 567 667 
867 768 665 587 532 513 529 589 625 
866 779 653 556 507 499 511 583 645 
894 724 667 544 531 520 506 550 642 
838 755 620 564 512 484 505 562 647 
828 754 616 589 494 521 535 549 635 
864 725 656 543 523 506 534 583 629 
847 773 631 543 503 478 493 554 653 
850 766 656 571 500 486 504 593 677 
888 722 657 541 491 482 507 576 649 
904 722 651 563 524 478 537 569 640 
881 741 660 585 533 497 520 549 625 
909 779 629 543 500 509 491 554 621 
852 740 675 550 526 504 492 591 673 
872 749 639 550 525 521 540 582 674 
846 743 623 552 532 514 539 567 627 
907 758 651 558 499 504 524 553 636 
905 726 664 553 538 506 536 588 635 
862 724 643 586 513 481 538 591 633 
894 747 661 574 507 521 491 594 629 
898 771 615 578 519 506 500 570 662 
873 741 668 551 539 491 493 563 618 
888 718 619 553 539 482 522 546 666 
884 732 638 562 494 502 502 552 673 
880 731 626 554 516 494 528 551 660 
827 725 617 556 491 513 534 560 649 
898 763 659 566 531 507 510 550 628 
879 762 661 572 531 508 495 591 649 
856 750 629 542 540 500 534 558 632 
890 726 639 573 496 509 534 542 652 
907 785 614 591 531 496 508 572 675 
860 725 645 549 527 478 514 542 655 
900 741 629 584 513 512 499 591 674 
845 742 666 587 526 485 516 555 678 
880 769 648 571 532 477 541 578 672 
896 730 627 594 513 509 518 563 618 
887 716 643 589 533 483 537 569 619 
872 724 633 577 530 489 521 544 672 
845 733 629 538 492 505 506 551 635 
841 721 667 571 514 516 496 564 672 
838 726 629 574 521 489 539 580 676 
878 750 651 580 503 517 534 564 653 
885 760 645 565 493 512 496 543 671 
912 744 668 545 533 476 515 569 643 
833 763 631 556 505 515 493 547 677 
895 787 657 566 527 475 495 592 636 
883 737 675 546 527 497 540 576 615 
888 717 628 540 494 478 533 566 666 
