20 3 20
11 100
850 130 149 169 187 203 214 222 225 222 214 203 187 169 150 130 112 96 85 77 75 
850 174 199 225 249 270 286 296 300 296 286 270 250 225 200 174 150 129 113 103 100 
100000 8705 9999 11294 12499 13535 14330 14829 15000 14829 14330 13535 12500 11294 10000 8705 7500 6464 5669 5170 5000 
1129 1000 870 750 646 566 517 500 517 566 646 
747 888 996 1108 1227 1318 1405 1449 1485 
772 854 955 1103 1307 1343 1388 1486 1532 
772 862 964 1114 1246 1319 1480 1438 1523 
736 890 996 1107 1212 1287 1394 1522 1523 
770 893 966 1083 1288 1287 1391 1426 1501 
765 858 950 1154 1293 1377 1488 1490 1565 
749 885 960 1166 1225 1315 1386 1478 1552 
714 884 998 1168 1297 1419 1472 1459 1514 
727 847 971 1129 1302 1373 1462 1512 1566 
770 867 1022 1147 1187 1309 1455 1417 1462 
716 856 993 1139 1239 1388 1455 1471 1505 
726 837 998 1181 1209 1300 1449 1503 1425 
773 873 1040 1150 1281 1364 1459 1423 1531 
760 830 985 1075 1216 1337 1501 1466 1565 
740 829 1038 1099 1193 1385 1428 1529 1572 
765 884 1000 1089 1237 1370 1485 1445 1548 
735 875 969 1090 1188 1372 1430 1464 1562 
767 837 989 1185 1232 1414 1495 1522 1472 
781 883 988 1120 1214 1358 1446 1481 1533 
745 902 1033 1172 1243 1332 1392 1440 1426 
784 871 1022 1161 1221 1416 1425 1528 1474 
744 844 954 1113 1225 1291 1363 1457 1526 
734 868 970 1115 1278 1400 1380 1464 1541 
740 845 979 1106 1279 1299 1429 1531 1446 
726 855 1036 1121 1254 1341 1364 1468 1469 
714 881 1041 1170 1269 1382 1477 1470 1452 
776 852 965 1086 1284 1400 1482 1518 1476 
741 827 998 1153 1243 1337 1426 1446 1487 
777 854 967 1130 1288 1359 1398 1465 1519 
725 897 978 1155 1206 1301 1421 1513 1490 
752 882 1025 1153 1262 1417 1417 1438 1444 
727 839 968 1164 1300 1377 1486 1444 1475 
766 838 1035 1119 1234 1386 1470 1424 1460 
767 906 1035 1150 1236 1363 1495 1421 1517 
761 869 952 1073 1272 1330 1416 1497 1436 
712 860 1000 1146 1230 1346 1404 1507 1570 
782 880 1008 1182 1266 1368 1496 1437 1436 
772 848 992 1132 1192 1344 1489 1527 1425 
772 851 1007 1182 1307 1391 1438 1463 1530 
744 827 1025 1106 1188 1318 1469 1429 1429 
727 885 978 1184 1306 1307 1470 1447 1486 
773 846 960 1151 1189 1392 1493 1528 1547 
763 852 1025 1112 1250 1417 1503 1472 1530 
744 853 1033 1089 1301 1397 1366 1459 1540 
749 889 965 1078 1265 1420 1451 1412 1541 
755 893 1012 1157 1293 1397 1436 1519 1430 
714 899 1011 1127 1207 1301 1398 1447 1448 
765 911 953 1171 1190 1416 1422 1456 1557 
762 898 1011 1130 1213 1415 1463 1440 1527 
713 854 997 1111 1280 1295 1409 1507 1466 
736 906 980 1089 1257 1418 1463 1442 1569 
728 889 1045 1184 1225 1370 1475 1482 1482 
731 837 994 1184 1244 1350 1422 1421 1489 
750 853 975 1131 1239 1306 1452 1518 1475 
757 892 1020 1114 1194 1392 1390 1512 1534 
738 843 1010 1177 1244 1320 1472 1501 1530 
752 880 1026 1103 1189 1294 1393 1534 1450 
764 912 955 1183 1234 1334 1437 1437 1493 
782 838 1048 1158 1308 1352 1451 1435 1557 
748 884 983 1158 1261 1416 1364 1450 1563 
727 905 966 1168 1210 1306 1428 1549 1499 
752 893 977 1077 1275 1383 1449 1509 1571 
785 888 1031 1146 1276 1315 1362 1545 1453 
740 861 1002 1103 1299 1308 1390 1455 1491 
767 829 1012 1074 1299 1397 1445 1473 1526 
751 905 1008 1077 1299 1399 1420 1442 1479 
719 858 1043 1117 1202 1312 1370 1430 1483 
712 843 1036 1152 1225 1363 1475 1528 1569 
775 909 994 1174 1205 1363 1399 1459 1558 
770 872 1001 1175 1301 1294 1444 1433 1473 
756 888 1029 1089 1264 1291 1455 1486 1455 
754 832 963 1152 1241 1302 1407 1526 1433 
717 889 1049 1091 1205 1368 1479 1465 1501 
718 911 1002 1131 1188 1347 1364 1413 1425 
733 894 952 1131 1253 1393 1384 1549 1480 
717 878 961 1178 1279 1376 1364 1494 1470 
774 835 987 1167 1223 1404 1439 1528 1560 
745 867 1021 1159 1238 1293 1494 1535 1562 
730 835 989 1112 1209 1347 1391 1436 1428 
731 893 1030 1169 1307 1291 1456 1507 1452 
717 874 1033 1073 1229 1334 1388 1530 1520 
732 910 970 1164 1250 1387 1362 1542 1530 
777 841 954 1086 1192 1339 1471 1495 1430 
737 913 995 1074 1213 1326 1436 1444 1526 
780 844 952 1170 1292 1382 1411 1448 1521 
770 852 1001 1120 1255 1352 1465 1442 1459 
773 862 1017 1083 1266 1361 1500 1455 1513 
722 827 998 1130 1227 1398 1381 1442 1549 
725 834 1043 1157 1211 1412 1500 1424 1466 
761 869 1014 1074 1254 1291 1504 1422 1469 
752 893 987 1167 1239 1378 1475 1456 1534 
745 859 956 1175 1207 1289 1500 1522 1463 
741 909 1021 1154 1234 1292 1446 1467 1534 
771 846 986 1096 1233 1415 1365 1511 1471 
737 830 1039 1087 1228 1352 1495 1491 1425 
771 862 963 1099 1233 1322 1426 1453 1541 
730 907 1043 1119 1288 1343 1467 1431 1545 
764 867 992 1128 1282 1293 1480 1425 1460 
718 905 1048 1180 1225 1298 1487 1497 1436 
758 911 1034 1113 1206 1417 1464 1548 1441 
