5 3 20
3 50
850 96 112 130 149 169 
850 129 149 174 199 225 
100000 6464 7499 8705 9999 11294 
1353 1250 1129 
1042 846 
955 852 
980 905 
975 827 
1046 827 
952 860 
958 829 
989 840 
983 894 
1041 859 
953 863 
978 898 
1028 901 
968 898 
1034 828 
967 830 
1021 864 
1045 833 
964 889 
1025 868 
951 839 
996 830 
982 841 
1046 903 
1026 908 
987 852 
959 892 
1025 900 
1028 858 
1038 878 
957 841 
1017 830 
961 847 
1033 888 
962 840 
987 891 
982 882 
1006 888 
1013 896 
1041 895 
1021 855 
1026 876 
1012 834 
957 899 
988 875 
959 842 
1033 899 
987 838 
969 842 
1027 885 
