5 2 20
2 50
1700 77 75 77 85 96 
100000 5170 5000 5170 5669 6464 
1482 1499 
1522 1443 1409 
1503 1464 1395 
1522 1364 1407 
1530 1427 1363 
1534 1460 1310 
1555 1389 1396 
1465 1423 1337 
1499 1374 1354 
1421 1379 1345 
1485 1476 1306 
1506 1410 1362 
1555 1399 1398 
1444 1410 1368 
1547 1423 1364 
1496 1435 1338 
1533 1452 1313 
1547 1380 1396 
1410 1483 1287 
1434 1392 1387 
1548 1364 1313 
1527 1488 1359 
1518 1413 1325 
1442 1419 1288 
1554 1433 1372 
1528 1385 1312 
1434 1414 1420 
1427 1387 1390 
1546 1426 1297 
1496 1415 1297 
1440 1382 1395 
1527 1407 1348 
1527 1407 1309 
1530 1402 1302 
1430 1418 1345 
1415 1369 1286 
1465 1450 1321 
1459 1395 1306 
1432 1473 1387 
1467 1370 1300 
1543 1504 1391 
1433 1468 1342 
1511 1366 1413 
1491 1467 1343 
1446 1483 1296 
1420 1418 1414 
1532 1483 1352 
1527 1468 1314 
1499 1407 1296 
1539 1450 1333 
1493 1399 1390 
