10 11 20
6 50
170 96 85 77 75 77 85 96 112 130 149 
170 129 113 103 100 103 113 129 149 174 199 
170 161 141 129 125 129 141 161 187 217 249 
170 193 170 155 150 155 170 193 224 261 299 
170 226 198 180 175 180 198 226 262 304 349 
170 258 226 206 200 206 226 258 299 348 399 
170 290 255 232 225 232 255 290 337 391 449 
170 323 283 258 250 258 283 323 374 435 499 
170 355 311 284 275 284 311 355 412 478 549 
170 387 340 310 300 310 340 387 449 522 599 
100000 6464 5669 5170 5000 5170 5669 6464 7499 8705 9999 
1353 1433 1482 1499 1482 1433 
1046 1107 1430 1429 
588 1652 908 560 
781 1500 1270 729 
1223 799 1337 523 
936 625 586 1579 
1207 1676 1160 1288 
912 1286 884 1009 
1937 1466 1111 1258 
895 923 1092 1539 
985 1756 1326 1473 
707 794 1138 491 
1405 757 763 1150 
1705 723 1284 1344 
1350 1076 527 857 
1976 1904 1298 1540 
1345 1552 1595 1353 
1075 1268 807 1148 
1621 1662 1019 464 
1320 1419 838 1166 
860 1979 1519 1224 
745 1625 1124 1078 
1241 699 564 1250 
2115 1378 1306 470 
1914 1231 985 580 
600 1507 606 1078 
2010 843 1073 1554 
2124 1367 1407 901 
1828 879 781 744 
900 1078 455 760 
572 1031 979 545 
607 1334 1582 501 
2002 1679 1181 797 
1270 770 1153 459 
2020 792 1172 476 
547 1397 1803 958 
2033 1890 1104 1024 
1307 1093 1613 1077 
1012 1568 1436 531 
1146 1662 728 1452 
1946 1585 1329 1570 
1186 951 1040 1537 
1873 515 960 1477 
1677 533 1625 910 
1178 961 937 1087 
648 1950 796 1031 
1337 826 1557 713 
2096 521 690 1451 
815 1655 532 1382 
1235 712 846 1270 
2148 1034 1394 517 
