50 2 20
16 50
1700 150 130 112 96 85 77 75 77 85 96 112 130 149 169 187 203 214 222 225 222 214 203 187 169 150 130 112 96 85 77 75 77 85 96 112 130 149 169 187 203 214 222 225 222 214 203 187 169 150 130 
100000 10000 8705 7500 6464 5669 5170 5000 5170 5669 6464 7499 8705 9999 11294 12499 13535 14330 14829 15000 14829 14330 13535 12500 11294 10000 8705 7500 6464 5669 5170 5000 5170 5669 6464 7499 8705 9999 11294 12499 13535 14330 14829 15000 14829 14330 13535 12500 11294 10000 8705 
1000 1129 1249 1353 1433 1482 1499 1482 1433 1353 1250 1129 1000 870 750 646 
556 438 500 452 495 736 890 895 998 993 1035 1494 1466 1642 1325 1468 1704 1584 1111 1305 1073 697 648 563 604 424 485 616 666 701 752 733 1121 1059 
675 483 568 613 470 688 770 734 983 1259 1131 1194 1416 1346 1772 1520 1471 1156 1479 1153 847 794 609 541 534 527 504 417 601 720 765 841 1124 1249 
606 532 539 468 668 662 841 770 1186 948 1018 1163 1555 1645 1470 1765 1620 1196 1054 999 853 793 845 691 680 611 587 598 549 752 604 751 939 1083 
543 505 440 541 601 557 614 711 1145 1345 1198 1555 1541 1609 1277 1298 1286 1295 1226 1313 1059 899 728 546 540 445 595 593 499 628 866 744 1132 1344 
620 583 426 611 507 673 602 817 1198 1191 1345 1551 1179 1585 1634 1758 1329 1490 1140 1232 884 706 623 521 598 581 516 560 601 637 823 823 1115 984 
677 450 521 479 593 661 703 806 984 981 1072 1521 1631 1652 1738 1218 1573 1504 1044 1006 890 921 797 703 669 485 468 415 677 730 737 754 1012 1171 
584 555 587 545 480 680 778 902 906 1230 1000 1319 1263 1496 1596 1555 1231 1188 1055 1321 853 713 813 751 456 491 497 476 607 704 805 766 1160 985 
521 481 568 571 519 594 793 870 1069 1001 1048 1264 1285 1402 1694 1415 1213 1328 1003 1224 1138 757 616 552 518 506 445 468 670 574 805 779 852 943 
652 489 464 556 644 568 731 744 909 966 1148 1261 1655 1321 1632 1516 1185 1138 1468 974 880 988 750 683 619 553 491 430 538 587 888 732 973 1161 
470 493 554 587 673 760 684 715 891 932 1231 1143 1429 1346 1767 1233 1238 1124 1266 1349 941 1037 796 595 653 504 551 550 545 586 769 1032 1009 996 
606 502 407 428 568 687 610 810 802 1083 1048 1275 1212 1760 1370 1410 1417 1117 1078 1024 922 1032 757 559 674 567 433 455 491 674 668 769 862 1319 
565 561 437 416 521 543 698 843 915 1033 1447 1388 1532 1611 1674 1492 1327 1105 1420 1333 909 818 751 735 468 464 595 421 533 690 645 783 916 1241 
542 544 442 534 585 641 876 788 978 964 1142 1612 1488 1638 1397 1515 1294 1092 1302 1039 865 780 895 633 585 464 529 427 667 599 743 971 817 1136 
577 454 450 587 666 569 832 839 1066 1019 1172 1182 1600 1644 1438 1418 1487 1380 1059 988 1168 902 722 698 559 438 432 619 498 560 871 737 1068 1165 
495 567 476 564 618 670 889 999 1134 966 1195 1291 1688 1639 1747 1685 1652 1574 1481 975 1090 814 822 709 628 438 536 605 585 611 766 900 1022 1080 
539 456 400 486 661 609 662 1026 1162 1264 1215 1244 1614 1269 1384 1536 1312 1282 1325 1160 806 728 627 646 512 587 506 549 625 591 868 1030 865 1217 
483 585 570 510 669 751 664 745 890 1187 1081 1425 1484 1419 1302 1274 1229 1224 1206 1140 1111 1014 706 616 462 592 485 616 468 670 614 1041 1000 1190 
613 450 578 469 517 582 764 994 961 1229 1134 1323 1705 1275 1203 1636 1523 1420 1416 948 990 964 675 598 523 451 457 496 555 672 698 989 1194 1212 
501 469 434 558 557 657 772 705 892 1283 1082 1482 1652 1704 1238 1302 1490 1502 1117 1316 858 979 823 676 478 509 575 569 609 775 842 831 966 951 
462 571 571 565 526 617 811 922 916 904 1132 1562 1458 1338 1663 1556 1340 1333 1274 1189 1067 778 731 733 664 494 497 437 654 756 711 1024 855 1105 
565 606 573 593 512 750 601 956 993 1148 1301 1107 1363 1361 1547 1644 1222 1362 1302 998 1006 881 691 564 563 553 502 443 518 754 842 859 1185 955 
462 568 563 537 464 644 816 718 933 913 1399 1304 1632 1734 1445 1584 1534 1584 1463 1147 1114 874 684 682 585 436 541 440 563 585 809 948 901 1137 
596 562 451 514 679 551 729 996 1100 1154 1065 1469 1567 1647 1559 1774 1493 1524 1131 1118 925 842 776 545 571 550 540 618 675 691 756 1007 922 991 
579 556 434 601 493 636 690 797 1001 1201 1155 1613 1535 1321 1695 1353 1551 1570 1436 1313 1043 922 891 657 473 522 584 485 555 727 836 1023 1189 1258 
671 415 490 606 648 553 641 1043 872 1309 1409 1451 1265 1681 1314 1379 1198 1332 1159 1106 1053 973 706 637 567 536 447 502 537 731 788 754 1165 1144 
618 539 434 537 522 692 670 910 1005 1180 1356 1264 1648 1190 1763 1724 1713 1327 1215 1080 926 737 758 706 607 436 537 560 617 764 727 709 828 921 
529 441 470 491 500 693 856 872 1059 1180 1010 1582 1282 1507 1490 1672 1510 1235 1440 1138 1060 886 646 633 616 495 513 617 620 661 643 696 1116 981 
622 513 533 439 572 532 799 860 1191 1251 1323 1152 1294 1739 1712 1413 1172 1310 1185 1038 1059 786 834 692 580 582 586 534 498 640 697 737 807 950 
463 502 560 452 624 690 657 1032 1069 1311 1181 1292 1170 1529 1743 1357 1162 1468 1367 1156 1017 800 657 703 666 432 415 553 466 605 846 723 1037 1157 
579 421 451 611 499 681 799 893 976 904 1249 1475 1517 1371 1685 1768 1480 1410 1007 1349 819 936 758 650 504 419 492 450 654 761 727 1026 899 1335 
646 420 527 546 639 590 820 979 1146 1194 1276 1299 1571 1642 1770 1694 1462 1315 1405 1099 925 959 804 562 533 608 408 614 564 641 882 879 1024 1161 
505 527 433 559 469 536 639 741 1198 983 1349 1194 1258 1187 1707 1356 1289 1292 1378 989 827 1037 865 749 499 443 516 523 518 654 828 771 1117 1196 
587 605 575 466 595 759 734 1040 959 1307 1132 1591 1686 1295 1339 1600 1237 1440 1305 1142 1026 802 718 561 530 607 505 619 490 667 674 1026 1127 1145 
492 425 403 579 559 748 719 1010 1081 1263 1110 1473 1559 1324 1599 1470 1218 1148 1118 1068 1087 859 673 774 569 443 563 463 589 562 724 895 1028 1077 
527 500 541 554 477 714 793 1013 966 1112 1384 1396 1299 1438 1213 1351 1197 1227 1190 984 1050 863 798 626 483 570 588 574 633 660 683 825 1166 1109 
663 588 552 515 640 734 778 1023 1009 922 1398 1487 1320 1624 1592 1280 1534 1171 1325 1188 803 873 852 681 562 604 441 508 475 609 746 886 1185 1178 
560 529 512 488 493 687 668 921 1173 977 1284 1331 1609 1282 1799 1188 1337 1169 1087 1032 817 826 750 642 625 567 483 603 474 593 826 1013 862 1314 
629 512 583 431 503 551 659 995 802 1182 1386 1280 1621 1775 1517 1332 1361 1547 1081 1092 952 722 716 601 506 586 424 471 528 621 780 1029 1190 1085 
662 551 585 613 669 643 720 908 845 1276 1373 1163 1686 1504 1450 1514 1706 1190 1302 908 1153 904 635 547 524 420 563 510 550 666 681 894 1054 1269 
650 481 482 450 484 529 820 893 968 997 1056 1160 1549 1728 1562 1250 1568 1263 1439 1091 902 1038 822 536 552 454 420 440 534 679 856 1006 1067 954 
594 520 436 571 656 669 786 913 973 1200 1113 1463 1437 1488 1465 1660 1629 1140 1205 1299 1134 1002 748 621 666 502 505 507 613 583 609 1024 992 1162 
476 582 436 589 500 663 640 740 1032 1310 1246 1477 1420 1712 1258 1463 1689 1332 1181 1307 961 912 626 714 606 442 535 459 627 555 819 998 822 1113 
575 472 424 606 520 536 884 943 1084 935 1348 1511 1606 1637 1694 1549 1393 1374 1328 947 1019 1005 680 772 585 427 553 577 670 621 840 767 897 1262 
549 480 565 516 476 658 796 975 817 1097 1482 1472 1483 1442 1498 1302 1635 1517 1080 917 955 881 775 530 460 547 516 548 608 709 879 783 899 938 
567 588 483 423 490 558 767 847 973 1151 1192 1209 1352 1317 1606 1439 1496 1560 1351 1137 881 834 792 569 653 525 529 415 581 643 849 779 1169 927 
648 428 483 485 537 557 870 1015 1182 1155 1079 1590 1667 1409 1457 1548 1417 1575 1144 1033 1110 929 889 642 503 442 492 479 566 664 762 877 1193 1215 
667 526 541 551 658 766 788 750 953 1191 1213 1503 1711 1685 1531 1715 1165 1562 1354 1348 1117 818 760 648 518 520 533 529 602 544 882 766 1043 1305 
655 570 564 474 528 775 858 898 878 1116 1249 1450 1370 1702 1789 1375 1609 1511 1086 1120 925 937 608 730 649 499 479 444 563 546 787 869 932 1326 
654 618 515 472 628 774 684 704 811 1216 1015 1333 1157 1591 1519 1459 1575 1456 1436 1126 815 1030 806 530 624 507 588 446 578 632 762 845 863 1173 
564 500 524 430 643 702 743 1015 843 1135 1185 1106 1397 1231 1204 1339 1216 1588 1004 1174 1139 735 764 591 512 473 456 576 480 564 765 740 1106 920 
