50 11 20
16 50
170 96 112 130 149 169 187 203 214 222 225 222 214 203 187 169 150 130 112 96 85 77 75 77 85 96 112 130 149 169 187 203 214 222 225 222 214 203 187 169 150 130 112 96 85 77 75 77 85 96 112 
170 129 149 174 199 225 249 270 286 296 300 296 286 270 250 225 200 174 150 129 113 103 100 103 113 129 149 174 199 225 249 270 286 296 300 296 286 270 250 225 200 174 150 129 113 103 100 103 113 129 149 
170 161 187 217 249 282 312 338 358 370 375 370 358 338 312 282 250 217 187 161 141 129 125 129 141 161 187 217 249 282 312 338 358 370 375 370 358 338 312 282 250 217 187 161 141 129 125 129 141 161 187 
170 193 224 261 299 338 374 406 429 444 450 444 429 406 375 338 300 261 225 193 170 155 150 155 170 193 224 261 299 338 374 406 429 444 450 444 429 406 375 338 300 261 225 193 170 155 150 155 170 193 224 
170 226 262 304 349 395 437 473 501 519 525 519 501 473 437 395 350 304 262 226 198 180 175 180 198 226 262 304 349 395 437 473 501 519 525 519 501 473 437 395 350 304 262 226 198 180 175 180 198 226 262 
170 258 299 348 399 451 499 541 573 593 600 593 573 541 500 451 400 348 300 258 226 206 200 206 226 258 299 348 399 451 499 541 573 593 600 593 573 541 500 451 400 348 300 258 226 206 200 206 226 258 299 
170 290 337 391 449 508 562 609 644 667 675 667 644 609 562 508 450 391 337 290 255 232 225 232 255 290 337 391 449 508 562 609 644 667 675 667 644 609 562 508 450 391 337 290 255 232 225 232 255 290 337 
170 323 374 435 499 564 624 676 716 741 750 741 716 676 625 564 500 435 375 323 283 258 250 258 283 323 374 435 499 564 624 676 716 741 750 741 716 676 625 564 500 435 375 323 283 258 250 258 283 323 374 
170 355 412 478 549 621 687 744 788 815 825 815 788 744 687 621 550 478 412 355 311 284 275 284 311 355 412 478 549 621 687 744 788 815 825 815 788 744 687 621 550 478 412 355 311 284 275 284 311 355 412 
170 387 449 522 599 677 749 812 859 889 900 889 859 812 750 677 600 522 450 387 340 310 300 310 340 387 449 522 599 677 749 812 859 889 900 889 859 812 750 677 600 522 450 387 340 310 300 310 340 387 449 
100000 6464 7499 8705 9999 11294 12499 13535 14330 14829 15000 14829 14330 13535 12500 11294 10000 8705 7500 6464 5669 5170 5000 5170 5669 6464 7499 8705 9999 11294 12499 13535 14330 14829 15000 14829 14330 13535 12500 11294 10000 8705 7500 6464 5669 5170 5000 5170 5669 6464 7499 
1353 1250 1129 1000 870 750 646 566 517 500 517 566 646 749 870 999 
845 787 753 1436 2323 2163 1626 1904 714 732 476 969 615 389 717 757 527 210 236 822 689 971 1218 441 763 778 1138 838 2134 2057 1237 907 1854 1104 
1128 1252 1076 1802 1191 1468 1449 1034 1780 1392 453 430 1258 412 918 325 558 632 508 590 858 440 832 921 1232 909 1271 1827 843 1688 1057 970 1769 1425 
453 1444 1914 662 2200 1225 1104 1163 2105 506 1658 1076 1359 946 541 828 207 776 602 228 278 458 1244 1016 1317 1860 2032 1784 1638 1691 2126 1798 774 1847 
456 1320 2051 1382 785 2256 1106 1164 1308 1060 1527 1256 621 887 1026 297 784 685 802 251 327 300 1200 1536 1303 1161 1673 1522 1479 1496 1268 1257 2044 1062 
568 1714 1287 1210 1648 2304 1770 869 898 801 1534 587 1193 876 551 334 377 639 741 702 903 344 791 526 1086 776 643 1476 2020 1684 2271 1068 1952 1444 
853 1374 2103 1103 1875 2261 787 1164 921 1053 840 1409 1306 1175 997 279 512 452 209 230 784 598 1127 1257 1366 785 2120 1566 1676 1287 1910 1070 1012 934 
1736 1278 752 2175 1113 1319 1562 760 1710 1352 1418 1022 1329 1180 267 783 282 321 815 293 527 701 526 1280 1698 1974 1664 737 830 1035 2076 686 1472 891 
1251 1773 1466 1811 1353 670 2142 1051 774 1112 657 919 524 651 600 649 294 635 240 756 340 515 499 486 697 818 1270 631 656 1196 1180 1970 573 1502 
1411 1625 1022 1715 2324 638 2029 1598 1314 1303 1041 974 1066 1052 404 827 592 322 674 658 734 923 646 1429 529 959 1720 1176 908 678 1583 1823 1264 543 
837 1000 1725 1334 1520 1284 1955 1386 2163 902 526 415 730 819 854 435 274 613 679 421 592 753 658 1351 1063 844 1423 1294 1583 1873 1460 897 940 861 
871 1669 1063 1267 2094 1549 1955 1927 876 1871 646 594 542 990 942 240 514 732 369 882 626 588 848 1504 892 1996 1506 1663 1498 2320 1927 1299 1115 1796 
1078 1478 1357 697 1237 2238 1078 2112 871 1003 1175 830 873 376 405 311 606 437 744 779 873 494 1277 917 1080 1814 788 830 747 1966 2318 783 1220 1183 
1132 1365 757 1178 2115 2228 1390 808 1254 1920 615 624 1064 498 770 432 652 370 268 741 313 1168 533 575 493 1528 973 2250 1899 1630 2160 1412 1471 1405 
642 1511 579 1408 594 2313 1479 1422 1523 1208 849 1590 984 774 447 799 713 214 313 525 1008 750 1104 1083 470 1459 1667 1998 1945 1978 1323 1963 814 919 
876 1661 868 1446 1084 696 1554 2172 1831 1770 469 712 1000 922 329 460 805 372 381 457 865 1113 1159 595 941 645 844 1692 1809 2292 1866 1291 1732 1251 
1278 1816 1040 1904 1008 1311 1371 1933 1535 552 466 555 1162 1096 795 591 697 443 656 828 816 1020 1101 613 1141 1770 585 2023 597 921 1942 2275 546 1214 
579 1846 1692 1508 2264 1356 1236 1825 1393 1317 1077 1193 413 1026 553 763 229 678 656 671 432 719 654 885 513 1181 2112 1429 1182 885 1267 683 717 1638 
1411 1848 1332 2167 1375 1608 1044 1299 1248 1296 796 776 513 1127 394 245 452 598 698 873 511 942 673 1366 812 733 1948 1464 2288 1938 1998 1930 1668 1735 
1448 643 933 735 1046 1212 1868 907 2028 1798 1059 1086 937 345 300 647 712 326 586 575 542 318 636 1327 782 761 798 2228 1566 1518 2099 1481 1854 956 
967 859 1441 2240 666 951 880 2058 1833 1800 1261 923 1119 433 373 514 439 728 654 442 328 1035 1200 1391 1332 1266 1773 1500 709 715 1123 1478 1661 871 
651 613 1941 2161 1618 1148 2303 1029 1574 1773 733 1272 475 622 302 389 738 205 531 634 569 989 659 1028 1496 1381 2112 1137 1065 1188 985 1799 2161 1276 
929 1415 889 1909 2242 1634 614 652 2067 1510 1169 853 679 622 427 568 272 363 384 825 408 731 1286 950 1657 590 933 2064 1026 1636 659 1001 1196 998 
1262 1198 1991 2197 636 2181 823 830 1574 1158 501 817 581 567 328 795 348 589 607 362 588 346 1276 1412 756 1849 942 776 891 1169 1705 587 1707 720 
827 1803 2070 1075 1825 889 904 731 1051 1494 802 1581 812 415 609 327 320 709 581 470 830 396 1060 1326 1725 1952 961 2050 1209 1324 652 901 1706 777 
452 987 967 1529 1211 1467 1422 749 1641 880 1613 1405 1030 337 688 866 614 477 782 308 685 683 606 513 652 668 1539 782 1435 1614 718 702 1202 664 
710 542 1881 1168 643 2054 2021 2095 1736 1238 1798 1113 1101 591 858 598 625 799 352 496 503 1031 1021 884 718 1425 1247 1987 1323 715 1190 2074 1434 673 
1464 525 1769 1030 2242 1957 958 1372 712 1490 1630 636 465 1093 961 704 584 686 522 758 664 439 951 619 1513 680 592 608 2247 2282 820 912 1712 1128 
1295 959 1044 1998 790 2348 750 1756 1196 652 1538 1403 631 328 269 494 460 799 535 825 1004 1161 1241 642 1055 735 1031 1792 1366 1497 2060 698 1872 654 
696 756 566 697 1503 1898 2272 2159 2065 1804 639 1160 624 712 893 781 441 314 374 855 609 666 750 436 1172 1554 1673 723 1665 762 1942 869 1739 1905 
724 1508 1211 1253 1183 2195 1637 1496 1507 1999 1315 1501 1138 1125 839 763 296 744 732 683 878 786 1047 1022 1619 1813 654 880 714 1276 855 1221 1626 1279 
857 1912 1558 1546 1983 1475 1385 1366 1974 910 1078 804 655 722 992 619 691 510 737 860 827 1064 966 1142 1413 1458 1512 2153 1564 2101 836 924 777 774 
593 1816 1393 1363 974 955 979 1645 1182 1178 1311 548 1135 703 618 274 791 674 648 557 469 1123 842 837 1012 1024 601 1855 672 892 1298 1498 972 619 
1519 939 776 967 1176 1786 1001 2264 1121 1605 945 1451 946 338 776 260 552 386 210 369 865 1059 1187 1072 1392 1464 1433 1731 2309 632 2057 1908 1371 1872 
719 1131 1142 1717 2125 2391 629 1238 1018 594 800 1292 1240 1185 412 430 586 673 533 334 467 1008 931 579 1163 1789 916 964 1859 2246 1667 1173 629 1222 
1761 1280 1199 2112 860 1038 1978 664 754 612 1192 653 896 768 747 759 245 790 539 642 755 1187 942 1224 514 1049 679 1923 2271 1882 795 2231 884 1546 
713 1151 934 1560 1965 1921 1092 1488 551 1543 995 569 684 448 427 629 545 771 777 881 1027 1170 1111 672 878 533 1152 944 1471 1076 1774 1023 1803 1563 
1479 1604 2076 2016 1053 969 1866 1849 1608 1124 1348 1306 648 1057 614 282 420 791 719 467 312 476 1383 1125 1424 745 590 1643 1225 2173 2243 845 756 775 
1388 1915 682 1909 1259 604 758 1774 1104 822 502 629 1033 848 902 265 718 406 406 398 975 1067 1133 1545 830 683 1815 1926 1719 1617 1954 1369 735 1201 
800 1288 2004 1380 1439 1378 2002 657 1678 1538 1447 987 623 540 610 417 338 783 294 522 437 371 887 1229 1696 1773 706 669 639 985 699 1733 1724 980 
1037 1220 1424 843 824 1693 2332 2272 1373 531 1128 1366 1292 612 983 581 758 415 750 311 826 389 550 1001 1481 652 953 869 697 1807 2247 1652 1070 1576 
454 1257 888 716 663 1170 636 2028 1124 1928 561 1088 507 896 750 892 441 661 603 882 658 999 611 1018 1476 745 1163 1275 1942 1508 869 927 1395 803 
1284 1269 1396 1451 1529 2313 1723 714 1533 1749 1801 1301 410 1191 566 761 621 645 366 436 602 710 1193 533 475 1522 1483 1611 1866 1166 1941 692 1551 1666 
1192 1992 1338 1719 751 1794 2085 2020 649 1602 545 922 931 339 1009 728 369 388 465 516 768 327 1044 554 761 755 570 1872 1145 634 1027 1607 1638 1683 
1278 1496 1269 1018 2065 887 1362 844 1816 1548 1074 1001 773 385 910 642 499 361 526 246 842 508 357 454 850 1378 1782 677 963 1595 2302 1442 1832 1944 
1009 1287 1123 902 1718 879 1566 1446 1623 820 1225 1365 1154 849 360 346 556 386 465 442 796 894 1387 645 1358 941 2102 647 2220 1233 905 2160 1590 815 
1716 777 1634 1360 2221 2284 1859 1139 1785 1551 867 779 487 910 999 344 528 532 530 256 869 621 915 1498 1356 991 1389 793 771 1050 1993 846 1792 847 
490 1084 1624 1255 768 762 622 1367 804 986 1041 1185 1193 304 754 876 333 689 554 315 935 490 567 1008 768 842 761 2278 1373 1154 2033 1030 1588 1802 
1535 1477 1025 2003 708 1693 1525 1994 888 984 741 750 424 641 970 357 466 772 278 613 407 771 1363 1169 544 1311 823 1757 1849 722 2253 1270 1399 1704 
1470 1975 1147 1439 676 1694 2129 1001 910 1415 1589 1033 675 1181 792 639 637 475 786 338 354 1153 1290 1160 1175 1138 1900 1020 1973 791 1105 1086 1949 602 
615 1037 1930 654 2371 1213 2150 1661 1631 1914 1134 1096 1302 484 260 536 501 235 547 448 926 614 379 1284 853 962 1389 1725 1894 2270 632 1783 880 837 
