10 3 20
4 100
850 85 96 112 130 149 169 187 203 214 222 
850 113 129 149 174 199 225 249 270 286 296 
100000 5669 6464 7499 8705 9999 11294 12499 13535 14330 14829 
1433 1353 1250 1129 
857 456 659 656 560 295 
792 541 627 344 827 481 
1482 642 1055 792 404 587 
1042 1145 1043 815 457 486 
503 452 583 527 500 668 
1377 1338 396 774 380 392 
1535 867 817 299 419 650 
666 616 366 726 465 679 
479 908 737 680 354 633 
1301 1192 835 838 280 346 
831 1138 395 358 393 594 
1558 370 808 619 692 352 
1077 659 681 334 441 362 
731 799 825 900 782 666 
1173 710 448 979 567 301 
1292 1279 738 776 543 714 
1279 1303 815 699 513 559 
1403 1324 624 380 458 308 
1347 858 813 705 856 767 
430 979 474 611 269 282 
1147 971 487 567 479 502 
1175 875 1068 595 291 549 
923 1183 1028 698 337 555 
1497 733 751 295 761 389 
1054 503 936 338 687 353 
1020 1306 415 517 543 529 
924 1027 1195 953 386 241 
1203 663 634 736 889 685 
1374 1131 468 526 431 289 
478 1289 518 971 599 782 
1334 749 476 303 585 570 
1118 1133 1160 355 534 775 
1415 993 780 929 794 795 
754 770 738 976 423 483 
1457 779 432 984 335 539 
794 851 325 306 472 525 
1207 913 1010 493 256 397 
1065 1094 302 977 235 210 
732 549 597 677 712 370 
938 1124 1001 279 474 299 
1337 653 1132 951 770 766 
1440 834 985 538 437 272 
1191 420 686 764 472 677 
1037 568 1194 425 384 499 
834 1297 1185 277 481 569 
1168 890 1145 605 434 210 
770 351 447 505 454 312 
1031 1191 843 843 770 400 
1508 1244 841 790 309 424 
1296 1093 879 1012 437 703 
1471 518 746 440 775 351 
1037 749 853 984 426 637 
731 420 1110 861 584 314 
1577 868 332 987 794 423 
1174 768 492 1030 304 537 
1520 660 661 495 256 645 
1478 1229 983 498 651 664 
1471 798 1033 351 898 269 
1494 981 1096 434 490 631 
1520 1232 649 757 611 372 
1211 1020 711 617 779 224 
1589 939 371 606 389 691 
498 1303 472 717 581 427 
920 959 389 881 235 666 
412 1127 924 674 241 710 
796 1076 813 507 618 802 
1458 1199 873 770 602 320 
778 890 823 601 236 487 
776 1165 1184 842 405 814 
956 866 554 833 230 514 
470 475 865 781 490 548 
491 528 487 735 824 242 
1438 505 680 1005 605 681 
1334 880 704 545 545 732 
910 1206 1135 389 855 368 
1425 896 1070 451 345 705 
467 653 1058 415 387 735 
640 392 1121 587 291 373 
746 1178 746 630 589 242 
1387 1216 706 635 697 613 
1597 1248 585 366 645 418 
731 1299 1068 620 806 747 
700 779 917 352 858 234 
1545 674 1108 968 751 391 
1014 1137 359 556 260 577 
1158 419 1121 312 612 562 
856 362 1053 288 497 808 
606 1100 644 768 234 216 
992 374 948 792 467 811 
1364 467 907 523 443 768 
1326 604 499 834 513 442 
1439 1164 336 531 466 486 
1182 1039 1172 262 639 462 
934 1046 778 524 367 646 
957 653 647 493 674 616 
1344 882 314 1028 585 347 
1142 614 819 596 449 770 
1492 1003 1129 549 566 644 
1290 1364 1065 445 437 794 
780 774 1095 768 842 489 
