20 6 20
11 10
340 77 75 77 85 96 112 130 149 169 187 203 214 222 225 222 214 203 187 169 150 
340 103 100 103 113 129 149 174 199 225 249 270 286 296 300 296 286 270 250 225 200 
340 129 125 129 141 161 187 217 249 282 312 338 358 370 375 370 358 338 312 282 250 
340 155 150 155 170 193 224 261 299 338 374 406 429 444 450 444 429 406 375 338 300 
340 180 175 180 198 226 262 304 349 395 437 473 501 519 525 519 501 473 437 395 350 
100000 5170 5000 5170 5669 6464 7499 8705 9999 11294 12499 13535 14330 14829 15000 14829 14330 13535 12500 11294 10000 
1482 1499 1482 1433 1353 1250 1129 1000 870 750 646 
605 585 596 577 569 662 716 948 1001 
587 462 506 540 675 767 755 873 1008 
522 559 424 601 488 755 827 819 838 
514 437 460 546 502 594 691 1027 912 
510 552 461 523 569 764 891 995 1147 
662 563 451 587 459 709 616 834 821 
471 485 592 618 551 664 648 947 974 
561 460 523 459 539 668 809 832 833 
581 482 438 453 618 567 632 802 1089 
564 520 563 462 466 703 824 1004 1001 
