10 6 20
6 50
340 130 112 96 85 77 75 77 85 96 112 
340 174 150 129 113 103 100 103 113 129 149 
340 217 187 161 141 129 125 129 141 161 187 
340 261 225 193 170 155 150 155 170 193 224 
340 304 262 226 198 180 175 180 198 226 262 
100000 8705 7500 6464 5669 5170 5000 5170 5669 6464 7499 
1129 1249 1353 1433 1482 1499 
1123 1617 1697 1028 
2228 910 1521 1493 
876 1600 772 1238 
1114 1302 1646 1582 
1275 2093 1998 1841 
1579 2021 2165 1236 
1570 593 1371 1172 
1565 1240 1117 1656 
1838 1434 1297 1371 
1255 1589 1579 1160 
1535 1085 1905 953 
1070 2219 1657 1894 
2266 742 1090 677 
2102 977 1331 1374 
2329 1515 1667 1745 
1884 1515 1793 1827 
825 1114 1258 793 
1499 1276 2136 1352 
653 643 669 1216 
905 1615 1534 1387 
1494 854 1489 1787 
2039 2231 2027 1994 
2367 1632 1065 1601 
1913 2262 543 1458 
1283 1266 1072 1826 
621 1164 1027 1691 
914 656 2075 1266 
1103 1099 1183 1451 
688 2152 1949 740 
691 2221 946 1382 
2009 1300 1406 1269 
1107 1195 1816 1354 
1688 726 2008 581 
1340 1534 1927 624 
2059 1450 1544 1423 
1868 1368 1473 804 
2186 865 1380 1688 
641 1630 620 1149 
2187 817 1433 856 
2200 1993 1276 1146 
1123 1714 613 1747 
763 1752 1350 1428 
879 1579 1142 1580 
1346 2205 987 1493 
1819 1768 2091 857 
633 1947 1295 1735 
890 2150 1665 1546 
2312 2264 2052 794 
1067 1239 1710 589 
1053 1991 1651 1708 
