50 2 20
36 50
1700 130 149 169 187 203 214 222 225 222 214 203 187 169 150 130 112 96 85 77 75 77 85 96 112 130 149 169 187 203 214 222 225 222 214 203 187 169 150 130 112 96 85 77 75 77 85 96 112 130 149 
100000 8705 9999 11294 12499 13535 14330 14829 15000 14829 14330 13535 12500 11294 10000 8705 7500 6464 5669 5170 5000 5170 5669 6464 7499 8705 9999 11294 12499 13535 14330 14829 15000 14829 14330 13535 12500 11294 10000 8705 7500 6464 5669 5170 5000 5170 5669 6464 7499 8705 9999 
1129 1000 870 750 646 566 517 500 517 566 646 749 870 999 1129 1249 1353 1433 1482 1499 1482 1433 1353 1250 1129 1000 870 750 646 566 517 500 517 566 646 749 
1128 566 761 1633 1353 1668 1612 2143 2067 1673 2055 1508 1409 417 
1218 1286 1373 735 1333 1793 1307 1964 1263 2288 1497 961 1266 487 
1385 1073 952 1096 1316 1744 1377 1424 2008 1045 1976 1795 674 460 
1382 1582 760 959 1656 743 1485 2340 1097 1441 1987 1102 1691 1103 
749 1265 1137 925 1370 1940 1682 2313 1736 1751 2128 592 1493 1283 
504 1265 1531 536 550 1411 2371 1308 1516 1314 1673 1687 1292 1509 
1143 556 1127 694 603 1239 903 1748 1109 848 1677 874 1455 885 
1211 819 1564 1353 1322 2034 976 2109 2188 870 1821 1582 1458 686 
871 1216 582 1886 2002 640 1655 2348 1082 2086 1572 1702 567 578 
1295 661 1452 1530 860 1343 1166 1342 1850 1454 1160 1046 1536 855 
695 1395 1120 1808 1540 1052 1535 2042 878 1113 1189 942 843 840 
488 1341 1288 1019 909 1652 723 2351 1507 1995 1532 502 958 1380 
1102 478 552 1683 1090 1174 1701 1544 965 1990 2092 798 947 684 
1195 555 1459 1413 765 2188 1619 1379 1252 735 1596 947 1026 762 
1386 596 1466 1570 760 573 1112 1366 1444 588 1680 849 1703 577 
1004 523 869 772 1286 1173 1962 2332 1181 2229 1551 772 1493 492 
1227 748 1522 545 1755 1984 2048 2395 2348 1985 943 1489 990 1151 
368 1453 1625 1515 576 2023 1923 1711 1814 1724 2112 1063 1285 1475 
746 950 1225 1816 1338 870 1832 1524 801 2272 1001 959 602 1329 
1344 642 1411 674 1492 888 1684 1373 2066 734 1212 659 1208 1181 
773 869 605 687 1272 961 1740 1756 2212 1882 1260 1395 880 1329 
942 548 1552 1549 1583 762 2354 1474 817 1806 884 528 1749 1444 
352 764 1610 1546 1556 824 887 1275 1295 1496 1478 1041 1641 958 
923 964 1165 1075 1865 1904 2126 652 1948 1921 1829 1755 571 1470 
530 1181 1184 1304 842 2224 733 702 1712 1210 1080 1581 1465 1047 
1051 1442 1324 934 1773 1719 2195 800 2164 1309 1355 1686 1781 1561 
1011 837 1314 1945 1329 794 2240 2030 1649 2154 1268 1732 1663 865 
755 1092 470 1215 2095 2019 2240 2094 636 679 1446 1022 926 518 
808 1127 707 1622 548 1188 1757 654 1655 2024 1644 1541 1580 541 
1289 1510 945 674 1087 1781 1772 1830 898 1949 2018 919 1163 1452 
959 1094 1150 1465 1933 1756 1465 1604 1226 914 1749 553 1032 1342 
961 1154 1096 1380 695 827 1397 720 1280 920 761 1384 1507 533 
609 906 1339 1514 608 1227 1296 1973 1303 2028 883 756 606 835 
584 1320 954 1303 1605 1145 708 1412 1315 767 605 1018 1773 1025 
1226 1262 1751 1974 656 1666 643 1262 2288 1303 1716 502 698 979 
1281 1248 1363 1133 771 2042 1093 1084 780 2098 719 1894 1708 742 
846 1180 1475 1178 794 1753 1680 1441 2310 2110 1318 804 876 973 
1345 1298 1523 1388 1031 1653 1293 670 1034 1902 1332 1634 967 1257 
442 801 1094 1965 1488 1046 1659 830 1354 924 1115 1192 1798 1315 
407 1332 570 1096 966 978 1089 1978 1334 1848 1528 1957 482 1407 
1166 830 643 1373 1278 695 1619 1213 1742 755 1511 542 1768 492 
893 1245 1382 1102 594 624 963 848 1546 1499 815 778 1043 635 
990 485 1349 825 1248 632 1069 1684 1692 1672 1331 1063 1024 1146 
408 1569 547 802 823 1915 669 1615 2188 992 1475 1617 975 1092 
818 1155 1512 1230 1649 1059 737 2239 905 1146 1934 844 1763 1159 
529 1506 637 1848 1369 799 2334 1629 736 773 1402 1397 932 455 
409 831 645 672 1490 1378 753 1412 678 1682 2023 1655 731 880 
587 714 1613 1609 1068 1717 1456 1685 1839 590 2029 908 1451 1581 
436 933 905 1109 1349 944 2111 1966 1481 1719 893 905 1695 748 
880 986 719 1959 2029 2020 1678 1931 1211 806 1562 1995 1256 956 
