50 11 20
16 10
170 77 75 77 85 96 112 130 149 169 187 203 214 222 225 222 214 203 187 169 150 130 112 96 85 77 75 77 85 96 112 130 149 169 187 203 214 222 225 222 214 203 187 169 150 130 112 96 85 77 75 
170 103 100 103 113 129 149 174 199 225 249 270 286 296 300 296 286 270 250 225 200 174 150 129 113 103 100 103 113 129 149 174 199 225 249 270 286 296 300 296 286 270 250 225 200 174 150 129 113 103 100 
170 129 125 129 141 161 187 217 249 282 312 338 358 370 375 370 358 338 312 282 250 217 187 161 141 129 125 129 141 161 187 217 249 282 312 338 358 370 375 370 358 338 312 282 250 217 187 161 141 129 125 
170 155 150 155 170 193 224 261 299 338 374 406 429 444 450 444 429 406 375 338 300 261 225 193 170 155 150 155 170 193 224 261 299 338 374 406 429 444 450 444 429 406 375 338 300 261 225 193 170 155 150 
170 180 175 180 198 226 262 304 349 395 437 473 501 519 525 519 501 473 437 395 350 304 262 226 198 180 175 180 198 226 262 304 349 395 437 473 501 519 525 519 501 473 437 395 350 304 262 226 198 180 175 
170 206 200 206 226 258 299 348 399 451 499 541 573 593 600 593 573 541 500 451 400 348 300 258 226 206 200 206 226 258 299 348 399 451 499 541 573 593 600 593 573 541 500 451 400 348 300 258 226 206 200 
170 232 225 232 255 290 337 391 449 508 562 609 644 667 675 667 644 609 562 508 450 391 337 290 255 232 225 232 255 290 337 391 449 508 562 609 644 667 675 667 644 609 562 508 450 391 337 290 255 232 225 
170 258 250 258 283 323 374 435 499 564 624 676 716 741 750 741 716 676 625 564 500 435 375 323 283 258 250 258 283 323 374 435 499 564 624 676 716 741 750 741 716 676 625 564 500 435 375 323 283 258 250 
170 284 275 284 311 355 412 478 549 621 687 744 788 815 825 815 788 744 687 621 550 478 412 355 311 284 275 284 311 355 412 478 549 621 687 744 788 815 825 815 788 744 687 621 550 478 412 355 311 284 275 
170 310 300 310 340 387 449 522 599 677 749 812 859 889 900 889 859 812 750 677 600 522 450 387 340 310 300 310 340 387 449 522 599 677 749 812 859 889 900 889 859 812 750 677 600 522 450 387 340 310 300 
100000 5170 5000 5170 5669 6464 7499 8705 9999 11294 12499 13535 14330 14829 15000 14829 14330 13535 12500 11294 10000 8705 7500 6464 5669 5170 5000 5170 5669 6464 7499 8705 9999 11294 12499 13535 14330 14829 15000 14829 14330 13535 12500 11294 10000 8705 7500 6464 5669 5170 5000 
1482 1499 1482 1433 1353 1250 1129 1000 870 750 646 566 517 500 517 566 
751 757 1053 1292 1198 1144 1166 1902 1058 755 1465 2113 1461 769 579 1236 906 781 361 651 544 408 529 868 489 774 1375 1102 635 671 1684 1643 1518 1003 
520 802 349 1009 1167 780 1410 1571 1454 992 1451 1252 1737 1085 640 434 1030 565 367 805 712 577 564 592 910 384 531 1489 1475 1486 1175 650 1491 1325 
819 908 1071 1213 667 906 779 1893 625 2112 1329 1958 700 1840 1472 573 804 775 840 843 541 268 283 857 583 802 1218 1378 843 1384 654 1174 1051 714 
440 1130 1244 1283 1113 895 1790 1401 2329 856 1598 1296 1046 936 1583 1517 785 523 662 234 411 410 714 877 275 832 849 1383 1664 1341 1941 1681 2340 942 
702 1111 857 1021 517 695 1746 905 2216 1038 901 2197 1275 1186 968 1263 423 591 973 719 236 698 749 278 602 338 1194 754 1147 857 915 1163 1419 658 
330 691 1276 927 1129 1016 1725 1160 868 1337 814 1168 1628 1971 1755 988 695 749 645 744 464 770 751 844 736 1112 1296 1006 1460 1757 2024 1849 986 631 
288 1116 877 1090 1570 553 605 718 1318 1825 1981 1063 835 940 1756 668 640 448 361 563 644 446 256 791 616 1156 1138 1272 1152 1975 1772 1186 2320 2176 
636 715 588 1591 1238 1191 1477 1242 1807 1465 2260 2053 836 1305 750 768 1379 820 306 830 790 569 396 857 1011 887 445 467 1206 1460 1955 1484 1725 906 
405 499 869 549 1296 864 1859 587 1758 1791 1179 872 1952 939 1003 1198 664 317 958 832 390 575 550 807 784 842 809 580 1327 1847 1540 1369 892 735 
635 979 619 1427 551 1854 2135 1453 1860 2332 1466 701 1014 1721 456 1398 1017 644 1034 282 299 296 532 640 416 534 1312 1424 1206 1541 1924 1006 945 827 
