20 11 20
15 50
170 85 77 75 77 85 96 112 130 149 169 187 203 214 222 225 222 214 203 187 169 
170 113 103 100 103 113 129 149 174 199 225 249 270 286 296 300 296 286 270 250 225 
170 141 129 125 129 141 161 187 217 249 282 312 338 358 370 375 370 358 338 312 282 
170 170 155 150 155 170 193 224 261 299 338 374 406 429 444 450 444 429 406 375 338 
170 198 180 175 180 198 226 262 304 349 395 437 473 501 519 525 519 501 473 437 395 
170 226 206 200 206 226 258 299 348 399 451 499 541 573 593 600 593 573 541 500 451 
170 255 232 225 232 255 290 337 391 449 508 562 609 644 667 675 667 644 609 562 508 
170 283 258 250 258 283 323 374 435 499 564 624 676 716 741 750 741 716 676 625 564 
170 311 284 275 284 311 355 412 478 549 621 687 744 788 815 825 815 788 744 687 621 
170 340 310 300 310 340 387 449 522 599 677 749 812 859 889 900 889 859 812 750 677 
100000 5669 5170 5000 5170 5669 6464 7499 8705 9999 11294 12499 13535 14330 14829 15000 14829 14330 13535 12500 11294 
1433 1482 1499 1482 1433 1353 1250 1129 1000 870 750 646 566 517 500 
470 633 575 827 981 
570 629 561 680 943 
606 652 765 646 760 
607 606 611 703 854 
600 676 692 794 869 
501 562 628 839 1005 
418 674 737 621 756 
456 631 630 767 942 
606 488 670 604 997 
510 501 717 843 953 
555 607 692 842 808 
563 489 773 732 945 
439 531 619 747 976 
508 473 735 868 872 
558 590 566 818 735 
590 641 544 821 953 
559 554 567 854 770 
526 594 683 858 949 
619 651 744 721 796 
509 541 756 843 1007 
465 547 672 723 758 
577 485 567 661 970 
485 641 543 600 726 
435 645 760 627 912 
561 465 685 636 744 
535 653 534 851 883 
601 547 626 659 1003 
415 677 727 614 934 
578 640 735 716 944 
417 516 627 713 814 
508 500 725 740 919 
523 554 521 777 982 
485 554 689 691 852 
517 540 678 803 816 
603 637 746 638 780 
436 504 568 722 918 
431 604 691 691 757 
534 658 522 845 832 
423 585 538 871 723 
479 642 659 651 985 
474 460 660 872 774 
456 631 523 685 812 
587 547 699 736 1013 
447 646 540 633 813 
566 455 543 767 760 
466 649 528 766 755 
520 576 732 784 865 
445 459 556 877 874 
519 526 686 678 853 
583 579 610 842 967 
