10 3 20
6 50
850 112 130 149 169 187 203 214 222 225 222 
850 149 174 199 225 249 270 286 296 300 296 
100000 7499 8705 9999 11294 12499 13535 14330 14829 15000 14829 
1250 1129 1000 870 750 646 
562 512 482 497 
567 515 491 532 
549 500 490 513 
576 541 490 512 
556 523 507 514 
568 529 502 542 
540 528 518 542 
576 494 491 500 
554 535 499 537 
560 512 485 517 
560 525 520 524 
541 511 484 506 
538 540 477 528 
586 517 503 520 
578 510 480 538 
591 529 520 528 
576 542 524 516 
590 498 504 502 
592 527 516 501 
579 498 506 540 
593 523 479 505 
585 538 518 527 
566 504 523 500 
589 509 503 508 
590 520 481 502 
584 503 496 535 
592 537 520 502 
593 494 517 516 
578 535 514 532 
543 531 509 513 
544 542 491 529 
555 514 492 526 
576 508 498 501 
574 531 488 519 
581 535 480 521 
593 514 508 500 
541 536 486 528 
546 513 518 541 
572 498 485 510 
577 497 518 526 
593 541 507 499 
583 506 485 522 
543 499 500 538 
576 495 498 520 
550 536 507 500 
553 524 517 530 
559 505 510 517 
565 535 490 514 
548 498 496 524 
568 533 476 522 
