20 2 20
7 100
1700 112 96 85 77 75 77 85 96 112 130 149 169 187 203 214 222 225 222 214 203 
100000 7500 6464 5669 5170 5000 5170 5669 6464 7499 8705 9999 11294 12499 13535 14330 14829 15000 14829 14330 13535 
1249 1353 1433 1482 1499 1482 1433 
1304 1482 944 926 827 846 667 601 423 516 556 474 663 
1602 1122 1241 958 973 794 569 660 423 442 492 501 593 
1142 1304 1043 800 999 890 634 563 605 507 569 644 560 
1420 1450 1233 1183 889 632 608 593 446 419 506 628 646 
1217 1326 1198 1187 940 631 692 528 537 515 495 635 568 
1110 1092 1268 817 1043 824 621 676 470 558 430 494 767 
1579 1496 1285 1194 759 640 772 633 469 539 575 478 718 
1133 1431 1321 1029 966 669 683 606 507 599 571 599 718 
1441 1437 1334 851 759 699 596 576 522 499 486 549 758 
1518 1397 947 1043 900 702 733 463 606 496 497 621 636 
1379 1385 1116 938 700 605 746 546 528 421 541 612 718 
1389 1309 1035 844 923 895 709 639 448 586 417 603 636 
1189 1107 923 1075 870 878 593 461 498 529 591 646 572 
1614 1027 1086 832 710 653 590 498 599 523 428 483 616 
1499 1190 953 847 819 849 635 475 417 415 595 606 711 
1342 1424 1044 816 865 835 750 509 491 451 421 496 618 
1587 1031 1077 1161 856 665 753 605 428 562 494 633 532 
1423 1005 1133 1137 891 631 597 662 555 448 535 530 701 
1232 1170 1324 842 815 616 538 623 468 468 444 558 612 
1317 1180 1011 838 748 700 665 561 491 590 550 652 698 
1547 1419 905 919 768 648 679 588 615 473 414 658 646 
1162 1229 1146 988 709 628 660 476 572 423 553 612 626 
1465 1270 1066 907 1022 839 769 581 559 444 478 505 551 
1297 1178 1203 960 708 792 686 567 542 559 538 656 612 
1092 1490 1112 848 931 711 734 531 580 579 516 615 694 
1284 1286 1104 871 731 889 769 485 529 516 418 577 749 
1235 1348 1168 1007 838 807 626 607 511 439 592 533 740 
1401 1319 1027 845 878 750 642 606 517 583 453 598 653 
1341 1171 1112 1160 991 814 523 639 494 575 440 635 576 
1560 1419 1167 1190 1043 779 657 631 486 537 471 458 737 
1579 1207 1008 852 703 667 678 454 575 436 574 490 595 
1098 1429 1120 958 853 883 731 588 606 560 552 615 763 
1500 1151 1113 801 1023 640 532 604 502 553 477 498 754 
1230 1068 1279 866 878 610 601 620 590 476 589 602 770 
1145 1434 1011 980 949 606 703 569 419 535 422 617 699 
1192 1198 977 822 888 840 666 671 476 484 473 561 693 
1544 1120 952 1076 719 603 549 674 468 427 618 552 607 
1397 1156 1021 888 944 687 632 595 540 430 488 635 539 
1369 1253 1157 872 778 610 554 589 504 425 507 638 693 
1521 1479 1013 1083 812 889 604 587 553 488 605 477 592 
1192 1306 1281 1067 886 799 767 639 452 426 466 521 679 
1417 1042 1257 1078 873 659 750 565 414 585 483 559 731 
1345 1410 1257 1161 794 628 722 655 555 496 568 660 581 
1136 1251 1035 1129 817 727 694 589 568 453 500 550 709 
1156 1189 1143 1013 819 694 764 578 496 581 577 607 691 
1293 1313 1256 891 745 652 687 520 420 516 419 622 757 
1284 1294 1010 842 856 840 579 461 466 493 560 516 597 
1461 1280 1314 982 815 812 586 663 519 577 492 544 592 
1599 1475 1132 863 1007 654 685 528 467 466 565 567 585 
1279 1335 980 891 840 658 534 591 539 586 589 532 751 
1185 1299 1231 955 845 674 636 646 603 503 468 679 651 
1339 1296 946 816 784 826 640 499 439 435 547 591 626 
1620 1210 1234 973 922 870 614 662 586 525 536 511 617 
1495 1240 1294 942 922 869 772 472 536 499 500 532 569 
1144 1149 1099 843 1005 749 581 561 454 559 465 470 721 
1262 1204 1034 834 874 870 757 500 602 549 441 581 595 
1174 1130 1167 937 968 626 649 479 508 432 561 455 519 
1424 1264 952 957 856 618 686 617 471 587 553 626 729 
1326 1180 960 864 741 699 746 620 435 466 595 545 605 
1338 1156 1073 844 912 601 634 625 415 581 477 496 694 
1164 1113 909 1152 811 635 751 649 466 432 424 554 741 
1564 1114 1201 1027 741 721 707 599 526 489 616 465 577 
1499 1302 1003 838 867 655 559 560 420 545 528 618 676 
1107 1004 1031 1056 864 699 724 555 531 572 614 530 709 
1463 1343 1100 1079 719 893 590 561 486 503 547 652 601 
1124 1279 1030 1188 964 888 648 532 495 407 571 475 716 
1413 1140 1294 940 912 838 601 460 441 471 424 548 741 
1444 1457 1120 1071 857 686 731 679 430 544 534 606 727 
1256 1044 1007 822 894 696 751 673 576 481 533 604 762 
1093 1471 1132 845 1044 882 695 479 437 587 539 636 575 
1400 1070 1145 1093 984 749 538 603 425 523 570 496 742 
1511 1460 907 955 902 779 602 590 551 489 596 624 654 
1489 1384 965 1178 945 745 627 664 565 598 585 468 742 
1159 1095 977 901 813 713 740 602 564 411 472 656 736 
1195 1158 1055 1182 836 792 573 456 479 417 612 577 633 
1293 1120 1064 981 1038 606 587 488 595 450 606 600 589 
1343 1431 1104 1171 713 803 564 662 448 564 586 667 648 
1422 1440 1174 1028 721 730 759 581 422 557 556 672 649 
1253 1211 1147 952 782 626 767 551 465 432 594 486 596 
1571 1210 1263 1135 982 659 677 579 419 533 502 455 634 
1519 1244 1034 1040 775 613 744 660 515 458 430 526 722 
1172 1008 953 1109 972 808 685 602 604 408 441 559 573 
1312 1440 1118 1087 916 686 690 531 567 418 501 627 750 
1596 1041 1127 960 1036 816 652 484 486 547 493 638 654 
1380 1479 1317 886 725 856 752 597 476 549 541 512 632 
1343 1145 1132 904 800 682 668 652 423 560 415 592 691 
1537 1469 1066 1161 859 861 736 540 576 570 498 498 718 
1486 1276 928 848 925 606 773 545 447 509 615 622 608 
1101 1107 1007 944 840 753 569 543 583 509 580 674 622 
1294 1405 1047 960 741 643 678 619 597 427 462 652 564 
1573 1171 984 1142 1005 677 597 564 612 585 450 599 554 
1471 1452 1233 930 734 652 748 679 483 521 566 558 686 
1314 1108 1133 889 727 775 766 521 444 541 441 625 530 
1395 1312 1163 816 836 729 609 674 433 572 518 495 655 
1184 1058 984 939 879 658 602 618 604 462 479 667 539 
1221 1273 917 1104 973 659 622 496 444 448 585 605 581 
1621 1251 1173 952 895 796 538 527 589 498 513 582 574 
1532 1453 1204 1133 775 638 620 577 420 574 573 518 548 
1609 1227 950 1079 802 835 653 458 425 579 530 528 573 
1139 1475 1323 1126 718 892 684 642 602 497 540 517 748 
