50 3 20
26 50
850 112 96 85 77 75 77 85 96 112 130 149 169 187 203 214 222 225 222 214 203 187 169 150 130 112 96 85 77 75 77 85 96 112 130 149 169 187 203 214 222 225 222 214 203 187 169 150 130 112 96 
850 150 129 113 103 100 103 113 129 149 174 199 225 249 270 286 296 300 296 286 270 250 225 200 174 150 129 113 103 100 103 113 129 149 174 199 225 249 270 286 296 300 296 286 270 250 225 200 174 150 129 
100000 7500 6464 5669 5170 5000 5170 5669 6464 7499 8705 9999 11294 12499 13535 14330 14829 15000 14829 14330 13535 12500 11294 10000 8705 7500 6464 5669 5170 5000 5170 5669 6464 7499 8705 9999 11294 12499 13535 14330 14829 15000 14829 14330 13535 12500 11294 10000 8705 7500 6464 
1249 1353 1433 1482 1499 1482 1433 1353 1250 1129 1000 870 750 646 566 517 500 517 566 646 749 870 999 1129 1249 1353 
1458 1524 1520 1474 1483 1397 1291 1076 972 863 752 639 585 502 488 499 579 664 741 872 1049 1097 1210 1324 
1469 1455 1473 1548 1433 1419 1226 1147 973 852 743 670 565 523 517 493 589 643 760 877 989 1084 1299 1327 
1443 1417 1559 1492 1408 1334 1295 1106 994 849 766 626 545 491 508 502 543 670 787 888 988 1094 1294 1322 
1421 1493 1497 1498 1413 1290 1257 1154 1002 859 729 637 579 504 494 508 559 650 778 875 968 1112 1203 1316 
1411 1553 1550 1464 1362 1412 1232 1178 1028 880 734 645 562 528 522 496 548 659 725 851 1036 1146 1233 1333 
1428 1427 1560 1480 1375 1354 1308 1137 959 837 718 624 553 535 478 525 590 646 715 835 1023 1123 1304 1358 
1372 1429 1462 1486 1488 1398 1264 1140 1017 906 758 630 581 520 510 517 558 675 758 842 1002 1138 1304 1339 
1466 1447 1486 1427 1490 1296 1269 1120 1025 900 764 622 562 527 484 527 588 678 753 827 1002 1095 1193 1365 
1381 1432 1428 1468 1454 1325 1198 1120 960 828 771 623 540 495 496 517 579 619 747 912 1003 1159 1228 1369 
1497 1489 1569 1513 1393 1377 1306 1158 994 877 759 655 592 532 520 510 589 677 735 874 1018 1135 1288 1406 
1419 1441 1458 1532 1474 1300 1255 1147 1021 897 775 625 547 535 503 505 549 620 746 875 972 1124 1311 1317 
1489 1474 1542 1493 1489 1303 1258 1074 976 887 740 629 550 512 500 516 593 623 778 834 957 1095 1222 1388 
1408 1518 1463 1501 1465 1322 1205 1109 1039 898 771 633 546 494 509 524 578 618 713 881 977 1180 1207 1295 
1429 1554 1498 1545 1392 1388 1273 1090 1021 877 750 627 548 533 494 507 576 651 757 883 991 1097 1237 1412 
1372 1554 1571 1447 1499 1366 1266 1160 1048 903 772 617 554 500 505 530 551 666 741 869 1027 1101 1311 1313 
1491 1458 1454 1469 1381 1289 1200 1111 1023 841 773 630 578 533 488 504 549 644 763 884 995 1150 1196 1316 
1457 1512 1545 1480 1386 1331 1236 1112 981 892 735 626 551 517 497 526 593 642 771 874 986 1149 1271 1361 
1474 1477 1526 1524 1412 1302 1229 1132 1033 883 741 619 567 513 489 514 570 652 737 865 954 1108 1227 1299 
1372 1517 1556 1546 1409 1396 1263 1077 990 887 720 633 544 538 519 491 566 620 748 912 989 1128 1259 1361 
1398 1519 1493 1478 1423 1375 1284 1085 978 832 772 617 564 516 479 512 575 618 783 909 978 1082 1236 1331 
1415 1503 1448 1521 1487 1292 1235 1077 950 840 752 641 578 509 481 520 585 648 785 861 951 1132 1234 1386 
1376 1497 1568 1449 1493 1317 1285 1131 967 906 725 666 567 503 477 523 559 671 723 853 1015 1166 1300 1372 
1484 1460 1505 1451 1473 1336 1298 1120 982 859 754 659 569 520 483 539 570 656 716 861 980 1164 1205 1339 
1489 1421 1514 1545 1435 1293 1290 1171 1005 897 738 671 539 493 490 501 585 653 782 870 963 1175 1303 1323 
1383 1517 1426 1495 1464 1294 1240 1159 956 913 781 677 539 524 518 498 539 633 787 846 991 1092 1251 1307 
1375 1495 1567 1519 1381 1370 1263 1139 1007 833 786 635 578 539 520 516 559 674 776 911 981 1163 1210 1377 
1411 1453 1539 1428 1383 1416 1265 1155 1009 885 729 639 566 528 524 505 560 659 759 862 1017 1176 1286 1376 
1393 1461 1552 1449 1376 1326 1212 1075 1010 862 763 635 589 503 522 527 580 637 717 847 1005 1160 1199 1296 
1382 1521 1471 1472 1435 1302 1252 1158 956 894 720 621 566 517 500 496 584 631 748 859 1023 1115 1194 1308 
1494 1441 1503 1539 1391 1415 1203 1079 985 866 722 670 571 504 512 519 553 665 751 871 956 1120 1305 1306 
1496 1508 1514 1500 1400 1339 1273 1142 1002 906 738 667 582 493 502 524 566 619 781 831 1016 1142 1229 1306 
1382 1431 1529 1466 1488 1365 1258 1160 1049 867 729 634 569 536 516 534 586 626 714 859 955 1116 1188 1368 
1503 1420 1452 1425 1372 1295 1235 1082 955 882 785 644 566 500 507 538 588 652 731 874 960 1184 1272 1418 
1392 1543 1536 1512 1405 1415 1235 1080 978 908 726 617 571 497 485 498 552 623 744 857 1037 1178 1269 1402 
1432 1427 1469 1441 1492 1358 1270 1135 1038 828 744 666 553 506 513 515 582 628 779 889 987 1165 1227 1352 
1361 1507 1545 1475 1435 1314 1228 1098 1023 842 762 621 563 536 495 510 543 649 764 873 962 1136 1251 1367 
1472 1507 1425 1525 1387 1400 1247 1147 1002 852 758 616 557 540 503 542 561 614 743 897 1012 1182 1285 1374 
1366 1501 1561 1494 1441 1350 1201 1143 1014 828 780 665 546 514 507 515 539 627 717 847 1024 1149 1254 1347 
1410 1544 1472 1524 1482 1337 1294 1173 1041 870 723 645 579 510 492 491 575 624 768 836 1040 1131 1188 1307 
1450 1508 1438 1409 1449 1358 1260 1105 981 856 776 634 594 504 520 540 586 644 725 881 970 1094 1208 1367 
1371 1418 1476 1550 1441 1349 1307 1099 997 832 737 623 555 503 489 516 541 665 730 874 986 1112 1247 1296 
1499 1550 1504 1442 1374 1343 1286 1137 962 895 733 639 577 509 481 522 577 668 724 852 1008 1085 1248 1341 
1402 1541 1480 1477 1474 1286 1222 1163 983 867 744 637 591 502 505 513 539 646 775 854 980 1164 1233 1349 
1403 1490 1525 1549 1472 1293 1208 1155 1018 856 780 671 569 498 488 492 539 653 772 908 1022 1101 1221 1289 
1491 1472 1427 1479 1494 1294 1276 1120 984 900 761 642 573 520 503 516 590 673 728 870 985 1105 1263 1286 
1362 1418 1475 1513 1499 1399 1263 1139 1043 908 752 644 569 540 497 510 587 644 760 909 981 1159 1208 1293 
1444 1485 1478 1527 1424 1362 1274 1108 982 882 743 631 573 536 509 525 550 643 773 890 1008 1171 1199 1365 
1472 1448 1557 1482 1442 1329 1265 1090 978 838 722 623 565 527 481 537 589 626 721 833 956 1167 1288 1302 
1474 1483 1430 1487 1499 1401 1229 1147 955 840 737 675 568 518 516 535 571 668 718 892 1010 1184 1278 1287 
1457 1516 1467 1469 1394 1396 1245 1097 1022 889 717 678 542 516 481 519 572 624 762 827 1030 1102 1303 1361 
