20 3 20
7 50
850 85 96 112 130 149 169 187 203 214 222 225 222 214 203 187 169 150 130 112 96 
850 113 129 149 174 199 225 249 270 286 296 300 296 286 270 250 225 200 174 150 129 
100000 5669 6464 7499 8705 9999 11294 12499 13535 14330 14829 15000 14829 14330 13535 12500 11294 10000 8705 7500 6464 
1433 1353 1250 1129 1000 870 750 
638 504 463 557 534 630 565 638 993 996 1037 1366 1258 
765 679 420 405 547 625 669 857 908 1092 1147 1065 1174 
662 574 555 408 613 531 733 838 761 1183 934 1090 1546 
587 628 472 488 450 654 767 848 768 1120 1149 1047 1359 
607 498 448 467 457 477 612 826 918 1074 1111 1417 1487 
521 531 417 469 584 659 742 753 721 886 1331 1430 1374 
658 456 577 489 504 520 668 767 802 807 1218 1342 1472 
753 464 442 592 613 617 534 877 719 1148 948 1483 1520 
558 536 583 432 546 511 553 673 828 1184 1238 1420 1425 
578 509 418 403 484 467 628 723 928 978 1164 1005 1605 
676 633 480 543 541 469 647 755 1024 1017 1279 1025 1386 
718 604 522 485 544 629 548 618 1001 933 1063 1154 1252 
633 649 589 518 531 585 666 744 903 1097 1094 1368 1121 
707 617 495 451 455 620 670 743 846 952 1242 1259 1329 
723 501 521 569 587 491 540 805 725 816 938 1309 1314 
520 635 535 580 616 473 532 833 911 1186 1050 1281 1495 
607 636 613 574 535 638 636 821 756 1115 1131 1096 1347 
624 459 420 587 544 513 738 683 697 1022 931 1257 1289 
568 613 457 477 599 554 657 786 697 906 1319 1060 1099 
588 590 617 525 451 457 696 757 968 907 913 1321 1125 
665 472 588 468 417 551 653 826 864 1075 1162 1449 1099 
698 633 578 536 547 557 705 852 729 1194 1140 1132 1351 
618 587 600 404 536 531 635 680 767 910 1353 1392 1514 
632 561 596 477 512 570 699 629 1016 900 1353 1329 1132 
683 592 588 439 422 486 623 858 836 1087 1185 1449 1581 
604 460 498 510 592 565 530 632 1033 844 1186 1202 1157 
556 608 459 426 520 558 639 863 1020 1108 1075 1154 1264 
539 460 421 538 536 492 626 809 828 1007 1322 1288 1327 
651 515 513 576 586 533 686 820 842 938 1305 1015 1367 
538 551 500 504 618 655 735 837 958 894 1298 1316 1619 
657 663 505 417 511 476 534 745 767 1150 1203 1267 1505 
598 651 472 519 429 612 581 604 1010 1172 1152 1380 1527 
618 561 447 554 611 648 742 861 901 917 942 1032 1259 
679 669 483 491 563 491 581 851 1021 972 1340 1314 1220 
726 583 474 536 539 632 584 801 991 1165 1354 1091 1604 
553 668 483 555 619 473 535 710 727 1001 1269 1460 1606 
721 594 445 435 548 637 625 714 877 970 930 1305 1380 
681 482 521 569 509 467 710 664 997 953 963 1182 1367 
534 462 582 501 542 563 626 606 868 909 1280 1242 1575 
742 617 448 542 465 482 650 696 841 1119 1152 1189 1518 
729 532 455 463 494 464 679 659 736 953 1044 1209 1430 
556 487 600 591 553 639 562 672 918 852 1249 1288 1248 
569 454 492 526 434 569 750 636 701 1196 1179 1021 1408 
688 647 590 501 615 585 614 835 982 1009 1189 1077 1099 
683 658 589 459 456 643 523 687 810 893 1072 1081 1255 
607 466 449 539 464 567 681 658 757 878 1334 1294 1295 
526 650 569 489 494 625 698 714 825 837 921 1393 1353 
742 589 463 464 445 601 529 611 864 1015 1243 1411 1300 
521 554 583 549 461 511 649 895 897 822 1117 1135 1307 
732 491 514 564 553 639 760 710 999 811 1339 1099 1121 
