50 11 20
26 10
170 112 130 149 169 187 203 214 222 225 222 214 203 187 169 150 130 112 96 85 77 75 77 85 96 112 130 149 169 187 203 214 222 225 222 214 203 187 169 150 130 112 96 85 77 75 77 85 96 112 130 
170 149 174 199 225 249 270 286 296 300 296 286 270 250 225 200 174 150 129 113 103 100 103 113 129 149 174 199 225 249 270 286 296 300 296 286 270 250 225 200 174 150 129 113 103 100 103 113 129 149 174 
170 187 217 249 282 312 338 358 370 375 370 358 338 312 282 250 217 187 161 141 129 125 129 141 161 187 217 249 282 312 338 358 370 375 370 358 338 312 282 250 217 187 161 141 129 125 129 141 161 187 217 
170 224 261 299 338 374 406 429 444 450 444 429 406 375 338 300 261 225 193 170 155 150 155 170 193 224 261 299 338 374 406 429 444 450 444 429 406 375 338 300 261 225 193 170 155 150 155 170 193 224 261 
170 262 304 349 395 437 473 501 519 525 519 501 473 437 395 350 304 262 226 198 180 175 180 198 226 262 304 349 395 437 473 501 519 525 519 501 473 437 395 350 304 262 226 198 180 175 180 198 226 262 304 
170 299 348 399 451 499 541 573 593 600 593 573 541 500 451 400 348 300 258 226 206 200 206 226 258 299 348 399 451 499 541 573 593 600 593 573 541 500 451 400 348 300 258 226 206 200 206 226 258 299 348 
170 337 391 449 508 562 609 644 667 675 667 644 609 562 508 450 391 337 290 255 232 225 232 255 290 337 391 449 508 562 609 644 667 675 667 644 609 562 508 450 391 337 290 255 232 225 232 255 290 337 391 
170 374 435 499 564 624 676 716 741 750 741 716 676 625 564 500 435 375 323 283 258 250 258 283 323 374 435 499 564 624 676 716 741 750 741 716 676 625 564 500 435 375 323 283 258 250 258 283 323 374 435 
170 412 478 549 621 687 744 788 815 825 815 788 744 687 621 550 478 412 355 311 284 275 284 311 355 412 478 549 621 687 744 788 815 825 815 788 744 687 621 550 478 412 355 311 284 275 284 311 355 412 478 
170 449 522 599 677 749 812 859 889 900 889 859 812 750 677 600 522 450 387 340 310 300 310 340 387 449 522 599 677 749 812 859 889 900 889 859 812 750 677 600 522 450 387 340 310 300 310 340 387 449 522 
100000 7499 8705 9999 11294 12499 13535 14330 14829 15000 14829 14330 13535 12500 11294 10000 8705 7500 6464 5669 5170 5000 5170 5669 6464 7499 8705 9999 11294 12499 13535 14330 14829 15000 14829 14330 13535 12500 11294 10000 8705 7500 6464 5669 5170 5000 5170 5669 6464 7499 8705 
1250 1129 1000 870 750 646 566 517 500 517 566 646 749 870 999 1129 1249 1353 1433 1482 1499 1482 1433 1353 1250 1129 
990 849 752 632 579 526 490 503 566 676 752 841 1029 1086 1277 1296 1413 1460 1525 1550 1451 1379 1282 1150 
985 828 740 655 557 536 510 502 595 638 751 851 1013 1140 1228 1386 1500 1509 1482 1431 1450 1312 1192 1157 
1004 902 784 656 579 502 496 523 553 636 765 847 970 1095 1209 1400 1377 1510 1517 1419 1495 1301 1220 1103 
1048 828 765 661 573 540 511 495 570 647 773 876 979 1181 1263 1386 1440 1503 1555 1436 1406 1402 1237 1165 
983 845 743 650 574 539 514 521 592 647 760 847 1001 1182 1291 1371 1419 1424 1526 1442 1437 1297 1247 1096 
1005 883 736 675 542 512 498 522 543 644 723 903 960 1153 1267 1316 1373 1432 1563 1442 1415 1390 1249 1155 
1041 902 751 637 593 529 492 536 562 654 718 842 971 1117 1263 1330 1446 1478 1512 1464 1367 1299 1271 1114 
1000 866 778 645 574 535 523 511 582 647 785 906 997 1080 1261 1327 1389 1449 1539 1523 1479 1322 1197 1175 
1047 882 722 653 566 526 515 541 546 634 743 827 952 1151 1262 1333 1430 1444 1454 1421 1400 1303 1275 1164 
1021 894 756 668 557 517 488 539 548 671 771 859 1034 1079 1201 1381 1473 1434 1431 1410 1456 1386 1287 1081 
