50 6 20
16 10
340 112 130 149 169 187 203 214 222 225 222 214 203 187 169 150 130 112 96 85 77 75 77 85 96 112 130 149 169 187 203 214 222 225 222 214 203 187 169 150 130 112 96 85 77 75 77 85 96 112 130 
340 149 174 199 225 249 270 286 296 300 296 286 270 250 225 200 174 150 129 113 103 100 103 113 129 149 174 199 225 249 270 286 296 300 296 286 270 250 225 200 174 150 129 113 103 100 103 113 129 149 174 
340 187 217 249 282 312 338 358 370 375 370 358 338 312 282 250 217 187 161 141 129 125 129 141 161 187 217 249 282 312 338 358 370 375 370 358 338 312 282 250 217 187 161 141 129 125 129 141 161 187 217 
340 224 261 299 338 374 406 429 444 450 444 429 406 375 338 300 261 225 193 170 155 150 155 170 193 224 261 299 338 374 406 429 444 450 444 429 406 375 338 300 261 225 193 170 155 150 155 170 193 224 261 
340 262 304 349 395 437 473 501 519 525 519 501 473 437 395 350 304 262 226 198 180 175 180 198 226 262 304 349 395 437 473 501 519 525 519 501 473 437 395 350 304 262 226 198 180 175 180 198 226 262 304 
100000 7499 8705 9999 11294 12499 13535 14330 14829 15000 14829 14330 13535 12500 11294 10000 8705 7500 6464 5669 5170 5000 5170 5669 6464 7499 8705 9999 11294 12499 13535 14330 14829 15000 14829 14330 13535 12500 11294 10000 8705 7500 6464 5669 5170 5000 5170 5669 6464 7499 8705 
1250 1129 1000 870 750 646 566 517 500 517 566 646 749 870 999 1129 
1222 1297 1452 1584 1513 1755 1647 1279 1478 996 891 966 609 739 505 434 476 586 479 568 680 827 1080 1121 1141 1454 1621 1513 1696 1471 1220 1457 1487 1002 
1338 1534 1147 1430 1466 1207 1299 1531 1026 963 1076 1031 832 669 574 530 451 455 608 685 884 943 877 1237 1337 1575 1313 1640 1417 1431 1454 1304 1170 1155 
1201 1234 1280 1573 1770 1617 1644 1129 1431 1197 884 849 750 562 624 443 452 512 539 739 870 930 830 925 1042 1109 1502 1762 1711 1511 1450 1402 1119 1251 
1190 1377 1579 1429 1732 1629 1694 1318 1382 1229 1122 994 835 583 469 500 409 518 555 543 874 719 1067 1221 1275 1178 1282 1446 1554 1567 1215 1516 1433 1137 
1010 1412 1528 1302 1488 1508 1435 1614 1280 913 1143 952 679 714 650 555 495 593 549 522 779 980 1056 1043 1300 1137 1266 1422 1650 1195 1444 1539 1339 1027 
1053 1344 1168 1732 1405 1327 1416 1246 1421 1240 836 871 775 751 501 421 433 611 571 565 668 738 978 1252 1210 1358 1677 1645 1204 1342 1293 1395 1225 1186 
1161 1207 1165 1762 1703 1508 1684 1311 1449 1066 1114 745 742 745 469 592 435 484 563 730 862 1013 1040 1171 1267 1166 1630 1771 1726 1720 1310 1413 1061 1291 
1088 1154 1467 1668 1617 1704 1214 1503 1454 1280 1076 1010 715 705 544 523 487 436 583 567 740 780 1025 1335 1193 1456 1290 1693 1527 1420 1330 1572 1108 968 
1059 1298 1149 1286 1372 1723 1280 1570 1433 1269 1087 863 638 699 668 441 565 521 474 519 626 938 1134 1140 1345 1225 1434 1721 1736 1300 1397 1566 1300 1266 
1052 1273 1161 1556 1728 1612 1494 1375 1008 916 951 888 818 650 570 620 575 500 518 673 670 732 838 979 1388 1097 1669 1340 1784 1626 1536 1488 1287 1098 
