50 6 20
36 50
340 96 85 77 75 77 85 96 112 130 149 169 187 203 214 222 225 222 214 203 187 169 150 130 112 96 85 77 75 77 85 96 112 130 149 169 187 203 214 222 225 222 214 203 187 169 150 130 112 96 85 
340 129 113 103 100 103 113 129 149 174 199 225 249 270 286 296 300 296 286 270 250 225 200 174 150 129 113 103 100 103 113 129 149 174 199 225 249 270 286 296 300 296 286 270 250 225 200 174 150 129 113 
340 161 141 129 125 129 141 161 187 217 249 282 312 338 358 370 375 370 358 338 312 282 250 217 187 161 141 129 125 129 141 161 187 217 249 282 312 338 358 370 375 370 358 338 312 282 250 217 187 161 141 
340 193 170 155 150 155 170 193 224 261 299 338 374 406 429 444 450 444 429 406 375 338 300 261 225 193 170 155 150 155 170 193 224 261 299 338 374 406 429 444 450 444 429 406 375 338 300 261 225 193 170 
340 226 198 180 175 180 198 226 262 304 349 395 437 473 501 519 525 519 501 473 437 395 350 304 262 226 198 180 175 180 198 226 262 304 349 395 437 473 501 519 525 519 501 473 437 395 350 304 262 226 198 
100000 6464 5669 5170 5000 5170 5669 6464 7499 8705 9999 11294 12499 13535 14330 14829 15000 14829 14330 13535 12500 11294 10000 8705 7500 6464 5669 5170 5000 5170 5669 6464 7499 8705 9999 11294 12499 13535 14330 14829 15000 14829 14330 13535 12500 11294 10000 8705 7500 6464 5669 
1353 1433 1482 1499 1482 1433 1353 1250 1129 1000 870 750 646 566 517 500 517 566 646 749 870 999 1129 1249 1353 1433 1482 1499 1482 1433 1353 1250 1129 1000 870 750 
790 587 571 243 731 730 457 398 1223 1370 1614 534 1347 2209 
350 251 499 657 280 786 643 567 780 443 660 1478 1666 910 
740 634 343 347 427 506 850 881 546 919 760 1009 1869 1477 
818 521 279 770 373 867 492 1023 1266 920 929 1378 894 2161 
808 231 552 719 631 647 468 810 950 834 1200 1849 2052 1660 
722 643 795 770 811 319 636 1052 733 607 1297 1956 1297 2225 
467 403 302 515 686 818 867 999 366 1403 1409 1683 2068 1190 
862 302 816 405 275 535 575 571 1094 1104 1781 838 1045 1960 
996 547 826 675 723 437 268 504 1337 630 819 500 812 1189 
1005 463 754 707 740 755 727 778 974 523 748 897 1566 1372 
508 709 255 585 603 897 410 781 1369 1226 1368 693 1632 1254 
649 783 223 353 562 500 787 963 1194 1136 995 715 2156 1474 
447 903 213 597 561 802 839 476 1280 1193 941 518 2126 1127 
352 262 353 422 556 728 903 816 515 1392 1075 1118 917 1528 
506 284 404 438 326 305 826 567 493 590 1120 1554 1762 765 
569 409 484 262 465 592 855 726 480 977 671 978 1260 945 
402 718 407 652 609 386 794 409 993 1263 813 1547 1803 821 
708 306 273 454 707 612 534 1106 1109 1411 787 1297 1292 2277 
989 548 351 730 621 898 941 825 373 926 883 1722 2027 1206 
787 511 566 359 433 301 796 435 1050 864 460 1292 1049 2199 
636 798 475 456 479 895 598 1076 935 1591 841 1450 1231 1454 
652 440 408 254 601 382 1023 1159 663 488 562 969 1643 1313 
297 771 529 525 300 339 644 454 623 1318 529 1854 1132 2289 
665 711 313 343 614 344 981 649 749 541 1507 1422 2065 777 
797 501 271 568 504 555 876 341 1126 1286 1405 1730 1143 1787 
401 548 464 635 310 804 981 634 618 1201 1348 838 1797 1078 
325 644 774 243 700 486 892 370 1010 771 1375 1388 1543 1024 
799 357 243 595 209 744 959 635 746 748 1418 1448 1998 1933 
480 254 358 309 441 424 1005 736 860 1209 838 764 856 2272 
883 248 802 744 651 445 1011 703 1185 1210 1612 1400 2051 1436 
933 710 363 352 468 728 903 685 837 1542 1690 1431 1728 884 
696 556 321 315 763 865 889 581 967 955 575 1797 2082 2020 
371 594 310 300 268 407 334 738 896 1228 675 1845 1378 2079 
791 543 400 360 398 768 1014 810 1158 1118 527 1379 1762 730 
841 682 774 562 510 766 291 472 809 1508 858 1459 2002 1849 
620 683 219 383 392 718 934 989 1146 549 827 1583 1117 611 
578 434 338 739 594 628 461 322 816 912 584 1541 997 1061 
894 620 636 322 549 261 901 709 1244 1378 1659 1973 1788 1776 
373 390 605 762 486 578 714 1015 1108 792 1328 1830 1230 2259 
623 238 421 745 648 834 950 1069 1217 1069 627 1261 1463 2095 
800 694 675 783 819 682 831 1009 956 1279 566 1864 1228 1511 
893 696 620 476 759 715 808 601 477 1462 901 1917 1043 2173 
612 644 656 674 493 311 842 849 913 1035 1589 1612 645 2187 
649 629 463 728 591 673 465 608 1062 1093 1517 594 1026 1574 
795 356 567 276 632 833 815 401 552 400 967 1253 1993 1100 
439 689 823 550 355 504 840 1144 1381 1265 669 1355 1783 1590 
519 611 561 635 511 757 910 590 388 920 497 722 1768 1423 
921 739 504 473 395 366 503 832 641 574 1566 935 2096 1506 
355 605 607 784 493 418 546 998 447 839 1631 1871 668 1078 
451 847 730 353 816 696 313 663 898 1167 1559 1025 878 1961 
