20 6 20
15 50
340 96 112 130 149 169 187 203 214 222 225 222 214 203 187 169 150 130 112 96 85 
340 129 149 174 199 225 249 270 286 296 300 296 286 270 250 225 200 174 150 129 113 
340 161 187 217 249 282 312 338 358 370 375 370 358 338 312 282 250 217 187 161 141 
340 193 224 261 299 338 374 406 429 444 450 444 429 406 375 338 300 261 225 193 170 
340 226 262 304 349 395 437 473 501 519 525 519 501 473 437 395 350 304 262 226 198 
100000 6464 7499 8705 9999 11294 12499 13535 14330 14829 15000 14829 14330 13535 12500 11294 10000 8705 7500 6464 5669 
1353 1250 1129 1000 870 750 646 566 517 500 517 566 646 749 870 
1049 1128 1191 1329 1391 
972 1157 1211 1307 1484 
1039 1182 1310 1343 1443 
980 1127 1285 1420 1456 
977 1122 1294 1387 1426 
962 1136 1206 1344 1430 
1043 1127 1248 1411 1453 
1016 1151 1196 1379 1452 
1028 1153 1229 1306 1435 
1041 1160 1304 1309 1366 
1041 1171 1288 1318 1455 
997 1156 1250 1403 1412 
953 1124 1264 1403 1416 
967 1159 1280 1313 1397 
1002 1160 1218 1322 1365 
1000 1153 1309 1363 1478 
1049 1107 1258 1356 1376 
1000 1166 1289 1419 1446 
977 1136 1266 1335 1459 
999 1108 1201 1347 1377 
1026 1113 1213 1350 1465 
1024 1077 1262 1360 1421 
980 1151 1240 1408 1468 
1046 1166 1312 1396 1385 
1022 1134 1198 1375 1407 
1019 1125 1207 1367 1431 
975 1179 1271 1330 1457 
1018 1084 1215 1406 1451 
973 1116 1220 1344 1455 
951 1154 1209 1400 1480 
954 1078 1214 1333 1367 
963 1119 1218 1317 1470 
981 1172 1206 1418 1418 
994 1165 1242 1286 1452 
1007 1115 1210 1337 1465 
1046 1141 1264 1315 1461 
977 1124 1299 1290 1420 
1035 1115 1194 1344 1389 
975 1106 1214 1384 1449 
1008 1147 1230 1356 1489 
1024 1154 1255 1313 1364 
973 1176 1230 1407 1444 
994 1149 1239 1377 1464 
1032 1074 1281 1391 1374 
962 1079 1280 1401 1477 
978 1139 1272 1337 1502 
1012 1104 1233 1300 1466 
957 1143 1204 1293 1459 
1040 1139 1196 1400 1477 
1012 1169 1212 1343 1440 
