20 6 20
11 100
340 77 85 96 112 130 149 169 187 203 214 222 225 222 214 203 187 169 150 130 112 
340 103 113 129 149 174 199 225 249 270 286 296 300 296 286 270 250 225 200 174 150 
340 129 141 161 187 217 249 282 312 338 358 370 375 370 358 338 312 282 250 217 187 
340 155 170 193 224 261 299 338 374 406 429 444 450 444 429 406 375 338 300 261 225 
340 180 198 226 262 304 349 395 437 473 501 519 525 519 501 473 437 395 350 304 262 
100000 5170 5669 6464 7499 8705 9999 11294 12499 13535 14330 14829 15000 14829 14330 13535 12500 11294 10000 8705 7500 
1482 1433 1353 1250 1129 1000 870 750 646 566 517 
459 455 465 695 620 1040 1128 1251 1197 
437 427 536 521 839 927 1101 1352 1259 
468 559 569 713 772 810 920 1202 1139 
436 436 494 668 750 1034 1034 951 1321 
532 504 664 661 668 857 1137 1107 1410 
464 606 540 730 815 738 805 1116 1405 
552 455 661 636 860 939 810 981 1036 
528 575 523 752 625 904 986 1139 1113 
486 526 542 684 608 843 859 988 1047 
543 438 624 729 800 919 1080 1152 1256 
552 432 663 614 739 858 956 962 1452 
484 496 506 745 799 734 1167 912 1380 
595 585 644 601 622 854 912 1299 1225 
480 565 456 621 891 787 884 1354 1475 
404 603 607 560 754 749 929 1233 1384 
470 529 544 522 806 946 854 909 1275 
451 458 567 627 891 1022 812 1313 1447 
465 544 455 559 871 864 1024 1238 1438 
424 594 529 724 721 822 924 972 1319 
484 419 626 549 662 815 1052 1196 1273 
541 420 679 713 797 842 847 1136 1026 
417 422 574 749 615 725 906 958 1067 
497 488 479 695 629 714 959 1348 1058 
448 468 604 663 741 944 918 1152 1266 
511 502 661 742 606 762 951 1162 1342 
567 562 480 541 676 759 1045 1326 1432 
518 569 463 754 718 760 866 1191 1027 
505 568 494 542 836 925 1151 997 1149 
427 568 596 520 856 946 929 1037 1189 
507 436 674 764 861 793 1119 1307 1257 
565 447 546 568 869 744 920 1345 1249 
535 467 599 551 635 764 860 1083 1388 
476 522 488 718 844 765 952 1303 1290 
451 472 580 671 775 962 1162 1165 1178 
567 582 584 731 627 1024 1150 1323 1402 
548 557 592 715 716 856 973 1102 1310 
594 475 580 620 729 1009 1081 1124 1259 
554 416 618 641 736 900 869 1127 1357 
536 604 506 593 691 934 1149 997 1138 
591 516 671 616 893 740 1095 1214 1073 
469 419 591 555 824 893 1141 1143 1062 
436 584 660 697 738 882 1022 1031 1321 
535 524 606 735 883 762 849 1337 1074 
421 471 515 586 708 831 886 913 1092 
418 475 461 731 827 896 884 1277 1274 
547 495 537 568 664 1026 800 1244 1140 
451 493 496 684 860 816 862 1122 1138 
572 585 540 764 701 722 859 1253 1356 
566 414 534 726 636 717 990 1120 1180 
520 434 649 648 634 752 977 1246 1281 
530 440 496 728 647 722 870 1256 1188 
488 606 485 713 863 708 877 1290 1422 
443 575 556 673 713 950 836 906 1014 
558 429 646 548 781 894 1198 1147 1271 
565 414 484 521 668 846 1054 963 1072 
521 464 500 585 603 818 843 1116 1025 
415 594 644 623 643 903 1158 1212 1389 
400 550 581 537 837 927 902 1196 1020 
483 481 648 734 765 967 1037 1107 1054 
495 570 471 555 816 870 1063 1016 1069 
478 549 675 678 737 816 1177 1155 1202 
504 520 460 740 641 982 897 906 1406 
415 592 544 693 864 873 956 1168 1285 
422 601 463 562 708 706 1180 970 1467 
419 526 541 720 848 888 1082 958 1075 
589 473 543 566 734 793 1172 1005 1494 
410 510 663 610 686 805 1115 1054 1225 
466 420 520 698 745 995 1152 1332 1075 
476 522 458 753 631 852 1053 942 1126 
596 452 599 732 844 711 1122 1242 1490 
465 414 642 564 861 836 840 1063 1202 
546 438 670 656 797 981 1181 1228 1194 
507 611 598 701 823 871 921 1014 1107 
588 468 469 769 858 757 987 1340 1289 
442 417 600 680 746 947 994 1233 1023 
480 538 491 652 636 859 856 929 1383 
588 607 587 670 773 869 833 1309 1216 
453 578 583 600 859 767 1087 1268 1238 
530 433 628 646 697 892 1172 1065 1312 
455 444 456 675 850 988 821 1125 1061 
470 610 643 524 800 804 1044 1256 1130 
544 528 484 628 625 722 840 905 1451 
438 502 612 659 808 910 819 1319 1496 
519 443 560 751 861 757 846 1280 1142 
589 607 572 557 705 756 1176 1354 1045 
497 493 581 633 879 853 948 1149 1310 
571 516 645 664 857 983 917 1195 1104 
493 603 488 608 777 784 1176 1310 1171 
478 535 454 548 622 895 1081 1315 1286 
582 589 648 725 685 945 1146 1104 1495 
566 493 551 744 672 743 1064 1157 1316 
592 474 672 664 777 834 1071 1064 1212 
478 425 589 559 621 878 850 1108 1272 
419 483 514 768 773 877 896 1095 1160 
463 555 614 565 867 873 995 1123 1421 
548 536 567 666 873 965 1005 955 1464 
571 574 675 727 763 861 905 1283 1380 
410 512 554 740 887 772 1013 1163 1110 
461 502 676 733 745 776 971 1111 1110 
536 549 533 716 726 715 814 932 1342 
