20 3 20
15 10
850 96 112 130 149 169 187 203 214 222 225 222 214 203 187 169 150 130 112 96 85 
850 129 149 174 199 225 249 270 286 296 300 296 286 270 250 225 200 174 150 129 113 
100000 6464 7499 8705 9999 11294 12499 13535 14330 14829 15000 14829 14330 13535 12500 11294 10000 8705 7500 6464 5669 
1353 1250 1129 1000 870 750 646 566 517 500 517 566 646 749 870 
803 1737 1088 1321 1730 
501 860 1305 2092 1388 
1180 802 1248 1594 2124 
1119 1716 1637 2156 695 
674 1616 1040 661 1603 
1096 1537 1463 739 1672 
1373 1598 1128 828 1350 
1065 775 1070 1119 1917 
750 939 1959 1090 870 
1303 1311 504 1709 602 
