5 3 20
3 100
850 150 130 112 96 85 
850 200 174 150 129 113 
100000 10000 8705 7500 6464 5669 
1000 1129 1249 
1206 1688 
1418 1404 
1564 1610 
1488 1186 
1319 1495 
1091 1329 
1335 1403 
1581 1552 
1549 1682 
1279 1651 
1183 1368 
1564 1270 
1497 1680 
1225 1423 
1403 1272 
1188 1172 
1395 1707 
1390 1470 
1260 1214 
1620 1540 
1606 1493 
1118 1524 
1160 1615 
1163 1356 
1515 1512 
1090 1577 
1507 1685 
1204 1196 
1596 1570 
1384 1171 
1488 1556 
1266 1191 
1090 1316 
1097 1178 
1586 1188 
1563 1489 
1555 1551 
1137 1225 
1150 1205 
1167 1213 
1162 1161 
1545 1336 
1310 1662 
1514 1646 
1362 1148 
1445 1502 
1328 1591 
1183 1609 
1586 1416 
1102 1462 
1384 1631 
1438 1652 
1442 1223 
1199 1274 
1494 1147 
1406 1577 
1236 1556 
1506 1532 
1452 1285 
1319 1618 
1334 1424 
1110 1493 
1239 1373 
1354 1545 
1455 1240 
1273 1447 
1371 1265 
1485 1699 
1526 1259 
1201 1276 
1554 1607 
1268 1379 
1384 1383 
1310 1531 
1425 1449 
1189 1455 
1491 1172 
1556 1277 
1249 1241 
1226 1461 
1418 1222 
1329 1315 
1437 1445 
1520 1496 
1510 1321 
1434 1318 
1484 1374 
1346 1466 
1236 1678 
1137 1185 
1518 1674 
1271 1693 
1256 1511 
1100 1470 
1099 1299 
1449 1443 
1095 1278 
1375 1161 
1184 1573 
1477 1680 
