50 2 20
16 50
1700 77 75 77 85 96 112 130 149 169 187 203 214 222 225 222 214 203 187 169 150 130 112 96 85 77 75 77 85 96 112 130 149 169 187 203 214 222 225 222 214 203 187 169 150 130 112 96 85 77 75 
100000 5170 5000 5170 5669 6464 7499 8705 9999 11294 12499 13535 14330 14829 15000 14829 14330 13535 12500 11294 10000 8705 7500 6464 5669 5170 5000 5170 5669 6464 7499 8705 9999 11294 12499 13535 14330 14829 15000 14829 14330 13535 12500 11294 10000 8705 7500 6464 5669 5170 5000 
1482 1499 1482 1433 1353 1250 1129 1000 870 750 646 566 517 500 517 566 
636 719 901 1039 1118 1269 1312 1420 1472 1477 1467 1388 1339 1233 1088 1033 908 782 672 545 529 502 540 550 656 716 844 1027 1115 1297 1312 1504 1424 1502 
660 746 912 1008 1103 1291 1368 1451 1522 1492 1491 1492 1397 1257 1096 988 907 738 659 544 539 509 514 547 619 753 905 1016 1087 1196 1296 1450 1483 1461 
652 723 863 965 1133 1211 1379 1476 1430 1434 1419 1426 1342 1278 1089 992 892 746 634 563 529 508 492 553 623 757 904 1038 1089 1252 1370 1489 1431 1464 
650 744 904 1024 1162 1204 1321 1393 1470 1525 1528 1504 1311 1220 1178 972 827 754 619 579 510 506 532 552 646 723 906 969 1176 1262 1397 1395 1496 1537 
619 776 842 1040 1102 1206 1332 1431 1458 1437 1427 1411 1353 1234 1171 970 888 734 677 589 533 501 539 576 658 745 888 965 1182 1275 1330 1409 1440 1560 
639 727 885 1044 1109 1221 1376 1463 1485 1541 1549 1392 1387 1265 1142 968 837 782 638 580 497 493 516 590 664 783 844 1014 1140 1248 1302 1380 1477 1523 
631 714 895 995 1094 1246 1338 1394 1551 1484 1471 1386 1351 1197 1137 969 900 747 614 552 495 481 510 591 633 740 843 1011 1115 1266 1407 1439 1417 1454 
622 757 829 1027 1098 1310 1350 1491 1509 1470 1519 1429 1360 1278 1164 1017 867 741 674 561 503 511 507 570 669 727 847 981 1148 1275 1317 1443 1516 1476 
614 778 912 1040 1142 1198 1318 1440 1486 1532 1524 1388 1300 1269 1112 1047 846 782 650 565 516 485 506 585 659 785 844 1007 1097 1266 1409 1420 1506 1561 
620 747 892 1011 1164 1255 1376 1361 1469 1545 1521 1369 1351 1224 1171 1024 828 782 632 578 503 483 516 550 640 727 885 968 1073 1267 1321 1475 1478 1533 
642 751 834 951 1158 1233 1298 1419 1412 1554 1507 1465 1352 1277 1153 995 860 764 634 540 492 499 525 550 642 741 850 1045 1164 1231 1347 1408 1480 1451 
658 770 834 1019 1178 1241 1337 1418 1503 1535 1474 1443 1320 1188 1150 974 840 730 642 544 532 515 522 580 675 739 913 970 1173 1253 1407 1402 1442 1536 
655 765 871 1038 1131 1231 1306 1487 1523 1553 1516 1379 1330 1279 1113 1028 882 728 622 585 517 480 505 593 629 774 834 965 1175 1301 1326 1494 1433 1569 
670 741 857 1022 1173 1290 1323 1501 1505 1566 1503 1490 1352 1275 1092 1029 866 763 653 575 512 524 526 571 666 761 911 994 1123 1241 1300 1488 1485 1446 
678 778 872 981 1123 1210 1292 1387 1435 1546 1423 1383 1335 1272 1185 986 887 780 647 579 500 504 507 540 662 760 843 995 1144 1278 1346 1498 1528 1505 
658 726 870 1007 1115 1210 1384 1487 1507 1480 1445 1442 1351 1245 1151 1027 888 753 636 589 505 522 497 571 614 732 880 1009 1084 1214 1334 1465 1555 1483 
639 718 879 1035 1104 1295 1376 1461 1489 1568 1423 1389 1395 1244 1081 1044 864 738 672 571 502 510 510 553 656 744 863 1041 1122 1294 1420 1497 1520 1495 
621 765 832 1037 1135 1256 1384 1393 1484 1473 1469 1435 1376 1250 1127 1014 900 767 637 582 527 521 495 595 663 760 830 1014 1101 1310 1418 1415 1528 1553 
645 738 890 997 1183 1259 1397 1395 1427 1556 1487 1488 1315 1229 1095 1034 832 781 638 585 539 522 491 569 639 726 851 1022 1090 1220 1290 1502 1443 1437 
650 717 843 956 1145 1300 1392 1471 1504 1555 1424 1478 1361 1298 1086 1009 893 758 677 581 516 496 539 589 648 748 835 994 1141 1236 1306 1392 1469 1431 
677 756 829 1039 1122 1288 1418 1405 1454 1470 1554 1426 1352 1263 1096 954 886 767 676 574 507 502 516 575 636 718 898 1047 1112 1214 1364 1392 1512 1557 
647 739 858 1041 1124 1205 1382 1487 1554 1533 1466 1378 1420 1310 1099 955 892 721 643 553 519 511 498 546 641 727 837 1041 1114 1246 1338 1437 1420 1435 
616 741 913 993 1179 1246 1360 1430 1443 1516 1468 1414 1362 1276 1134 993 862 747 619 557 514 500 524 546 614 747 828 1031 1166 1308 1314 1412 1433 1551 
643 736 855 1032 1090 1199 1374 1493 1506 1462 1452 1440 1361 1279 1131 1047 868 721 676 585 500 498 529 561 662 736 871 995 1167 1208 1379 1398 1507 1430 
672 755 890 1003 1130 1217 1417 1467 1525 1466 1477 1469 1327 1304 1076 1039 836 761 626 564 506 502 530 548 655 721 859 953 1157 1305 1346 1491 1473 1445 
655 738 903 958 1132 1197 1300 1422 1468 1548 1488 1479 1292 1253 1183 985 853 784 669 545 501 506 499 589 657 719 888 1005 1137 1231 1342 1481 1526 1527 
617 736 866 1008 1077 1233 1417 1484 1435 1496 1524 1502 1344 1205 1143 989 899 760 626 544 527 506 496 541 623 720 895 1039 1078 1286 1353 1405 1488 1451 
670 762 836 983 1102 1236 1343 1370 1478 1473 1414 1373 1383 1292 1166 952 901 787 656 590 514 487 535 591 666 722 849 950 1136 1255 1295 1389 1534 1551 
647 742 897 1003 1150 1200 1326 1461 1419 1436 1503 1492 1381 1246 1099 1040 834 733 615 571 537 510 507 582 658 733 850 982 1141 1222 1346 1461 1444 1494 
655 786 878 995 1123 1233 1358 1486 1537 1553 1483 1442 1336 1244 1164 954 873 753 643 566 540 506 526 555 636 726 854 1017 1150 1305 1410 1402 1441 1432 
678 737 830 1017 1090 1194 1340 1430 1485 1457 1449 1418 1334 1236 1099 974 828 761 635 570 508 503 542 552 650 784 875 985 1180 1246 1355 1451 1549 1465 
626 716 857 957 1148 1214 1317 1460 1542 1510 1551 1410 1393 1234 1101 1041 833 755 642 564 538 485 541 543 678 774 865 995 1179 1212 1388 1385 1551 1429 
633 726 878 956 1114 1261 1313 1489 1496 1537 1463 1392 1294 1228 1153 1023 871 724 630 561 511 490 540 557 626 752 860 1034 1175 1220 1341 1395 1537 1506 
649 760 901 1036 1082 1237 1410 1409 1495 1522 1491 1406 1390 1215 1161 1021 880 766 666 553 506 521 530 585 627 730 839 963 1132 1235 1373 1374 1467 1444 
669 772 863 970 1112 1267 1358 1382 1419 1517 1521 1404 1314 1189 1082 1015 873 780 672 584 511 490 503 576 639 765 854 979 1181 1268 1346 1409 1517 1429 
618 750 913 957 1160 1284 1306 1409 1428 1474 1479 1476 1315 1224 1076 1003 878 726 618 584 530 523 533 552 659 777 899 1036 1127 1267 1296 1437 1531 1520 
659 777 857 969 1137 1301 1330 1470 1550 1520 1414 1408 1420 1287 1093 995 870 786 650 574 532 493 522 544 614 730 894 953 1153 1266 1352 1499 1410 1441 
662 761 855 961 1156 1205 1389 1497 1414 1429 1461 1463 1343 1192 1082 983 901 763 673 539 539 480 541 544 616 718 883 1049 1165 1312 1314 1465 1545 1425 
653 719 891 961 1156 1311 1309 1399 1444 1514 1419 1430 1415 1214 1112 1025 829 749 646 541 538 508 515 591 622 759 872 981 1105 1248 1331 1460 1536 1469 
657 743 863 1038 1171 1251 1287 1380 1529 1486 1554 1478 1315 1201 1089 994 842 728 660 592 528 494 524 589 632 757 910 950 1172 1280 1382 1440 1532 1552 
618 755 830 1031 1100 1231 1330 1441 1514 1452 1422 1444 1357 1294 1153 1047 829 773 675 582 535 498 531 574 656 768 907 1028 1078 1189 1354 1414 1510 1552 
616 775 890 1012 1103 1280 1347 1387 1421 1511 1503 1369 1407 1289 1092 1047 890 716 658 562 523 488 517 538 635 716 908 968 1179 1309 1415 1412 1511 1547 
645 761 847 1038 1096 1256 1391 1378 1436 1533 1474 1401 1318 1187 1089 1025 847 720 641 565 511 521 510 558 657 780 856 1027 1109 1259 1328 1446 1517 1500 
667 785 888 1034 1096 1291 1294 1485 1417 1429 1556 1404 1385 1191 1169 978 891 734 673 567 536 479 532 560 672 786 906 1033 1149 1263 1411 1442 1492 1444 
639 749 905 1042 1120 1293 1340 1479 1548 1442 1483 1447 1300 1312 1085 1038 859 756 618 554 492 481 530 588 651 734 829 1038 1156 1262 1419 1438 1471 1534 
667 725 878 988 1086 1249 1326 1438 1544 1543 1522 1458 1289 1248 1159 1033 884 751 635 539 492 518 538 593 617 715 832 1018 1138 1248 1379 1457 1474 1425 
623 750 896 1048 1073 1250 1411 1436 1531 1437 1552 1425 1403 1283 1167 1048 904 734 667 563 502 511 540 554 677 730 896 986 1162 1219 1376 1415 1536 1518 
615 736 889 1029 1179 1225 1354 1406 1464 1451 1427 1469 1322 1247 1083 999 843 722 646 553 510 496 534 542 617 760 832 976 1174 1299 1388 1427 1459 1519 
667 714 901 974 1100 1289 1374 1391 1515 1426 1419 1415 1361 1255 1089 1016 870 721 641 589 500 488 530 589 647 737 912 1022 1079 1200 1320 1380 1466 1525 
614 715 886 988 1093 1207 1360 1444 1533 1521 1425 1460 1380 1285 1148 1019 887 761 663 555 504 514 539 591 630 759 844 1046 1100 1205 1320 1366 1440 1571 
