50 3 20
36 50
850 85 96 112 130 149 169 187 203 214 222 225 222 214 203 187 169 150 130 112 96 85 77 75 77 85 96 112 130 149 169 187 203 214 222 225 222 214 203 187 169 150 130 112 96 85 77 75 77 85 96 
850 113 129 149 174 199 225 249 270 286 296 300 296 286 270 250 225 200 174 150 129 113 103 100 103 113 129 149 174 199 225 249 270 286 296 300 296 286 270 250 225 200 174 150 129 113 103 100 103 113 129 
100000 5669 6464 7499 8705 9999 11294 12499 13535 14330 14829 15000 14829 14330 13535 12500 11294 10000 8705 7500 6464 5669 5170 5000 5170 5669 6464 7499 8705 9999 11294 12499 13535 14330 14829 15000 14829 14330 13535 12500 11294 10000 8705 7500 6464 5669 5170 5000 5170 5669 6464 
1433 1353 1250 1129 1000 870 750 646 566 517 500 517 566 646 749 870 999 1129 1249 1353 1433 1482 1499 1482 1433 1353 1250 1129 1000 870 750 646 566 517 500 517 
374 273 513 508 1464 693 1255 1197 824 2167 1307 1193 1731 2045 
618 519 871 734 1191 1338 1310 1135 1687 1323 862 2050 1963 1129 
903 368 556 812 1227 1547 952 1395 1418 2260 1153 1235 1153 1524 
834 418 1088 481 1405 532 1409 559 768 618 1889 2028 939 1616 
719 704 857 398 995 709 1674 752 1883 925 1376 951 1761 1178 
618 467 885 386 440 1592 1578 1481 2017 757 714 2299 1188 1966 
745 641 718 943 616 649 1452 839 1382 1239 1088 1926 1128 925 
315 581 775 524 619 792 1200 1814 1859 936 799 1133 1024 772 
655 329 754 1029 646 1265 1457 833 800 1362 2216 1279 1968 1728 
424 592 957 1009 547 1469 519 2139 1817 1079 1747 675 896 1434 
859 583 754 1144 878 1647 1835 687 1501 1289 1837 1268 1713 2053 
683 737 643 826 518 656 1719 1591 1175 821 823 1752 1452 779 
553 736 954 918 424 633 1527 1108 2174 1298 712 1102 965 906 
420 957 594 1112 923 704 515 1842 1730 1885 2157 840 2247 1867 
778 318 820 895 1341 1644 1932 803 917 1937 1751 845 1014 1019 
766 786 933 927 1385 887 721 1380 2107 1912 1497 792 1792 1872 
670 699 635 792 1586 804 1512 2009 1958 2049 1826 1868 1006 1645 
855 432 1087 1214 486 527 1051 2047 1274 698 1704 1596 2221 990 
644 907 860 1325 886 1784 717 2021 1507 1117 1088 1710 1036 549 
862 940 1135 766 1374 1162 1628 1919 754 1552 1661 2342 2074 1155 
693 836 994 483 513 1144 1319 1231 1997 645 795 1610 1140 1138 
604 941 632 983 1552 1340 1926 1355 1084 2039 1185 2005 1125 1516 
708 611 988 750 1351 1159 1533 2136 1682 1964 1199 1446 729 2076 
430 296 453 1141 919 1390 1654 1172 960 1309 618 1772 729 1687 
566 801 626 403 437 686 1022 593 2002 2295 1113 2121 2190 1094 
603 364 1049 934 1565 899 1785 1915 1486 2257 1681 1841 1283 1864 
747 769 861 1038 1178 715 644 633 2008 696 1697 793 861 1675 
467 358 861 390 997 827 743 1034 1602 1917 870 762 906 1070 
542 643 684 1323 1411 932 566 2133 1631 1485 1685 792 1197 743 
398 464 872 1387 1488 1137 961 1816 873 1706 1780 933 2074 2108 
757 312 736 791 911 879 1085 775 2017 1860 997 2036 1794 1250 
352 308 1047 852 1239 1770 1311 1652 876 672 1629 1628 1107 1758 
471 908 934 357 931 1026 778 1572 621 1120 1754 903 1126 1817 
730 369 942 775 835 592 1127 1084 730 1591 1776 949 1625 778 
884 670 617 412 1345 1062 837 929 1959 2211 2035 957 1045 813 
730 332 1040 1103 1489 1550 1812 1229 2077 1950 1101 2331 1071 864 
373 700 1093 927 413 1576 1196 1866 2161 2067 2006 1231 1442 1141 
593 434 877 613 958 891 1766 1785 1859 1465 2239 729 1740 2032 
588 879 1084 1289 1523 1014 1810 1120 902 1954 1554 793 949 1137 
866 581 431 1121 818 1312 609 1310 1972 1697 2145 1040 578 1683 
232 692 1156 1173 716 844 704 1391 2282 2282 1849 2344 2229 1710 
330 953 834 404 986 1543 948 629 2093 966 2366 1193 573 681 
435 729 421 1199 1385 1343 633 2072 1493 631 777 1959 635 2135 
681 423 976 526 1182 1740 1158 1305 1314 1058 1512 1367 1467 1471 
396 996 713 525 1114 936 986 596 1390 1927 1868 1098 1210 1627 
563 396 460 1302 806 668 1923 1657 690 2211 1700 2004 2275 1945 
418 337 616 547 670 468 1767 1613 753 806 1446 1328 1537 1853 
655 310 988 1388 1334 646 510 1745 1379 1110 2252 2255 848 940 
525 871 847 387 519 948 789 1149 1829 2044 649 1827 882 1521 
356 916 426 764 1502 1650 1524 1941 782 2187 1631 689 641 1206 
