10 6 20
8 100
340 112 130 149 169 187 203 214 222 225 222 
340 149 174 199 225 249 270 286 296 300 296 
340 187 217 249 282 312 338 358 370 375 370 
340 224 261 299 338 374 406 429 444 450 444 
340 262 304 349 395 437 473 501 519 525 519 
100000 7499 8705 9999 11294 12499 13535 14330 14829 15000 14829 
1250 1129 1000 870 750 646 566 517 
447 684 
555 798 
402 462 
278 697 
750 234 
305 605 
771 537 
697 591 
407 806 
763 400 
455 545 
700 490 
403 392 
520 309 
620 821 
446 732 
346 241 
647 437 
605 772 
314 584 
475 503 
531 766 
644 375 
751 578 
287 758 
533 343 
598 362 
543 423 
392 471 
678 741 
731 458 
717 561 
389 606 
760 754 
294 655 
256 551 
575 824 
680 318 
548 534 
456 469 
270 327 
404 637 
798 382 
489 371 
571 475 
752 507 
665 365 
411 303 
733 515 
205 625 
777 242 
774 230 
772 667 
339 381 
682 247 
682 508 
692 799 
690 770 
591 650 
260 419 
541 252 
434 407 
349 619 
352 348 
692 703 
300 771 
417 731 
642 782 
541 258 
505 818 
697 437 
407 614 
442 495 
713 211 
770 414 
684 326 
256 406 
221 604 
362 504 
670 759 
534 801 
770 649 
634 664 
343 559 
317 578 
578 228 
304 608 
314 373 
570 354 
600 270 
383 611 
696 759 
628 435 
219 619 
741 369 
201 649 
285 573 
346 320 
505 268 
264 686 
