20 11 20
11 100
170 96 85 77 75 77 85 96 112 130 149 169 187 203 214 222 225 222 214 203 187 
170 129 113 103 100 103 113 129 149 174 199 225 249 270 286 296 300 296 286 270 250 
170 161 141 129 125 129 141 161 187 217 249 282 312 338 358 370 375 370 358 338 312 
170 193 170 155 150 155 170 193 224 261 299 338 374 406 429 444 450 444 429 406 375 
170 226 198 180 175 180 198 226 262 304 349 395 437 473 501 519 525 519 501 473 437 
170 258 226 206 200 206 226 258 299 348 399 451 499 541 573 593 600 593 573 541 500 
170 290 255 232 225 232 255 290 337 391 449 508 562 609 644 667 675 667 644 609 562 
170 323 283 258 250 258 283 323 374 435 499 564 624 676 716 741 750 741 716 676 625 
170 355 311 284 275 284 311 355 412 478 549 621 687 744 788 815 825 815 788 744 687 
170 387 340 310 300 310 340 387 449 522 599 677 749 812 859 889 900 889 859 812 750 
100000 6464 5669 5170 5000 5170 5669 6464 7499 8705 9999 11294 12499 13535 14330 14829 15000 14829 14330 13535 12500 
1353 1433 1482 1499 1482 1433 1353 1250 1129 1000 870 
581 705 608 287 697 258 245 498 1148 
870 418 762 796 700 374 615 835 1015 
352 367 504 318 381 592 280 670 327 
731 450 377 257 686 362 817 446 1060 
430 693 863 660 629 667 877 433 1019 
381 414 464 626 340 757 658 816 897 
483 276 256 621 729 240 474 753 874 
645 861 633 814 361 632 422 501 389 
841 768 804 551 210 271 408 656 385 
568 716 404 430 774 374 330 378 648 
1130 455 247 298 618 279 795 795 971 
518 791 438 680 405 558 386 309 1185 
964 433 334 660 643 531 437 526 404 
720 283 342 625 592 211 408 588 1165 
633 581 879 391 711 562 551 568 967 
1070 387 600 287 610 323 585 581 428 
1144 772 588 317 714 404 813 809 711 
887 516 398 716 206 590 332 474 1000 
1163 286 550 229 524 522 605 953 1121 
1019 790 770 466 414 591 697 324 318 
799 533 890 746 770 694 525 521 826 
1150 447 687 526 629 248 483 413 683 
567 748 553 693 575 481 665 684 650 
705 493 771 296 260 374 321 595 499 
481 783 369 592 307 288 832 872 1186 
1120 662 436 366 494 824 248 473 1153 
1042 797 617 210 438 808 294 569 505 
854 382 877 295 680 729 337 937 449 
441 767 261 690 558 446 234 656 617 
1084 617 893 753 401 462 637 316 401 
619 977 715 283 317 663 548 882 1061 
402 340 435 210 204 310 447 303 651 
1072 553 614 605 369 783 475 426 1039 
406 746 355 729 521 218 775 613 1033 
527 718 602 457 283 292 780 557 766 
432 996 677 261 704 742 464 703 585 
1141 834 375 797 329 628 270 598 897 
894 1023 608 338 525 794 426 908 472 
709 504 488 762 603 552 461 965 448 
1034 493 887 668 274 390 300 552 1077 
1001 746 668 396 454 570 702 731 723 
834 391 845 738 396 251 609 903 797 
363 395 415 226 291 500 541 367 429 
859 602 596 236 260 717 764 769 946 
387 364 531 730 388 499 336 632 513 
916 348 401 677 374 616 849 857 936 
981 596 378 809 309 414 600 478 542 
549 448 367 649 539 675 804 539 857 
678 957 565 221 617 739 602 452 627 
537 825 670 793 400 538 767 300 1016 
849 848 823 382 760 504 597 368 996 
942 693 895 464 659 241 787 339 760 
341 384 355 741 464 730 852 438 309 
329 941 303 220 300 531 472 869 491 
993 460 777 253 287 822 752 659 682 
818 324 498 360 736 326 654 788 1091 
639 739 364 498 361 602 249 584 1010 
1069 539 613 661 478 428 663 819 937 
734 412 730 296 232 713 883 264 784 
380 364 231 536 535 300 500 958 434 
407 806 279 339 563 732 844 867 534 
434 347 304 556 775 688 297 963 555 
1027 816 733 361 759 816 886 853 366 
864 519 375 632 215 240 574 988 717 
590 532 421 442 205 265 433 753 479 
1169 540 527 715 239 229 898 312 1144 
954 589 826 267 498 379 297 504 804 
1035 770 257 452 562 441 769 1011 923 
944 917 248 605 259 259 857 974 392 
608 981 763 317 267 558 394 375 1115 
1049 392 370 306 728 341 645 274 348 
787 886 789 686 217 334 689 454 321 
585 947 561 341 491 632 588 852 1111 
323 596 384 302 690 795 528 271 692 
610 942 698 745 426 609 392 496 1068 
899 569 614 676 288 522 344 588 1174 
1009 558 714 223 598 301 678 369 622 
457 697 697 496 227 821 525 849 962 
900 854 841 402 626 733 443 433 468 
1064 969 873 481 677 780 534 421 431 
739 401 856 648 396 234 390 1023 395 
399 417 557 690 495 249 370 728 443 
474 871 270 248 213 475 487 608 839 
543 957 641 567 302 817 248 443 871 
944 419 485 742 242 810 713 715 1022 
953 704 743 678 413 510 684 914 513 
831 777 458 285 376 794 784 496 517 
853 537 787 803 546 376 337 437 598 
381 406 631 381 787 665 237 769 632 
879 359 667 799 557 243 771 891 879 
545 524 822 644 468 493 509 965 1021 
459 914 315 755 719 510 595 458 358 
795 691 275 597 219 816 903 906 1006 
948 602 591 473 734 592 869 536 922 
566 386 597 739 684 230 477 297 549 
668 401 243 494 446 735 855 462 1070 
1144 684 432 408 691 772 635 299 657 
1176 858 368 610 720 660 664 830 707 
633 826 819 565 311 439 695 919 584 
984 502 431 798 796 749 727 736 454 
