50 3 20
36 100
850 150 130 112 96 85 77 75 77 85 96 112 130 149 169 187 203 214 222 225 222 214 203 187 169 150 130 112 96 85 77 75 77 85 96 112 130 149 169 187 203 214 222 225 222 214 203 187 169 150 130 
850 200 174 150 129 113 103 100 103 113 129 149 174 199 225 249 270 286 296 300 296 286 270 250 225 200 174 150 129 113 103 100 103 113 129 149 174 199 225 249 270 286 296 300 296 286 270 250 225 200 174 
100000 10000 8705 7500 6464 5669 5170 5000 5170 5669 6464 7499 8705 9999 11294 12499 13535 14330 14829 15000 14829 14330 13535 12500 11294 10000 8705 7500 6464 5669 5170 5000 5170 5669 6464 7499 8705 9999 11294 12499 13535 14330 14829 15000 14829 14330 13535 12500 11294 10000 8705 
1000 1129 1249 1353 1433 1482 1499 1482 1433 1353 1250 1129 1000 870 750 646 566 517 500 517 566 646 749 870 999 1129 1249 1353 1433 1482 1499 1482 1433 1353 1250 1129 
736 383 544 468 233 496 748 260 656 652 958 1240 1061 1016 
1598 428 1019 1020 373 301 776 577 397 918 419 637 1191 724 
1135 817 911 574 602 753 708 739 422 692 948 1228 1081 1647 
1195 416 653 273 343 542 613 671 707 1021 790 1034 997 801 
639 354 563 266 595 294 511 244 435 857 1041 1033 1238 1755 
959 517 904 401 587 403 537 383 509 732 582 1062 1115 1677 
402 1061 385 933 827 324 592 429 687 833 364 629 779 636 
1191 387 1083 677 437 406 718 453 313 1015 939 355 519 1708 
986 428 989 274 741 297 423 485 669 392 715 1234 1557 657 
854 1037 704 354 673 732 215 440 738 696 443 586 514 1639 
503 555 1143 338 315 787 763 772 791 834 302 1104 477 474 
726 921 1153 641 786 721 598 579 881 563 1183 1155 1165 595 
1202 448 1122 508 584 262 790 653 394 1026 918 997 1399 968 
404 756 1003 651 561 824 659 275 318 524 316 509 1079 1071 
575 607 441 358 630 296 745 260 543 360 875 689 1525 1378 
901 1043 1175 407 728 279 530 293 478 412 431 931 860 1447 
1189 442 571 482 583 543 706 691 384 438 527 774 1515 1797 
1178 809 658 399 491 223 230 530 844 677 495 493 1593 1305 
895 992 1188 651 788 475 707 581 712 734 815 543 1566 1724 
1547 1390 787 693 294 548 751 435 703 379 715 1331 1076 808 
1259 808 573 441 556 382 623 288 809 977 948 965 1486 1317 
1078 799 569 694 824 228 508 790 514 345 1092 1231 751 1772 
630 591 387 924 280 642 244 472 820 856 875 397 615 493 
749 1291 1094 267 489 563 675 279 715 386 890 827 871 1196 
1311 1323 1160 935 787 456 346 744 520 490 1138 440 1219 1152 
685 1043 587 977 748 618 215 421 867 756 409 704 425 1136 
844 1036 416 456 313 624 391 645 590 781 376 1185 1590 892 
808 940 851 392 425 431 735 524 361 620 577 846 983 1300 
463 1065 458 755 670 394 257 574 666 897 1070 1191 509 1114 
451 494 364 720 643 631 773 586 862 634 848 774 979 957 
752 822 851 641 530 409 448 593 288 545 387 1278 489 1618 
1462 1356 1072 652 829 412 246 603 838 821 838 1311 1173 922 
730 1339 624 966 324 547 357 315 398 376 1031 1368 1443 537 
740 819 537 1020 614 484 674 586 719 872 758 1090 641 1062 
424 781 519 440 762 325 448 259 641 451 944 945 1023 1499 
748 1069 989 879 329 542 295 269 848 1024 697 1286 415 1678 
1551 1159 623 322 428 590 739 454 319 962 365 719 450 807 
1121 926 648 660 642 347 291 342 590 566 1018 1237 1319 1518 
1544 1062 795 280 306 533 234 402 291 473 407 412 893 1253 
1127 1039 642 659 831 802 254 477 487 654 1191 529 1140 759 
777 959 1039 658 271 520 487 506 744 543 1043 675 1211 939 
1310 780 1009 612 315 461 296 303 835 722 1161 654 465 1728 
1407 1122 1130 416 862 439 570 401 300 349 558 933 1321 1025 
444 1086 1105 296 234 587 525 473 637 624 758 918 727 782 
890 947 1129 557 807 339 393 498 891 265 778 1171 408 1118 
1360 893 394 678 844 577 320 670 513 869 337 519 1395 711 
581 627 325 756 879 505 274 316 754 341 323 494 1429 1801 
1349 366 554 896 359 577 700 381 566 687 873 429 1446 499 
1292 374 707 552 500 282 502 520 376 987 877 471 1536 652 
1110 654 375 696 541 545 228 529 899 1021 402 1319 1256 1279 
1408 1268 831 583 366 268 777 402 342 360 652 889 1471 1249 
762 852 571 483 852 814 353 615 539 560 307 571 449 1600 
629 853 569 475 253 340 290 810 276 408 926 1131 1552 1176 
1267 693 996 871 753 214 418 640 398 425 361 1335 1041 493 
957 1133 802 510 506 618 709 537 267 537 719 1081 508 1576 
1392 1286 1083 869 821 555 652 592 615 967 532 1146 615 1794 
773 1190 561 584 439 332 252 529 369 963 1016 1200 781 1548 
1358 949 383 455 484 484 554 559 612 880 1035 1268 461 1628 
1235 443 867 460 816 420 300 815 253 917 769 876 543 960 
905 391 1043 477 737 538 205 470 374 687 665 1154 1438 1273 
450 437 673 275 898 520 729 795 710 554 708 974 1271 722 
516 687 988 986 802 572 313 647 409 636 1075 373 457 1587 
635 883 458 649 634 497 623 821 250 297 796 1339 1497 1070 
737 1013 344 1015 494 818 717 327 253 501 845 608 1172 875 
1322 820 683 565 520 282 350 818 740 1023 1033 1246 799 1790 
1124 476 877 901 649 776 366 280 454 622 504 822 1369 1168 
1443 629 759 922 867 718 648 695 350 376 468 890 1440 871 
965 539 1174 878 460 393 288 501 427 832 547 1174 625 1430 
1316 1132 1027 278 476 430 708 785 691 1018 525 392 523 957 
907 907 650 902 398 815 580 321 512 479 1008 442 1554 1624 
996 736 807 772 548 724 522 244 279 517 1178 689 871 1092 
424 1037 705 859 730 476 721 615 620 837 838 415 1395 1590 
402 442 416 668 903 491 450 315 529 395 604 722 1090 743 
1075 1175 805 706 896 583 243 557 408 713 1151 998 1254 1043 
1281 947 1117 806 453 584 287 474 507 933 342 468 1445 1757 
873 465 325 455 646 236 665 384 848 507 667 524 968 900 
824 631 984 633 571 249 402 571 507 645 484 1126 1586 1321 
515 665 327 337 727 819 318 773 561 867 942 673 908 1408 
993 591 456 1015 853 746 604 691 890 356 429 514 1559 899 
811 461 799 279 601 538 379 342 386 346 695 1266 1459 1351 
580 435 1175 364 879 591 515 700 613 572 524 1076 1347 1182 
1233 415 1033 563 526 597 521 517 729 698 428 1036 1128 574 
1241 404 1050 499 874 673 717 488 243 580 328 384 774 1234 
547 417 477 506 704 774 722 638 378 944 1156 1135 802 628 
551 854 673 1025 585 553 635 406 279 400 516 1362 1008 1695 
1044 1297 535 889 755 325 222 640 379 484 429 1357 707 1698 
899 1076 621 974 842 503 236 421 262 830 561 623 1101 1760 
515 835 1034 761 382 578 571 362 593 913 969 480 1193 1459 
1280 1026 1159 452 317 493 299 586 381 366 1013 524 410 647 
1117 1047 857 572 406 324 773 421 664 458 913 1135 1093 814 
812 631 980 871 795 772 543 739 844 565 720 1217 1526 1385 
1244 1322 947 694 270 232 454 531 512 924 771 1360 1185 455 
1406 1285 1116 390 537 220 557 776 730 751 488 553 555 539 
768 543 1177 308 721 566 260 817 532 919 601 415 503 1344 
1253 1072 736 975 618 815 429 659 429 633 852 957 1392 1024 
1370 541 1010 456 281 362 421 779 664 666 900 1004 1426 1184 
1336 860 864 448 432 774 618 255 545 275 936 968 1211 1780 
1100 568 816 720 333 339 481 810 581 697 519 1017 490 1333 
1024 1317 957 659 420 816 351 667 686 450 479 863 629 1472 
909 1266 1194 303 651 325 531 326 829 366 608 808 1253 1321 
