20 3 20
11 100
850 85 96 112 130 149 169 187 203 214 222 225 222 214 203 187 169 150 130 112 96 
850 113 129 149 174 199 225 249 270 286 296 300 296 286 270 250 225 200 174 150 129 
100000 5669 6464 7499 8705 9999 11294 12499 13535 14330 14829 15000 14829 14330 13535 12500 11294 10000 8705 7500 6464 
1433 1353 1250 1129 1000 870 750 646 566 517 500 
595 445 907 393 871 748 1477 560 650 
246 373 816 909 1247 689 1141 1037 1687 
784 296 717 1176 557 555 1601 1492 1093 
435 460 1024 837 1266 1590 1007 1236 2050 
220 674 327 331 577 1448 1761 1955 983 
489 261 329 464 1066 517 1545 831 1795 
815 604 551 596 927 537 1527 1983 985 
584 320 363 578 383 868 1035 1062 1612 
212 352 1016 436 1339 623 874 1626 1341 
247 588 535 639 1193 1107 1619 750 1357 
450 615 538 1103 842 483 703 1820 1997 
425 601 660 873 970 573 1294 688 1154 
278 620 408 950 695 943 634 1693 1642 
814 292 715 613 910 1039 1077 1440 1695 
775 807 337 745 820 446 1529 1697 2153 
356 347 472 1096 1372 1027 625 1944 2102 
572 863 571 646 439 571 1353 1994 1995 
370 390 823 761 787 896 826 1543 1024 
683 542 846 405 1028 1259 1136 1564 1063 
524 408 489 1180 492 1596 543 1138 1526 
771 316 688 354 1002 1569 969 1295 1009 
808 820 544 861 428 677 748 1125 1010 
777 809 543 1156 446 1291 1519 1280 1667 
607 316 934 1098 515 1358 1463 669 1316 
332 523 578 523 936 733 848 1821 1160 
261 786 346 385 451 632 745 1771 1356 
490 676 931 476 1031 1111 1009 1753 644 
804 733 842 1009 1039 557 1643 1074 1324 
387 381 853 554 673 470 606 760 1283 
392 884 313 1086 689 709 1096 1449 1672 
517 777 336 1129 1211 587 569 1835 732 
670 743 264 1143 397 1328 1366 1222 1781 
578 350 472 884 883 1134 1567 1119 892 
742 864 733 798 723 1560 1594 958 1449 
603 289 652 1076 1115 1103 834 1987 1050 
814 669 601 947 587 727 613 602 546 
588 721 603 1159 860 420 1171 1575 1265 
511 827 1003 1181 1019 1074 924 544 1104 
433 737 829 723 707 1040 1683 980 1930 
396 367 261 1061 1311 955 861 1402 745 
303 336 776 887 835 842 678 717 2026 
542 393 815 321 1376 1394 1167 500 1438 
488 352 940 364 720 804 608 1152 1449 
397 291 1008 447 426 1016 638 1351 1358 
279 388 908 391 1131 502 1720 817 870 
446 254 979 1020 1199 1194 1295 849 1229 
694 490 693 734 1131 736 1666 973 686 
623 710 459 344 942 690 872 503 952 
807 623 625 356 997 563 461 1519 1687 
394 623 847 1190 427 1358 775 1919 1653 
550 351 720 1124 802 1001 1451 956 1390 
437 248 856 1077 1122 1474 1540 935 1711 
629 758 902 504 479 1035 1022 1585 1369 
637 325 561 767 397 1244 1231 895 1028 
421 818 589 770 1382 1178 479 1652 1710 
470 703 1025 673 1239 550 1593 1556 1735 
403 553 1018 1078 868 1496 1359 595 1146 
234 580 439 586 1362 481 1537 1186 1566 
237 470 322 681 1350 1460 990 1773 1299 
423 255 882 1127 439 854 1273 1475 1761 
208 457 498 475 808 1148 1703 733 1381 
454 862 287 614 1201 1470 1371 1160 1881 
249 509 912 805 1039 776 1619 685 1932 
757 399 900 681 521 899 1188 640 1261 
518 359 587 801 1355 433 958 563 1301 
662 433 260 890 380 1147 500 1608 1799 
707 275 538 502 1385 945 1441 1302 1969 
278 549 312 433 538 616 1320 691 1956 
273 405 966 1195 371 1009 1347 1918 1580 
247 427 631 866 978 766 679 1486 1355 
764 791 598 826 551 1387 801 1138 1665 
522 867 500 959 1134 1283 1106 746 1832 
246 722 985 605 1019 1511 1604 804 2007 
599 330 541 493 677 684 1496 1777 1037 
291 723 405 383 386 679 583 539 1405 
251 897 286 1057 410 988 1074 1549 926 
367 617 373 638 1174 1500 1723 1462 1903 
825 748 845 559 861 485 1125 556 1383 
572 832 879 365 778 1503 904 851 1756 
285 254 436 396 1296 913 1730 712 1988 
436 891 914 480 1057 1415 909 1970 2021 
459 874 262 1121 472 1417 1438 573 878 
736 639 726 627 1165 459 858 557 2025 
728 521 983 1089 722 1072 1543 1477 1287 
349 316 953 623 1105 1345 902 1028 977 
380 503 815 915 1033 1515 1344 1937 1641 
787 638 796 617 835 1292 1675 1125 1344 
272 311 925 954 405 796 573 1219 1395 
566 793 534 1069 1294 827 1744 1322 1177 
276 437 898 1119 761 754 835 1242 718 
644 596 883 507 587 618 1360 606 603 
730 335 978 499 1218 601 742 1638 622 
805 682 467 862 1079 1286 794 603 1048 
646 253 490 1035 1092 602 972 1183 835 
459 467 761 1050 495 1483 783 1727 1108 
424 244 313 1087 1070 1519 1148 842 663 
816 340 736 818 724 1330 1050 1369 1548 
229 895 747 760 395 941 593 1029 568 
323 582 610 1115 536 1443 1178 516 1563 
673 661 373 1019 1122 948 1128 1770 1760 
