10 11 20
6 50
170 77 75 77 85 96 112 130 149 169 187 
170 103 100 103 113 129 149 174 199 225 249 
170 129 125 129 141 161 187 217 249 282 312 
170 155 150 155 170 193 224 261 299 338 374 
170 180 175 180 198 226 262 304 349 395 437 
170 206 200 206 226 258 299 348 399 451 499 
170 232 225 232 255 290 337 391 449 508 562 
170 258 250 258 283 323 374 435 499 564 624 
170 284 275 284 311 355 412 478 549 621 687 
170 310 300 310 340 387 449 522 599 677 749 
100000 5170 5000 5170 5669 6464 7499 8705 9999 11294 12499 
1482 1499 1482 1433 1353 1250 
1213 1010 970 865 
1255 1013 851 676 
1114 1034 852 674 
923 1015 875 709 
1141 905 962 753 
1303 928 903 831 
1157 1118 711 798 
1174 902 967 766 
1021 927 795 749 
1093 1113 813 642 
1201 1118 827 608 
1042 811 993 866 
1072 931 752 677 
1184 1122 777 613 
1221 1137 835 700 
1201 1190 906 630 
1181 856 897 624 
938 882 716 749 
1172 935 913 867 
988 832 801 816 
1073 1071 858 604 
956 1040 755 826 
1153 1083 869 661 
1289 824 697 881 
928 1134 1003 823 
981 914 1012 648 
1131 908 965 854 
1089 903 1012 743 
1104 931 827 733 
974 843 1024 612 
1105 847 1008 699 
1254 999 959 742 
947 1037 827 806 
1284 939 926 770 
1281 1196 826 898 
1093 1189 759 708 
1223 1056 889 688 
1011 1031 888 790 
1332 859 744 858 
1233 848 734 816 
1120 1178 770 664 
1334 1024 891 821 
1022 897 1024 758 
1077 994 734 653 
1136 927 919 722 
1167 841 862 856 
1279 884 947 611 
1237 1043 969 680 
978 1109 874 813 
940 1176 805 690 
