20 3 20
7 50
850 96 112 130 149 169 187 203 214 222 225 222 214 203 187 169 150 130 112 96 85 
850 129 149 174 199 225 249 270 286 296 300 296 286 270 250 225 200 174 150 129 113 
100000 6464 7499 8705 9999 11294 12499 13535 14330 14829 15000 14829 14330 13535 12500 11294 10000 8705 7500 6464 5669 
1353 1250 1129 1000 870 750 646 
668 501 579 419 630 575 866 718 807 1066 1143 1294 1535 
633 558 436 571 561 741 860 887 954 1354 1494 1303 1659 
667 525 430 550 667 690 700 905 838 923 1244 1620 1364 
624 577 479 481 477 548 714 756 836 1322 1366 1408 1701 
670 455 582 559 507 617 818 935 939 1289 1009 1368 1363 
468 549 457 538 513 567 601 812 1129 957 1408 1543 1299 
515 532 598 499 604 583 682 1005 969 914 1032 1336 1177 
524 569 491 570 617 621 775 710 841 1286 1316 1233 1554 
608 469 504 553 492 592 666 945 984 1249 1037 1315 1227 
515 574 592 537 622 734 729 728 816 987 1472 1131 1653 
638 528 554 449 493 517 668 811 1001 1149 1116 1495 1627 
637 450 400 608 661 527 799 981 1100 1308 1396 1131 1585 
665 549 581 436 555 688 790 845 1116 1094 1012 1197 1543 
583 437 403 417 558 654 716 812 920 1112 1429 1243 1626 
673 586 471 448 659 714 806 981 854 1059 1423 1401 1288 
502 442 477 527 658 556 757 871 958 1070 1320 1249 1251 
557 583 588 436 471 524 680 1006 1091 1079 1245 1402 1497 
568 552 599 617 520 646 642 1017 1017 942 1426 1092 1546 
660 559 591 416 625 556 730 932 1106 1020 1201 1595 1334 
634 433 588 438 482 725 652 1010 1055 1315 1193 1260 1229 
468 586 507 425 465 661 802 934 921 1251 1040 1338 1420 
671 500 518 439 629 611 800 1005 912 988 1490 1197 1571 
639 424 404 504 626 744 704 930 971 1236 1179 1377 1274 
635 574 512 425 575 556 818 862 854 1329 1078 1186 1618 
653 585 432 510 593 672 603 779 821 1350 1464 1475 1375 
666 590 463 493 469 538 669 900 1005 933 1483 1282 1148 
593 541 480 456 500 726 659 1040 1047 1188 1325 1411 1515 
550 430 510 422 628 693 896 876 984 1319 1253 1550 1648 
630 458 415 535 538 719 779 869 1158 1137 1202 1292 1317 
478 458 445 577 473 644 617 880 1040 1094 1418 1357 1508 
615 420 419 456 517 608 676 953 1065 1109 1385 1099 1309 
667 548 426 492 575 772 758 947 1092 1062 1419 1578 1599 
491 536 493 506 459 559 697 740 960 1122 1071 1623 1578 
589 616 567 515 607 679 854 957 1033 1043 1231 1309 1460 
674 484 499 439 651 648 632 1022 1072 1293 1120 1266 1623 
464 547 524 483 650 739 841 968 889 1276 1315 1447 1618 
477 590 595 533 472 628 878 1037 892 1211 1458 1247 1605 
458 549 408 618 540 597 699 697 1149 1295 1369 1622 1618 
547 480 478 569 580 567 744 837 1099 1141 1409 1308 1499 
514 497 541 452 566 530 660 723 1073 1337 1494 1314 1557 
675 508 562 434 553 668 846 717 868 1302 1263 1090 1426 
491 535 431 581 614 562 769 944 1148 1096 1313 1620 1604 
619 451 536 479 554 562 727 894 941 976 1152 1354 1453 
585 510 566 599 463 666 761 717 1020 1164 1244 1530 1684 
609 479 592 505 480 544 746 932 1009 907 1110 1564 1457 
535 571 571 527 553 694 675 1024 949 946 1386 1104 1365 
524 620 598 598 657 564 813 923 1089 1321 1129 1290 1329 
454 559 430 454 512 742 890 838 1135 1343 1375 1623 1519 
589 466 527 496 457 525 626 700 907 919 1397 1517 1151 
669 460 451 533 648 590 818 795 929 1094 1456 1242 1422 
