50 6 20
36 100
340 77 85 96 112 130 149 169 187 203 214 222 225 222 214 203 187 169 150 130 112 96 85 77 75 77 85 96 112 130 149 169 187 203 214 222 225 222 214 203 187 169 150 130 112 96 85 77 75 77 85 
340 103 113 129 149 174 199 225 249 270 286 296 300 296 286 270 250 225 200 174 150 129 113 103 100 103 113 129 149 174 199 225 249 270 286 296 300 296 286 270 250 225 200 174 150 129 113 103 100 103 113 
340 129 141 161 187 217 249 282 312 338 358 370 375 370 358 338 312 282 250 217 187 161 141 129 125 129 141 161 187 217 249 282 312 338 358 370 375 370 358 338 312 282 250 217 187 161 141 129 125 129 141 
340 155 170 193 224 261 299 338 374 406 429 444 450 444 429 406 375 338 300 261 225 193 170 155 150 155 170 193 224 261 299 338 374 406 429 444 450 444 429 406 375 338 300 261 225 193 170 155 150 155 170 
340 180 198 226 262 304 349 395 437 473 501 519 525 519 501 473 437 395 350 304 262 226 198 180 175 180 198 226 262 304 349 395 437 473 501 519 525 519 501 473 437 395 350 304 262 226 198 180 175 180 198 
100000 5170 5669 6464 7499 8705 9999 11294 12499 13535 14330 14829 15000 14829 14330 13535 12500 11294 10000 8705 7500 6464 5669 5170 5000 5170 5669 6464 7499 8705 9999 11294 12499 13535 14330 14829 15000 14829 14330 13535 12500 11294 10000 8705 7500 6464 5669 5170 5000 5170 5669 
1482 1433 1353 1250 1129 1000 870 750 646 566 517 500 517 566 646 749 870 999 1129 1249 1353 1433 1482 1499 1482 1433 1353 1250 1129 1000 870 750 646 566 517 500 
760 466 265 760 685 670 621 899 1910 646 1249 2338 2170 878 
261 690 570 1020 580 1273 1186 1520 1008 1589 1014 1211 1095 724 
278 335 832 363 1133 1043 1335 1319 1653 1715 1431 1568 967 684 
774 594 557 690 1181 1497 764 1864 1508 662 1655 1241 2330 1730 
614 739 260 376 873 744 770 1631 1850 980 1386 648 629 1002 
313 470 325 386 1204 1446 604 1262 1410 1629 2369 916 1614 1143 
498 580 547 411 869 775 519 1721 1464 1875 1588 1279 1937 748 
329 415 340 665 1085 457 803 1291 1622 2231 2027 2296 1351 844 
410 553 462 301 983 1096 1804 686 2120 818 2019 2198 987 1597 
445 687 370 521 673 1411 530 1289 1582 1684 1230 988 1711 642 
544 394 793 874 1064 609 941 1572 1846 2145 1431 1632 821 2007 
349 321 812 1018 845 526 942 884 1809 1405 1200 2352 1735 2143 
739 559 628 788 1133 1480 1313 1806 1163 704 881 1217 930 2068 
518 287 929 704 1289 1145 1319 991 1665 2011 1731 931 942 889 
679 279 620 592 429 569 1229 699 857 1178 1789 1294 1613 1387 
548 891 448 984 1283 410 1698 1276 2126 1609 2266 811 2348 1880 
240 603 834 426 838 566 1760 616 829 1326 2153 1842 2346 603 
392 522 455 411 357 1509 1523 1806 1433 1237 2155 669 962 1557 
763 272 573 739 895 823 714 1661 2098 1303 743 754 885 766 
787 439 706 554 461 1583 813 876 1532 1803 2362 1417 1403 2287 
310 553 990 515 492 458 573 1022 1862 649 2236 1899 710 870 
741 896 946 629 1284 781 1496 1253 1821 1827 1122 1591 632 738 
432 724 801 599 409 1331 619 1292 1567 2120 1079 1299 1536 1528 
762 798 1013 830 798 548 503 1804 1343 987 1851 2397 806 694 
749 352 651 328 1135 1471 1077 1410 1625 1148 1100 1655 1828 1307 
382 482 354 555 1045 643 731 1771 569 1565 869 1973 704 2012 
748 269 1016 422 736 1342 1694 1561 1125 739 619 1947 2285 620 
551 755 1020 666 915 1352 1657 641 1178 752 1721 765 2267 800 
590 671 667 371 448 1549 898 1656 547 1351 1846 1546 1880 1384 
656 503 812 478 1033 1218 1126 1378 1461 2030 2313 1180 2043 671 
497 522 736 568 1031 1143 1002 740 1439 2139 1018 1566 2075 1872 
771 300 824 402 404 1541 1265 1485 2010 752 1637 1815 2307 1362 
415 751 472 1013 625 1546 1197 955 1073 925 2042 1484 1944 779 
741 714 849 958 528 755 1272 632 1444 1374 773 1833 968 681 
788 470 596 543 1209 1257 1412 890 2044 1784 1205 767 1575 1304 
490 703 705 977 814 773 1183 1833 1710 828 2237 1372 2157 1877 
548 247 318 1018 959 743 1510 1460 706 2106 1731 1732 1827 1776 
637 452 323 986 1011 1165 735 1915 1089 641 1940 961 1264 2195 
579 321 852 616 479 1493 1269 1649 2009 709 2177 1768 1803 1454 
324 421 379 1136 753 883 1156 755 936 1208 960 2035 2323 1159 
733 303 694 459 1283 626 519 1234 1918 596 1444 1761 1687 1133 
669 290 970 530 425 1405 784 1021 1041 1277 1137 722 1961 885 
492 490 942 633 447 1044 838 1349 1207 1466 1772 838 1628 1418 
819 450 865 824 794 988 473 902 1517 762 1013 2184 1361 869 
658 461 487 820 564 1306 1386 508 1545 2043 865 679 758 642 
595 881 286 1173 359 1519 1556 1064 712 702 626 900 1788 822 
670 512 901 508 1304 832 1123 926 583 2141 799 2112 1278 2150 
432 747 440 864 410 852 1486 1312 572 1929 1419 963 673 1949 
711 251 865 485 1122 1395 1348 1766 1912 2190 1732 1033 2089 2009 
810 354 417 339 1089 518 1089 692 818 1425 879 1979 734 1344 
718 582 729 605 489 914 483 1661 1393 2187 930 2380 1184 1228 
574 641 971 727 520 495 1445 531 1480 1670 1975 1245 1065 837 
496 686 918 913 700 1326 780 626 1446 1204 731 1588 1923 1515 
680 473 289 701 1194 1321 1634 1618 1666 1031 1423 790 2283 902 
502 295 834 1116 1149 1321 1248 1218 1812 1174 1480 859 1482 1162 
344 532 571 682 1213 853 1096 1054 1096 1117 1759 1562 1749 949 
670 243 566 1007 595 531 576 546 2144 590 838 683 1107 1649 
216 463 434 583 690 1136 1578 960 2039 864 2347 2134 2074 696 
557 700 432 411 1142 1564 572 1506 646 753 2196 1529 2192 2015 
791 778 512 1145 900 692 1598 1568 1935 1256 1858 2220 1801 1586 
681 271 662 362 605 461 1393 1834 1410 1615 1992 1156 1154 1908 
733 278 349 443 384 901 1413 1397 1946 741 1139 1378 2147 1217 
249 824 897 488 1237 1179 773 1347 1652 1251 1373 852 2273 682 
731 489 789 1006 1088 568 589 1017 613 1831 1654 2179 2276 2112 
458 798 277 606 633 1462 692 977 740 1795 1320 654 962 1405 
779 377 804 1149 570 1367 741 1635 1105 2050 867 1030 938 2009 
509 242 869 605 1162 1325 1208 959 600 1491 1756 2265 1135 1995 
239 334 639 345 1090 636 959 971 1246 1757 1105 1119 1884 743 
467 330 491 326 587 696 1126 1779 2020 1483 1150 1506 1331 1267 
368 741 1007 339 1168 1433 1198 1686 1284 2031 1234 1886 1739 1220 
600 870 955 702 1280 1437 1498 1751 559 1834 1092 1640 816 2096 
655 487 886 340 450 712 1153 1814 1858 1031 1927 1271 2217 1733 
771 328 703 684 688 715 468 813 1192 1647 1685 2380 1243 1660 
474 481 719 373 1199 1135 1758 1962 1128 1604 976 1152 2248 1817 
697 520 972 1107 466 516 1191 1429 1803 1847 1145 1335 1706 831 
468 534 389 357 706 1384 897 1741 882 710 2310 1827 1199 1705 
305 762 676 1019 1105 1085 1018 1180 2014 1430 1445 2311 1925 2040 
286 763 325 865 754 880 1322 675 1348 941 927 1141 811 2105 
359 649 582 334 653 685 1295 919 2071 1200 1368 602 715 1894 
755 659 525 334 1284 1375 654 1568 1026 963 1216 2128 1433 1557 
747 328 538 634 953 661 545 593 1191 658 1954 905 911 1181 
268 849 431 1008 1255 531 463 1559 762 1706 634 1549 1536 1515 
330 421 988 866 1314 987 894 596 681 2059 2131 1983 797 709 
294 697 659 344 1002 749 1583 1859 750 615 1545 1022 1421 963 
678 679 302 475 810 906 1356 1758 1737 2128 623 1918 998 2160 
497 849 964 888 892 747 962 1895 1076 2191 977 2299 2298 1008 
242 886 719 421 615 626 1051 830 1638 954 1502 1273 1550 1345 
219 469 888 952 1013 1578 592 1354 973 1644 1533 1399 1687 1256 
529 355 447 1097 403 671 896 1580 948 1649 2103 2209 2081 1634 
470 312 573 881 891 564 1790 1354 902 852 2120 763 1188 1555 
257 232 1020 1119 1124 875 1082 846 1100 1068 1598 667 1177 2252 
224 706 420 758 825 1247 802 1226 1019 1419 1036 1905 896 1212 
317 873 472 510 862 410 485 1176 1726 1937 1833 2072 766 1276 
390 812 969 936 693 832 1018 1653 1751 1331 2125 1364 1862 675 
475 518 661 520 1304 819 770 1890 1446 1947 1358 1870 882 698 
583 494 896 1028 983 1220 840 1634 1669 1928 1371 1019 1526 1226 
715 496 833 926 1104 1463 994 698 1776 2224 2284 936 1341 1780 
814 282 702 657 823 1506 954 1520 1644 1806 1578 1547 1761 800 
565 709 354 559 960 1354 1721 1213 1586 1041 668 792 1039 2157 
674 749 698 308 918 1247 899 1100 701 1585 2267 923 1987 2106 
