50 3 20
26 5
850 96 85 77 75 77 85 96 112 130 149 169 187 203 214 222 225 222 214 203 187 169 150 130 112 96 85 77 75 77 85 96 112 130 149 169 187 203 214 222 225 222 214 203 187 169 150 130 112 96 85 
850 129 113 103 100 103 113 129 149 174 199 225 249 270 286 296 300 296 286 270 250 225 200 174 150 129 113 103 100 103 113 129 149 174 199 225 249 270 286 296 300 296 286 270 250 225 200 174 150 129 113 
100000 6464 5669 5170 5000 5170 5669 6464 7499 8705 9999 11294 12499 13535 14330 14829 15000 14829 14330 13535 12500 11294 10000 8705 7500 6464 5669 5170 5000 5170 5669 6464 7499 8705 9999 11294 12499 13535 14330 14829 15000 14829 14330 13535 12500 11294 10000 8705 7500 6464 5669 
1353 1433 1482 1499 1482 1433 1353 1250 1129 1000 870 750 646 566 517 500 517 566 646 749 870 999 1129 1249 1353 1433 
1318 1365 1660 1164 1554 1205 958 805 944 792 732 597 560 554 613 675 649 799 696 1147 1074 1419 1083 1607 
1339 1567 1191 1233 1130 1286 1142 821 1021 770 636 462 418 582 474 635 600 627 1021 837 1225 1303 1613 1271 
1389 1347 1695 1216 1251 1220 1150 991 774 897 607 638 562 562 512 474 672 890 991 1092 1175 1352 1555 1473 
1454 1595 1584 1530 1230 1016 1102 999 1021 867 630 548 509 468 484 672 535 830 821 1150 1329 1453 1586 1352 
1380 1751 1416 1455 1112 1102 1062 1028 720 653 591 541 429 547 418 576 744 777 885 847 1132 1127 1620 1257 
