20 3 20
11 10
850 77 75 77 85 96 112 130 149 169 187 203 214 222 225 222 214 203 187 169 150 
850 103 100 103 113 129 149 174 199 225 249 270 286 296 300 296 286 270 250 225 200 
100000 5170 5000 5170 5669 6464 7499 8705 9999 11294 12499 13535 14330 14829 15000 14829 14330 13535 12500 11294 10000 
1482 1499 1482 1433 1353 1250 1129 1000 870 750 646 
606 576 498 592 660 756 880 955 940 
509 501 552 461 564 742 699 854 840 
461 497 585 524 556 542 773 918 898 
603 487 595 600 561 538 814 920 936 
561 589 490 567 501 633 718 813 944 
608 464 469 422 515 544 642 918 892 
469 543 476 491 565 717 829 914 810 
657 508 500 614 459 573 852 704 1169 
578 442 418 444 569 667 648 955 984 
473 598 568 441 571 519 869 1001 945 
