20 6 20
11 50
340 77 75 77 85 96 112 130 149 169 187 203 214 222 225 222 214 203 187 169 150 
340 103 100 103 113 129 149 174 199 225 249 270 286 296 300 296 286 270 250 225 200 
340 129 125 129 141 161 187 217 249 282 312 338 358 370 375 370 358 338 312 282 250 
340 155 150 155 170 193 224 261 299 338 374 406 429 444 450 444 429 406 375 338 300 
340 180 175 180 198 226 262 304 349 395 437 473 501 519 525 519 501 473 437 395 350 
100000 5170 5000 5170 5669 6464 7499 8705 9999 11294 12499 13535 14330 14829 15000 14829 14330 13535 12500 11294 10000 
1482 1499 1482 1433 1353 1250 1129 1000 870 750 646 
477 520 559 457 519 598 687 793 1146 
455 559 436 561 619 746 674 985 852 
542 561 432 583 585 624 612 1000 1004 
662 420 440 435 655 603 666 911 1045 
563 534 554 493 593 602 793 983 1160 
539 551 533 520 579 720 658 949 870 
501 592 483 491 620 574 807 735 838 
611 589 437 479 546 616 622 899 1007 
516 614 494 470 508 733 658 798 897 
644 544 446 593 456 717 718 1013 979 
558 489 551 606 661 601 881 797 800 
465 492 471 572 517 720 859 740 989 
602 435 445 537 533 705 734 704 1112 
567 515 418 414 542 659 761 855 1106 
679 461 596 442 590 636 739 772 1087 
508 449 534 492 643 685 720 997 810 
514 554 519 457 508 529 878 701 912 
503 557 476 534 667 547 853 857 820 
662 419 443 550 493 761 770 965 1144 
510 482 431 529 676 650 862 799 1173 
598 466 597 452 546 690 732 700 1021 
454 495 510 609 469 665 783 978 1162 
503 600 437 465 461 532 719 705 839 
645 561 443 535 628 759 888 1019 1044 
489 454 436 416 534 701 687 947 838 
668 423 506 416 544 586 777 814 1170 
502 430 429 595 593 766 770 807 951 
633 559 443 484 508 615 890 747 977 
585 423 523 554 606 561 794 904 878 
635 432 492 503 528 658 783 855 1123 
588 548 577 521 544 652 630 799 867 
457 420 576 498 639 623 663 875 1091 
572 605 509 426 523 772 841 1019 1187 
615 421 479 581 481 737 657 895 1150 
508 613 576 554 610 733 648 884 1158 
484 543 524 513 483 671 641 956 1064 
659 426 571 491 575 529 756 930 915 
533 528 566 539 489 600 776 832 833 
574 530 581 471 536 737 778 1016 944 
483 606 486 433 588 550 701 713 865 
642 416 537 439 578 579 664 976 833 
649 604 464 532 550 690 615 872 856 
550 599 456 610 528 758 796 752 915 
576 562 470 521 591 679 608 719 1168 
649 569 536 474 494 568 646 896 1185 
649 499 418 471 657 653 799 781 1121 
660 560 400 496 648 680 601 996 1105 
455 579 441 419 610 537 623 751 982 
491 434 595 458 609 711 727 861 1062 
460 613 404 545 626 769 781 795 1174 
