20 2 20
7 10
1700 150 130 112 96 85 77 75 77 85 96 112 130 149 169 187 203 214 222 225 222 
100000 10000 8705 7500 6464 5669 5170 5000 5170 5669 6464 7499 8705 9999 11294 12499 13535 14330 14829 15000 14829 
1000 1129 1249 1353 1433 1482 1499 
1443 1367 1376 1100 1294 948 895 804 556 460 615 515 502 
1459 1380 1379 1156 1147 1027 712 705 633 673 586 561 448 
1703 1202 1507 1489 937 1159 744 797 726 554 437 471 495 
1722 1292 1531 1486 982 982 724 876 630 617 417 455 580 
1496 1271 1516 1493 1028 959 1034 659 744 606 529 458 573 
1305 1181 1268 1275 1047 1071 899 745 713 469 421 407 415 
1528 1531 1505 1239 991 969 929 742 758 668 454 532 588 
1431 1350 1116 1206 1004 1147 761 758 767 614 495 550 511 
1379 1208 1156 1142 1151 1154 776 729 695 473 537 564 568 
1239 1429 1124 1114 1231 1164 773 754 519 632 616 458 570 
