10 6 20
8 50
340 85 77 75 77 85 96 112 130 149 169 
340 113 103 100 103 113 129 149 174 199 225 
340 141 129 125 129 141 161 187 217 249 282 
340 170 155 150 155 170 193 224 261 299 338 
340 198 180 175 180 198 226 262 304 349 395 
100000 5669 5170 5000 5170 5669 6464 7499 8705 9999 11294 
1433 1482 1499 1482 1433 1353 1250 1129 
978 938 
596 1362 
1345 1354 
445 428 
976 637 
1192 657 
674 1214 
1089 1353 
1158 885 
1007 525 
518 924 
1580 648 
599 1268 
416 658 
850 1319 
1204 778 
733 1350 
1510 1350 
1213 1094 
1086 1368 
1240 968 
1101 883 
1333 416 
1313 434 
585 907 
1575 617 
1588 763 
1516 1238 
1210 845 
1188 1063 
917 965 
1295 728 
1369 815 
1026 449 
588 959 
493 1348 
1221 972 
997 980 
608 702 
524 1308 
1564 708 
491 871 
791 529 
752 914 
1231 1293 
1277 1390 
471 858 
714 929 
1521 549 
654 722 
