50 3 20
36 50
850 77 75 77 85 96 112 130 149 169 187 203 214 222 225 222 214 203 187 169 150 130 112 96 85 77 75 77 85 96 112 130 149 169 187 203 214 222 225 222 214 203 187 169 150 130 112 96 85 77 75 
850 103 100 103 113 129 149 174 199 225 249 270 286 296 300 296 286 270 250 225 200 174 150 129 113 103 100 103 113 129 149 174 199 225 249 270 286 296 300 296 286 270 250 225 200 174 150 129 113 103 100 
100000 5170 5000 5170 5669 6464 7499 8705 9999 11294 12499 13535 14330 14829 15000 14829 14330 13535 12500 11294 10000 8705 7500 6464 5669 5170 5000 5170 5669 6464 7499 8705 9999 11294 12499 13535 14330 14829 15000 14829 14330 13535 12500 11294 10000 8705 7500 6464 5669 5170 5000 
1482 1499 1482 1433 1353 1250 1129 1000 870 750 646 566 517 500 517 566 646 749 870 999 1129 1249 1353 1433 1482 1499 1482 1433 1353 1250 1129 1000 870 750 646 566 
516 496 529 548 659 735 874 997 1092 1295 1418 1466 1508 1480 
541 514 524 552 636 739 907 990 1168 1221 1309 1374 1458 1493 
518 501 540 583 621 750 827 1021 1076 1207 1376 1435 1450 1450 
496 499 509 573 614 750 838 1010 1097 1262 1338 1376 1502 1532 
539 519 525 566 649 722 896 977 1150 1271 1335 1472 1438 1455 
494 486 491 576 644 715 912 1047 1176 1272 1406 1419 1414 1462 
538 511 510 547 629 746 861 981 1127 1220 1316 1435 1469 1569 
516 483 520 545 642 724 873 1009 1084 1201 1310 1393 1442 1513 
530 517 539 576 627 777 829 990 1116 1276 1352 1454 1537 1439 
514 506 530 581 677 769 845 991 1077 1237 1318 1440 1555 1496 
510 523 535 545 667 748 827 976 1153 1308 1291 1487 1536 1561 
540 491 539 575 625 733 863 1026 1124 1258 1412 1425 1487 1527 
528 498 494 539 654 759 849 1028 1113 1212 1330 1447 1496 1469 
509 505 510 575 659 734 883 1030 1132 1284 1322 1370 1476 1523 
504 495 493 556 667 757 852 1022 1160 1249 1326 1454 1538 1460 
540 489 528 594 633 725 903 1040 1148 1257 1379 1397 1431 1573 
513 477 517 549 639 740 846 968 1137 1260 1356 1454 1462 1532 
508 494 495 548 670 716 885 1048 1160 1286 1355 1495 1514 1463 
514 502 498 560 629 748 836 993 1108 1211 1303 1475 1444 1482 
524 523 524 553 627 733 907 1043 1080 1273 1393 1379 1419 1461 
524 494 526 571 618 719 830 954 1098 1244 1382 1470 1511 1517 
508 487 507 555 645 782 879 1043 1097 1210 1364 1475 1483 1442 
496 477 542 590 670 730 861 1033 1113 1203 1405 1449 1436 1486 
530 505 538 551 668 728 868 1048 1167 1299 1412 1419 1424 1507 
512 492 495 557 635 731 894 1030 1074 1289 1373 1422 1539 1535 
500 492 496 545 656 752 835 993 1090 1309 1373 1422 1479 1470 
493 484 497 563 615 755 888 994 1182 1198 1308 1428 1421 1541 
500 517 538 586 672 720 842 1022 1160 1209 1294 1433 1442 1484 
542 523 498 578 618 759 910 998 1099 1279 1313 1449 1440 1535 
509 479 508 546 659 763 866 971 1126 1227 1400 1460 1473 1464 
509 501 516 592 667 734 872 1020 1170 1300 1392 1494 1420 1501 
512 481 540 550 677 742 846 974 1177 1263 1314 1429 1526 1428 
529 516 540 574 630 749 900 1019 1158 1240 1327 1368 1556 1435 
504 505 532 587 622 741 897 991 1096 1286 1347 1476 1482 1484 
522 478 504 586 661 734 881 968 1156 1208 1374 1400 1492 1534 
498 503 530 595 644 783 905 963 1085 1290 1305 1366 1500 1452 
538 517 493 590 666 736 886 951 1176 1261 1375 1499 1484 1454 
529 521 504 590 654 723 841 991 1074 1307 1292 1503 1421 1428 
492 507 505 546 660 769 842 963 1148 1233 1339 1410 1493 1511 
506 477 542 542 642 751 834 955 1111 1289 1412 1488 1544 1465 
499 497 529 574 627 761 892 1028 1098 1222 1346 1374 1523 1453 
500 487 503 562 660 763 854 958 1128 1246 1350 1438 1535 1525 
517 516 527 542 637 778 893 990 1096 1225 1287 1483 1554 1495 
511 522 513 574 631 765 881 1016 1079 1203 1334 1424 1430 1545 
496 480 525 589 618 750 856 966 1073 1309 1390 1387 1444 1527 
519 508 531 581 647 783 885 986 1117 1231 1384 1389 1475 1542 
526 482 497 546 670 776 851 1030 1128 1311 1326 1498 1506 1544 
510 520 504 580 634 723 878 1037 1104 1238 1316 1491 1517 1477 
527 485 541 546 653 715 878 1020 1170 1212 1304 1469 1463 1462 
517 496 496 579 624 757 905 972 1153 1287 1375 1498 1429 1542 
