20 6 20
11 100
340 130 112 96 85 77 75 77 85 96 112 130 149 169 187 203 214 222 225 222 214 
340 174 150 129 113 103 100 103 113 129 149 174 199 225 249 270 286 296 300 296 286 
340 217 187 161 141 129 125 129 141 161 187 217 249 282 312 338 358 370 375 370 358 
340 261 225 193 170 155 150 155 170 193 224 261 299 338 374 406 429 444 450 444 429 
340 304 262 226 198 180 175 180 198 226 262 304 349 395 437 473 501 519 525 519 501 
100000 8705 7500 6464 5669 5170 5000 5170 5669 6464 7499 8705 9999 11294 12499 13535 14330 14829 15000 14829 14330 
1129 1249 1353 1433 1482 1499 1482 1433 1353 1250 1129 
559 364 450 395 673 522 287 783 324 
810 478 720 575 267 213 758 763 349 
632 1223 782 272 872 341 297 685 248 
650 994 855 496 614 278 797 663 263 
1539 1219 837 376 343 772 355 297 429 
512 716 1149 781 667 644 608 544 472 
1426 914 729 790 568 685 313 586 733 
823 759 761 596 442 670 597 516 327 
1014 1024 814 456 906 451 670 823 503 
448 402 457 365 457 637 539 332 809 
1307 683 997 756 802 722 518 591 806 
1548 1213 663 546 297 423 651 334 307 
739 764 982 631 665 493 606 660 792 
589 970 885 260 248 390 262 442 524 
605 427 355 620 425 707 464 245 874 
1065 1219 770 273 845 449 278 790 328 
1487 459 975 728 639 589 745 516 576 
468 705 493 631 447 515 501 509 427 
1335 916 573 439 363 440 250 423 630 
1164 381 492 430 286 627 358 300 838 
1499 464 479 384 458 745 698 571 240 
662 1205 1084 478 525 242 613 581 301 
751 1173 472 814 378 306 431 740 706 
1270 785 583 633 602 629 577 365 247 
465 868 677 259 507 599 414 384 829 
795 960 848 1029 551 594 416 338 363 
1512 537 388 940 714 727 529 664 272 
822 651 976 319 798 330 241 507 279 
1045 1048 788 407 706 510 528 523 634 
1255 1193 1194 392 550 479 346 385 685 
1360 921 718 337 869 784 561 613 835 
1207 645 1021 351 420 670 219 224 486 
543 907 1057 605 235 696 607 791 271 
767 571 961 674 389 652 388 533 274 
1445 1144 1150 343 325 796 674 210 321 
1518 1248 309 791 899 501 306 258 441 
753 633 558 881 809 548 454 758 838 
596 821 1149 309 499 409 298 276 550 
988 808 446 328 277 314 299 511 641 
988 438 499 733 807 811 394 766 576 
974 517 1163 864 837 599 321 571 487 
1534 875 568 544 710 709 352 716 603 
611 356 676 998 297 647 342 557 555 
1177 404 925 269 469 722 312 474 451 
1026 789 647 831 733 609 393 312 531 
841 560 1062 373 899 463 365 730 549 
1238 1199 464 414 545 283 798 662 451 
1553 1168 989 389 431 351 741 604 386 
867 922 671 747 602 572 792 217 567 
499 845 896 364 716 294 386 294 372 
475 925 967 556 755 389 306 289 376 
759 1351 336 898 401 530 668 285 478 
821 465 926 961 362 590 661 640 538 
1541 762 348 494 759 503 230 637 347 
1001 1051 1036 737 464 688 259 450 234 
798 680 812 675 858 818 362 260 227 
1045 837 677 844 528 221 589 356 791 
618 1020 818 821 392 743 652 506 661 
452 378 764 344 563 410 751 351 520 
1221 414 1189 360 316 688 561 374 259 
626 753 572 577 803 689 325 784 349 
766 819 786 967 712 520 315 545 867 
1343 825 695 404 445 741 596 694 242 
965 497 374 946 662 371 250 814 533 
942 381 787 850 817 628 236 439 789 
941 1036 525 1028 379 590 365 800 867 
918 903 590 859 343 539 701 247 600 
920 1092 974 660 625 647 498 659 607 
484 633 945 995 842 550 286 224 313 
1471 1331 915 665 290 647 561 247 677 
647 546 320 878 403 316 220 588 892 
869 1031 1040 705 673 539 555 614 427 
1357 1201 588 411 697 500 753 781 334 
808 1205 1048 545 737 812 581 727 654 
1283 830 485 649 662 691 372 672 640 
676 851 962 520 764 284 280 373 410 
1474 440 1155 716 803 498 287 714 356 
1519 921 679 559 900 466 633 624 794 
1597 363 823 347 271 394 556 449 523 
584 847 737 868 636 465 470 597 640 
1053 730 1010 263 870 639 326 480 732 
898 830 515 528 647 684 617 502 803 
1494 1120 325 914 803 486 446 798 491 
875 769 1082 870 398 316 202 561 689 
1033 477 717 980 871 535 646 290 643 
951 1275 994 942 887 720 348 460 892 
1224 440 704 805 438 639 482 359 544 
573 1013 708 284 888 387 734 228 545 
411 400 1072 549 441 553 503 537 685 
1120 569 642 899 403 384 691 263 233 
1009 757 933 318 859 359 671 752 520 
1429 416 539 928 892 771 673 279 751 
1334 1087 1195 734 703 795 309 538 800 
1307 554 965 878 379 610 328 613 534 
1188 1250 709 676 734 302 287 276 302 
1274 970 888 688 890 695 375 794 902 
1330 682 817 995 559 286 314 384 230 
1361 486 964 529 264 423 588 482 759 
1203 892 565 947 334 412 790 606 852 
984 975 564 392 901 631 266 794 709 
