10 11 20
4 10
170 112 130 149 169 187 203 214 222 225 222 
170 149 174 199 225 249 270 286 296 300 296 
170 187 217 249 282 312 338 358 370 375 370 
170 224 261 299 338 374 406 429 444 450 444 
170 262 304 349 395 437 473 501 519 525 519 
170 299 348 399 451 499 541 573 593 600 593 
170 337 391 449 508 562 609 644 667 675 667 
170 374 435 499 564 624 676 716 741 750 741 
170 412 478 549 621 687 744 788 815 825 815 
170 449 522 599 677 749 812 859 889 900 889 
100000 7499 8705 9999 11294 12499 13535 14330 14829 15000 14829 
1250 1129 1000 870 
747 699 645 575 454 465 
743 590 668 547 431 459 
759 708 504 492 544 573 
709 770 599 544 549 527 
602 678 574 586 482 423 
622 664 630 462 523 565 
761 602 658 440 541 510 
739 736 544 538 400 527 
867 705 601 415 560 547 
753 757 573 427 447 517 
