20 6 20
15 100
340 85 96 112 130 149 169 187 203 214 222 225 222 214 203 187 169 150 130 112 96 
340 113 129 149 174 199 225 249 270 286 296 300 296 286 270 250 225 200 174 150 129 
340 141 161 187 217 249 282 312 338 358 370 375 370 358 338 312 282 250 217 187 161 
340 170 193 224 261 299 338 374 406 429 444 450 444 429 406 375 338 300 261 225 193 
340 198 226 262 304 349 395 437 473 501 519 525 519 501 473 437 395 350 304 262 226 
100000 5669 6464 7499 8705 9999 11294 12499 13535 14330 14829 15000 14829 14330 13535 12500 11294 10000 8705 7500 6464 
1433 1353 1250 1129 1000 870 750 646 566 517 500 517 566 646 749 
856 1004 1130 1219 1354 
859 965 1135 1303 1295 
875 1036 1124 1199 1382 
875 990 1162 1215 1335 
860 974 1148 1269 1363 
897 1029 1095 1187 1374 
897 1026 1178 1310 1367 
880 1047 1084 1234 1320 
908 968 1109 1261 1303 
893 1039 1142 1203 1403 
852 964 1136 1303 1393 
861 966 1079 1250 1291 
872 971 1073 1264 1380 
883 1020 1164 1226 1295 
854 1001 1088 1207 1305 
845 1041 1147 1277 1371 
851 1029 1117 1192 1371 
841 1004 1113 1290 1411 
904 979 1126 1239 1357 
893 1027 1178 1241 1386 
874 1044 1153 1294 1374 
862 1006 1170 1211 1336 
847 972 1154 1280 1389 
839 959 1093 1189 1286 
906 961 1139 1283 1317 
902 978 1100 1279 1394 
881 1017 1149 1249 1288 
887 957 1176 1229 1286 
855 1006 1095 1297 1392 
869 1034 1171 1243 1325 
828 1014 1098 1300 1352 
878 964 1105 1298 1416 
883 1031 1109 1212 1377 
877 990 1100 1241 1323 
866 993 1146 1309 1297 
906 975 1115 1224 1419 
838 1039 1081 1241 1296 
844 1018 1098 1252 1350 
886 1015 1078 1205 1394 
849 995 1088 1283 1364 
850 1017 1084 1225 1348 
868 960 1127 1237 1337 
913 1010 1135 1248 1347 
859 970 1124 1245 1356 
883 982 1153 1301 1412 
873 1005 1086 1303 1317 
889 1013 1136 1298 1382 
837 953 1185 1206 1365 
910 955 1077 1210 1300 
886 962 1106 1293 1390 
859 1012 1160 1292 1387 
840 1027 1110 1222 1343 
911 950 1139 1208 1392 
851 1041 1152 1262 1364 
903 959 1086 1253 1386 
872 964 1089 1282 1406 
887 1029 1089 1193 1304 
835 980 1146 1249 1350 
906 963 1118 1271 1341 
895 1035 1165 1259 1319 
858 986 1142 1272 1362 
874 1015 1158 1312 1376 
894 1019 1174 1288 1389 
883 1040 1104 1259 1356 
871 1001 1140 1259 1293 
877 1046 1177 1209 1295 
892 977 1128 1258 1347 
904 993 1123 1251 1337 
909 962 1106 1196 1300 
883 990 1143 1219 1374 
869 1022 1151 1258 1379 
861 1018 1088 1278 1408 
880 967 1158 1268 1305 
872 968 1084 1228 1305 
853 971 1101 1247 1308 
848 991 1160 1244 1355 
853 1009 1152 1195 1338 
857 1028 1141 1192 1403 
906 1034 1128 1298 1298 
877 992 1144 1224 1358 
855 966 1096 1242 1307 
896 1045 1103 1235 1315 
876 970 1089 1257 1365 
843 989 1095 1271 1358 
900 988 1121 1279 1370 
874 999 1145 1239 1340 
829 977 1184 1264 1373 
876 1034 1099 1304 1292 
832 1013 1135 1302 1402 
836 972 1137 1188 1286 
860 1039 1159 1234 1412 
862 978 1082 1300 1383 
841 994 1110 1214 1326 
845 974 1125 1248 1292 
836 982 1180 1216 1352 
847 996 1172 1239 1362 
911 977 1089 1274 1349 
883 1027 1131 1213 1288 
870 955 1151 1243 1402 
837 1027 1101 1294 1331 
