50 6 20
16 50
340 96 112 130 149 169 187 203 214 222 225 222 214 203 187 169 150 130 112 96 85 77 75 77 85 96 112 130 149 169 187 203 214 222 225 222 214 203 187 169 150 130 112 96 85 77 75 77 85 96 112 
340 129 149 174 199 225 249 270 286 296 300 296 286 270 250 225 200 174 150 129 113 103 100 103 113 129 149 174 199 225 249 270 286 296 300 296 286 270 250 225 200 174 150 129 113 103 100 103 113 129 149 
340 161 187 217 249 282 312 338 358 370 375 370 358 338 312 282 250 217 187 161 141 129 125 129 141 161 187 217 249 282 312 338 358 370 375 370 358 338 312 282 250 217 187 161 141 129 125 129 141 161 187 
340 193 224 261 299 338 374 406 429 444 450 444 429 406 375 338 300 261 225 193 170 155 150 155 170 193 224 261 299 338 374 406 429 444 450 444 429 406 375 338 300 261 225 193 170 155 150 155 170 193 224 
340 226 262 304 349 395 437 473 501 519 525 519 501 473 437 395 350 304 262 226 198 180 175 180 198 226 262 304 349 395 437 473 501 519 525 519 501 473 437 395 350 304 262 226 198 180 175 180 198 226 262 
100000 6464 7499 8705 9999 11294 12499 13535 14330 14829 15000 14829 14330 13535 12500 11294 10000 8705 7500 6464 5669 5170 5000 5170 5669 6464 7499 8705 9999 11294 12499 13535 14330 14829 15000 14829 14330 13535 12500 11294 10000 8705 7500 6464 5669 5170 5000 5170 5669 6464 7499 
1353 1250 1129 1000 870 750 646 566 517 500 517 566 646 749 870 999 
1170 1279 1321 1366 1531 1461 1525 1461 1420 1261 1086 1029 892 723 623 551 509 512 542 544 627 734 842 1039 1131 1200 1315 1487 1473 1427 1485 1482 1316 1192 
1073 1246 1377 1451 1457 1474 1445 1453 1401 1200 1076 1018 861 769 630 548 493 502 503 579 671 723 871 954 1178 1223 1321 1409 1433 1559 1474 1361 1295 1191 
1176 1275 1331 1504 1421 1554 1453 1436 1302 1229 1158 1009 862 748 655 586 504 492 509 590 648 727 835 1049 1101 1195 1414 1443 1524 1513 1454 1493 1371 1300 
1097 1217 1370 1450 1426 1555 1460 1479 1395 1278 1134 968 911 723 653 592 497 496 526 595 628 728 869 1020 1077 1194 1348 1486 1450 1454 1467 1402 1365 1306 
1183 1235 1376 1474 1487 1495 1461 1434 1338 1299 1181 993 836 775 670 550 494 521 518 539 646 741 901 1036 1151 1311 1321 1472 1445 1497 1451 1410 1313 1275 
1078 1283 1413 1386 1470 1517 1499 1405 1320 1255 1074 1045 878 725 659 573 542 490 507 584 616 776 882 971 1102 1236 1379 1464 1465 1425 1457 1393 1293 1204 
1111 1244 1316 1374 1537 1459 1440 1380 1294 1291 1122 1006 882 766 629 587 512 489 512 551 641 778 827 1014 1153 1290 1305 1482 1463 1529 1440 1372 1412 1237 
1101 1226 1391 1439 1542 1533 1478 1445 1394 1309 1167 956 886 731 661 577 494 501 499 561 673 785 891 971 1081 1202 1324 1496 1523 1516 1470 1462 1307 1311 
1178 1218 1304 1456 1544 1564 1451 1409 1321 1252 1118 1045 889 751 631 575 539 492 499 574 659 780 903 993 1075 1300 1378 1447 1547 1522 1535 1389 1405 1237 
1120 1207 1358 1386 1515 1561 1534 1369 1318 1216 1101 1036 873 776 663 557 522 514 541 566 646 768 869 1010 1144 1282 1302 1377 1474 1475 1433 1388 1420 1219 
1182 1215 1304 1408 1479 1537 1515 1392 1377 1235 1139 1019 885 716 669 559 511 484 496 557 649 723 828 1013 1080 1259 1320 1385 1447 1555 1528 1482 1323 1258 
1164 1256 1287 1470 1424 1558 1532 1412 1335 1199 1145 984 846 727 632 582 492 516 495 581 676 759 855 959 1169 1284 1373 1476 1489 1522 1413 1404 1315 1298 
1105 1231 1336 1371 1411 1522 1414 1409 1368 1199 1155 1043 866 760 672 551 536 511 506 593 674 737 827 1010 1157 1243 1364 1397 1444 1440 1417 1501 1299 1296 
1097 1238 1419 1463 1553 1427 1483 1407 1304 1196 1089 1025 870 774 660 565 520 512 511 569 658 745 911 984 1076 1196 1339 1397 1445 1548 1442 1470 1294 1240 
1183 1261 1391 1375 1439 1441 1543 1497 1296 1277 1172 980 858 747 618 589 525 503 497 561 657 722 891 986 1126 1265 1411 1470 1466 1510 1413 1427 1380 1305 
1102 1297 1362 1454 1443 1539 1476 1458 1322 1272 1132 979 895 726 625 587 529 524 501 569 629 731 903 1017 1124 1246 1327 1493 1554 1532 1454 1361 1349 1188 
1119 1214 1289 1436 1547 1485 1429 1403 1410 1269 1121 972 901 746 624 593 536 496 531 576 648 748 862 1047 1145 1255 1351 1392 1476 1514 1504 1426 1357 1211 
1175 1202 1374 1396 1434 1552 1436 1405 1343 1246 1079 1046 850 751 675 576 511 496 531 576 650 761 831 975 1166 1293 1318 1383 1449 1508 1510 1366 1314 1219 
1096 1206 1323 1416 1550 1443 1546 1394 1371 1266 1089 965 886 736 661 547 515 499 540 550 623 785 828 984 1101 1273 1291 1503 1499 1472 1411 1433 1375 1272 
1137 1223 1396 1370 1528 1522 1541 1398 1298 1276 1104 996 848 737 671 584 532 509 516 578 665 731 872 1032 1169 1284 1420 1460 1423 1463 1492 1496 1340 1222 
1112 1209 1372 1465 1500 1463 1501 1415 1412 1226 1082 979 899 714 650 568 524 502 521 538 651 768 901 976 1130 1300 1415 1472 1545 1528 1456 1423 1296 1264 
1156 1222 1293 1452 1480 1527 1525 1385 1297 1212 1132 968 905 744 623 578 520 517 511 554 638 725 896 1030 1164 1204 1312 1395 1424 1451 1484 1450 1303 1311 
1176 1311 1370 1434 1551 1486 1533 1371 1378 1300 1151 1000 865 747 653 588 512 515 542 569 642 737 879 978 1111 1249 1387 1397 1425 1504 1491 1417 1340 1251 
1098 1196 1359 1437 1504 1538 1480 1419 1294 1209 1074 969 856 715 651 557 516 513 493 567 678 712 893 1049 1127 1284 1330 1471 1478 1550 1431 1501 1379 1305 
1140 1201 1356 1499 1493 1498 1457 1392 1324 1235 1078 963 849 743 670 571 497 498 508 589 637 774 890 968 1136 1295 1294 1438 1453 1541 1500 1365 1305 1288 
1094 1217 1294 1440 1412 1539 1504 1447 1394 1283 1109 973 859 716 626 561 530 497 515 577 623 733 844 993 1098 1255 1344 1487 1535 1511 1435 1418 1301 1308 
1134 1262 1412 1397 1476 1501 1460 1423 1300 1259 1120 1012 891 762 617 593 537 519 521 549 651 726 878 1025 1142 1293 1345 1388 1507 1536 1478 1415 1295 1215 
1075 1251 1292 1485 1432 1491 1466 1473 1377 1195 1097 1014 892 758 676 555 500 494 492 590 644 781 859 1034 1146 1286 1358 1474 1429 1507 1433 1446 1352 1272 
1154 1252 1345 1499 1473 1547 1413 1429 1289 1292 1085 986 861 741 627 579 533 502 539 572 660 759 912 1017 1151 1260 1385 1419 1529 1500 1521 1398 1387 1240 
1084 1310 1420 1395 1493 1471 1492 1481 1298 1196 1122 975 843 736 626 541 530 487 496 568 622 748 828 977 1140 1275 1350 1406 1478 1436 1462 1448 1391 1234 
1101 1210 1369 1414 1435 1474 1467 1422 1390 1257 1174 1021 862 750 642 545 515 500 492 547 634 718 893 955 1083 1310 1350 1407 1522 1456 1531 1478 1405 1236 
1153 1287 1312 1375 1471 1567 1492 1441 1324 1281 1142 961 842 736 627 544 533 475 513 557 678 780 830 958 1169 1252 1305 1426 1454 1552 1413 1389 1367 1197 
1175 1189 1326 1363 1475 1441 1488 1452 1420 1204 1176 1033 846 743 669 580 497 498 531 570 627 770 904 1003 1143 1269 1287 1483 1454 1503 1447 1368 1363 1195 
1170 1293 1357 1456 1416 1559 1508 1496 1324 1243 1167 968 892 735 622 538 508 482 537 582 621 755 856 974 1124 1194 1390 1488 1540 1556 1470 1401 1379 1249 
1114 1220 1348 1422 1518 1573 1508 1478 1402 1279 1104 957 842 751 650 575 540 496 503 550 636 765 902 1001 1184 1237 1406 1372 1505 1551 1417 1486 1286 1255 
1140 1244 1322 1481 1431 1487 1495 1499 1349 1279 1179 1024 837 779 654 578 502 491 527 576 626 724 911 1028 1173 1251 1343 1503 1551 1532 1549 1466 1357 1255 
1105 1204 1358 1446 1519 1481 1491 1406 1296 1246 1114 1005 882 718 628 549 513 514 495 579 625 736 892 988 1173 1196 1302 1452 1434 1523 1486 1450 1393 1264 
1112 1252 1362 1372 1410 1452 1439 1444 1336 1204 1099 1021 882 739 648 589 539 516 521 590 647 731 839 1002 1184 1193 1302 1466 1420 1566 1523 1378 1397 1215 
1156 1281 1352 1372 1543 1434 1548 1362 1296 1224 1081 1028 909 775 668 589 523 477 517 595 630 777 888 973 1152 1309 1410 1376 1431 1511 1547 1441 1341 1272 
1175 1194 1387 1503 1495 1480 1455 1383 1334 1280 1139 1012 881 730 624 584 501 518 504 580 623 737 854 1048 1182 1195 1401 1362 1461 1461 1439 1469 1335 1251 
1101 1255 1359 1397 1492 1452 1487 1481 1335 1225 1167 1046 874 777 634 562 500 517 538 555 664 784 861 960 1156 1254 1351 1479 1441 1490 1439 1392 1409 1310 
1159 1257 1408 1486 1535 1431 1429 1367 1384 1195 1144 1000 898 758 614 540 507 521 514 578 649 777 885 986 1123 1274 1287 1474 1553 1464 1437 1458 1411 1189 
1174 1226 1395 1456 1518 1440 1450 1410 1381 1258 1169 1018 885 724 639 590 495 504 493 556 643 773 833 960 1142 1248 1345 1372 1486 1434 1470 1389 1361 1212 
1084 1231 1416 1481 1435 1494 1486 1435 1395 1218 1082 974 904 766 675 572 525 514 536 552 673 722 872 1027 1139 1244 1327 1460 1460 1503 1465 1475 1372 1199 
1138 1272 1401 1495 1457 1486 1450 1401 1305 1236 1104 1019 895 735 644 592 526 484 504 578 659 749 882 1001 1176 1214 1360 1398 1457 1572 1492 1394 1330 1210 
1120 1201 1396 1488 1420 1433 1512 1473 1386 1191 1159 1039 885 773 653 551 495 504 522 544 614 767 887 985 1137 1251 1397 1392 1443 1492 1543 1500 1386 1210 
1091 1210 1318 1394 1494 1528 1437 1468 1362 1200 1159 1020 855 713 620 562 497 505 509 591 674 782 885 972 1159 1257 1316 1471 1409 1541 1466 1387 1420 1204 
1076 1285 1362 1432 1446 1534 1454 1405 1342 1231 1130 984 893 759 654 576 518 487 538 589 668 728 872 1016 1110 1257 1319 1420 1505 1574 1474 1385 1410 1194 
1120 1271 1322 1459 1497 1491 1488 1473 1392 1197 1094 1003 910 749 653 549 537 486 531 543 674 770 875 1003 1102 1286 1358 1410 1417 1469 1496 1462 1405 1283 
1107 1209 1354 1369 1445 1481 1519 1387 1323 1222 1122 1039 905 758 619 542 538 492 505 580 623 768 880 1043 1160 1286 1408 1381 1551 1538 1504 1426 1305 1263 
