20 11 20
7 100
170 75 77 85 96 112 130 149 169 187 203 214 222 225 222 214 203 187 169 150 130 
170 100 103 113 129 149 174 199 225 249 270 286 296 300 296 286 270 250 225 200 174 
170 125 129 141 161 187 217 249 282 312 338 358 370 375 370 358 338 312 282 250 217 
170 150 155 170 193 224 261 299 338 374 406 429 444 450 444 429 406 375 338 300 261 
170 175 180 198 226 262 304 349 395 437 473 501 519 525 519 501 473 437 395 350 304 
170 200 206 226 258 299 348 399 451 499 541 573 593 600 593 573 541 500 451 400 348 
170 225 232 255 290 337 391 449 508 562 609 644 667 675 667 644 609 562 508 450 391 
170 250 258 283 323 374 435 499 564 624 676 716 741 750 741 716 676 625 564 500 435 
170 275 284 311 355 412 478 549 621 687 744 788 815 825 815 788 744 687 621 550 478 
170 300 310 340 387 449 522 599 677 749 812 859 889 900 889 859 812 750 677 600 522 
100000 5000 5170 5669 6464 7499 8705 9999 11294 12499 13535 14330 14829 15000 14829 14330 13535 12500 11294 10000 8705 
1499 1482 1433 1353 1250 1129 1000 
873 744 668 550 492 483 516 589 614 724 868 1037 1095 
854 740 655 594 513 488 494 585 650 738 829 959 1147 
908 768 633 568 507 502 510 539 631 765 835 992 1136 
857 737 617 555 531 518 539 563 628 787 883 991 1137 
853 734 677 590 532 493 511 566 618 776 844 1042 1112 
840 728 629 562 491 499 523 540 641 768 870 1032 1118 
892 764 649 570 516 489 510 575 641 720 853 1022 1170 
857 725 633 562 503 507 493 581 628 744 854 1039 1143 
830 732 655 563 524 513 540 586 617 764 885 979 1128 
833 725 675 551 517 511 536 576 641 787 843 1039 1129 
849 745 650 584 495 483 529 548 676 736 903 964 1120 
851 742 624 562 494 477 495 560 656 767 837 1012 1180 
876 781 658 556 503 521 503 539 627 716 836 1036 1074 
852 782 629 540 530 487 516 591 654 741 859 992 1107 
911 733 640 567 509 518 537 568 673 786 846 983 1126 
861 765 661 579 501 482 512 539 653 755 905 973 1159 
866 743 642 558 541 496 519 579 632 731 914 969 1139 
838 777 644 591 506 522 511 563 652 742 869 1047 1172 
900 727 676 538 539 488 505 560 657 748 914 979 1122 
888 781 647 584 536 504 525 563 666 777 912 1033 1093 
883 748 636 589 528 508 507 545 653 753 878 950 1090 
831 742 652 583 531 510 534 555 616 733 845 1029 1094 
847 783 617 549 520 486 524 558 644 743 841 982 1131 
898 780 623 548 532 490 515 546 668 758 902 965 1132 
905 725 621 584 495 516 521 575 672 733 896 987 1145 
848 742 673 565 542 514 497 550 644 740 857 992 1106 
881 768 656 575 503 478 524 587 630 761 851 1034 1134 
870 741 629 559 532 518 506 566 618 737 862 1013 1088 
898 734 652 549 525 515 534 547 623 736 842 1004 1181 
882 774 616 550 518 518 540 588 652 738 831 996 1153 
898 744 670 589 534 493 494 567 675 762 886 1035 1183 
849 729 622 589 539 510 524 550 655 759 855 953 1110 
848 750 617 593 522 516 500 559 660 741 858 1014 1092 
834 735 615 570 537 496 522 539 644 718 830 971 1138 
911 745 633 581 505 512 534 580 676 771 861 955 1080 
837 781 640 560 498 494 494 550 634 777 910 1031 1082 
881 770 617 567 507 513 539 584 674 743 869 968 1122 
879 775 616 589 537 510 529 541 619 737 858 1041 1144 
909 744 656 577 541 520 496 573 673 774 851 963 1083 
864 727 678 556 516 491 494 573 656 726 910 956 1088 
836 718 667 549 537 475 518 546 640 735 911 1017 1130 
882 749 634 587 500 510 507 581 634 722 853 975 1143 
867 776 631 591 532 479 521 579 661 773 870 1006 1147 
827 720 656 543 505 516 521 554 625 733 911 971 1171 
847 732 614 547 512 495 531 551 621 759 851 966 1120 
906 719 664 584 528 514 516 550 622 773 912 952 1105 
873 743 627 551 507 514 501 584 661 743 871 964 1090 
889 766 671 573 534 477 498 550 678 779 913 956 1170 
882 769 669 560 493 508 502 589 667 730 904 966 1099 
831 775 630 575 498 496 521 593 660 759 859 984 1124 
878 763 666 540 510 487 529 546 624 745 898 1028 1074 
855 766 670 541 511 517 498 570 661 749 850 1012 1125 
894 726 669 590 526 503 539 563 650 754 853 1011 1116 
868 779 643 550 527 490 505 539 652 723 844 1004 1113 
900 768 620 542 492 490 491 563 651 744 903 1023 1097 
840 722 638 547 530 519 519 561 615 715 885 974 1087 
849 747 660 579 531 477 509 539 615 756 836 993 1126 
893 767 661 552 533 504 497 564 638 786 858 954 1159 
852 724 624 594 523 480 515 548 648 739 913 1018 1129 
837 733 649 570 516 524 515 541 646 751 850 990 1181 
867 755 648 589 496 479 510 548 635 715 830 983 1093 
909 755 674 571 532 493 516 560 626 736 865 982 1078 
907 729 675 546 506 505 492 542 631 765 896 959 1146 
891 736 634 580 528 491 524 542 649 780 828 1032 1113 
850 743 647 576 502 475 517 553 629 719 831 987 1075 
829 740 678 556 540 495 534 586 641 765 828 986 1153 
864 763 634 544 510 518 511 576 646 773 858 1048 1143 
895 754 636 580 536 487 530 581 664 735 865 957 1170 
878 714 658 587 500 483 506 546 622 777 854 1044 1142 
828 776 674 563 527 518 536 569 661 755 839 1001 1141 
832 781 674 588 509 499 502 589 620 765 842 1016 1135 
834 757 629 573 511 491 497 558 638 719 827 1003 1114 
853 763 618 565 520 477 522 547 663 731 840 1024 1113 
905 717 668 547 512 488 492 594 628 787 902 987 1095 
830 777 674 583 522 475 512 551 671 752 840 1017 1126 
829 779 619 572 493 505 491 566 642 747 845 1023 1161 
870 783 669 584 493 480 497 564 648 716 900 986 1176 
910 784 637 592 496 496 540 586 646 712 835 1002 1104 
909 748 670 566 516 504 507 572 637 756 835 979 1080 
875 747 672 575 534 491 496 561 634 761 836 1049 1093 
882 732 675 593 524 517 529 582 653 730 851 1043 1141 
868 738 636 583 531 501 537 551 649 730 888 1015 1122 
877 720 669 568 510 514 528 576 627 719 869 1044 1172 
830 744 619 540 528 498 541 561 621 774 840 989 1135 
853 732 643 541 507 493 493 581 627 734 871 1022 1080 
883 771 628 566 539 481 530 565 625 784 840 1049 1137 
900 767 639 576 531 524 500 563 673 773 848 1039 1137 
886 731 642 541 530 478 527 588 644 722 847 1044 1109 
865 737 641 584 504 517 525 590 622 721 827 1045 1100 
875 782 665 585 521 484 523 568 619 741 873 1013 1181 
908 731 665 558 517 521 513 590 618 757 849 998 1140 
844 724 672 573 521 520 499 570 653 782 881 961 1144 
877 746 653 566 495 479 522 560 670 782 889 1013 1077 
906 764 663 539 503 480 541 541 615 740 855 1003 1179 
876 767 670 582 531 482 534 587 647 784 849 990 1158 
828 764 657 548 508 491 536 559 672 748 911 987 1126 
903 717 631 595 514 507 511 566 643 742 901 1044 1162 
888 762 619 562 531 499 521 571 637 730 893 1033 1181 
859 783 651 573 505 513 498 550 645 768 910 962 1103 
831 783 643 551 498 517 516 554 669 739 888 960 1179 
