20 6 20
11 50
340 150 130 112 96 85 77 75 77 85 96 112 130 149 169 187 203 214 222 225 222 
340 200 174 150 129 113 103 100 103 113 129 149 174 199 225 249 270 286 296 300 296 
340 250 217 187 161 141 129 125 129 141 161 187 217 249 282 312 338 358 370 375 370 
340 300 261 225 193 170 155 150 155 170 193 224 261 299 338 374 406 429 444 450 444 
340 350 304 262 226 198 180 175 180 198 226 262 304 349 395 437 473 501 519 525 519 
100000 10000 8705 7500 6464 5669 5170 5000 5170 5669 6464 7499 8705 9999 11294 12499 13535 14330 14829 15000 14829 
1000 1129 1249 1353 1433 1482 1499 1482 1433 1353 1250 
1103 1493 1220 842 736 444 458 673 538 
1331 1139 535 681 579 371 323 559 499 
1365 1242 1322 431 834 823 398 322 421 
1448 1278 1312 551 653 335 802 481 339 
1355 696 534 669 276 644 819 578 387 
967 1486 808 774 746 522 573 311 431 
1750 695 684 557 475 735 311 452 613 
1644 661 625 455 347 469 665 685 700 
712 1131 384 967 353 649 371 332 380 
546 461 1163 1125 263 443 764 401 713 
1152 1495 1358 641 268 373 620 518 563 
674 1423 396 571 797 600 745 690 259 
1744 1342 449 1076 731 429 680 382 687 
1637 620 873 383 508 380 501 286 514 
470 725 1385 352 666 614 387 506 438 
1395 483 570 850 703 762 587 755 544 
1443 894 380 785 553 810 599 543 703 
1702 1351 368 920 691 256 608 287 667 
575 1453 1156 813 616 388 329 236 774 
1089 1112 1332 1194 481 453 269 517 334 
889 1526 832 720 366 454 718 488 551 
1059 643 1169 792 314 606 815 425 676 
1434 1115 1231 682 603 483 401 620 370 
1748 1082 1029 437 544 334 329 314 445 
797 1438 502 418 776 324 401 785 259 
623 914 470 425 795 252 762 437 771 
632 688 1241 1120 579 403 245 765 216 
1041 895 1188 346 546 746 465 682 574 
1700 1254 1305 609 351 623 473 718 251 
585 1596 456 927 813 318 424 258 636 
1597 1301 1294 700 608 333 568 214 826 
878 1301 854 350 898 346 405 361 745 
1096 1253 871 432 380 761 773 217 250 
1307 1384 708 1097 456 686 718 597 346 
466 1155 484 495 805 871 684 295 445 
636 717 582 613 542 533 437 682 351 
911 1192 1204 593 494 258 691 319 229 
1673 1288 1103 623 991 543 388 493 725 
1212 1415 1228 411 640 346 818 665 734 
1125 1369 374 946 825 591 655 479 512 
1335 1530 1211 512 516 248 576 516 515 
1611 1363 1318 353 590 688 472 476 612 
851 1526 459 677 406 750 691 631 730 
1262 1161 417 591 933 798 758 790 281 
1164 563 888 450 292 775 350 598 337 
1308 1462 1351 824 742 860 679 419 637 
1133 1038 423 388 1030 316 509 726 566 
1325 478 408 750 928 457 704 497 463 
1040 684 533 1172 478 351 659 528 602 
1121 1309 688 722 439 661 813 711 455 
