20 11 20
11 50
170 112 96 85 77 75 77 85 96 112 130 149 169 187 203 214 222 225 222 214 203 
170 150 129 113 103 100 103 113 129 149 174 199 225 249 270 286 296 300 296 286 270 
170 187 161 141 129 125 129 141 161 187 217 249 282 312 338 358 370 375 370 358 338 
170 225 193 170 155 150 155 170 193 224 261 299 338 374 406 429 444 450 444 429 406 
170 262 226 198 180 175 180 198 226 262 304 349 395 437 473 501 519 525 519 501 473 
170 300 258 226 206 200 206 226 258 299 348 399 451 499 541 573 593 600 593 573 541 
170 337 290 255 232 225 232 255 290 337 391 449 508 562 609 644 667 675 667 644 609 
170 375 323 283 258 250 258 283 323 374 435 499 564 624 676 716 741 750 741 716 676 
170 412 355 311 284 275 284 311 355 412 478 549 621 687 744 788 815 825 815 788 744 
170 450 387 340 310 300 310 340 387 449 522 599 677 749 812 859 889 900 889 859 812 
100000 7500 6464 5669 5170 5000 5170 5669 6464 7499 8705 9999 11294 12499 13535 14330 14829 15000 14829 14330 13535 
1249 1353 1433 1482 1499 1482 1433 1353 1250 1129 1000 
685 748 341 620 606 421 722 803 388 
1271 1074 714 788 318 470 528 569 1012 
1228 550 827 805 349 721 342 264 509 
743 805 798 610 633 203 750 642 557 
936 938 404 649 423 607 748 289 631 
672 1144 956 485 607 699 512 789 617 
750 671 726 711 422 234 246 343 527 
542 755 830 810 446 583 430 415 424 
388 368 808 386 766 264 534 686 1007 
872 616 970 843 376 487 535 296 664 
782 379 309 564 554 484 464 268 771 
1273 936 693 315 382 202 526 771 620 
853 431 445 588 803 312 329 842 775 
1337 548 784 291 268 466 498 441 388 
827 776 677 342 706 369 408 495 446 
435 513 862 600 414 399 732 614 834 
647 927 367 837 530 791 212 842 398 
760 586 489 419 532 661 781 846 823 
393 362 851 764 568 477 791 903 510 
849 550 624 548 319 246 435 850 596 
981 968 552 810 316 625 760 741 381 
1139 916 905 753 669 257 721 240 660 
963 1073 684 656 495 581 746 314 552 
672 921 943 383 301 663 460 607 858 
471 916 1025 314 731 734 745 235 719 
949 888 448 772 327 298 400 704 649 
640 867 547 750 321 313 642 407 847 
1155 832 274 353 506 355 397 499 871 
1363 1019 609 782 241 749 440 286 679 
636 915 606 406 684 225 446 751 404 
618 723 959 828 296 270 425 539 545 
778 367 961 831 334 728 330 251 412 
414 1024 949 380 448 239 820 559 505 
1323 1199 970 750 220 459 454 437 611 
1391 389 309 533 632 548 365 332 398 
1332 874 763 695 639 642 598 765 737 
569 940 561 398 310 702 432 453 873 
1137 311 890 328 225 741 658 537 693 
538 842 812 276 811 591 221 606 995 
818 677 351 667 405 557 331 683 372 
692 903 504 796 813 627 683 329 936 
360 665 338 887 332 422 630 620 273 
1329 377 675 342 718 313 621 460 1027 
849 1061 545 278 316 527 807 235 821 
545 356 989 522 301 286 223 512 860 
1006 512 742 361 640 624 262 499 705 
1171 512 460 715 408 403 819 835 511 
1328 994 728 613 448 201 716 392 481 
1259 763 454 885 673 766 349 783 366 
517 1097 721 601 649 670 523 359 261 
