50 6 20
26 10
340 85 96 112 130 149 169 187 203 214 222 225 222 214 203 187 169 150 130 112 96 85 77 75 77 85 96 112 130 149 169 187 203 214 222 225 222 214 203 187 169 150 130 112 96 85 77 75 77 85 96 
340 113 129 149 174 199 225 249 270 286 296 300 296 286 270 250 225 200 174 150 129 113 103 100 103 113 129 149 174 199 225 249 270 286 296 300 296 286 270 250 225 200 174 150 129 113 103 100 103 113 129 
340 141 161 187 217 249 282 312 338 358 370 375 370 358 338 312 282 250 217 187 161 141 129 125 129 141 161 187 217 249 282 312 338 358 370 375 370 358 338 312 282 250 217 187 161 141 129 125 129 141 161 
340 170 193 224 261 299 338 374 406 429 444 450 444 429 406 375 338 300 261 225 193 170 155 150 155 170 193 224 261 299 338 374 406 429 444 450 444 429 406 375 338 300 261 225 193 170 155 150 155 170 193 
340 198 226 262 304 349 395 437 473 501 519 525 519 501 473 437 395 350 304 262 226 198 180 175 180 198 226 262 304 349 395 437 473 501 519 525 519 501 473 437 395 350 304 262 226 198 180 175 180 198 226 
100000 5669 6464 7499 8705 9999 11294 12499 13535 14330 14829 15000 14829 14330 13535 12500 11294 10000 8705 7500 6464 5669 5170 5000 5170 5669 6464 7499 8705 9999 11294 12499 13535 14330 14829 15000 14829 14330 13535 12500 11294 10000 8705 7500 6464 5669 5170 5000 5170 5669 6464 
1433 1353 1250 1129 1000 870 750 646 566 517 500 517 566 646 749 870 999 1129 1249 1353 1433 1482 1499 1482 1433 1353 
1983 1486 1163 506 785 308 531 727 374 707 843 568 1052 778 1166 1499 1066 1649 1423 831 1905 1826 1001 1601 
1079 971 647 933 956 988 508 442 611 564 714 759 1162 1165 830 1761 791 1622 1182 1986 809 1396 1191 1579 
580 1466 691 704 1077 783 285 716 616 478 796 316 813 810 782 1789 898 1454 1993 1344 1376 1706 625 1180 
1170 1448 880 1051 1170 651 812 631 577 711 850 266 1101 511 1539 958 1209 888 2147 1354 1246 1840 838 861 
1768 605 1037 894 829 609 661 419 276 533 406 387 1068 1316 1410 1214 1838 955 800 670 2146 1883 1964 775 
1959 1406 645 426 735 491 850 686 733 574 565 805 1113 965 1545 802 1487 1386 1013 723 756 1538 1597 775 
1969 1018 1121 407 897 602 385 320 674 748 610 404 459 656 634 1393 803 1078 1404 1386 1853 2078 1155 1841 
1713 671 1340 1317 1039 730 232 529 421 590 314 559 342 1228 855 1481 1796 1604 2202 1764 1525 960 872 808 
1903 1301 806 1332 415 607 736 733 613 746 462 1018 348 1304 1071 452 1823 769 1624 755 1663 2230 578 1134 
1216 1736 880 449 674 278 655 578 549 672 233 342 483 525 1282 1130 1632 587 1497 947 1728 1795 1131 723 
