20 11 20
11 50
170 112 130 149 169 187 203 214 222 225 222 214 203 187 169 150 130 112 96 85 77 
170 149 174 199 225 249 270 286 296 300 296 286 270 250 225 200 174 150 129 113 103 
170 187 217 249 282 312 338 358 370 375 370 358 338 312 282 250 217 187 161 141 129 
170 224 261 299 338 374 406 429 444 450 444 429 406 375 338 300 261 225 193 170 155 
170 262 304 349 395 437 473 501 519 525 519 501 473 437 395 350 304 262 226 198 180 
170 299 348 399 451 499 541 573 593 600 593 573 541 500 451 400 348 300 258 226 206 
170 337 391 449 508 562 609 644 667 675 667 644 609 562 508 450 391 337 290 255 232 
170 374 435 499 564 624 676 716 741 750 741 716 676 625 564 500 435 375 323 283 258 
170 412 478 549 621 687 744 788 815 825 815 788 744 687 621 550 478 412 355 311 284 
170 449 522 599 677 749 812 859 889 900 889 859 812 750 677 600 522 450 387 340 310 
100000 7499 8705 9999 11294 12499 13535 14330 14829 15000 14829 14330 13535 12500 11294 10000 8705 7500 6464 5669 5170 
1250 1129 1000 870 750 646 566 517 500 517 566 
754 841 749 932 1305 1076 1260 1173 1345 
683 707 809 1072 1176 1049 1408 1322 1483 
686 756 988 1156 1320 1092 1130 1444 1582 
724 718 1015 842 1277 1312 1264 1407 1282 
751 714 846 1015 1295 1084 1174 1525 1543 
605 751 767 811 1272 1063 1221 1673 1544 
652 698 800 999 1011 1241 1300 1173 1410 
697 885 902 1129 927 1485 1496 1241 1699 
722 671 968 913 1168 1062 1109 1464 1189 
729 648 847 909 1210 1253 1582 1354 1377 
540 867 877 1183 1335 1340 1529 1462 1238 
586 615 747 1098 959 1247 1221 1569 1376 
517 781 881 801 1338 1047 1494 1605 1431 
599 604 801 809 1129 1217 1159 1238 1283 
534 857 961 961 1093 1015 1199 1196 1326 
745 603 989 1168 1294 1154 1164 1489 1397 
573 731 789 829 1333 1223 1095 1299 1554 
715 848 805 1133 1303 1388 1499 1646 1517 
604 763 910 1149 1145 1093 1615 1626 1519 
772 618 991 1097 1308 1337 1557 1360 1738 
669 810 822 837 942 1034 1175 1405 1270 
535 899 848 1146 1196 1350 1609 1433 1484 
619 760 919 920 1007 1356 1576 1434 1361 
612 853 920 843 915 1060 1325 1548 1496 
762 773 942 1032 1255 1193 1347 1338 1213 
651 815 853 886 1218 1202 1574 1607 1490 
735 615 904 1054 1099 1498 1526 1260 1693 
769 732 961 1021 1248 1165 1450 1160 1593 
655 664 990 968 1040 1120 1588 1195 1304 
747 899 956 1157 1341 1329 1610 1692 1480 
563 738 798 887 1051 1187 1370 1399 1349 
644 883 1037 821 1230 1143 1438 1439 1255 
550 629 781 1179 1345 1123 1332 1700 1732 
616 684 842 1164 921 1200 1580 1461 1542 
670 832 859 800 933 1429 1136 1321 1227 
676 605 882 1109 1042 1299 1404 1651 1233 
564 790 1012 1178 1124 1346 1439 1316 1479 
762 840 1043 987 1109 1030 1464 1392 1589 
769 743 939 1079 1216 1128 1513 1368 1639 
608 718 854 970 1125 1263 1436 1324 1505 
724 615 724 992 1273 1312 1590 1594 1495 
547 743 925 1069 1097 1443 1317 1279 1437 
745 753 969 990 1109 1041 1506 1500 1663 
559 847 910 991 930 1323 1529 1250 1674 
542 654 766 1135 1252 1068 1595 1203 1520 
755 760 794 1118 1337 1475 1195 1283 1646 
689 836 914 899 1030 1022 1613 1461 1224 
595 723 908 1176 965 1315 1331 1626 1302 
746 685 1009 983 1151 1274 1351 1170 1229 
519 763 746 1005 1347 1030 1210 1366 1616 
