50 3 20
16 10
850 85 77 75 77 85 96 112 130 149 169 187 203 214 222 225 222 214 203 187 169 150 130 112 96 85 77 75 77 85 96 112 130 149 169 187 203 214 222 225 222 214 203 187 169 150 130 112 96 85 77 
850 113 103 100 103 113 129 149 174 199 225 249 270 286 296 300 296 286 270 250 225 200 174 150 129 113 103 100 103 113 129 149 174 199 225 249 270 286 296 300 296 286 270 250 225 200 174 150 129 113 103 
100000 5669 5170 5000 5170 5669 6464 7499 8705 9999 11294 12499 13535 14330 14829 15000 14829 14330 13535 12500 11294 10000 8705 7500 6464 5669 5170 5000 5170 5669 6464 7499 8705 9999 11294 12499 13535 14330 14829 15000 14829 14330 13535 12500 11294 10000 8705 7500 6464 5669 5170 
1433 1482 1499 1482 1433 1353 1250 1129 1000 870 750 646 566 517 500 517 
346 547 852 1255 708 1632 1195 1437 1764 1578 818 1397 1260 734 1450 1131 1435 1157 1095 277 697 482 413 400 415 775 1022 874 1019 851 1278 1559 701 1640 
540 360 441 1160 1492 1488 875 1692 2133 842 2049 1777 890 1876 1011 1732 1359 658 1127 485 363 612 488 699 865 508 1182 670 1288 1437 1755 595 865 910 
641 504 833 1243 903 839 1485 935 675 1291 638 2029 1021 1322 1305 922 514 827 846 856 892 311 769 641 386 689 714 1109 1247 1433 1150 1637 1203 2329 
777 783 663 789 1254 1100 1629 987 2237 1900 1570 1279 2012 1676 1095 667 1206 476 433 573 717 651 673 359 771 273 543 1025 449 457 544 1683 1358 1112 
738 431 759 648 786 1477 1161 706 1320 1716 1564 1650 2027 673 629 972 1253 450 517 389 229 244 484 333 540 850 1088 628 450 1700 532 2143 1188 1941 
624 898 340 1133 944 1296 1327 796 1540 2364 1151 1269 805 1273 1596 1536 1104 947 370 369 763 274 532 821 848 482 921 890 1103 813 1183 656 1530 2315 
256 754 849 592 1403 1634 1911 1487 1411 1801 1854 1371 1631 605 1893 676 469 465 883 860 339 346 334 582 298 921 1043 1241 1151 685 720 1045 1067 1078 
301 326 821 1033 1344 1475 1912 655 993 1796 808 1145 1490 2002 1744 521 1058 839 535 514 887 502 356 675 233 797 1013 391 600 675 1376 2115 1855 1579 
510 531 581 1008 478 608 1765 1708 1137 729 1965 1387 791 1376 1368 1361 575 489 672 940 889 526 201 793 378 743 771 938 1106 1152 1854 909 1131 1976 
785 295 388 1231 585 905 1537 1793 673 947 1546 1524 1298 669 1206 1046 1481 881 1118 957 402 819 516 729 373 460 1018 528 1076 1688 1439 1703 1797 1588 
