10 6 20
4 100
340 112 130 149 169 187 203 214 222 225 222 
340 149 174 199 225 249 270 286 296 300 296 
340 187 217 249 282 312 338 358 370 375 370 
340 224 261 299 338 374 406 429 444 450 444 
340 262 304 349 395 437 473 501 519 525 519 
100000 7499 8705 9999 11294 12499 13535 14330 14829 15000 14829 
1250 1129 1000 870 
755 655 554 495 486 509 
726 671 555 535 486 538 
782 667 564 516 509 524 
732 622 592 528 515 528 
773 625 561 535 496 504 
756 648 552 526 497 501 
736 649 558 511 515 532 
776 664 539 537 476 500 
785 668 589 493 484 542 
729 617 556 540 489 518 
727 676 541 493 506 494 
724 677 577 510 489 522 
732 670 557 503 510 491 
775 618 589 517 481 504 
719 652 580 539 503 501 
742 657 557 508 490 541 
733 670 592 516 510 514 
783 638 583 511 501 521 
777 638 539 520 521 537 
775 678 580 495 492 495 
724 677 556 500 518 494 
713 623 572 523 523 497 
721 634 560 507 494 497 
772 636 576 500 512 534 
744 667 562 528 499 491 
727 674 567 532 488 500 
723 664 590 492 517 508 
784 640 593 517 511 527 
777 635 549 504 507 519 
737 660 568 517 521 495 
720 672 564 526 518 524 
716 616 588 499 516 535 
720 645 550 498 510 518 
732 652 591 528 488 504 
764 655 547 531 487 525 
785 677 578 503 495 501 
737 675 541 506 480 531 
768 650 557 491 507 506 
716 669 555 527 479 516 
731 649 539 517 510 509 
746 644 582 517 508 516 
745 618 586 524 488 531 
729 629 575 533 488 507 
773 621 547 539 488 516 
765 632 589 517 484 503 
755 642 586 520 481 492 
772 618 540 524 484 497 
732 643 593 494 509 541 
754 633 582 491 495 499 
764 624 594 502 505 531 
720 669 561 530 523 495 
745 616 550 509 513 539 
786 630 552 519 496 530 
718 623 576 507 487 524 
761 674 549 521 475 538 
739 623 540 508 524 531 
727 652 579 507 493 529 
733 661 580 508 522 518 
714 667 545 497 520 499 
753 671 538 520 498 512 
759 640 577 527 502 524 
724 658 583 499 502 535 
718 648 557 516 512 501 
769 617 568 526 487 515 
744 622 567 534 521 512 
738 676 573 504 513 527 
757 660 589 509 514 506 
719 669 566 493 515 511 
725 618 574 541 476 530 
781 641 551 542 507 532 
732 660 578 505 502 512 
740 655 565 515 486 511 
724 678 547 528 480 518 
758 639 540 527 480 511 
787 643 582 539 481 540 
715 632 548 530 502 499 
776 639 585 502 515 530 
736 622 573 528 479 496 
768 630 584 495 482 507 
737 657 551 497 497 528 
777 661 558 494 482 530 
783 619 583 496 479 509 
753 641 559 522 515 511 
778 668 572 511 501 535 
731 649 541 506 518 493 
770 625 591 515 515 496 
717 672 544 505 499 540 
762 628 540 505 511 523 
723 641 542 491 484 497 
786 662 586 519 504 492 
743 650 571 512 509 533 
736 650 545 508 488 524 
779 667 578 498 519 495 
773 654 593 525 515 539 
742 653 567 520 491 539 
778 670 576 538 518 506 
742 669 555 536 516 501 
773 668 585 494 521 529 
723 652 546 534 493 514 
776 619 562 539 500 533 
