10 3 20
6 100
850 75 77 85 96 112 130 149 169 187 203 
850 100 103 113 129 149 174 199 225 249 270 
100000 5000 5170 5669 6464 7499 8705 9999 11294 12499 13535 
1499 1482 1433 1353 1250 1129 
1169 1029 777 533 
920 982 745 652 
1072 969 631 701 
904 943 896 549 
1096 861 620 718 
833 898 659 650 
823 822 876 667 
1131 741 723 685 
908 724 629 737 
898 819 870 754 
1023 707 776 523 
1121 858 650 625 
1137 957 858 635 
837 936 763 544 
956 740 656 648 
1042 1020 664 717 
1106 880 693 637 
1151 804 769 771 
871 959 753 617 
813 903 882 719 
878 1015 612 724 
1067 863 829 612 
1133 748 879 584 
856 961 609 670 
806 779 652 728 
888 827 655 606 
969 720 684 604 
846 812 705 730 
1081 702 667 696 
1149 865 894 689 
823 750 819 735 
861 769 847 762 
886 822 894 720 
957 1027 692 542 
1104 804 796 612 
929 918 687 682 
1143 807 713 518 
1149 1033 652 730 
935 724 754 580 
982 903 721 560 
865 790 709 571 
1041 749 701 724 
904 704 817 759 
804 757 747 716 
1102 799 840 663 
1172 1011 649 554 
1014 727 762 622 
1181 1026 728 525 
896 890 692 753 
862 979 753 643 
1033 1039 878 642 
1052 815 757 581 
829 924 645 561 
956 1042 781 615 
842 892 729 581 
1058 702 717 724 
972 706 637 692 
979 867 873 685 
1191 759 615 622 
1092 781 844 661 
836 804 725 669 
1081 920 602 717 
840 729 639 686 
1050 791 791 569 
922 945 746 582 
1189 856 740 585 
918 982 666 535 
1180 944 787 687 
1071 836 882 662 
961 1042 816 523 
866 873 884 641 
833 1010 704 628 
814 996 721 610 
927 945 884 713 
1191 810 871 730 
811 798 617 771 
920 794 720 721 
849 1007 881 595 
1014 987 754 658 
919 980 767 553 
952 1021 667 696 
864 1032 891 527 
822 818 875 767 
1114 785 621 628 
807 881 846 763 
1037 1014 808 581 
817 811 847 684 
1057 917 639 639 
1077 911 795 751 
910 919 898 642 
865 957 725 718 
859 899 736 609 
992 1023 772 695 
1052 816 861 767 
846 859 661 657 
1035 943 838 522 
1171 980 816 680 
1011 1007 695 759 
1007 909 872 646 
852 1037 853 674 
