50 2 20
16 10
1700 77 85 96 112 130 149 169 187 203 214 222 225 222 214 203 187 169 150 130 112 96 85 77 75 77 85 96 112 130 149 169 187 203 214 222 225 222 214 203 187 169 150 130 112 96 85 77 75 77 85 
100000 5170 5669 6464 7499 8705 9999 11294 12499 13535 14330 14829 15000 14829 14330 13535 12500 11294 10000 8705 7500 6464 5669 5170 5000 5170 5669 6464 7499 8705 9999 11294 12499 13535 14330 14829 15000 14829 14330 13535 12500 11294 10000 8705 7500 6464 5669 5170 5000 5170 5669 
1482 1433 1353 1250 1129 1000 870 750 646 566 517 500 517 566 646 749 
879 1010 1178 1241 1337 1485 1548 1438 1425 1407 1336 1212 1093 961 850 766 675 539 511 502 517 586 637 730 909 1023 1101 1257 1409 1377 1550 1552 1427 1399 
906 985 1140 1235 1333 1436 1440 1539 1416 1429 1358 1215 1124 1017 858 740 631 592 540 514 506 584 640 762 893 992 1096 1212 1396 1361 1461 1571 1464 1366 
830 1034 1089 1212 1338 1441 1549 1454 1436 1427 1303 1251 1086 1021 841 734 639 549 509 490 507 578 654 729 891 995 1118 1208 1407 1446 1474 1543 1477 1461 
886 1025 1125 1305 1301 1362 1555 1430 1472 1441 1287 1235 1161 978 871 771 626 565 500 478 539 564 665 774 884 978 1156 1308 1336 1457 1478 1557 1550 1369 
882 963 1148 1219 1371 1450 1423 1475 1437 1465 1408 1226 1167 1022 833 730 668 592 535 490 515 579 622 748 843 1040 1126 1242 1357 1474 1482 1451 1471 1405 
900 950 1147 1231 1348 1448 1429 1426 1469 1434 1387 1266 1171 1033 872 749 657 579 530 475 539 546 672 725 842 1008 1176 1223 1348 1418 1510 1513 1550 1369 
865 1034 1123 1231 1377 1434 1446 1533 1478 1450 1288 1267 1156 1035 891 738 641 540 532 516 536 568 678 736 895 1021 1142 1218 1374 1376 1470 1562 1440 1384 
877 1025 1185 1244 1355 1434 1415 1462 1491 1400 1339 1201 1133 1005 837 757 616 558 515 508 519 569 620 777 850 994 1170 1304 1386 1477 1414 1554 1550 1392 
879 953 1110 1207 1337 1441 1428 1512 1514 1409 1368 1240 1113 1049 875 767 637 555 517 521 527 539 638 783 847 962 1132 1272 1398 1497 1453 1483 1460 1421 
911 1016 1099 1194 1417 1452 1447 1508 1497 1472 1347 1308 1169 971 878 715 659 584 505 521 515 591 678 764 868 969 1111 1302 1408 1376 1476 1537 1521 1468 
