50 11 20
26 50
170 77 85 96 112 130 149 169 187 203 214 222 225 222 214 203 187 169 150 130 112 96 85 77 75 77 85 96 112 130 149 169 187 203 214 222 225 222 214 203 187 169 150 130 112 96 85 77 75 77 85 
170 103 113 129 149 174 199 225 249 270 286 296 300 296 286 270 250 225 200 174 150 129 113 103 100 103 113 129 149 174 199 225 249 270 286 296 300 296 286 270 250 225 200 174 150 129 113 103 100 103 113 
170 129 141 161 187 217 249 282 312 338 358 370 375 370 358 338 312 282 250 217 187 161 141 129 125 129 141 161 187 217 249 282 312 338 358 370 375 370 358 338 312 282 250 217 187 161 141 129 125 129 141 
170 155 170 193 224 261 299 338 374 406 429 444 450 444 429 406 375 338 300 261 225 193 170 155 150 155 170 193 224 261 299 338 374 406 429 444 450 444 429 406 375 338 300 261 225 193 170 155 150 155 170 
170 180 198 226 262 304 349 395 437 473 501 519 525 519 501 473 437 395 350 304 262 226 198 180 175 180 198 226 262 304 349 395 437 473 501 519 525 519 501 473 437 395 350 304 262 226 198 180 175 180 198 
170 206 226 258 299 348 399 451 499 541 573 593 600 593 573 541 500 451 400 348 300 258 226 206 200 206 226 258 299 348 399 451 499 541 573 593 600 593 573 541 500 451 400 348 300 258 226 206 200 206 226 
170 232 255 290 337 391 449 508 562 609 644 667 675 667 644 609 562 508 450 391 337 290 255 232 225 232 255 290 337 391 449 508 562 609 644 667 675 667 644 609 562 508 450 391 337 290 255 232 225 232 255 
170 258 283 323 374 435 499 564 624 676 716 741 750 741 716 676 625 564 500 435 375 323 283 258 250 258 283 323 374 435 499 564 624 676 716 741 750 741 716 676 625 564 500 435 375 323 283 258 250 258 283 
170 284 311 355 412 478 549 621 687 744 788 815 825 815 788 744 687 621 550 478 412 355 311 284 275 284 311 355 412 478 549 621 687 744 788 815 825 815 788 744 687 621 550 478 412 355 311 284 275 284 311 
170 310 340 387 449 522 599 677 749 812 859 889 900 889 859 812 750 677 600 522 450 387 340 310 300 310 340 387 449 522 599 677 749 812 859 889 900 889 859 812 750 677 600 522 450 387 340 310 300 310 340 
100000 5170 5669 6464 7499 8705 9999 11294 12499 13535 14330 14829 15000 14829 14330 13535 12500 11294 10000 8705 7500 6464 5669 5170 5000 5170 5669 6464 7499 8705 9999 11294 12499 13535 14330 14829 15000 14829 14330 13535 12500 11294 10000 8705 7500 6464 5669 5170 5000 5170 5669 
1482 1433 1353 1250 1129 1000 870 750 646 566 517 500 517 566 646 749 870 999 1129 1249 1353 1433 1482 1499 1482 1433 
1439 1494 1272 1137 991 675 605 461 605 438 503 568 688 692 986 1184 1227 1368 1188 1511 1342 1702 1384 1707 
1515 1054 1019 1159 782 680 740 472 610 526 544 514 685 774 749 814 920 1129 1544 1160 1761 1374 1624 1176 
1603 1350 1138 853 707 827 763 644 513 593 562 675 714 879 962 822 1320 1139 1251 1430 1680 1452 1498 1202 
1476 1158 946 1064 748 891 664 521 606 580 592 535 585 687 935 990 1119 1006 1251 1516 1552 1372 1474 1650 
1303 1089 1280 938 935 789 678 563 609 454 453 468 774 820 1016 1070 1104 1326 1113 1467 1776 1261 1368 1333 
1197 1347 1093 990 985 606 704 500 455 537 599 562 770 799 984 1122 1177 1064 1570 1570 1637 1540 1537 1439 
1235 1173 1200 1126 947 731 724 493 431 511 445 655 747 721 837 811 940 1126 1580 1375 1745 1547 1620 1158 
1407 1487 1213 808 756 611 677 560 454 495 608 465 622 645 829 857 1116 1123 1271 1233 1639 1388 1576 1539 
1503 1204 916 984 793 604 557 550 574 400 565 476 626 693 784 1023 1314 1314 1570 1172 1479 1608 1466 1551 
1466 1246 1150 946 1000 663 735 648 619 557 429 646 557 662 743 1065 1337 1242 1601 1147 1291 1294 1749 1221 
1144 1240 1014 963 1005 618 702 607 434 424 416 563 547 646 883 1027 1089 1059 1429 1496 1314 1796 1734 1559 
1594 1403 1346 1040 892 877 620 654 510 561 498 589 764 876 1037 886 1323 1031 1481 1321 1696 1677 1501 1255 
1445 1110 904 1047 893 838 774 663 514 485 443 592 565 769 871 1145 1172 1238 1374 1672 1509 1490 1391 1616 
1317 1162 1093 985 1024 714 733 551 492 401 450 589 720 790 711 1181 1048 1459 1361 1489 1253 1572 1412 1402 
1135 1223 1129 1006 1032 769 546 530 585 403 513 553 687 826 935 941 960 1244 1563 1217 1730 1274 1764 1617 
1158 1464 1297 1185 1003 668 615 536 524 554 596 539 775 772 977 1183 1039 1172 1122 1470 1655 1404 1501 1347 
1328 1381 1166 1040 862 740 756 655 540 442 562 669 645 634 714 1077 1105 1302 1621 1343 1715 1509 1281 1268 
1623 1302 924 801 895 652 527 492 596 404 501 518 632 740 779 1145 1073 1304 1231 1523 1444 1566 1291 1629 
1262 1091 1289 834 823 896 552 675 421 437 616 628 702 861 730 1160 1312 1282 1246 1305 1351 1512 1471 1599 
1099 1028 1118 806 920 788 712 583 550 568 456 482 672 653 1012 991 1136 1286 1178 1564 1425 1590 1667 1704 
1608 1382 1270 1008 1007 783 631 468 445 517 616 636 654 804 1044 1196 1301 1008 1363 1624 1338 1725 1704 1304 
1343 1172 1196 1028 792 695 648 490 517 420 471 636 693 696 740 969 1031 1164 1172 1518 1767 1724 1390 1457 
1295 1111 1338 965 854 737 683 516 613 434 440 645 633 682 949 1034 1310 1073 1482 1579 1484 1698 1634 1686 
1587 1248 959 805 815 872 631 457 532 416 504 661 720 868 714 1093 1338 1408 1125 1685 1492 1510 1326 1551 
1366 1280 1333 1140 932 870 716 464 533 480 551 501 629 621 755 1019 1256 1152 1392 1286 1375 1654 1277 1284 
1317 1072 1204 835 878 790 520 528 558 420 495 545 519 871 987 1002 1207 1225 1262 1370 1510 1352 1548 1499 
1255 1346 1216 853 897 660 572 621 478 420 575 536 773 844 786 1044 1234 1312 1229 1481 1635 1675 1676 1392 
1422 1072 1068 1022 847 880 537 463 512 429 591 491 662 894 948 1005 1131 1371 1103 1541 1730 1697 1418 1168 
1564 1035 1122 957 924 634 735 515 585 415 566 576 600 656 730 1197 1130 1328 1539 1589 1624 1467 1419 1253 
1555 1100 1247 1129 959 615 529 556 497 496 552 607 751 605 768 1132 1191 1466 1157 1170 1725 1609 1435 1707 
1420 1155 966 889 712 760 554 619 467 542 414 539 630 733 727 813 1124 1493 1186 1223 1294 1343 1452 1290 
1282 1248 1342 1031 818 803 519 646 418 457 611 597 746 835 740 984 1116 1304 1366 1607 1401 1541 1532 1322 
1252 1407 951 920 912 633 600 457 479 528 489 573 590 609 712 1122 1296 1429 1207 1697 1266 1393 1601 1166 
1237 1153 1271 957 832 772 731 486 418 456 457 579 731 767 976 1184 1239 1166 1172 1205 1664 1313 1742 1367 
1235 1196 1177 803 743 861 633 556 505 464 429 518 740 662 813 1100 1231 1404 1090 1215 1712 1260 1237 1291 
1558 1319 1324 947 866 658 596 561 488 470 507 549 697 824 758 824 1203 1134 1207 1411 1528 1686 1682 1542 
1357 1449 1237 827 814 854 666 546 603 542 609 504 611 806 1040 921 980 1142 1547 1544 1247 1715 1722 1460 
1421 1421 1319 1100 978 694 589 649 499 430 483 523 568 754 1013 919 915 1400 1199 1389 1749 1738 1214 1398 
1485 1422 1185 862 731 814 741 668 616 569 518 639 594 673 987 1002 1115 1134 1335 1489 1747 1436 1738 1214 
1268 1126 1107 1021 769 793 713 635 431 554 471 677 750 721 879 1055 1060 1083 1118 1250 1337 1635 1714 1268 
1436 1015 1137 1014 884 714 700 548 614 500 433 465 670 704 913 1059 978 1452 1117 1263 1306 1575 1514 1339 
1254 1395 1083 878 820 740 530 660 605 465 535 581 619 890 879 838 1348 1039 1248 1258 1195 1212 1394 1480 
1583 1084 1328 1071 749 798 736 478 506 558 417 467 711 835 746 1152 999 1064 1355 1703 1427 1341 1713 1364 
1312 1305 1336 842 993 680 744 579 470 517 535 479 613 716 878 946 1021 1173 1170 1618 1220 1544 1310 1569 
1301 1254 1264 1154 1019 856 651 647 475 563 546 624 764 686 821 1139 942 1141 1303 1183 1757 1369 1727 1635 
1221 1359 1256 948 820 700 649 554 488 526 565 518 720 630 823 977 1170 1252 1450 1690 1571 1723 1285 1206 
1197 1230 1136 1170 863 722 663 605 598 453 527 552 569 646 881 923 1319 1375 1238 1710 1352 1700 1532 1383 
1216 1293 946 937 946 722 746 521 509 485 569 667 763 727 784 902 1178 1220 1550 1488 1552 1629 1761 1706 
1556 1111 973 1058 755 752 659 538 451 411 546 552 624 863 813 1102 1186 1288 1444 1255 1709 1550 1759 1372 
1516 1396 1276 907 728 689 709 555 619 497 569 629 696 653 999 912 1032 1005 1510 1470 1465 1711 1504 1225 
