5 6 20
2 100
340 77 85 96 112 130 
340 103 113 129 149 174 
340 129 141 161 187 217 
340 155 170 193 224 261 
340 180 198 226 262 304 
100000 5170 5669 6464 7499 8705 
1482 1433 
1532 898 1593 
1312 518 485 
1857 1090 591 
961 1193 1516 
1635 1923 813 
1338 1938 1294 
1298 1750 899 
1568 619 1793 
648 850 1251 
1022 940 619 
804 1966 1389 
1696 1595 786 
631 1702 1549 
971 959 1721 
1125 1857 521 
689 1337 1562 
998 1942 1564 
1763 945 1199 
2023 1365 1083 
1000 1242 497 
2000 1014 1742 
1550 1451 1122 
1910 1438 1049 
644 1720 1461 
1858 976 894 
1001 877 1764 
610 1074 1087 
2165 796 804 
1404 1333 1572 
2035 1408 578 
814 959 954 
1406 652 960 
1661 1413 1745 
603 1456 665 
1401 1193 1112 
1422 1537 1379 
1732 1926 933 
570 1640 1501 
913 811 771 
1820 708 1558 
1906 1028 856 
1841 1110 941 
1119 1623 559 
768 1335 1476 
1484 537 1650 
1168 760 1595 
1356 1572 1028 
547 1032 1679 
1125 1127 815 
1007 621 1788 
1166 1113 1119 
1908 940 510 
813 636 1375 
1509 1991 812 
1942 1840 1367 
867 534 1578 
1641 1326 1162 
1884 1588 1380 
727 1359 1050 
798 1078 499 
876 1225 884 
839 1781 1040 
992 1114 838 
1475 892 604 
1504 892 1538 
1207 1693 1554 
1044 1182 1500 
679 866 877 
1351 721 1711 
1981 725 876 
1144 1749 749 
874 1874 1766 
842 650 582 
727 1790 809 
1354 1759 455 
1342 535 598 
1003 1379 894 
964 814 1753 
1945 971 560 
762 965 534 
1512 947 1445 
2011 797 1359 
1137 1913 1422 
2005 968 748 
1291 799 478 
1616 980 1021 
1996 1450 1742 
1895 1814 1253 
1673 1682 870 
1859 910 1794 
2148 1476 1623 
1548 1549 884 
1659 1986 564 
1544 1465 1798 
878 1440 624 
572 1488 1546 
1533 1399 1136 
1316 618 1084 
2130 707 1697 
979 827 1305 
