20 11 20
7 50
170 130 112 96 85 77 75 77 85 96 112 130 149 169 187 203 214 222 225 222 214 
170 174 150 129 113 103 100 103 113 129 149 174 199 225 249 270 286 296 300 296 286 
170 217 187 161 141 129 125 129 141 161 187 217 249 282 312 338 358 370 375 370 358 
170 261 225 193 170 155 150 155 170 193 224 261 299 338 374 406 429 444 450 444 429 
170 304 262 226 198 180 175 180 198 226 262 304 349 395 437 473 501 519 525 519 501 
170 348 300 258 226 206 200 206 226 258 299 348 399 451 499 541 573 593 600 593 573 
170 391 337 290 255 232 225 232 255 290 337 391 449 508 562 609 644 667 675 667 644 
170 435 375 323 283 258 250 258 283 323 374 435 499 564 624 676 716 741 750 741 716 
170 478 412 355 311 284 275 284 311 355 412 478 549 621 687 744 788 815 825 815 788 
170 522 450 387 340 310 300 310 340 387 449 522 599 677 749 812 859 889 900 889 859 
100000 8705 7500 6464 5669 5170 5000 5170 5669 6464 7499 8705 9999 11294 12499 13535 14330 14829 15000 14829 14330 
1129 1249 1353 1433 1482 1499 1482 
1744 1454 677 1209 736 738 900 670 774 577 354 216 549 
1529 1318 597 682 1578 871 816 642 716 414 425 734 476 
1062 1777 878 1397 472 362 400 414 583 235 611 576 590 
1858 1251 1475 1614 532 1381 438 739 747 787 435 370 892 
898 2110 1211 1461 532 644 354 284 307 576 340 708 238 
2121 993 1853 1469 1064 420 607 874 880 456 330 777 328 
1645 1671 1327 1283 997 614 665 434 783 677 600 584 702 
1333 1193 1646 499 892 791 606 327 737 425 416 628 798 
649 1780 1908 1743 602 964 397 840 288 321 400 678 785 
960 2076 1142 778 1526 522 1053 492 467 676 618 484 853 
1447 1652 1942 926 540 1119 710 267 467 455 338 662 252 
1935 1700 1048 1465 788 1084 1114 863 725 605 551 377 593 
1623 1738 548 1148 757 1140 1139 462 666 251 486 516 490 
1222 1159 671 717 479 1097 886 786 317 552 343 777 515 
1584 1547 1669 1241 1211 696 944 650 798 627 368 635 637 
1465 649 947 721 1064 652 528 719 305 671 371 701 313 
1158 838 1132 820 1505 521 1183 263 669 628 721 502 632 
1375 1358 1956 1526 729 977 1154 627 238 247 382 650 737 
1286 1998 745 870 725 1380 426 979 804 613 656 657 850 
1909 1108 1017 716 1236 1212 884 790 326 410 669 739 582 
1812 1249 807 616 757 1075 394 581 440 378 486 809 647 
1446 847 634 565 1508 1068 1008 307 750 727 311 564 431 
1257 2046 1204 731 569 1052 518 1020 285 419 664 602 752 
752 1619 1312 582 1340 773 992 749 735 285 675 792 811 
696 1935 1747 1276 1124 1275 1194 259 838 367 240 399 279 
1089 1391 915 1770 1411 734 1070 468 690 303 258 351 420 
948 975 1584 1249 1199 1169 976 442 256 265 359 263 341 
621 1172 1057 581 1363 1239 529 781 361 712 377 634 252 
1926 1335 531 1207 1498 707 1043 845 428 693 310 409 615 
1005 854 866 1143 1381 1357 872 883 698 533 797 698 858 
645 1115 972 1399 843 855 713 1016 503 688 421 799 349 
1938 1950 610 688 652 444 1167 908 313 753 312 682 513 
763 687 1263 724 1252 998 723 998 623 503 736 518 312 
1219 1140 998 1267 1417 1236 681 296 475 611 282 809 333 
1235 999 1272 1185 763 1340 622 375 248 329 211 739 329 
890 1875 1659 1248 1430 579 422 497 756 649 479 359 336 
652 1826 1969 1496 1547 693 373 812 323 478 586 675 700 
881 2048 850 1426 847 989 474 512 528 592 678 685 857 
2236 1564 1850 1771 1149 1380 895 799 812 671 735 644 238 
2121 678 1484 731 806 730 480 937 245 461 275 663 297 
1417 652 511 490 879 1010 691 549 533 365 250 429 423 
1695 1099 1513 1423 661 484 1004 461 357 671 303 644 878 
1253 1785 925 846 1289 351 1016 992 637 659 390 433 323 
1382 1755 1872 1222 629 1305 697 896 310 492 515 329 754 
892 968 1065 1397 569 1300 1068 338 310 372 314 794 785 
730 719 1320 905 934 1251 606 465 411 743 725 284 274 
627 1570 871 460 1410 1142 1164 492 591 406 318 357 538 
853 1041 1499 1796 1556 597 517 314 634 736 450 653 483 
1568 1135 1404 819 509 1143 346 815 429 673 518 260 420 
2225 568 1136 1120 1421 621 784 886 445 454 228 710 804 
