20 11 20
7 5
170 130 149 169 187 203 214 222 225 222 214 203 187 169 150 130 112 96 85 77 75 
170 174 199 225 249 270 286 296 300 296 286 270 250 225 200 174 150 129 113 103 100 
170 217 249 282 312 338 358 370 375 370 358 338 312 282 250 217 187 161 141 129 125 
170 261 299 338 374 406 429 444 450 444 429 406 375 338 300 261 225 193 170 155 150 
170 304 349 395 437 473 501 519 525 519 501 473 437 395 350 304 262 226 198 180 175 
170 348 399 451 499 541 573 593 600 593 573 541 500 451 400 348 300 258 226 206 200 
170 391 449 508 562 609 644 667 675 667 644 609 562 508 450 391 337 290 255 232 225 
170 435 499 564 624 676 716 741 750 741 716 676 625 564 500 435 375 323 283 258 250 
170 478 549 621 687 744 788 815 825 815 788 744 687 621 550 478 412 355 311 284 275 
170 522 599 677 749 812 859 889 900 889 859 812 750 677 600 522 450 387 340 310 300 
100000 8705 9999 11294 12499 13535 14330 14829 15000 14829 14330 13535 12500 11294 10000 8705 7500 6464 5669 5170 5000 
1129 1000 870 750 646 566 517 
509 519 546 628 721 844 985 1180 1263 1405 1363 1436 1446 
521 533 546 650 775 897 1018 1147 1226 1411 1370 1420 1434 
513 492 570 633 769 873 1026 1167 1284 1355 1504 1411 1474 
495 508 595 640 730 852 1039 1083 1189 1353 1396 1548 1430 
514 500 562 673 768 906 972 1185 1255 1401 1485 1551 1562 
