50 6 20
36 100
340 150 130 112 96 85 77 75 77 85 96 112 130 149 169 187 203 214 222 225 222 214 203 187 169 150 130 112 96 85 77 75 77 85 96 112 130 149 169 187 203 214 222 225 222 214 203 187 169 150 130 
340 200 174 150 129 113 103 100 103 113 129 149 174 199 225 249 270 286 296 300 296 286 270 250 225 200 174 150 129 113 103 100 103 113 129 149 174 199 225 249 270 286 296 300 296 286 270 250 225 200 174 
340 250 217 187 161 141 129 125 129 141 161 187 217 249 282 312 338 358 370 375 370 358 338 312 282 250 217 187 161 141 129 125 129 141 161 187 217 249 282 312 338 358 370 375 370 358 338 312 282 250 217 
340 300 261 225 193 170 155 150 155 170 193 224 261 299 338 374 406 429 444 450 444 429 406 375 338 300 261 225 193 170 155 150 155 170 193 224 261 299 338 374 406 429 444 450 444 429 406 375 338 300 261 
340 350 304 262 226 198 180 175 180 198 226 262 304 349 395 437 473 501 519 525 519 501 473 437 395 350 304 262 226 198 180 175 180 198 226 262 304 349 395 437 473 501 519 525 519 501 473 437 395 350 304 
100000 10000 8705 7500 6464 5669 5170 5000 5170 5669 6464 7499 8705 9999 11294 12499 13535 14330 14829 15000 14829 14330 13535 12500 11294 10000 8705 7500 6464 5669 5170 5000 5170 5669 6464 7499 8705 9999 11294 12499 13535 14330 14829 15000 14829 14330 13535 12500 11294 10000 8705 
1000 1129 1249 1353 1433 1482 1499 1482 1433 1353 1250 1129 1000 870 750 646 566 517 500 517 566 646 749 870 999 1129 1249 1353 1433 1482 1499 1482 1433 1353 1250 1129 
960 1381 329 714 782 257 232 506 711 493 955 620 1022 1571 
677 1204 1000 893 351 472 675 560 663 750 526 836 1069 1488 
580 499 915 315 686 625 435 312 441 359 634 1190 1472 923 
1209 967 969 475 283 697 657 655 407 817 775 1195 1216 1684 
690 451 941 698 686 562 201 503 814 606 687 1302 1311 571 
1289 1014 807 947 404 600 770 499 694 731 1115 392 891 1666 
893 585 612 907 678 374 648 353 282 963 1147 1389 1348 1498 
999 874 1043 776 755 754 654 558 433 795 1166 1048 1591 684 
721 718 876 747 340 448 607 241 464 442 883 937 1293 1504 
848 1139 1032 516 428 580 373 391 864 968 392 609 1549 508 
1246 1244 1014 913 567 486 396 556 645 715 800 1053 1267 1088 
1292 673 419 663 238 431 728 225 814 908 313 483 1030 1234 
1387 368 953 980 357 665 638 493 805 525 464 672 1205 1579 
1244 630 1024 772 709 334 685 336 519 942 780 1381 1101 1541 
1557 378 918 398 725 316 472 560 589 830 556 690 586 812 
716 818 607 916 695 758 324 657 608 993 684 992 421 1604 
1493 922 468 310 357 569 447 520 392 445 599 497 1516 1798 
1337 572 1064 775 886 537 636 257 856 292 424 1172 1192 726 
1287 607 325 473 731 374 646 307 803 336 781 1183 828 1742 
1470 1184 913 543 492 431 776 339 256 319 321 1077 1199 1426 
877 558 940 728 627 406 531 601 465 979 903 965 604 1265 
1279 1164 905 467 234 617 305 478 312 632 397 1180 1089 1225 
1024 954 311 543 485 535 658 679 846 861 773 1260 1185 1162 
1272 1209 748 901 584 601 428 434 844 893 1107 875 1413 1470 
1010 891 1194 621 634 412 744 769 276 691 489 602 1287 817 
1273 765 448 468 237 395 355 359 418 274 540 1018 579 891 
909 954 523 892 886 646 245 327 727 470 423 1109 471 849 
1343 967 477 395 758 267 792 579 896 598 1179 383 646 529 
1250 1086 877 419 519 456 727 701 833 962 1146 497 1000 1053 
798 1069 761 1002 615 405 501 573 329 504 1039 526 906 1269 
721 442 617 521 689 451 582 493 687 588 416 634 726 1642 
459 1053 802 726 885 281 322 824 899 960 1172 689 579 1639 
1551 1235 719 372 801 227 571 782 733 846 958 401 431 1563 
673 663 930 725 369 282 599 348 472 888 746 415 1368 1529 
402 1304 1137 309 422 659 555 445 573 414 968 715 477 540 
1436 1297 687 629 398 456 416 379 615 866 907 884 1209 493 
813 396 422 574 295 584 494 603 421 351 862 975 593 1327 
771 986 653 885 442 786 761 213 309 699 325 690 1154 1710 
1036 740 1122 654 431 230 458 285 811 549 904 1209 434 1195 
1274 396 1012 371 734 314 245 636 714 1033 913 1127 1118 801 
490 750 496 874 411 484 756 487 574 536 742 671 1558 1675 
591 675 465 850 507 792 492 325 446 1014 351 1021 441 1726 
1485 1112 562 569 544 398 513 569 246 321 668 897 1251 1187 
949 635 479 723 555 374 207 657 587 633 684 1386 587 1020 
1443 1195 825 698 860 661 591 450 743 392 358 844 438 923 
1476 1260 506 526 783 404 461 573 237 511 632 1001 733 1568 
1461 854 484 555 664 550 214 612 350 442 1176 452 527 817 
1259 984 838 288 750 268 798 665 499 800 879 1101 1568 1240 
1245 1249 478 330 380 400 362 334 293 614 620 1337 609 1057 
873 1244 527 347 695 268 285 615 398 479 779 1305 856 1325 
1462 926 674 728 268 243 304 446 847 915 1199 1079 1063 892 
1510 513 765 479 837 498 523 477 592 278 454 807 895 1768 
1537 649 546 533 441 436 349 477 276 302 691 1153 998 685 
1458 501 1125 393 512 809 746 450 436 419 1108 542 598 1045 
746 687 446 395 872 507 765 825 353 391 496 953 1568 1689 
1061 639 869 332 398 388 616 357 822 288 439 484 756 1552 
1429 903 1032 533 354 814 355 443 796 533 831 1084 1407 1369 
1499 359 826 963 526 773 233 293 421 536 1181 1384 1199 1775 
567 950 638 641 592 741 242 680 673 868 570 912 1008 1758 
1320 957 941 510 756 315 395 540 472 760 843 921 408 487 
960 448 762 550 802 534 742 784 671 865 1081 994 1094 1603 
1274 421 701 723 474 645 401 376 283 1021 485 888 1500 1018 
648 644 550 610 526 486 489 700 469 649 371 630 1016 610 
977 1231 1137 1025 793 742 641 681 647 347 602 762 1546 1563 
1398 1164 349 364 830 222 685 371 756 390 1181 1140 1406 1449 
1540 482 317 964 586 416 669 668 731 474 347 540 529 1561 
916 650 623 672 501 506 239 629 746 392 437 924 1545 1247 
1307 1143 804 398 500 572 599 470 889 1001 568 740 917 640 
1199 1183 983 877 520 371 263 481 711 1029 825 1284 454 1594 
1246 1261 329 455 845 372 727 522 341 418 790 497 546 1176 
1280 1244 946 835 524 685 702 207 393 534 1063 699 572 1677 
1104 972 332 936 706 370 605 789 824 808 524 465 1391 455 
805 1144 861 933 527 758 359 738 788 631 1158 707 1444 875 
504 839 912 277 497 560 281 716 388 429 420 1009 933 1111 
660 454 1013 622 446 332 483 660 817 943 819 1089 1456 1161 
477 1092 662 727 336 561 736 444 691 697 1052 1348 675 1412 
708 915 962 1012 513 396 400 557 479 725 306 1240 1061 1770 
405 353 520 816 544 802 216 467 401 903 1159 582 940 867 
1265 637 707 387 557 266 333 517 634 468 798 1098 1535 879 
1490 1337 409 268 730 774 295 270 773 965 323 1043 883 1691 
1146 365 348 632 547 511 513 516 808 984 946 749 1090 811 
888 1212 396 971 363 630 384 561 784 317 707 1318 472 935 
1328 1358 725 997 398 481 314 672 812 281 1105 431 1591 1710 
857 1283 546 470 692 366 503 334 400 804 1136 1330 550 1263 
1063 1049 811 303 729 622 309 545 766 573 1110 1123 1306 509 
1451 1133 409 379 712 380 625 826 245 912 648 544 1337 1299 
1480 480 642 304 551 219 799 667 555 906 382 1145 1345 488 
1083 401 404 567 641 718 235 776 608 841 1190 1250 1501 1655 
1111 450 1053 278 381 739 291 519 799 948 634 462 1196 787 
1126 496 636 762 856 357 798 629 286 321 492 1119 533 1119 
783 359 912 386 604 444 694 488 234 710 1070 813 1420 1003 
455 1210 326 574 887 634 368 721 254 918 792 556 570 1491 
1107 717 1109 766 903 392 491 773 430 813 734 798 939 1078 
1292 1255 574 973 722 533 454 536 418 941 1049 711 795 966 
409 1366 706 725 760 654 679 428 502 496 611 1231 939 1781 
1484 810 1046 555 850 345 559 206 543 890 1005 933 963 1345 
1536 555 797 491 713 673 521 685 898 273 331 1068 443 904 
543 492 496 479 579 792 520 792 442 594 949 796 1181 812 
570 505 584 599 318 578 687 238 293 1027 985 1319 1584 1322 
601 1087 718 564 571 478 448 798 294 537 334 838 1279 1651 
