10 11 20
6 100
170 77 75 77 85 96 112 130 149 169 187 
170 103 100 103 113 129 149 174 199 225 249 
170 129 125 129 141 161 187 217 249 282 312 
170 155 150 155 170 193 224 261 299 338 374 
170 180 175 180 198 226 262 304 349 395 437 
170 206 200 206 226 258 299 348 399 451 499 
170 232 225 232 255 290 337 391 449 508 562 
170 258 250 258 283 323 374 435 499 564 624 
170 284 275 284 311 355 412 478 549 621 687 
170 310 300 310 340 387 449 522 599 677 749 
100000 5170 5000 5170 5669 6464 7499 8705 9999 11294 12499 
1482 1499 1482 1433 1353 1250 
1148 1001 873 746 
1120 1033 891 772 
1077 972 907 757 
1104 1004 903 780 
1089 1033 892 781 
1130 993 836 767 
1115 956 832 764 
1081 968 873 758 
1182 1005 910 742 
1088 978 882 716 
1131 966 903 776 
1167 1025 853 764 
1075 1048 855 721 
1117 1010 844 734 
1091 989 902 738 
1151 984 872 739 
1078 1037 882 744 
1091 968 834 780 
1107 1026 834 760 
1078 977 899 779 
1130 1032 846 715 
1078 1022 892 760 
1082 1028 835 775 
1117 998 832 717 
1124 1013 896 753 
1094 970 900 777 
1151 1037 891 717 
1102 1035 832 748 
1121 1015 858 763 
1096 979 909 712 
1098 1020 837 773 
1077 1017 884 783 
1107 971 830 769 
1074 1021 872 777 
1138 1007 861 733 
1175 1042 864 778 
1094 1046 913 713 
1153 1008 895 716 
1106 1032 886 774 
1145 1021 885 762 
1107 973 851 712 
1129 1032 875 737 
1124 965 908 736 
1132 1012 845 714 
1165 996 891 785 
1128 1003 839 785 
1137 953 899 747 
1101 961 853 741 
1159 1001 898 729 
1145 985 846 724 
1118 959 879 730 
1157 1035 872 734 
1175 959 873 748 
1137 1034 890 739 
1177 995 911 729 
1079 962 879 766 
1139 959 849 734 
1129 1035 886 764 
1084 963 911 715 
1103 969 856 752 
1147 950 884 742 
1079 1040 835 736 
1167 991 902 760 
1109 1018 865 769 
1104 974 875 719 
1099 1006 903 770 
1164 971 912 766 
1177 1046 866 716 
1170 1006 894 756 
1092 1032 883 742 
1114 997 879 722 
1119 997 877 715 
1176 993 830 745 
1085 996 883 764 
1117 1000 903 728 
1142 968 874 761 
1176 987 900 776 
1097 994 880 761 
1093 989 881 725 
1158 1038 875 756 
1093 987 855 722 
1127 976 882 728 
1108 986 851 746 
1110 1012 835 757 
1161 973 842 786 
1139 983 833 754 
1132 966 889 722 
1177 952 899 780 
1114 1047 865 783 
1162 987 859 754 
1142 990 839 734 
1092 1023 867 757 
1079 967 867 767 
1160 1025 911 719 
1102 1048 913 742 
1135 1022 882 783 
1110 987 889 759 
1137 1041 842 746 
1180 994 894 758 
1109 1021 897 776 
