10 11 20
4 10
170 85 96 112 130 149 169 187 203 214 222 
170 113 129 149 174 199 225 249 270 286 296 
170 141 161 187 217 249 282 312 338 358 370 
170 170 193 224 261 299 338 374 406 429 444 
170 198 226 262 304 349 395 437 473 501 519 
170 226 258 299 348 399 451 499 541 573 593 
170 255 290 337 391 449 508 562 609 644 667 
170 283 323 374 435 499 564 624 676 716 741 
170 311 355 412 478 549 621 687 744 788 815 
170 340 387 449 522 599 677 749 812 859 889 
100000 5669 6464 7499 8705 9999 11294 12499 13535 14330 14829 
1433 1353 1250 1129 
639 458 856 561 650 417 
732 1099 825 294 298 353 
978 1023 736 551 741 263 
701 415 1093 840 511 443 
1239 649 1129 450 774 446 
1388 1025 479 760 890 547 
1532 907 821 311 228 628 
1165 355 336 574 740 412 
806 1204 523 799 634 389 
461 994 1039 811 483 434 
