20 3 20
15 5
850 130 149 169 187 203 214 222 225 222 214 203 187 169 150 130 112 96 85 77 75 
850 174 199 225 249 270 286 296 300 296 286 270 250 225 200 174 150 129 113 103 100 
100000 8705 9999 11294 12499 13535 14330 14829 15000 14829 14330 13535 12500 11294 10000 8705 7500 6464 5669 5170 5000 
1129 1000 870 750 646 566 517 500 517 566 646 749 870 999 1129 
1285 1419 1391 1537 1565 
1199 1374 1361 1413 1542 
1229 1392 1500 1494 1490 
1299 1379 1424 1468 1517 
1305 1378 1497 1442 1441 
