20 3 20
7 50
850 130 149 169 187 203 214 222 225 222 214 203 187 169 150 130 112 96 85 77 75 
850 174 199 225 249 270 286 296 300 296 286 270 250 225 200 174 150 129 113 103 100 
100000 8705 9999 11294 12499 13535 14330 14829 15000 14829 14330 13535 12500 11294 10000 8705 7500 6464 5669 5170 5000 
1129 1000 870 750 646 566 517 
742 459 712 542 440 1015 1429 496 521 576 956 998 704 
509 420 634 318 327 509 1451 1542 671 997 2043 1179 1627 
548 614 695 709 427 996 1089 1053 1176 1604 1690 1486 2340 
440 474 484 883 349 563 516 1480 772 2097 868 1247 1272 
659 391 406 332 880 1070 1009 1207 957 1677 787 2307 2011 
662 567 887 595 638 769 1260 752 1951 1595 997 2059 1658 
492 634 547 414 802 370 425 930 1051 1807 948 1056 1348 
521 595 836 482 752 537 639 1025 673 1927 2247 1971 2225 
420 572 290 672 720 421 444 921 1530 1615 2017 1005 760 
486 669 356 999 584 1332 916 1643 858 845 1136 1047 616 
730 275 633 1016 1006 976 1232 1152 606 1946 636 1648 617 
260 526 614 971 869 1216 1403 1332 992 1518 1197 1155 1144 
582 678 546 445 605 1339 961 713 1549 604 970 898 2169 
494 275 505 860 457 452 1141 1418 1111 696 701 1394 1621 
453 773 737 552 625 797 1380 1078 1816 1790 1626 1013 1092 
693 539 755 260 923 780 1266 899 1334 984 1954 765 1102 
727 286 406 741 747 1156 1001 969 1756 1852 1430 1142 1817 
390 359 330 332 801 1383 1209 1574 1673 676 2227 1798 2197 
468 771 538 594 1094 545 947 656 1870 1458 2056 1533 1350 
735 294 607 829 889 1203 719 1137 1033 1599 689 2204 1759 
583 585 602 643 1077 489 1323 851 1410 2149 1320 890 1917 
420 284 501 866 1086 1177 786 1514 528 1646 1266 934 989 
607 241 901 561 1105 1231 853 1518 1369 1402 602 737 957 
653 417 475 896 978 1222 559 1230 1795 1904 1981 1218 1071 
639 228 587 806 377 396 1461 1340 1499 1545 1318 1683 2030 
685 475 238 278 1028 588 1067 1287 1136 880 929 1917 1095 
518 757 875 525 1111 377 1356 1708 617 2061 807 1665 1194 
362 252 439 713 745 1378 565 1087 1447 1553 2077 2290 915 
647 824 806 650 546 443 1428 1311 1091 1188 1175 1750 1738 
489 647 691 507 930 684 1285 1065 1255 561 1027 1288 973 
285 680 487 490 347 676 853 1641 656 1098 721 1206 617 
491 685 836 799 1093 1116 1551 1005 1633 2101 785 1052 1703 
732 634 884 963 1012 785 1598 1160 1590 1469 1958 2179 1510 
704 460 319 791 541 389 445 507 1587 599 898 1391 746 
647 320 718 742 866 526 766 1588 944 1576 1117 843 1821 
643 776 671 321 339 835 1147 868 527 1235 1543 1646 798 
500 664 603 850 1160 393 1466 739 1423 2042 613 1310 1459 
432 481 822 595 941 1306 1551 536 1960 1102 793 2271 2268 
457 728 565 571 1112 1118 1352 1479 1296 1368 1068 1497 1681 
385 823 712 350 319 368 686 1047 901 2102 1333 1555 1411 
267 472 672 816 1163 797 1003 690 1906 1230 1959 903 2229 
546 420 263 503 846 594 586 1201 1478 1658 1360 1285 1984 
750 628 262 727 724 554 1433 971 1497 1534 2094 1969 1225 
387 594 727 821 1105 521 1549 1074 1612 1772 2189 1915 1783 
400 434 633 925 1100 1204 516 714 818 1265 1820 2202 2306 
604 590 782 593 813 1264 712 840 1873 1649 1587 1034 1726 
464 600 344 706 899 1325 1268 1067 1716 698 1718 1842 2031 
266 383 348 577 1193 1241 1125 935 1347 1607 1263 768 1941 
493 212 422 391 453 642 1532 1152 1950 632 813 1181 1405 
487 442 739 809 476 788 1541 1074 1978 1729 1613 2210 2302 
