10 2 20
8 50
1700 112 130 149 169 187 203 214 222 225 222 
100000 7499 8705 9999 11294 12499 13535 14330 14829 15000 14829 
1250 1129 1000 870 750 646 566 517 
550 573 
548 480 
582 471 
556 593 
429 462 
419 609 
421 421 
573 506 
456 458 
413 442 
545 415 
443 489 
463 531 
407 581 
571 510 
485 539 
418 519 
450 552 
416 528 
476 542 
573 483 
504 426 
586 611 
433 547 
489 431 
468 561 
537 517 
471 592 
537 424 
465 481 
509 538 
526 504 
469 445 
412 429 
441 531 
570 503 
471 456 
465 607 
559 584 
483 544 
484 427 
534 610 
431 613 
416 446 
402 544 
476 475 
511 562 
414 425 
553 564 
567 476 
