20 2 20
7 50
1700 112 130 149 169 187 203 214 222 225 222 214 203 187 169 150 130 112 96 85 77 
100000 7499 8705 9999 11294 12499 13535 14330 14829 15000 14829 14330 13535 12500 11294 10000 8705 7500 6464 5669 5170 
1250 1129 1000 870 750 646 566 
501 483 542 650 721 846 865 916 1271 1444 1514 1717 1302 
415 488 563 462 612 841 1018 1071 1076 1464 1162 1679 1654 
527 567 617 644 753 822 932 953 1314 1192 1264 1258 1449 
585 584 498 576 582 815 827 856 1081 1110 1506 1179 1548 
522 488 427 554 742 753 905 980 1168 1262 1617 1318 1274 
433 552 572 584 672 889 947 1151 1232 1450 1436 1593 1292 
491 584 499 549 728 666 787 1128 1029 1221 1608 1702 1670 
507 474 534 488 759 699 981 859 1302 1336 1243 1160 1651 
610 556 580 495 567 818 1032 1047 1093 1330 1470 1493 1244 
545 591 559 519 702 687 803 1081 1217 1069 1194 1326 1204 
490 510 597 512 630 695 697 1091 1139 1393 1551 1179 1516 
471 523 431 619 666 701 950 935 1021 1249 1365 1411 1454 
419 448 522 483 719 730 723 1034 1160 1090 1555 1194 1476 
610 531 492 633 753 795 750 1195 1135 1095 1582 1367 1572 
519 521 587 538 546 685 1008 936 1231 1101 1090 1692 1343 
567 432 513 641 599 739 713 868 1290 1037 1501 1484 1764 
436 592 569 542 705 802 835 1087 980 1241 1286 1246 1749 
582 402 492 652 701 680 963 884 1035 1329 1473 1472 1682 
487 412 598 639 661 879 747 1076 1099 1354 1596 1603 1648 
418 584 469 615 636 875 773 993 945 1419 1126 1590 1400 
484 492 527 558 528 705 997 1127 1144 1479 1399 1539 1696 
445 516 529 619 705 678 844 855 1079 1472 1327 1508 1670 
433 447 611 595 725 659 794 1028 1152 1093 1471 1631 1585 
604 472 582 576 613 782 710 1159 1178 1424 1568 1321 1367 
505 539 460 549 520 777 919 871 1302 1072 1476 1677 1692 
600 506 619 457 723 634 743 1143 1239 1073 1402 1338 1337 
500 495 447 556 572 750 716 910 929 1309 1123 1286 1635 
569 572 547 511 556 890 858 887 1116 1482 1568 1640 1294 
533 559 612 546 669 875 881 1107 1194 1134 1156 1334 1661 
503 457 466 664 569 878 788 1094 1068 1223 1331 1511 1773 
451 531 448 465 758 828 759 1103 1078 1182 1354 1356 1758 
422 467 604 466 662 624 935 841 1134 1388 1411 1423 1471 
607 549 558 543 764 875 986 825 1283 1198 1456 1458 1431 
440 534 510 636 559 836 988 958 1232 1407 1328 1665 1644 
422 507 602 525 668 794 866 987 1247 1242 1151 1385 1440 
554 555 471 643 559 635 743 1163 989 1413 1131 1387 1573 
426 541 431 616 741 795 1035 983 1235 1455 1219 1418 1196 
498 543 456 551 612 619 1029 949 1021 1211 1201 1281 1605 
420 495 512 484 676 887 928 1039 1078 1273 1169 1431 1259 
488 544 555 530 552 820 933 1198 913 1129 1287 1540 1667 
541 426 587 519 722 750 982 1096 1028 1261 1346 1261 1568 
592 417 536 582 700 615 800 979 1202 1274 1237 1404 1544 
491 470 430 626 538 791 729 1160 1275 1458 1582 1662 1719 
592 464 554 560 719 754 937 959 1344 1233 1569 1531 1365 
536 513 501 461 663 816 1036 1037 1115 1283 1560 1312 1765 
575 490 539 643 774 819 764 928 1023 1182 1128 1661 1764 
489 458 585 657 576 709 1015 1145 1063 1483 1124 1606 1339 
435 417 526 579 542 609 775 861 1285 1423 1406 1507 1516 
528 429 475 556 647 699 1007 1040 1008 1380 1259 1404 1350 
562 514 442 583 729 608 773 1076 983 1214 1546 1505 1713 
