50 6 20
16 10
340 77 75 77 85 96 112 130 149 169 187 203 214 222 225 222 214 203 187 169 150 130 112 96 85 77 75 77 85 96 112 130 149 169 187 203 214 222 225 222 214 203 187 169 150 130 112 96 85 77 75 
340 103 100 103 113 129 149 174 199 225 249 270 286 296 300 296 286 270 250 225 200 174 150 129 113 103 100 103 113 129 149 174 199 225 249 270 286 296 300 296 286 270 250 225 200 174 150 129 113 103 100 
340 129 125 129 141 161 187 217 249 282 312 338 358 370 375 370 358 338 312 282 250 217 187 161 141 129 125 129 141 161 187 217 249 282 312 338 358 370 375 370 358 338 312 282 250 217 187 161 141 129 125 
340 155 150 155 170 193 224 261 299 338 374 406 429 444 450 444 429 406 375 338 300 261 225 193 170 155 150 155 170 193 224 261 299 338 374 406 429 444 450 444 429 406 375 338 300 261 225 193 170 155 150 
340 180 175 180 198 226 262 304 349 395 437 473 501 519 525 519 501 473 437 395 350 304 262 226 198 180 175 180 198 226 262 304 349 395 437 473 501 519 525 519 501 473 437 395 350 304 262 226 198 180 175 
100000 5170 5000 5170 5669 6464 7499 8705 9999 11294 12499 13535 14330 14829 15000 14829 14330 13535 12500 11294 10000 8705 7500 6464 5669 5170 5000 5170 5669 6464 7499 8705 9999 11294 12499 13535 14330 14829 15000 14829 14330 13535 12500 11294 10000 8705 7500 6464 5669 5170 5000 
1482 1499 1482 1433 1353 1250 1129 1000 870 750 646 566 517 500 517 566 
904 568 732 831 1119 698 1345 2047 673 1100 2056 700 1072 574 1023 693 1170 424 726 759 602 219 223 790 728 877 572 1109 787 814 809 1197 1150 825 
503 768 453 1249 1203 1052 1028 1558 1474 918 1064 1722 1763 855 740 1082 788 567 488 317 509 327 219 305 550 443 1382 1368 965 871 1252 1155 863 2192 
647 923 374 1279 1458 588 1076 1602 2086 1682 1422 749 2094 861 1715 970 1119 790 279 441 456 391 488 676 959 1192 904 652 1315 1089 958 669 1729 612 
951 962 1148 769 933 1992 1889 1023 724 702 805 1599 1457 1672 896 1507 799 779 502 438 221 265 634 506 595 819 1067 1257 598 1031 1024 644 1912 1290 
341 1075 1079 1291 1615 1297 1647 1491 859 680 2087 1252 989 1086 560 973 1043 405 846 391 759 308 507 832 808 925 636 1383 599 1480 1752 2116 2096 1016 
707 1142 758 1312 1789 779 1902 2226 1263 985 1719 1503 2076 1976 1410 1278 790 760 954 829 629 747 306 701 586 489 921 604 1366 1581 1195 2113 1138 1298 
834 990 645 1464 883 1542 1980 2049 1121 1383 1646 750 599 680 1640 509 1331 821 734 653 735 231 397 229 982 648 1279 1017 1194 954 1009 1657 701 2112 
615 953 421 1070 683 1495 551 1610 914 786 1641 940 660 1808 583 1340 833 507 981 267 691 438 471 613 532 441 757 1443 483 1872 1105 1839 2359 622 
967 1054 485 1222 920 566 1297 1392 1750 2243 697 1372 1006 1234 465 572 1282 1188 869 433 226 468 585 736 561 1183 458 652 1051 1520 2096 1044 623 2014 
846 927 1124 670 1527 1892 1916 724 2324 955 1076 844 1553 505 1233 486 732 621 724 380 707 563 417 902 431 484 381 839 481 888 1983 1643 836 947 
