10 3 20
4 100
850 75 77 85 96 112 130 149 169 187 203 
850 100 103 113 129 149 174 199 225 249 270 
100000 5000 5170 5669 6464 7499 8705 9999 11294 12499 13535 
1499 1482 1433 1353 
1281 1158 1035 899 769 670 
1278 1132 1036 868 767 643 
1196 1150 994 882 739 658 
1251 1080 1019 870 771 674 
1242 1124 967 853 712 644 
1228 1129 1013 842 751 660 
1242 1183 1039 909 755 631 
1208 1163 995 887 734 642 
1211 1156 1041 907 779 652 
1224 1131 970 874 746 615 
1266 1160 964 892 713 674 
1258 1102 1024 849 736 637 
1191 1143 1004 877 781 645 
1278 1145 976 894 721 616 
1230 1174 976 854 742 677 
1268 1085 1034 849 769 657 
1208 1075 1030 893 754 669 
1220 1153 964 875 750 650 
1295 1144 1024 831 779 655 
1232 1123 1019 844 723 663 
1249 1090 982 878 735 653 
1290 1080 993 837 779 678 
1228 1090 984 907 781 667 
1258 1184 974 911 762 642 
1247 1173 1023 882 728 644 
1277 1103 953 843 780 676 
1226 1157 983 888 732 656 
1230 1094 961 893 750 670 
1242 1174 955 880 760 647 
1206 1138 1000 896 724 650 
1279 1178 961 844 761 673 
1268 1095 1022 897 758 635 
1212 1157 999 831 753 646 
1194 1121 1040 910 723 653 
1217 1129 971 842 754 637 
1238 1151 1020 827 772 671 
1197 1170 1017 887 712 624 
1232 1146 1036 850 754 661 
1297 1116 1013 862 755 673 
1299 1146 1028 863 728 674 
1228 1104 959 906 724 635 
1260 1147 965 853 781 638 
1213 1114 1008 854 786 663 
1256 1173 1043 886 729 652 
1293 1119 965 902 759 674 
1291 1129 1007 827 763 653 
1279 1160 1012 894 772 629 
1210 1139 950 846 763 678 
1235 1135 987 882 722 669 
1208 1158 967 893 761 669 
1279 1180 962 871 724 656 
1246 1140 1013 864 745 644 
1190 1112 960 842 758 662 
1228 1106 1047 880 767 648 
1251 1143 961 881 722 617 
1304 1150 1014 879 747 649 
1196 1087 1011 845 764 652 
1294 1184 1043 833 725 643 
1300 1092 1009 895 770 659 
1212 1143 1016 902 720 671 
1232 1080 992 905 748 628 
1260 1095 984 914 718 629 
1226 1159 956 869 767 649 
1275 1092 978 908 779 616 
1295 1100 969 865 773 661 
1249 1097 1012 851 739 646 
1310 1113 1005 912 721 651 
1278 1174 999 889 758 622 
1278 1144 1037 877 772 660 
1307 1134 995 862 785 675 
1279 1136 1048 849 769 674 
1290 1181 997 897 772 640 
1270 1171 972 908 775 638 
1233 1075 980 905 764 639 
1195 1117 1038 897 775 619 
1265 1142 1035 907 758 653 
1275 1182 1026 846 777 650 
1195 1178 978 882 718 648 
1254 1179 1004 850 782 657 
1189 1161 978 834 719 631 
1235 1171 960 857 723 653 
1286 1166 998 829 784 660 
1272 1167 996 828 744 635 
1272 1109 987 897 766 673 
1214 1177 1004 861 733 621 
1232 1115 1007 835 726 649 
1210 1141 974 868 730 645 
1191 1107 952 831 746 617 
1265 1089 971 866 766 651 
1286 1073 1030 864 774 637 
1243 1074 1030 871 785 664 
1250 1081 965 841 717 617 
1209 1123 993 856 756 671 
1286 1121 997 911 769 646 
1258 1082 951 872 748 654 
1219 1100 1028 874 780 616 
1219 1152 1004 847 774 659 
1269 1078 1010 890 749 656 
1269 1094 1014 869 764 641 
1210 1134 996 860 786 641 
