50 11 20
16 10
170 96 112 130 149 169 187 203 214 222 225 222 214 203 187 169 150 130 112 96 85 77 75 77 85 96 112 130 149 169 187 203 214 222 225 222 214 203 187 169 150 130 112 96 85 77 75 77 85 96 112 
170 129 149 174 199 225 249 270 286 296 300 296 286 270 250 225 200 174 150 129 113 103 100 103 113 129 149 174 199 225 249 270 286 296 300 296 286 270 250 225 200 174 150 129 113 103 100 103 113 129 149 
170 161 187 217 249 282 312 338 358 370 375 370 358 338 312 282 250 217 187 161 141 129 125 129 141 161 187 217 249 282 312 338 358 370 375 370 358 338 312 282 250 217 187 161 141 129 125 129 141 161 187 
170 193 224 261 299 338 374 406 429 444 450 444 429 406 375 338 300 261 225 193 170 155 150 155 170 193 224 261 299 338 374 406 429 444 450 444 429 406 375 338 300 261 225 193 170 155 150 155 170 193 224 
170 226 262 304 349 395 437 473 501 519 525 519 501 473 437 395 350 304 262 226 198 180 175 180 198 226 262 304 349 395 437 473 501 519 525 519 501 473 437 395 350 304 262 226 198 180 175 180 198 226 262 
170 258 299 348 399 451 499 541 573 593 600 593 573 541 500 451 400 348 300 258 226 206 200 206 226 258 299 348 399 451 499 541 573 593 600 593 573 541 500 451 400 348 300 258 226 206 200 206 226 258 299 
170 290 337 391 449 508 562 609 644 667 675 667 644 609 562 508 450 391 337 290 255 232 225 232 255 290 337 391 449 508 562 609 644 667 675 667 644 609 562 508 450 391 337 290 255 232 225 232 255 290 337 
170 323 374 435 499 564 624 676 716 741 750 741 716 676 625 564 500 435 375 323 283 258 250 258 283 323 374 435 499 564 624 676 716 741 750 741 716 676 625 564 500 435 375 323 283 258 250 258 283 323 374 
170 355 412 478 549 621 687 744 788 815 825 815 788 744 687 621 550 478 412 355 311 284 275 284 311 355 412 478 549 621 687 744 788 815 825 815 788 744 687 621 550 478 412 355 311 284 275 284 311 355 412 
170 387 449 522 599 677 749 812 859 889 900 889 859 812 750 677 600 522 450 387 340 310 300 310 340 387 449 522 599 677 749 812 859 889 900 889 859 812 750 677 600 522 450 387 340 310 300 310 340 387 449 
100000 6464 7499 8705 9999 11294 12499 13535 14330 14829 15000 14829 14330 13535 12500 11294 10000 8705 7500 6464 5669 5170 5000 5170 5669 6464 7499 8705 9999 11294 12499 13535 14330 14829 15000 14829 14330 13535 12500 11294 10000 8705 7500 6464 5669 5170 5000 5170 5669 6464 7499 
1353 1250 1129 1000 870 750 646 566 517 500 517 566 646 749 870 999 
1268 1229 1550 1575 1650 1275 1611 1565 1565 1296 916 943 771 696 724 664 503 406 441 671 542 671 836 1189 977 1043 1466 1474 1530 1729 1261 1183 1275 1165 
1299 1152 1557 1674 1196 1200 1696 1414 1482 1104 1250 888 997 661 525 585 545 498 607 635 622 637 873 1100 1033 1053 1200 1213 1426 1214 1719 1179 1514 1356 
1211 1385 1405 1208 1366 1767 1512 1159 1425 1276 1134 832 958 891 765 569 508 575 450 458 642 877 740 1000 1063 1300 1457 1540 1260 1396 1376 1515 1593 1093 
1207 1070 1469 1318 1420 1646 1624 1310 1397 1395 1196 1124 708 894 650 602 603 559 506 521 748 748 880 989 1043 1420 1321 1527 1546 1414 1557 1158 1320 1138 
1041 1322 1452 1666 1322 1641 1710 1528 1343 1277 1018 985 760 797 726 606 509 483 564 548 644 668 888 941 1343 1223 1239 1553 1730 1481 1217 1598 1086 1469 
1031 1319 1337 1467 1300 1274 1623 1428 1346 1054 1246 1100 1041 893 600 601 464 440 458 609 692 659 894 1155 1115 1074 1200 1189 1566 1226 1463 1710 1376 1331 
923 1380 1220 1538 1555 1658 1226 1527 1490 1075 1163 846 883 669 649 535 599 405 603 552 720 614 944 1087 970 1360 1246 1435 1218 1456 1345 1316 1489 1341 
1257 1476 1113 1348 1660 1481 1717 1383 1430 1299 1053 889 724 602 762 627 510 444 601 642 532 616 889 1053 948 1361 1545 1580 1627 1468 1549 1155 1331 1316 
1211 1041 1598 1407 1268 1461 1329 1162 1436 1269 1338 1140 1042 828 645 637 608 598 417 541 643 716 720 940 1208 1155 1470 1502 1699 1675 1741 1445 1548 1312 
1025 1075 1434 1412 1419 1259 1284 1682 1430 1095 1302 889 744 761 671 478 529 507 462 657 571 637 710 905 1086 1456 1608 1369 1679 1505 1582 1429 1603 1339 
