10 6 20
6 50
340 96 85 77 75 77 85 96 112 130 149 
340 129 113 103 100 103 113 129 149 174 199 
340 161 141 129 125 129 141 161 187 217 249 
340 193 170 155 150 155 170 193 224 261 299 
340 226 198 180 175 180 198 226 262 304 349 
100000 6464 5669 5170 5000 5170 5669 6464 7499 8705 9999 
1353 1433 1482 1499 1482 1433 
1372 1295 1159 966 
1376 1250 1091 1000 
1367 1206 1172 996 
1311 1275 1097 1016 
1349 1286 1139 987 
1361 1274 1153 982 
1304 1231 1119 1018 
1332 1309 1142 991 
1355 1221 1143 1032 
1359 1269 1110 986 
1324 1249 1112 999 
1389 1289 1162 1040 
1366 1244 1144 1008 
1338 1206 1120 974 
1367 1245 1103 1004 
1356 1196 1174 1005 
1404 1240 1141 956 
1398 1200 1179 1042 
1382 1312 1089 972 
1330 1274 1164 1006 
1322 1195 1083 1040 
1410 1243 1163 1004 
1373 1261 1154 1014 
1411 1261 1134 1024 
1391 1303 1144 1034 
1341 1189 1096 981 
1318 1231 1176 989 
1343 1249 1139 992 
1408 1204 1086 1009 
1301 1241 1079 990 
1352 1295 1091 1001 
1381 1294 1111 980 
1420 1215 1086 1022 
1331 1304 1106 1027 
1413 1199 1164 982 
1394 1275 1120 985 
1370 1193 1111 1000 
1308 1225 1110 960 
1294 1216 1127 980 
1317 1252 1082 1016 
1420 1264 1177 1034 
1409 1276 1113 1012 
1368 1262 1122 1045 
1344 1204 1137 982 
1322 1189 1170 959 
1348 1263 1159 951 
1287 1250 1073 1021 
1297 1259 1129 983 
1419 1218 1115 1046 
1373 1258 1130 976 
