20 2 20
7 50
1700 96 85 77 75 77 85 96 112 130 149 169 187 203 214 222 225 222 214 203 187 
100000 6464 5669 5170 5000 5170 5669 6464 7499 8705 9999 11294 12499 13535 14330 14829 15000 14829 14330 13535 12500 
1353 1433 1482 1499 1482 1433 1353 
954 658 1489 1123 665 261 679 297 383 518 885 782 1120 
1416 919 1585 1380 585 640 583 288 545 712 732 598 459 
825 1314 805 469 607 928 608 566 202 429 700 363 302 
1610 895 641 410 645 414 516 262 493 452 247 661 1185 
1976 1455 1465 1000 399 555 512 277 202 667 790 726 1076 
1679 491 877 444 1045 268 389 735 646 561 890 569 1044 
679 1800 630 734 578 444 361 565 605 304 512 956 312 
1158 539 849 1097 1084 535 282 703 296 480 427 884 357 
1040 1038 813 1059 810 564 528 352 766 442 550 414 1012 
1675 1588 548 1153 539 364 873 361 546 247 401 282 522 
1588 678 1516 1100 828 536 348 232 687 797 295 785 447 
1479 535 1089 582 1199 354 244 283 214 462 559 660 488 
1447 1652 422 413 947 670 777 303 256 363 669 1020 729 
1714 451 945 1128 478 626 509 704 762 427 895 957 1147 
1063 557 920 393 732 1028 652 703 692 401 295 762 885 
630 1548 415 752 762 467 531 535 247 573 525 773 664 
899 1701 718 1097 453 361 587 345 663 748 869 488 1191 
1691 1544 1306 1073 1012 598 318 390 254 381 397 577 420 
1425 1711 479 1244 404 432 495 484 764 820 449 392 858 
677 731 867 785 603 903 435 458 707 744 642 1001 924 
676 1185 1492 567 844 658 273 412 767 751 434 409 1178 
1854 1755 1363 457 844 855 320 429 486 213 600 718 971 
711 1492 1391 588 829 553 351 450 768 284 495 808 558 
1744 926 1473 1187 619 754 327 521 429 568 864 411 638 
1543 1108 901 960 360 640 655 466 575 357 432 278 969 
1459 662 941 524 567 467 352 666 361 376 543 926 756 
1016 681 624 1028 492 759 585 350 760 404 491 948 824 
1127 669 1253 1043 914 564 393 452 416 306 455 726 641 
1888 900 968 349 1161 862 795 718 609 326 381 631 307 
507 1053 1405 385 529 882 296 313 298 726 648 317 427 
1429 1462 932 710 725 734 263 443 352 305 288 433 1146 
843 699 1577 1117 417 364 609 473 472 722 819 408 773 
861 1264 1088 690 363 436 822 340 763 405 672 495 856 
1533 1212 1425 626 822 418 553 294 440 415 610 843 415 
1947 1390 1526 1382 966 618 770 509 331 525 229 553 571 
646 1008 1258 893 382 614 559 475 632 414 258 863 1104 
1033 1542 1253 839 789 567 714 395 721 724 588 576 402 
1642 1423 523 1234 688 362 527 495 477 229 791 844 1189 
502 600 1586 654 657 264 886 527 586 366 252 672 1152 
875 1096 1113 1128 815 493 790 579 345 775 356 800 312 
1330 1748 1310 969 330 538 563 264 658 492 493 705 722 
1743 465 457 982 449 654 715 799 457 616 829 509 805 
1999 851 1440 801 677 490 887 247 703 628 337 841 507 
1190 510 589 1068 814 789 228 688 613 497 497 923 398 
1772 1082 1163 1389 1180 494 659 730 620 768 778 646 1068 
684 484 1115 717 543 743 716 236 476 707 354 869 538 
509 1460 1218 1179 325 295 253 703 282 376 848 930 1044 
1536 1489 785 850 786 403 861 612 245 309 906 401 389 
1774 1691 1431 1219 566 890 808 513 291 453 676 546 982 
1248 1424 1364 996 775 631 809 670 416 289 268 874 990 
