50 3 20
16 100
850 85 77 75 77 85 96 112 130 149 169 187 203 214 222 225 222 214 203 187 169 150 130 112 96 85 77 75 77 85 96 112 130 149 169 187 203 214 222 225 222 214 203 187 169 150 130 112 96 85 77 
850 113 103 100 103 113 129 149 174 199 225 249 270 286 296 300 296 286 270 250 225 200 174 150 129 113 103 100 103 113 129 149 174 199 225 249 270 286 296 300 296 286 270 250 225 200 174 150 129 113 103 
100000 5669 5170 5000 5170 5669 6464 7499 8705 9999 11294 12499 13535 14330 14829 15000 14829 14330 13535 12500 11294 10000 8705 7500 6464 5669 5170 5000 5170 5669 6464 7499 8705 9999 11294 12499 13535 14330 14829 15000 14829 14330 13535 12500 11294 10000 8705 7500 6464 5669 5170 
1433 1482 1499 1482 1433 1353 1250 1129 1000 870 750 646 566 517 500 517 
330 289 610 789 417 1605 1596 1740 2010 1489 900 645 2000 2054 1416 1310 1402 940 685 1019 567 302 690 623 853 421 577 739 1389 1607 732 558 2105 962 
895 410 575 476 1027 997 717 1195 1928 2052 1799 1096 1469 1147 699 944 723 1263 505 815 859 691 608 459 290 644 461 445 476 1471 777 549 2029 2273 
711 988 306 1380 1235 1206 1544 1504 624 1715 1883 1395 2048 1429 1909 877 684 1082 1190 582 728 247 452 341 294 716 615 1308 1026 1428 1731 1785 1748 1842 
737 680 384 1292 1394 836 1795 1990 890 1708 1468 1398 885 1869 1569 856 610 1186 463 779 625 447 657 552 310 989 620 1118 1009 1271 711 1177 1500 1414 
847 626 1058 1050 1097 1237 726 547 1339 1503 1421 1929 1109 1013 1821 1128 484 1185 844 810 782 705 622 577 303 670 505 606 969 1255 1066 1316 1761 1294 
304 553 357 1181 455 491 735 940 2197 1168 882 695 1812 1217 1144 624 657 1113 640 825 661 209 311 623 241 509 787 850 987 1361 1912 1971 1840 2148 
677 449 770 864 1593 820 1318 1493 2019 1610 1550 2026 1010 1214 1801 1589 436 698 920 742 864 718 588 399 682 898 585 835 571 785 1287 1296 907 977 
535 672 573 663 1453 1043 1136 1190 1181 1058 1513 1522 1839 971 1742 730 1403 622 927 836 622 530 592 820 581 747 969 1284 412 867 1924 1508 2172 1702 
499 366 548 989 926 1401 1202 1717 783 1310 1883 744 1076 1396 920 549 1317 647 319 354 743 782 788 377 336 516 699 762 1219 1622 889 1496 1552 1808 
770 803 1093 587 832 1097 1999 711 1273 981 1346 724 1330 1428 1113 983 1458 472 947 409 768 736 667 297 766 706 859 448 1565 1254 592 2041 946 824 
377 515 964 499 411 1490 722 1238 1699 983 2315 1520 2064 707 1692 937 1282 1321 553 387 874 223 649 537 538 1002 1030 500 519 1737 538 813 1248 2282 
586 801 1190 998 1579 891 1912 2047 1733 911 1220 1570 769 1410 1216 1640 1569 719 303 842 714 698 413 649 734 337 1086 1325 922 1711 1703 1545 2080 1403 
736 259 910 719 1205 1475 1520 614 601 2298 2238 921 720 1131 1445 1678 671 558 1041 825 871 340 775 615 595 382 639 739 788 1083 718 655 680 1168 
716 891 939 1243 717 1791 538 1597 2246 1819 902 1155 953 1592 1819 912 1495 935 598 968 808 426 339 818 567 496 569 573 1502 1190 1512 712 1105 2097 
495 1016 1144 579 981 504 1716 982 1951 1044 2290 1935 904 915 1321 922 492 1240 347 316 254 750 303 436 593 400 1197 584 760 1747 1057 1231 1476 1404 
522 491 725 1008 1181 453 1297 1013 910 1917 1255 645 590 2150 835 1357 874 399 330 557 553 241 395 379 500 881 859 952 1057 968 1064 908 1778 815 
254 282 696 1173 847 630 1431 1317 1536 2347 1142 1020 1049 1497 1912 1601 694 515 506 800 502 209 423 397 423 854 477 749 1225 1556 1862 2067 930 2248 
800 563 1027 431 475 668 1874 1263 815 1815 982 1374 2239 1172 1515 1729 1532 843 1197 614 474 278 753 465 497 993 903 707 931 902 1939 734 988 1320 
764 279 829 702 1044 1592 1949 1786 1387 1727 2355 2247 1089 1467 1798 999 1343 696 350 996 302 521 770 471 227 667 1120 593 702 1101 1610 999 1843 1417 
555 962 746 1088 1522 1479 1961 857 1734 724 700 2321 2220 1116 1893 1689 811 1262 671 351 477 221 697 623 321 972 309 1380 590 856 1315 1303 1005 773 
793 778 1131 1167 514 1422 505 1790 2039 892 2221 650 655 666 1006 853 822 790 1098 865 749 630 301 213 313 813 333 963 1075 1428 1426 1355 1537 1385 
584 888 918 767 535 866 1351 995 732 2358 1025 1119 1215 2112 1137 1379 954 968 1114 299 406 495 479 718 658 358 860 856 1028 491 1486 1914 665 1752 
273 291 638 681 458 1149 1477 1562 668 1726 604 2341 735 967 1647 705 1350 1260 1114 718 808 563 756 662 240 747 417 1344 485 1503 1311 2094 622 639 
486 868 398 534 897 698 1302 1776 2283 1983 2028 1677 893 768 1176 1573 1349 392 386 503 643 250 511 584 783 945 946 597 1285 755 1734 1081 2192 645 
590 777 1143 1118 608 1697 1007 781 2160 1078 2107 2143 1216 854 1764 1547 1548 862 393 754 466 499 309 690 556 511 401 1180 612 1177 623 1702 706 1445 
563 429 1145 1352 690 732 1779 1991 1514 1740 1536 2085 912 912 761 1324 1043 1174 500 929 257 787 334 346 809 925 556 1187 461 1606 1187 855 705 1309 
409 512 419 798 1505 727 1793 1462 1120 1004 976 2343 1353 1196 1640 1428 759 374 693 1029 744 341 723 481 777 954 581 1177 841 1118 1097 2003 686 685 
671 749 692 382 459 1251 1497 1236 1355 770 1446 1476 1172 1293 833 1515 1140 1330 1097 782 764 465 729 313 603 443 718 502 1465 683 1557 1784 1728 2319 
685 492 385 879 1512 561 1591 2075 2064 1916 1661 2194 746 1466 583 596 832 422 1155 646 297 565 604 346 483 279 926 888 433 1384 901 2077 2084 639 
703 1002 1144 804 447 765 884 636 1421 1937 1518 1301 1340 810 1867 1759 903 612 789 767 769 292 620 263 695 325 612 1014 1292 1000 896 1054 1072 1351 
228 517 860 365 662 1059 1678 1512 1427 2165 1859 832 984 562 1966 557 1286 915 538 807 228 452 472 744 528 276 857 908 415 956 507 921 2107 960 
857 802 574 364 1496 1587 1362 919 2199 1259 617 2311 790 905 1543 1766 1162 353 1032 325 429 637 537 733 658 936 548 864 1246 1202 1772 673 1638 641 
247 998 337 1113 1273 786 1297 1500 2049 1777 753 1985 2104 964 1528 1055 1167 773 519 447 515 648 648 388 345 312 1172 763 1096 1237 1384 677 2095 1577 
262 554 667 681 431 1577 1084 623 1934 1818 1080 1185 1284 1822 1924 1391 441 388 493 882 316 215 676 569 291 741 539 1304 1530 860 985 859 1518 1884 
590 598 493 857 611 656 1855 1712 981 1834 663 838 891 1148 696 1051 1105 1297 467 726 359 588 259 784 604 954 302 824 1324 936 1781 1441 1430 924 
295 489 984 444 1354 1134 1526 1288 2265 2265 1957 2322 1803 1621 1503 1001 1028 1358 662 905 713 744 536 782 441 775 857 984 406 1124 735 1740 2136 1198 
670 330 807 872 1549 885 1869 2142 634 778 1833 1942 658 975 1964 935 893 354 659 893 817 208 585 451 384 734 985 376 1404 1622 622 604 1142 1420 
240 279 1088 942 1233 1007 1062 1325 1707 1694 2023 699 1597 1140 777 1795 788 366 779 810 882 484 763 286 635 618 601 1314 734 670 867 1539 1770 1005 
722 332 677 1070 504 1685 1962 2143 1301 2270 1774 2269 1700 1747 1067 1183 489 595 733 1014 254 210 630 808 849 941 641 1203 1372 507 1765 728 1038 1263 
496 763 711 647 1223 1053 1919 1628 1666 1232 1904 1137 872 1039 1228 934 1135 840 1024 406 246 548 385 379 556 619 671 701 918 1153 1591 1335 837 1404 
728 725 810 787 1391 1248 879 943 1024 2055 671 735 960 1256 1993 1500 962 1102 450 299 717 371 745 765 503 408 434 480 1353 586 1157 1538 828 2273 
303 403 1199 1016 916 1234 659 1392 612 1425 999 1402 1408 644 856 1443 980 529 1037 706 355 371 269 447 500 622 870 838 658 1779 1822 1338 1488 2117 
819 536 583 1040 478 1456 1834 2036 2074 2295 885 2134 1066 1266 577 1056 1295 920 371 295 792 700 390 776 822 610 903 1131 514 1150 1635 1175 1116 2148 
409 383 1122 1282 551 1445 566 702 1102 683 1966 923 1706 952 660 589 1064 427 1031 557 729 635 573 518 366 618 1125 751 924 1250 1512 2017 2076 726 
497 646 1141 394 485 1301 1168 1888 1891 1241 2067 2050 2258 1773 1706 1161 748 578 505 915 528 615 464 212 528 694 1145 453 1312 1505 1901 1758 971 887 
389 906 980 1268 764 1480 1086 1336 1858 968 2239 1715 989 2018 1193 1069 484 653 636 689 376 585 643 578 465 579 1067 757 962 1635 643 1507 1744 2252 
480 873 1048 1120 1216 671 1102 1095 2144 1349 1492 759 1423 1095 895 1498 1507 794 841 912 798 296 485 742 702 456 945 850 1171 1243 1428 550 1708 2180 
361 270 888 429 930 1760 1207 1260 1286 1092 1541 984 1483 1969 596 581 1434 996 971 987 798 594 511 494 319 993 742 373 559 1221 1744 1023 1931 900 
430 277 528 1061 1044 1234 598 572 1694 1536 1147 680 991 2131 1250 727 916 1206 917 818 905 646 441 823 384 956 318 1369 1070 1432 821 775 1554 2170 
864 985 776 680 1282 725 1932 1843 1855 1590 1269 750 969 857 1749 1425 1570 366 560 473 507 631 451 384 769 595 1195 849 755 728 1090 1577 1114 618 
458 836 1134 416 966 1347 1594 1412 2004 646 2377 1557 2056 1605 1083 751 423 395 551 590 622 429 620 816 740 622 371 1364 1193 926 1888 615 1132 1545 
474 404 494 1209 1421 1729 1211 544 2162 1544 1314 1922 1131 1980 920 1111 803 1366 492 553 690 524 752 321 788 577 512 543 434 459 969 2096 2275 1475 
338 340 679 965 1140 1531 1118 1854 1058 959 2222 1318 1659 1625 701 1022 1334 1091 671 843 260 652 209 719 872 573 841 1091 1118 1636 1947 953 1030 1325 
550 362 344 1185 451 913 1000 1086 2216 639 788 1032 1335 875 1562 1540 745 646 445 841 465 746 558 429 457 899 1151 1124 1202 551 1155 1742 1883 717 
244 1031 862 823 803 1175 564 1881 914 1447 1055 792 1269 872 1123 1163 1298 937 974 672 875 510 593 736 628 734 929 1298 1076 702 1626 1744 1045 2293 
353 891 336 654 924 1443 1819 886 1899 1066 1027 1576 1648 1736 1653 484 817 511 975 519 694 296 338 288 821 306 749 1323 1156 901 1981 1915 2248 1362 
342 413 418 889 1101 1654 1136 767 1510 1633 1435 639 1694 1512 1255 1018 1236 906 556 951 253 537 337 313 272 466 576 1258 1393 1034 1180 1611 1285 2252 
796 878 497 910 1428 1190 1451 748 914 1209 1131 1203 1934 1102 1199 1546 423 488 889 764 239 347 236 555 504 439 1134 412 772 711 1147 971 2267 652 
333 874 1140 1019 1339 590 1719 1338 683 2215 608 1139 1779 2128 771 1466 624 1302 944 688 388 383 365 289 830 794 701 423 1420 536 1586 1390 985 2152 
728 981 510 896 415 585 1690 1434 840 620 626 2296 1910 1291 816 905 416 1214 595 1032 890 288 665 740 895 789 539 649 1507 1012 1668 1520 1553 1053 
364 649 497 1028 1345 583 1213 1396 2271 1935 1566 2090 1903 1404 1733 544 438 720 558 749 315 645 356 676 393 1030 450 1076 1066 970 1926 1862 2067 1026 
618 627 1035 1379 898 777 753 1304 2129 1124 1299 1853 1041 1570 520 603 1255 1271 1161 1003 798 431 392 412 745 417 1035 578 1143 625 1080 605 2187 1910 
311 449 878 1290 493 858 569 687 640 1780 1880 1001 2137 716 1208 1776 1280 1334 749 968 905 541 639 589 418 810 779 431 1449 833 1835 1287 1292 1476 
257 722 480 904 1413 878 765 1844 1788 2202 1183 1092 1438 1920 1103 1232 681 530 968 999 786 487 281 237 817 947 679 823 1272 1115 1816 2086 1826 1947 
902 685 1112 1304 1268 588 566 624 2000 1769 1432 1084 1220 1139 891 784 400 355 742 318 250 217 212 280 284 364 718 904 579 1020 528 809 2085 2070 
594 785 360 499 1274 1000 1953 1150 1821 2164 1568 1349 596 1474 766 748 1505 1080 390 1029 638 628 733 826 798 360 614 665 951 1710 880 2070 1947 1015 
272 344 1184 396 702 1318 1081 761 979 1388 861 2287 1695 879 515 959 1513 1344 708 895 793 707 383 626 270 722 1030 886 973 1194 1154 643 658 1958 
396 567 441 1150 714 917 936 1719 1480 1505 1988 1811 1222 2156 1366 1075 1140 492 1088 584 249 454 406 761 266 826 1094 774 1515 1095 1716 1315 899 1001 
318 387 1091 1040 1588 650 876 1733 2034 1399 1245 1129 1568 1636 1049 1227 1543 1174 1124 550 712 439 439 657 749 547 727 1012 1137 718 1524 1596 1602 1187 
561 327 381 549 1150 1047 756 1210 588 2157 2275 1216 900 1198 1945 1761 1076 897 446 891 398 824 441 446 898 684 474 847 1392 606 1904 1945 691 1420 
782 983 460 1177 1586 1200 655 792 746 2079 2033 1060 1912 681 956 1281 582 964 529 549 241 509 259 248 738 618 1145 788 1001 1054 946 1314 2057 670 
674 496 771 1352 561 992 538 654 765 801 1026 1278 892 934 1414 1346 716 397 1048 887 338 752 774 761 605 811 854 1243 1103 1333 1089 1805 620 2072 
884 892 582 1108 531 1250 922 998 822 932 2354 2135 2176 1492 1030 1179 409 954 527 666 873 267 459 502 617 1014 353 725 444 1800 1209 1459 1389 1293 
616 335 504 894 1203 1012 919 2043 841 1983 2374 1516 1979 1699 1540 611 586 751 606 260 594 542 580 682 609 899 1107 497 876 518 766 634 1533 1155 
717 717 1072 887 862 590 1900 741 755 957 905 1995 574 1899 1070 1379 644 481 366 321 244 389 594 271 594 463 679 522 605 817 1460 581 1264 794 
669 983 458 696 676 1638 642 2138 813 1159 617 1025 838 1334 627 1245 930 987 1153 814 654 268 203 824 490 372 768 958 1486 1421 1325 2159 684 1227 
453 506 918 1250 671 1519 1517 873 1898 2265 1361 1858 2291 676 912 1801 1080 640 726 692 771 559 411 555 403 762 442 1101 1496 1462 1011 1867 1449 2122 
679 846 516 500 1544 1386 951 1551 2039 783 1373 2231 1297 1252 527 898 1498 429 1108 882 633 409 434 335 854 428 940 826 1524 1387 985 1907 987 718 
462 396 618 726 1106 556 1739 989 1138 2360 2307 1459 1270 1032 1084 570 1293 477 855 803 830 265 465 350 654 897 776 1078 838 790 821 800 957 1658 
556 377 830 545 934 1347 673 1820 817 653 2044 1890 665 1952 877 1177 552 651 917 443 688 593 692 287 235 961 471 519 521 757 527 1704 866 1194 
381 983 778 921 1217 975 1259 1055 1003 1011 2010 1560 1951 1591 594 504 1238 1041 581 338 847 364 500 654 448 843 422 675 816 1037 1183 1410 1254 1272 
652 313 644 834 1318 1689 1639 1415 873 734 1039 1758 1564 927 1702 1111 1291 581 1194 776 450 761 360 384 412 500 565 603 1124 1410 1936 1671 2265 949 
259 485 1074 1130 772 1063 1307 1005 2117 1223 672 1523 2021 2033 630 966 1153 805 340 663 551 280 310 798 509 444 384 516 1291 633 1378 1769 2243 1897 
875 328 1064 1267 1490 1559 1328 752 650 2143 1742 1062 886 1861 1767 755 905 391 648 806 405 710 638 271 653 682 796 398 550 993 1877 934 1301 1567 
427 898 331 527 955 1757 1098 1524 2229 2230 1650 1672 818 997 1170 774 880 968 855 498 723 276 273 739 329 942 317 1013 546 1631 1803 666 1486 1265 
489 794 619 795 557 981 1370 1157 1546 1816 1481 1402 1139 927 1828 1023 491 1088 637 364 713 475 367 315 499 892 555 623 528 1775 1118 1722 835 1587 
514 794 739 595 650 760 682 1885 1125 926 1490 1501 886 2043 782 608 512 1018 988 997 663 555 272 289 617 768 456 1276 1315 659 859 1850 1138 1509 
863 644 783 499 1554 1321 1314 1375 1585 2142 1673 2250 950 1325 1674 1380 1413 809 1121 852 738 593 579 755 447 878 635 381 728 864 807 954 846 2141 
379 959 766 963 1034 535 1213 1314 1269 1237 878 1668 1965 2035 1622 816 1283 982 824 387 613 437 218 230 229 903 838 1153 1182 1614 588 1181 2119 1251 
865 1011 408 405 684 1575 1778 919 1773 803 612 1645 1412 782 1586 454 1147 856 1161 365 897 379 430 277 416 852 965 1256 1310 1068 736 1363 731 2256 
655 497 458 1157 583 1335 908 1365 1742 1552 1131 833 1359 2094 1398 659 1414 1177 389 676 371 538 256 636 229 587 838 1163 1078 948 1347 1304 2013 1007 
778 648 739 1208 421 583 1399 859 1640 1714 1472 1609 2218 1479 1619 1196 1004 536 440 912 599 703 470 363 320 602 889 450 1194 1007 1987 1891 2091 1563 
234 292 1016 408 409 1251 697 1153 1132 668 2151 620 1681 871 1317 1679 1419 1271 1071 397 607 628 293 739 859 990 667 800 1370 1402 1022 1806 2016 1844 
352 570 852 704 1260 1079 1198 1610 912 1601 2384 860 1933 1784 1845 1257 1555 1147 543 740 667 694 717 354 598 305 729 384 861 1027 593 1004 1402 2349 
632 774 733 682 834 1538 1348 822 1788 1265 650 862 2072 550 1279 908 1597 965 1046 513 833 462 522 613 669 736 647 397 1284 950 1557 1376 1607 1250 
737 819 694 1340 745 1296 771 1303 1020 2016 1169 1022 2127 1383 1435 1391 562 1324 684 1025 609 473 471 717 884 688 1101 999 1105 1167 1620 1932 692 2000 
287 778 663 918 726 1262 1566 1824 1845 1519 978 1971 1428 1558 828 983 1414 957 769 594 551 597 776 328 578 892 825 784 1139 616 798 2143 1734 1713 
683 582 576 907 1386 1191 1434 793 1007 1335 1388 1810 2209 1904 1241 1682 436 937 1005 724 511 560 548 707 816 579 537 1137 544 608 1292 1489 1551 1579 
281 757 530 1220 894 1200 1342 1514 1836 1930 1363 1930 1756 1787 1141 1211 1484 1284 848 735 235 547 396 574 370 987 330 691 1536 973 937 734 2050 2157 
832 853 773 568 866 883 714 1045 2199 2287 1880 697 1893 552 1752 819 428 987 944 324 618 750 469 488 470 351 480 1369 1306 610 1060 1828 1991 2015 
