20 2 20
15 50
1700 85 77 75 77 85 96 112 130 149 169 187 203 214 222 225 222 214 203 187 169 
100000 5669 5170 5000 5170 5669 6464 7499 8705 9999 11294 12499 13535 14330 14829 15000 14829 14330 13535 12500 11294 
1433 1482 1499 1482 1433 1353 1250 1129 1000 870 750 646 566 517 500 
631 816 527 474 533 
214 608 264 414 1078 
684 876 578 1094 1197 
763 792 680 425 1202 
776 292 987 581 1266 
496 445 994 1076 503 
501 648 476 406 690 
500 502 978 871 878 
794 789 1023 688 1237 
370 695 942 318 966 
211 631 397 612 1090 
590 636 977 674 522 
789 237 792 485 1213 
580 470 539 783 1320 
227 401 526 515 646 
734 826 733 699 1281 
295 771 658 374 776 
431 329 264 995 1329 
308 560 644 348 916 
455 865 436 708 931 
349 774 384 1013 828 
378 496 861 800 884 
248 711 729 922 1238 
495 781 477 831 613 
719 875 1009 720 1016 
646 536 815 1038 484 
812 722 439 345 627 
282 239 644 651 1128 
222 413 562 828 783 
208 601 952 920 1361 
329 633 868 873 943 
589 606 370 908 496 
375 671 749 757 756 
757 526 817 614 1058 
631 404 669 1126 449 
352 343 795 739 858 
471 228 1022 974 638 
752 266 588 790 603 
397 311 792 629 837 
517 661 454 856 904 
434 785 287 1011 771 
323 704 912 353 1327 
755 455 651 911 1194 
756 575 868 1077 713 
814 643 484 825 408 
240 824 477 308 1189 
566 886 711 423 925 
689 282 682 815 417 
745 315 493 746 881 
215 481 767 569 1061 
