50 11 20
36 50
170 85 77 75 77 85 96 112 130 149 169 187 203 214 222 225 222 214 203 187 169 150 130 112 96 85 77 75 77 85 96 112 130 149 169 187 203 214 222 225 222 214 203 187 169 150 130 112 96 85 77 
170 113 103 100 103 113 129 149 174 199 225 249 270 286 296 300 296 286 270 250 225 200 174 150 129 113 103 100 103 113 129 149 174 199 225 249 270 286 296 300 296 286 270 250 225 200 174 150 129 113 103 
170 141 129 125 129 141 161 187 217 249 282 312 338 358 370 375 370 358 338 312 282 250 217 187 161 141 129 125 129 141 161 187 217 249 282 312 338 358 370 375 370 358 338 312 282 250 217 187 161 141 129 
170 170 155 150 155 170 193 224 261 299 338 374 406 429 444 450 444 429 406 375 338 300 261 225 193 170 155 150 155 170 193 224 261 299 338 374 406 429 444 450 444 429 406 375 338 300 261 225 193 170 155 
170 198 180 175 180 198 226 262 304 349 395 437 473 501 519 525 519 501 473 437 395 350 304 262 226 198 180 175 180 198 226 262 304 349 395 437 473 501 519 525 519 501 473 437 395 350 304 262 226 198 180 
170 226 206 200 206 226 258 299 348 399 451 499 541 573 593 600 593 573 541 500 451 400 348 300 258 226 206 200 206 226 258 299 348 399 451 499 541 573 593 600 593 573 541 500 451 400 348 300 258 226 206 
170 255 232 225 232 255 290 337 391 449 508 562 609 644 667 675 667 644 609 562 508 450 391 337 290 255 232 225 232 255 290 337 391 449 508 562 609 644 667 675 667 644 609 562 508 450 391 337 290 255 232 
170 283 258 250 258 283 323 374 435 499 564 624 676 716 741 750 741 716 676 625 564 500 435 375 323 283 258 250 258 283 323 374 435 499 564 624 676 716 741 750 741 716 676 625 564 500 435 375 323 283 258 
170 311 284 275 284 311 355 412 478 549 621 687 744 788 815 825 815 788 744 687 621 550 478 412 355 311 284 275 284 311 355 412 478 549 621 687 744 788 815 825 815 788 744 687 621 550 478 412 355 311 284 
170 340 310 300 310 340 387 449 522 599 677 749 812 859 889 900 889 859 812 750 677 600 522 450 387 340 310 300 310 340 387 449 522 599 677 749 812 859 889 900 889 859 812 750 677 600 522 450 387 340 310 
100000 5669 5170 5000 5170 5669 6464 7499 8705 9999 11294 12499 13535 14330 14829 15000 14829 14330 13535 12500 11294 10000 8705 7500 6464 5669 5170 5000 5170 5669 6464 7499 8705 9999 11294 12499 13535 14330 14829 15000 14829 14330 13535 12500 11294 10000 8705 7500 6464 5669 5170 
1433 1482 1499 1482 1433 1353 1250 1129 1000 870 750 646 566 517 500 517 566 646 749 870 999 1129 1249 1353 1433 1482 1499 1482 1433 1353 1250 1129 1000 870 750 646 
496 434 493 538 534 673 882 810 1011 1232 1290 1374 1708 1560 
566 556 511 556 532 754 879 724 988 951 1172 1613 1247 1371 
483 479 471 483 664 661 896 912 1143 1137 1294 1185 1466 1562 
519 593 482 552 577 646 835 826 849 1062 1328 1594 1401 1464 
556 607 577 446 553 626 632 823 1019 1328 1021 1128 1658 1331 
587 543 588 461 607 747 774 727 1078 1053 1488 1133 1705 1763 
580 423 472 416 672 725 751 832 916 1298 1461 1574 1448 1518 
557 465 487 537 508 649 851 970 1079 1130 1260 1371 1570 1523 
618 586 544 431 562 680 675 838 1060 910 1233 1326 1188 1332 
639 547 512 426 462 638 655 781 923 1033 1313 1577 1298 1607 
676 517 585 452 644 752 642 726 1188 1255 1307 1568 1435 1398 
492 597 579 612 520 738 772 851 1021 988 1276 1455 1159 1194 
659 530 452 538 553 604 897 964 939 1352 1496 1336 1324 1433 
548 482 545 611 677 607 777 794 921 1089 1351 1105 1568 1746 
606 470 416 481 566 526 764 826 829 1007 1059 1341 1432 1240 
679 582 497 479 474 556 825 793 902 1156 1352 1251 1306 1645 
522 524 458 490 543 569 799 862 971 1344 1469 1243 1601 1305 
674 429 550 528 644 727 664 729 1020 1082 1109 1160 1309 1395 
567 414 422 414 668 764 870 763 919 1132 1202 1238 1696 1404 
506 568 445 439 610 753 839 725 873 1007 1462 1194 1240 1595 
679 559 469 547 673 557 653 959 972 1205 1100 1207 1527 1226 
547 451 512 525 496 569 814 948 1149 1331 1268 1471 1521 1739 
626 611 554 466 490 638 806 856 1123 1084 1151 1228 1585 1413 
636 496 501 539 513 565 879 755 1012 1001 1162 1382 1480 1610 
474 587 570 596 589 644 807 1013 808 1029 1261 1570 1402 1320 
633 493 437 446 520 699 764 940 802 1313 1487 1228 1700 1451 
643 417 471 487 635 564 700 743 809 1267 1347 1117 1199 1377 
461 448 404 611 549 657 641 834 888 1017 1120 1489 1232 1516 
639 455 430 546 624 611 663 904 890 1270 1321 1535 1339 1615 
462 562 423 441 538 663 718 960 971 1248 1146 1536 1204 1323 
622 417 536 606 640 691 820 923 915 1214 1307 1497 1229 1275 
516 461 512 605 552 640 614 902 1063 1121 1071 1432 1447 1584 
575 532 484 606 667 673 616 845 1017 1235 1154 1302 1368 1732 
569 574 510 610 614 685 734 1024 829 1140 1034 1577 1707 1421 
581 512 577 512 675 525 791 955 976 1105 1093 1101 1588 1644 
556 607 540 587 524 554 800 809 951 1142 1226 1150 1495 1570 
582 551 478 597 607 764 649 1042 1174 1350 1087 1155 1466 1386 
559 482 502 522 613 613 783 723 1162 1342 1460 1467 1544 1415 
624 556 432 460 490 711 876 917 887 1186 1235 1419 1696 1521 
550 553 466 600 624 645 895 722 1030 1324 1103 1131 1511 1755 
673 600 407 587 511 694 698 776 1074 1098 1284 1297 1512 1704 
542 486 562 459 624 526 758 912 950 1037 1316 1539 1461 1734 
522 453 465 496 607 526 823 907 1030 910 1084 1205 1255 1359 
519 420 421 606 676 719 740 963 995 1340 1309 1518 1220 1242 
480 536 413 569 552 655 678 757 858 1170 1071 1343 1173 1430 
501 491 588 471 459 645 757 1000 1105 945 1067 1270 1680 1378 
634 542 455 589 526 632 765 1019 1139 957 1098 1501 1535 1414 
569 489 545 509 557 629 730 930 1067 1281 1245 1420 1562 1221 
505 508 469 424 677 536 764 734 936 1287 1193 1099 1441 1653 
535 468 560 534 475 583 717 903 949 1241 1186 1135 1200 1299 
