20 3 20
15 10
850 96 85 77 75 77 85 96 112 130 149 169 187 203 214 222 225 222 214 203 187 
850 129 113 103 100 103 113 129 149 174 199 225 249 270 286 296 300 296 286 270 250 
100000 6464 5669 5170 5000 5170 5669 6464 7499 8705 9999 11294 12499 13535 14330 14829 15000 14829 14330 13535 12500 
1353 1433 1482 1499 1482 1433 1353 1250 1129 1000 870 750 646 566 517 
463 490 692 910 598 
229 588 483 539 452 
338 689 817 348 477 
719 496 440 968 1096 
524 653 700 942 773 
711 218 773 983 818 
546 340 650 406 630 
759 354 878 645 703 
399 596 891 624 401 
251 301 525 476 917 
