10 3 20
4 50
850 77 85 96 112 130 149 169 187 203 214 
850 103 113 129 149 174 199 225 249 270 286 
100000 5170 5669 6464 7499 8705 9999 11294 12499 13535 14330 
1482 1433 1353 1250 
1081 989 877 739 623 563 
1171 989 870 739 631 563 
1129 1001 899 749 621 572 
1081 996 875 758 652 559 
1088 967 864 774 617 540 
1179 1006 850 723 671 591 
1121 967 854 720 652 580 
1100 1039 829 730 649 543 
1169 1009 828 786 646 585 
1085 962 837 767 635 540 
1146 997 884 764 666 570 
1089 1025 884 783 675 554 
1080 1010 906 771 656 567 
1089 1001 877 726 647 581 
1155 1048 874 718 659 594 
1153 969 844 773 652 569 
1073 992 897 729 640 585 
1106 960 839 714 666 552 
1154 955 838 717 625 566 
1182 994 835 730 620 559 
1092 1033 874 725 667 560 
1117 1041 852 728 624 550 
1164 962 848 766 623 583 
1111 1037 839 777 634 595 
1139 986 877 721 616 538 
1108 964 903 783 655 555 
1099 1030 833 752 625 545 
1112 952 881 737 614 551 
1127 990 889 770 642 546 
1173 1004 905 739 640 558 
1143 1039 832 749 632 577 
1143 989 892 776 677 545 
1102 958 858 750 626 549 
1086 1023 884 720 614 564 
1154 978 858 780 631 582 
1113 970 868 770 651 565 
1180 963 913 768 632 569 
1161 986 850 767 614 589 
1122 1014 870 732 633 585 
1085 1046 888 781 652 552 
1177 1007 843 724 666 576 
1123 962 872 720 620 543 
1112 964 874 779 677 563 
1182 1046 905 778 638 586 
1080 974 896 769 657 589 
1161 1018 846 750 644 549 
1127 1037 875 746 662 545 
1082 1014 829 719 654 558 
1106 978 892 780 658 553 
1113 997 893 767 657 584 
