10 6 20
6 50
340 85 96 112 130 149 169 187 203 214 222 
340 113 129 149 174 199 225 249 270 286 296 
340 141 161 187 217 249 282 312 338 358 370 
340 170 193 224 261 299 338 374 406 429 444 
340 198 226 262 304 349 395 437 473 501 519 
100000 5669 6464 7499 8705 9999 11294 12499 13535 14330 14829 
1433 1353 1250 1129 1000 870 
765 758 480 434 
730 602 490 420 
626 550 514 615 
656 734 609 473 
866 737 508 422 
842 592 473 548 
759 629 653 470 
836 767 521 422 
632 520 555 576 
621 558 471 467 
886 625 466 525 
887 635 486 543 
815 744 558 600 
712 762 604 513 
852 680 513 435 
764 572 480 537 
715 623 557 532 
600 591 579 498 
677 726 536 437 
894 627 501 449 
840 641 667 618 
669 721 569 614 
827 589 563 597 
639 768 550 537 
778 571 599 561 
670 626 505 479 
671 597 658 478 
653 712 592 519 
647 609 534 422 
881 746 497 452 
847 646 661 458 
750 545 537 486 
767 699 646 499 
866 772 585 472 
821 555 618 562 
764 559 660 555 
718 625 616 569 
644 521 479 551 
652 681 520 548 
813 573 667 545 
804 626 514 592 
647 549 666 431 
656 719 507 596 
659 544 573 457 
816 721 542 577 
784 694 570 498 
763 579 610 564 
873 671 674 559 
892 543 552 457 
703 695 560 612 
