20 2 20
7 50
1700 75 77 85 96 112 130 149 169 187 203 214 222 225 222 214 203 187 169 150 130 
100000 5000 5170 5669 6464 7499 8705 9999 11294 12499 13535 14330 14829 15000 14829 14330 13535 12500 11294 10000 8705 
1499 1482 1433 1353 1250 1129 1000 
888 761 673 571 509 519 527 577 623 771 871 1038 1087 
896 759 626 549 536 509 513 540 615 728 843 966 1116 
913 772 664 555 537 499 503 593 664 785 839 1041 1169 
884 761 616 565 526 480 515 570 617 762 895 1011 1081 
894 719 644 549 516 496 538 581 627 779 852 996 1074 
829 715 630 544 538 496 505 565 646 743 896 990 1119 
913 755 673 545 529 502 528 565 614 759 885 987 1138 
833 761 616 549 511 500 497 573 639 714 858 1031 1080 
899 728 674 548 538 511 510 542 659 749 836 1000 1142 
884 720 641 578 494 485 537 566 638 743 875 1018 1084 
882 768 655 581 500 493 514 584 668 721 868 1009 1174 
890 727 615 592 541 484 503 581 636 712 910 972 1150 
831 761 648 541 541 497 515 594 655 769 858 987 1126 
875 726 631 590 506 498 521 542 647 766 853 961 1175 
885 713 645 542 505 487 524 577 664 773 851 971 1149 
839 767 620 590 497 503 504 550 653 715 845 1021 1131 
867 734 622 549 494 496 505 588 647 715 845 1026 1133 
862 724 656 592 494 478 521 568 651 724 870 1031 1113 
861 748 652 584 541 487 540 557 618 763 886 1015 1153 
848 783 619 545 528 524 533 559 627 775 846 1014 1074 
884 720 619 551 533 518 513 569 633 760 854 981 1143 
839 761 623 568 520 518 505 543 615 736 911 971 1078 
901 784 630 569 523 500 527 578 641 777 878 990 1097 
899 779 637 568 498 475 537 551 634 727 844 981 1179 
888 732 634 577 510 489 528 551 674 747 870 994 1094 
869 759 667 577 499 520 526 595 662 719 910 962 1106 
857 733 628 579 510 479 494 585 668 744 883 1032 1169 
844 723 678 589 521 508 523 586 638 716 911 1033 1165 
850 758 629 588 513 508 533 563 619 739 830 988 1171 
850 777 616 546 494 516 535 572 664 766 828 1010 1119 
912 758 624 549 520 489 507 589 673 773 903 1046 1140 
874 732 643 543 509 491 533 570 663 783 868 1042 1083 
867 712 619 547 514 486 523 565 673 774 904 997 1151 
883 769 650 589 524 521 528 550 642 784 858 956 1101 
855 724 620 575 500 503 511 566 633 771 884 1007 1082 
892 767 643 584 497 522 541 548 662 737 902 972 1118 
856 774 668 573 502 522 531 546 656 731 855 1037 1130 
884 780 615 572 542 496 494 564 630 753 853 1011 1085 
846 774 650 554 499 494 542 552 655 726 861 1036 1155 
909 758 618 584 510 493 515 577 636 760 840 988 1175 
863 712 649 564 499 493 529 544 640 728 877 1029 1135 
862 784 674 575 521 487 500 589 673 772 852 956 1135 
879 752 620 585 515 503 511 541 645 736 827 963 1101 
891 722 648 572 497 491 496 547 654 749 849 1011 1160 
868 771 627 579 496 477 536 581 633 775 900 974 1148 
858 728 616 572 538 475 529 568 661 752 842 1008 1101 
849 775 674 575 506 476 503 578 654 754 866 1027 1174 
871 750 624 563 538 523 515 586 616 735 854 1047 1179 
894 777 671 546 521 516 494 595 643 719 828 1004 1079 
898 740 652 572 494 491 523 591 667 777 866 999 1135 
