20 2 20
7 10
1700 96 85 77 75 77 85 96 112 130 149 169 187 203 214 222 225 222 214 203 187 
100000 6464 5669 5170 5000 5170 5669 6464 7499 8705 9999 11294 12499 13535 14330 14829 15000 14829 14330 13535 12500 
1353 1433 1482 1499 1482 1433 1353 
1705 1192 705 808 382 713 248 580 557 641 231 352 771 
562 1677 1333 511 637 337 855 517 797 365 543 804 637 
1603 1058 1215 487 369 695 865 478 303 491 283 573 684 
711 1690 1150 959 635 773 473 491 416 378 622 467 848 
852 912 1386 630 1103 780 386 719 667 546 524 625 1059 
1993 678 423 482 304 768 680 700 360 686 570 283 641 
1673 540 1296 960 742 863 620 623 782 634 325 310 823 
863 474 1358 887 779 561 466 574 685 781 255 642 850 
1552 455 639 749 1006 544 768 751 417 676 512 433 1112 
1449 1163 412 705 898 416 340 656 589 691 285 488 396 
