20 2 20
7 5
1700 150 130 112 96 85 77 75 77 85 96 112 130 149 169 187 203 214 222 225 222 
100000 10000 8705 7500 6464 5669 5170 5000 5170 5669 6464 7499 8705 9999 11294 12499 13535 14330 14829 15000 14829 
1000 1129 1249 1353 1433 1482 1499 
1341 1405 1351 1485 1294 923 989 720 652 553 470 432 489 
1521 1603 1258 1243 917 809 882 883 548 489 512 457 603 
1376 1315 1154 1452 1139 1189 1015 632 572 481 499 578 556 
1269 1210 1216 1099 1009 813 921 637 584 479 483 413 584 
1602 1258 1191 1346 1042 1135 923 858 560 530 497 474 564 
