10 11 20
6 5
170 96 85 77 75 77 85 96 112 130 149 
170 129 113 103 100 103 113 129 149 174 199 
170 161 141 129 125 129 141 161 187 217 249 
170 193 170 155 150 155 170 193 224 261 299 
170 226 198 180 175 180 198 226 262 304 349 
170 258 226 206 200 206 226 258 299 348 399 
170 290 255 232 225 232 255 290 337 391 449 
170 323 283 258 250 258 283 323 374 435 499 
170 355 311 284 275 284 311 355 412 478 549 
170 387 340 310 300 310 340 387 449 522 599 
100000 6464 5669 5170 5000 5170 5669 6464 7499 8705 9999 
1353 1433 1482 1499 1482 1433 
835 1625 1710 637 
687 1202 740 1256 
1159 877 976 578 
1549 1497 1068 1469 
2050 1977 702 818 
