5 6 20
2 100
340 130 149 169 187 203 
340 174 199 225 249 270 
340 217 249 282 312 338 
340 261 299 338 374 406 
340 304 349 395 437 473 
100000 8705 9999 11294 12499 13535 
1129 1000 
699 727 678 
980 894 631 
744 739 735 
826 608 541 
1034 621 578 
997 754 708 
954 792 772 
699 788 685 
935 765 695 
908 801 519 
1037 881 654 
917 685 552 
904 727 536 
1016 873 560 
960 668 671 
757 856 690 
1004 626 757 
877 748 672 
994 856 677 
834 695 754 
761 663 522 
803 799 597 
919 630 542 
788 862 639 
906 697 695 
1018 612 588 
729 819 539 
736 769 688 
841 705 628 
905 668 604 
805 645 725 
843 606 726 
828 689 750 
980 881 611 
726 675 592 
867 785 653 
706 888 765 
973 792 521 
969 719 645 
963 767 775 
1017 864 750 
832 615 734 
749 803 707 
751 640 735 
751 703 668 
818 730 525 
764 855 743 
706 839 665 
749 815 664 
883 623 668 
974 639 572 
785 645 563 
709 863 758 
732 867 562 
781 667 618 
713 780 734 
900 611 752 
756 746 646 
800 826 601 
996 824 607 
727 825 529 
711 809 622 
1037 759 638 
751 666 584 
729 704 768 
858 862 655 
943 824 618 
805 629 579 
827 785 643 
1038 888 725 
1040 772 533 
848 766 713 
722 600 552 
1021 793 655 
774 683 696 
834 874 656 
845 623 730 
724 779 615 
1022 682 680 
986 826 744 
1024 789 724 
844 633 524 
1011 679 551 
842 666 603 
858 621 643 
788 635 714 
871 868 638 
758 661 725 
710 746 631 
1030 884 731 
977 610 583 
744 764 666 
1030 638 525 
874 825 714 
932 645 623 
716 873 592 
1011 779 522 
850 603 659 
855 860 684 
902 745 633 
