10 11 20
6 100
170 130 149 169 187 203 214 222 225 222 214 
170 174 199 225 249 270 286 296 300 296 286 
170 217 249 282 312 338 358 370 375 370 358 
170 261 299 338 374 406 429 444 450 444 429 
170 304 349 395 437 473 501 519 525 519 501 
170 348 399 451 499 541 573 593 600 593 573 
170 391 449 508 562 609 644 667 675 667 644 
170 435 499 564 624 676 716 741 750 741 716 
170 478 549 621 687 744 788 815 825 815 788 
170 522 599 677 749 812 859 889 900 889 859 
100000 8705 9999 11294 12499 13535 14330 14829 15000 14829 14330 
1129 1000 870 750 646 566 
541 502 521 587 
519 512 516 551 
539 495 517 587 
507 506 536 559 
494 499 507 542 
491 502 516 556 
514 484 539 540 
518 520 541 560 
540 494 509 545 
536 501 495 574 
525 484 497 593 
521 512 518 542 
497 488 524 563 
532 509 531 556 
513 491 511 591 
512 486 528 570 
507 481 497 544 
493 523 502 594 
493 519 530 589 
532 518 519 562 
494 516 505 591 
491 481 523 573 
531 498 512 562 
531 495 503 570 
540 521 507 551 
515 504 495 564 
499 517 492 568 
542 510 524 594 
492 503 530 577 
493 494 492 586 
509 514 501 571 
497 507 521 585 
501 496 522 555 
517 524 519 546 
522 477 530 546 
499 524 505 545 
520 499 535 547 
504 483 530 566 
517 479 501 586 
537 488 523 578 
536 523 534 562 
518 520 503 589 
515 478 491 556 
503 505 524 543 
530 484 519 546 
541 486 507 588 
491 509 495 594 
521 508 534 557 
505 496 496 545 
534 480 516 565 
503 477 493 538 
500 499 522 592 
497 516 493 583 
516 494 535 546 
498 503 528 544 
521 493 517 578 
498 487 529 548 
527 501 511 565 
540 513 510 565 
537 509 531 573 
524 484 530 573 
495 506 508 554 
523 488 501 575 
505 521 522 577 
528 502 504 582 
512 482 525 556 
494 503 526 559 
503 493 517 587 
531 507 507 563 
491 523 509 549 
525 522 536 563 
492 478 532 590 
527 524 511 562 
499 478 534 553 
517 494 537 575 
493 511 534 555 
514 483 521 564 
514 502 506 568 
538 492 503 572 
499 502 517 593 
504 515 497 594 
498 496 496 563 
526 512 499 574 
498 480 518 558 
495 490 524 547 
520 503 501 585 
519 513 494 574 
541 487 535 549 
542 518 524 574 
517 501 512 583 
515 514 535 593 
506 521 493 558 
517 486 531 564 
518 495 536 566 
498 483 508 557 
527 481 526 584 
492 506 508 591 
512 511 511 546 
502 486 519 576 
503 510 523 562 
