20 3 20
15 50
850 112 130 149 169 187 203 214 222 225 222 214 203 187 169 150 130 112 96 85 77 
850 149 174 199 225 249 270 286 296 300 296 286 270 250 225 200 174 150 129 113 103 
100000 7499 8705 9999 11294 12499 13535 14330 14829 15000 14829 14330 13535 12500 11294 10000 8705 7500 6464 5669 5170 
1250 1129 1000 870 750 646 566 517 500 517 566 646 749 870 999 
1089 1228 1401 1451 1429 
1185 1203 1350 1373 1422 
1162 1224 1294 1385 1463 
1141 1283 1289 1403 1548 
1121 1290 1302 1390 1456 
1117 1287 1361 1406 1486 
1113 1236 1341 1382 1491 
1084 1286 1308 1490 1417 
1102 1304 1363 1446 1505 
1181 1262 1338 1366 1410 
1182 1196 1341 1388 1535 
1110 1257 1416 1463 1484 
1164 1307 1354 1483 1478 
1115 1270 1348 1441 1523 
1086 1198 1377 1406 1419 
1157 1258 1413 1456 1475 
1104 1280 1341 1488 1478 
1180 1247 1349 1469 1524 
1139 1245 1364 1452 1518 
1146 1266 1395 1437 1462 
1095 1219 1312 1377 1479 
1131 1209 1403 1403 1475 
1112 1201 1316 1470 1522 
1146 1254 1294 1496 1483 
1182 1233 1367 1452 1524 
1168 1301 1286 1371 1515 
1086 1272 1398 1365 1502 
1114 1269 1326 1413 1446 
1146 1280 1361 1424 1477 
1079 1286 1402 1490 1469 
1107 1192 1303 1463 1489 
1121 1300 1402 1501 1529 
1161 1291 1419 1435 1542 
1126 1188 1398 1369 1540 
1152 1241 1395 1375 1452 
1095 1240 1300 1481 1441 
1094 1295 1379 1421 1409 
1104 1284 1352 1473 1544 
1181 1276 1371 1412 1447 
1094 1214 1415 1365 1437 
1114 1309 1404 1384 1448 
1154 1265 1406 1416 1532 
1168 1269 1337 1399 1459 
1149 1212 1420 1399 1510 
1141 1214 1286 1369 1451 
1181 1274 1317 1492 1526 
1124 1294 1301 1465 1429 
1117 1299 1394 1468 1515 
1123 1269 1333 1406 1523 
1120 1261 1364 1383 1446 
