10 2 20
4 50
1700 85 96 112 130 149 169 187 203 214 222 
100000 5669 6464 7499 8705 9999 11294 12499 13535 14330 14829 
1433 1353 1250 1129 
1012 887 763 677 544 533 
1016 849 723 654 581 497 
1032 879 721 676 586 523 
1024 871 762 670 574 512 
1004 852 744 618 547 493 
1024 882 724 614 577 502 
1024 889 769 628 553 534 
1007 897 779 639 579 515 
1021 829 723 648 538 517 
973 906 714 655 552 520 
982 903 720 628 577 529 
964 888 764 646 538 515 
980 905 717 665 543 529 
1034 900 762 677 568 522 
962 906 723 651 575 516 
1013 831 747 623 550 511 
954 838 730 659 593 531 
971 854 724 668 589 534 
1035 827 724 665 561 496 
1029 895 763 672 576 503 
1020 896 750 650 545 537 
1021 903 774 626 572 492 
1032 877 726 620 564 518 
969 853 781 671 557 496 
985 903 737 658 567 523 
959 899 724 637 550 530 
960 868 733 646 555 532 
983 836 767 626 577 507 
1005 886 755 622 546 512 
950 879 762 651 593 518 
1023 880 761 637 579 533 
1007 906 744 653 567 500 
998 886 714 676 561 507 
993 871 750 670 543 535 
1017 912 768 631 550 509 
953 837 759 658 570 539 
1032 883 781 667 556 509 
1047 907 720 641 579 502 
1022 910 721 635 543 516 
977 882 776 633 546 499 
1008 844 734 672 579 493 
951 894 756 625 539 540 
972 835 730 667 573 512 
1041 833 774 644 562 519 
1031 895 723 626 551 515 
1022 864 717 676 595 534 
1025 845 723 623 588 521 
960 855 773 652 585 495 
965 906 758 635 543 521 
1048 827 779 669 548 534 
