50 6 20
16 100
340 77 85 96 112 130 149 169 187 203 214 222 225 222 214 203 187 169 150 130 112 96 85 77 75 77 85 96 112 130 149 169 187 203 214 222 225 222 214 203 187 169 150 130 112 96 85 77 75 77 85 
340 103 113 129 149 174 199 225 249 270 286 296 300 296 286 270 250 225 200 174 150 129 113 103 100 103 113 129 149 174 199 225 249 270 286 296 300 296 286 270 250 225 200 174 150 129 113 103 100 103 113 
340 129 141 161 187 217 249 282 312 338 358 370 375 370 358 338 312 282 250 217 187 161 141 129 125 129 141 161 187 217 249 282 312 338 358 370 375 370 358 338 312 282 250 217 187 161 141 129 125 129 141 
340 155 170 193 224 261 299 338 374 406 429 444 450 444 429 406 375 338 300 261 225 193 170 155 150 155 170 193 224 261 299 338 374 406 429 444 450 444 429 406 375 338 300 261 225 193 170 155 150 155 170 
340 180 198 226 262 304 349 395 437 473 501 519 525 519 501 473 437 395 350 304 262 226 198 180 175 180 198 226 262 304 349 395 437 473 501 519 525 519 501 473 437 395 350 304 262 226 198 180 175 180 198 
100000 5170 5669 6464 7499 8705 9999 11294 12499 13535 14330 14829 15000 14829 14330 13535 12500 11294 10000 8705 7500 6464 5669 5170 5000 5170 5669 6464 7499 8705 9999 11294 12499 13535 14330 14829 15000 14829 14330 13535 12500 11294 10000 8705 7500 6464 5669 5170 5000 5170 5669 
1482 1433 1353 1250 1129 1000 870 750 646 566 517 500 517 566 646 749 
458 873 994 632 1249 688 2263 906 608 889 903 1998 1437 1200 440 983 621 298 589 303 621 816 384 557 720 1462 965 914 686 1791 1388 1744 1988 2124 
590 1091 1650 1112 1501 2268 2110 2302 1550 1946 1273 577 1133 525 1153 1069 557 810 514 302 599 577 530 324 409 953 748 786 1549 1508 2164 2059 2149 1590 
1261 1308 893 845 1158 1879 1302 2148 1836 2173 916 691 715 1328 383 965 434 407 339 779 220 302 1025 901 1358 1311 1412 799 975 1047 1682 652 1426 1727 
580 902 1522 1658 722 587 1922 1010 1033 1688 587 1628 1323 789 451 474 670 576 513 512 686 792 477 589 1114 740 1326 1880 1067 579 728 1819 1397 1926 
482 1121 1238 931 888 2013 1701 974 1308 829 1983 1001 1390 1557 663 978 827 296 586 262 488 741 889 475 944 1404 1104 1771 1270 1037 1089 1119 1097 1139 
662 1551 536 1431 1387 683 1108 2021 661 1797 2052 1335 909 1597 922 460 490 810 280 745 304 262 598 829 507 534 1375 1868 644 1598 2349 1520 1235 1443 
973 890 722 791 1369 2241 2296 1713 735 2155 1428 918 1261 1041 575 915 453 631 250 615 509 364 1031 811 571 444 801 651 1865 863 1386 1727 1434 576 
359 753 1433 1183 706 1319 1933 2345 2241 1171 1149 1142 925 869 533 838 997 682 706 307 371 365 901 341 775 1496 706 1689 1892 985 1801 900 1300 1913 
806 974 1158 1633 2009 1591 1610 1812 986 1579 978 511 1212 1207 653 532 504 557 709 336 611 436 380 1076 732 812 979 1224 1442 1677 2195 2008 595 1847 
1247 881 1577 1461 1628 1338 1169 958 849 1914 1210 1307 1371 941 1176 803 311 272 303 297 354 563 617 524 958 1256 1510 699 787 842 1673 1344 1232 1272 
532 1527 1129 1352 1697 2177 1902 913 740 2095 1822 1941 1603 764 427 628 377 849 502 246 470 503 626 754 749 776 1640 1208 1015 807 2100 647 2243 1053 
807 1204 800 1877 1189 2076 1076 1271 1300 947 2076 640 1078 1584 1185 1059 876 632 235 309 647 670 825 1045 1285 423 1720 524 1759 1835 1327 1357 2294 734 
1055 1306 564 1675 571 1655 1252 1265 1273 1898 1271 523 1270 632 569 979 1008 505 542 299 539 422 356 1025 625 1156 570 832 1038 734 1680 2226 1539 1455 
693 428 1412 875 1627 1065 1139 1764 2112 1867 1200 765 1580 1569 1046 655 881 417 737 364 560 608 914 323 842 879 1299 1993 641 2088 992 1913 1088 2181 
421 1361 922 1329 1694 1436 744 1891 1296 2252 1941 1095 1098 1489 1320 697 327 455 413 637 263 713 346 658 1111 1352 528 1290 547 1280 1760 739 902 1976 
926 971 1026 1377 779 1690 781 1939 1653 2092 1454 784 1741 786 1372 1192 729 550 365 609 708 612 513 410 807 473 1754 550 1821 967 1371 2036 1537 708 
480 1135 1313 1260 1214 1603 1349 621 2262 2209 1331 1709 1289 1275 1060 914 599 485 798 482 495 626 373 678 381 1049 1254 1079 1546 947 1683 788 1198 1901 
1126 959 1185 1444 1895 711 1413 1266 1927 576 1243 505 1727 1545 960 955 673 836 538 656 339 406 1030 611 953 1317 1565 1273 915 599 1355 1892 1051 2158 
400 1472 993 657 1893 734 1572 1021 946 986 1938 1417 1104 539 490 1062 470 353 678 779 500 451 922 1018 864 520 1679 1986 1517 1561 1577 1479 2105 1291 
1177 1384 1260 857 1011 651 657 2095 610 1766 1770 1102 1714 1059 1142 633 263 649 785 706 280 322 588 615 616 1517 1684 1900 1522 2290 934 952 1986 1745 
496 866 1757 799 1203 812 687 2326 2168 2141 1663 1165 1018 1354 624 339 790 707 618 598 672 643 1029 707 610 1428 1774 1256 1631 903 993 2148 1841 1600 
516 1212 613 1242 1755 2094 925 1397 1977 900 567 1862 1727 1317 1270 484 548 538 795 319 778 835 541 1087 1214 730 760 1008 659 999 1216 1297 712 1738 
683 637 1732 1501 1876 1019 857 1806 1775 790 1410 551 1163 515 1112 1049 910 497 788 385 725 896 969 1020 498 1044 958 1182 554 1862 1407 1716 1496 1462 
965 666 1531 640 1114 2259 2047 2102 1733 1988 1275 1410 1550 778 967 713 285 549 262 593 571 762 294 890 628 1371 1045 715 1685 819 1510 1839 1879 884 
1352 577 1178 1158 987 1239 2274 2073 1216 1311 992 1480 1420 1126 659 1091 568 787 691 298 768 591 1026 624 607 997 1496 651 1397 2153 1437 2216 605 732 
804 1098 692 662 912 1310 1923 1909 1297 1971 637 538 1681 1284 1266 1103 284 277 229 789 744 821 948 489 573 1084 542 1073 657 1334 1433 721 1278 853 
361 745 948 1667 570 800 626 2359 2059 2086 760 1968 1111 1285 841 1094 333 753 405 699 613 325 407 1059 352 666 1582 1409 1738 1743 1140 880 1678 896 
690 1254 963 1616 1509 1519 1570 1132 1213 1009 584 1551 1563 605 438 887 930 528 632 583 482 521 685 794 532 1475 486 513 1716 1868 846 666 901 1936 
1273 559 683 729 735 1207 608 2271 849 1593 1181 1613 930 800 467 865 1004 563 400 243 370 531 728 786 772 1117 1462 1048 749 629 700 1146 1390 1150 
744 1152 1486 748 1629 729 1178 1851 777 1632 1492 1248 1489 433 671 1185 825 708 234 778 655 556 872 716 432 1147 1031 1014 928 993 2037 2146 1396 625 
403 1262 1780 1319 2027 1871 1398 655 2046 1948 1545 503 992 1417 583 759 362 306 345 436 787 284 281 635 605 522 520 1002 1464 1739 968 1756 2200 627 
1060 1381 560 1986 1414 1339 1344 2140 1593 1658 1749 944 1694 1441 476 1105 954 670 479 450 508 691 361 673 1324 415 658 857 665 2222 1616 735 1678 830 
1231 506 520 1303 742 1013 1627 1880 1839 586 1387 1078 1726 703 1001 624 836 826 789 703 813 467 585 692 1230 941 531 1543 1630 1932 1829 1504 726 922 
636 636 1787 1336 1765 1878 1429 833 1208 2101 1942 672 973 808 493 628 623 462 219 777 290 553 852 928 1145 1345 637 628 2098 1531 1445 2325 758 1507 
781 743 791 514 700 1051 1113 1356 1498 1218 940 697 1472 673 1135 1135 907 395 699 643 755 792 560 648 625 1406 1155 1569 1530 1342 2325 2234 883 2186 
701 901 1090 1305 1934 992 2088 2211 1253 2282 1452 943 533 1031 717 473 423 585 212 300 658 816 793 1106 961 505 1619 846 2139 2020 1174 2355 1261 1699 
686 952 629 1759 809 1443 627 2225 1270 2060 950 951 1585 1292 655 1086 875 564 311 690 448 276 620 766 846 806 1514 672 1101 2002 2043 803 1003 695 
1179 1489 630 511 1420 1529 2149 1858 1992 1660 1998 1726 506 1039 1120 365 793 258 631 292 551 607 676 543 1004 1259 1806 1859 871 2124 1680 2145 821 1206 
1117 600 970 1050 1431 628 1863 814 1466 1088 1424 1957 701 1148 1251 825 447 832 421 491 810 902 539 1069 785 1085 697 1775 1725 1920 594 1242 1151 1816 
433 963 1468 1348 1643 1567 2221 679 2357 1225 1052 1014 1620 1210 425 303 586 424 550 765 472 877 313 447 851 1008 1388 911 1965 969 1567 1284 1075 1805 
1052 964 1695 568 1861 2076 1777 1793 877 2108 1262 1681 1169 622 837 916 951 243 741 599 686 901 983 423 817 673 1555 1346 1291 1971 1797 1821 1228 1235 
624 1330 681 1372 2067 1343 1647 1328 2309 1611 1040 640 794 519 820 850 484 803 629 398 492 720 877 309 836 581 1028 1498 735 1683 1802 1354 850 988 
678 1512 834 618 1075 1397 1256 649 1390 1185 1588 1525 1172 1058 1328 825 488 517 252 786 439 538 320 304 507 1059 1146 1439 1135 828 1617 845 2241 1673 
616 1143 1711 778 885 884 1192 1624 1667 1098 994 717 1291 612 835 744 945 440 618 722 512 468 799 341 1251 817 1785 1428 820 1210 621 1350 1515 2035 
1182 474 1289 1105 1679 1086 922 1590 1810 884 1751 719 965 1253 448 1089 1024 243 292 591 492 706 472 530 1336 814 641 609 2079 2166 2045 1092 919 770 
684 707 1282 616 1413 1820 1624 2230 1159 972 1463 850 458 1033 889 441 291 612 323 225 790 577 652 579 640 1112 1026 1704 2157 759 906 2073 1744 1460 
858 891 1672 1780 1587 636 2259 1304 2210 880 542 1765 816 1576 1214 1185 1006 599 299 206 683 884 1023 748 866 1181 1795 938 1697 776 1502 923 748 1888 
988 1213 991 1639 1826 1949 1700 1743 1604 784 699 1508 1416 413 581 908 479 459 622 340 360 616 689 339 1222 979 1224 1139 1233 1369 1504 1652 774 1709 
565 1277 1355 1781 985 1711 1100 1286 1844 2086 1350 1958 1453 1423 1206 1050 259 567 607 693 416 582 767 350 737 1150 1124 1700 883 1050 2180 2368 1092 698 
1332 601 1494 925 1877 1183 1716 1895 1643 1281 1565 1204 900 1027 757 865 533 547 779 559 620 299 713 357 789 1414 1771 832 1514 1504 1785 1281 1643 1560 
727 995 1735 1245 981 1906 2345 765 1235 2102 1314 753 879 1529 499 1163 828 737 319 467 530 609 642 721 1325 1315 1718 1934 981 1793 907 822 1746 1023 
887 1576 1608 651 980 2282 1902 1396 620 1001 690 852 966 1539 913 684 728 640 413 444 580 745 703 494 1082 1075 1569 1393 1941 721 1598 1526 1455 1770 
824 662 1306 977 2012 1311 2015 2326 2162 1906 567 981 1064 452 809 1058 272 470 345 220 647 815 880 676 1303 443 991 1928 1184 839 2190 1058 2366 778 
1229 979 945 676 1798 942 1822 1130 1666 867 2040 1980 831 543 785 873 593 779 525 778 345 427 1009 747 489 915 1493 577 1996 2266 1019 1072 1089 788 
1340 1294 1775 1472 1140 2283 1102 2072 1931 1622 1856 690 748 1527 1285 1060 638 726 240 611 365 850 267 698 1029 454 1419 1900 1828 1566 2198 783 2093 1461 
913 1135 1276 1319 1846 1944 739 1027 2035 1041 2082 1142 1644 516 863 627 624 774 761 618 556 321 539 1147 1058 1441 594 1191 980 1411 1606 1693 1828 882 
1337 506 1110 1796 1189 848 874 1824 2338 1837 923 1629 1430 416 1132 821 910 714 778 729 551 579 424 546 842 1334 1179 1364 2162 848 1935 848 1953 970 
619 1589 1173 1457 1874 910 1539 2327 1326 943 1704 1715 801 1192 1286 582 882 399 352 511 723 466 285 1078 815 1456 913 931 762 2286 1101 688 1739 1210 
1033 1482 1618 1073 1616 1728 1399 791 1233 2036 1279 1123 1417 761 902 350 836 673 297 217 685 583 523 417 510 484 922 1973 1481 725 1930 1344 1104 828 
801 1026 824 1863 2157 1031 2162 961 2183 2174 1799 1938 463 771 1158 853 921 869 523 217 300 415 522 802 1381 450 1204 1046 1012 1862 1105 1580 1999 1630 
472 613 815 1632 1928 2109 991 623 1336 635 1749 879 938 454 1138 712 972 307 458 493 294 749 845 1055 1363 831 1208 840 1940 962 1079 1286 1991 1354 
448 1419 712 1896 846 891 2050 1949 2075 1164 1958 1350 1457 1178 886 304 432 331 296 613 478 743 589 323 821 1496 1206 945 1060 1018 1857 926 2188 656 
510 743 1293 1535 542 1925 2313 1067 657 1894 1832 972 1335 836 684 1090 476 414 775 741 432 760 615 384 627 1396 1076 1106 820 1042 1805 718 1212 2117 
820 988 1571 951 1240 2111 2220 972 2361 2245 1404 1017 461 982 1213 707 389 289 249 513 617 413 435 1081 684 1233 848 664 631 2011 1867 1816 1848 1030 
354 1500 590 1044 2027 1277 1499 2140 945 1540 837 529 997 536 625 1079 780 636 662 306 218 513 740 950 390 1050 747 1269 1435 1429 1477 1349 755 1824 
823 1597 1522 1804 1527 2154 1555 784 1203 1853 2114 681 950 980 505 1062 993 733 556 480 312 773 432 1100 1353 961 1110 815 602 673 1445 1128 1580 1175 
1011 462 1328 1754 1015 1463 1623 852 2072 1096 1735 1883 885 1065 517 423 359 877 750 780 515 866 780 562 871 1153 1308 544 1204 1682 703 943 2173 1242 
433 1597 487 1745 1472 2132 1734 1435 1872 2083 1911 1231 1585 1282 691 1023 831 883 430 770 412 767 970 781 1057 1462 1758 921 914 1447 1185 1105 1405 1455 
520 1037 1269 1945 1179 1207 1952 1977 994 2087 576 705 606 1475 1236 540 377 665 525 201 455 691 777 1109 424 602 1678 1266 698 742 1328 981 2320 1572 
911 936 1024 1632 1205 1807 2046 1382 1235 847 1818 629 991 474 412 497 555 337 803 677 324 271 651 970 901 1149 1331 769 1655 1676 1573 1333 2099 1801 
780 794 839 1381 1856 1125 757 2109 2347 913 1620 883 606 801 1084 968 996 608 776 256 752 848 366 745 1189 1399 589 602 1931 2133 1631 1212 1286 1887 
476 1535 777 768 619 1310 1838 641 634 1388 839 685 1579 910 418 876 747 511 611 230 430 897 818 599 957 972 1374 1171 1193 775 1874 1869 1906 715 
1383 540 1338 1105 959 1127 2271 712 2348 893 1702 670 929 1190 546 465 355 904 465 308 766 856 370 815 1042 1434 1192 589 731 1885 675 611 1990 1795 
1318 946 903 1735 2143 715 741 1664 2186 2172 848 821 1210 711 812 356 356 485 324 694 762 754 482 709 1245 877 1316 1279 629 1337 932 612 1457 1424 
1334 672 1547 976 1967 2081 1501 985 1138 2072 1832 850 1266 435 1283 394 860 369 231 338 752 905 857 823 1061 1028 1623 1764 1547 1467 1538 1773 1394 912 
515 722 1290 575 1012 1478 1974 897 667 1278 1238 719 1441 512 548 512 935 767 582 639 400 416 1029 564 1049 839 896 848 1948 1045 1585 1268 2167 837 
763 1102 1208 1466 564 1599 1559 2064 1669 797 909 956 878 425 1168 343 631 476 268 427 616 443 851 1108 781 1116 1651 1895 1052 1180 2228 2241 856 1308 
591 1077 1509 1457 1571 894 1750 901 1620 2144 1135 1482 806 745 728 374 531 898 277 230 532 254 896 779 949 885 604 1572 1019 917 1750 2380 2061 1439 
533 1276 1461 1988 2053 2143 1600 1169 2210 905 1969 1296 1745 1028 1260 684 358 850 472 269 417 520 661 931 1068 1598 634 1091 1397 834 1376 2210 1753 1056 
765 890 1338 1236 1470 791 2108 1793 1145 1454 1836 1711 545 693 1209 577 296 337 576 289 760 258 354 944 1037 1106 784 899 1804 1246 2366 1803 971 1153 
1260 992 1220 767 1264 675 1162 1834 1092 1466 2057 801 1350 1108 396 1145 308 236 495 727 727 461 399 837 468 580 627 1798 1099 984 2188 1310 1455 2262 
471 1025 840 1018 1787 957 1726 1880 694 1051 1274 637 695 1508 416 1039 722 814 581 400 272 873 483 384 747 889 685 962 955 2151 998 1476 1277 1307 
676 944 1271 526 2072 2132 1700 1815 1196 765 1029 967 1481 1403 608 1088 667 294 784 739 683 806 271 594 667 591 704 1942 1657 584 807 1291 2035 1064 
1267 1213 609 643 1202 1968 2053 2256 1222 604 789 1685 1764 419 416 324 454 509 449 589 273 330 962 341 1062 761 843 512 1634 744 1309 1879 1897 1488 
1311 1286 1510 985 1732 1867 1265 1817 761 2097 2005 1402 474 966 1139 465 912 350 405 577 509 355 902 686 668 914 1784 1251 641 1550 1300 1733 2313 1887 
1090 482 802 1723 1362 1672 1087 2031 1990 861 1392 1633 758 1136 1033 850 970 719 766 667 708 605 919 905 960 1280 588 1496 868 1839 1842 1623 1933 782 
1311 740 1757 1965 930 1700 2287 1445 721 867 1408 1745 722 1084 1136 858 525 889 758 569 757 644 732 444 534 1331 1219 1005 1226 605 700 1996 1646 1089 
422 976 939 614 1072 1398 1468 2360 1746 1739 1665 736 832 1266 721 1111 599 398 338 557 689 475 488 883 357 1161 810 1172 1155 1508 1449 2358 1024 1702 
1250 560 1034 1087 2095 1270 1718 1896 937 2195 1416 1476 1569 1191 1310 1054 626 518 459 289 702 902 364 798 570 1194 515 734 778 1251 2347 1922 2051 1216 
738 1138 1785 1478 1583 983 1674 2337 885 998 2124 968 1656 948 519 653 572 589 441 497 611 726 330 1138 1392 1076 1111 1404 2005 1706 839 2060 2130 1915 
802 1462 1707 850 1650 1828 1283 1627 1268 2109 2148 1873 1283 684 636 978 308 774 426 522 562 905 850 1141 1128 1144 1380 643 1476 2171 954 1924 1506 984 
1215 910 464 818 596 2119 2293 1331 2311 1842 543 767 612 726 593 787 360 254 310 242 491 674 658 690 479 912 1443 1518 1002 1515 1960 2072 1997 1007 
373 1428 1156 1594 2102 1987 1755 901 1214 2127 1553 1643 1279 753 1359 337 440 789 703 402 654 226 340 981 400 977 1258 1254 692 1770 1190 2167 602 1564 
1243 1332 451 622 2135 856 1520 1622 725 781 956 1430 1729 470 1364 675 333 770 605 345 579 842 891 503 577 527 1431 1871 693 842 727 1954 1751 2252 
368 510 1770 1116 908 1940 1218 1430 1621 651 909 987 1033 945 609 377 954 263 629 446 306 411 902 371 596 979 1512 1556 869 978 771 1464 1145 1833 
1127 765 474 1516 2046 773 1178 717 744 1940 1338 537 1476 954 813 567 654 590 242 466 640 476 693 643 571 1393 715 1016 2162 1709 1495 2130 1501 2231 
650 1331 1626 1457 1522 818 2154 854 2177 1746 1685 1111 1260 1364 711 527 512 252 633 276 802 606 485 802 1087 1440 1441 663 1495 1017 1608 1008 1097 782 
1215 1355 1594 1565 632 1872 955 1405 1978 1643 2165 1058 1188 712 1006 1038 454 731 236 757 219 666 443 354 638 1159 1636 1612 1068 1685 741 981 720 1569 
1213 603 680 1621 1922 1969 1047 646 1747 1899 1421 1960 1091 428 812 1028 860 486 510 536 286 668 424 535 382 463 811 1248 1542 599 1373 952 1815 2102 
1241 1535 578 1604 550 1870 2161 1928 2164 1477 869 1023 1682 573 812 990 947 562 556 696 645 391 314 1122 1369 1331 1338 1951 1144 697 2175 977 2103 2119 
