10 6 20
8 100
340 77 85 96 112 130 149 169 187 203 214 
340 103 113 129 149 174 199 225 249 270 286 
340 129 141 161 187 217 249 282 312 338 358 
340 155 170 193 224 261 299 338 374 406 429 
340 180 198 226 262 304 349 395 437 473 501 
100000 5170 5669 6464 7499 8705 9999 11294 12499 13535 14330 
1482 1433 1353 1250 1129 1000 870 750 
645 654 
677 621 
737 520 
643 519 
626 641 
616 537 
527 670 
662 638 
750 540 
622 535 
676 537 
637 667 
560 483 
527 520 
763 488 
558 535 
633 579 
607 559 
672 516 
756 608 
659 519 
591 548 
719 573 
764 600 
591 634 
706 632 
726 533 
736 604 
731 538 
619 580 
599 469 
762 626 
745 583 
681 608 
622 557 
671 653 
714 672 
543 470 
692 620 
573 581 
613 519 
596 678 
537 653 
596 458 
771 455 
520 626 
700 532 
592 579 
767 493 
658 663 
625 493 
582 537 
610 618 
764 616 
607 552 
654 625 
597 485 
533 665 
594 471 
572 603 
620 556 
613 500 
774 485 
643 589 
737 606 
742 585 
579 532 
740 675 
672 577 
694 579 
749 470 
594 628 
577 614 
684 548 
725 605 
554 588 
731 505 
693 457 
650 497 
528 479 
685 564 
547 650 
762 567 
680 653 
700 563 
740 601 
749 610 
553 565 
578 557 
628 473 
623 673 
752 490 
771 665 
739 496 
534 646 
697 602 
630 482 
651 647 
540 622 
764 589 
