10 2 20
8 50
1700 130 149 169 187 203 214 222 225 222 214 
100000 8705 9999 11294 12499 13535 14330 14829 15000 14829 14330 
1129 1000 870 750 646 566 517 500 
823 830 
289 706 
404 354 
722 581 
819 425 
729 621 
421 328 
722 794 
341 760 
685 722 
602 521 
449 404 
573 735 
487 566 
394 402 
346 600 
341 796 
814 524 
350 473 
742 818 
387 443 
817 458 
783 590 
248 613 
741 763 
514 703 
335 571 
285 426 
490 399 
622 568 
675 392 
222 552 
584 638 
448 508 
580 626 
507 380 
349 537 
674 458 
471 421 
751 597 
755 469 
471 475 
683 496 
225 889 
773 482 
747 258 
263 269 
754 622 
490 281 
488 304 
