10 6 20
4 10
340 112 96 85 77 75 77 85 96 112 130 
340 150 129 113 103 100 103 113 129 149 174 
340 187 161 141 129 125 129 141 161 187 217 
340 225 193 170 155 150 155 170 193 224 261 
340 262 226 198 180 175 180 198 226 262 304 
100000 7500 6464 5669 5170 5000 5170 5669 6464 7499 8705 
1249 1353 1433 1482 
1572 1473 1190 1456 1183 998 
1373 1210 1641 1366 1277 1242 
1689 1540 1148 1621 1254 1191 
1405 1290 1532 1166 1206 960 
1331 1572 1449 1612 1025 919 
1543 1623 1543 1432 1159 989 
1750 1310 1691 1217 1068 1156 
1338 1357 1570 1359 1155 1173 
1264 1581 1514 1374 1262 1154 
1768 1477 1557 1585 1366 987 
