5 3 20
2 50
850 75 77 85 96 112 
850 100 103 113 129 149 
100000 5000 5170 5669 6464 7499 
1499 1482 
1391 1395 1273 
1427 1303 1187 
1488 1386 1308 
1422 1382 1205 
1436 1311 1297 
1494 1332 1210 
1460 1392 1191 
1500 1380 1278 
1366 1344 1218 
1414 1286 1238 
1474 1402 1261 
1407 1354 1291 
1472 1420 1211 
1461 1356 1256 
1483 1375 1305 
1478 1286 1282 
1465 1411 1204 
1408 1421 1264 
1402 1302 1233 
1491 1317 1264 
1417 1379 1221 
1452 1298 1299 
1500 1397 1299 
1460 1287 1202 
1443 1356 1242 
1479 1342 1225 
1415 1328 1252 
1462 1377 1192 
1379 1387 1237 
1481 1287 1271 
1464 1319 1310 
1400 1292 1295 
1389 1391 1194 
1401 1373 1232 
1409 1398 1235 
1401 1340 1262 
1472 1416 1289 
1492 1356 1297 
1495 1389 1266 
1434 1346 1241 
1365 1323 1287 
1465 1304 1291 
1485 1297 1188 
1427 1293 1192 
1403 1418 1309 
1379 1398 1311 
1364 1414 1301 
1481 1416 1229 
1378 1293 1301 
1407 1395 1277 
