5 3 20
4 100
850 112 130 149 169 187 
850 149 174 199 225 249 
100000 7499 8705 9999 11294 12499 
1250 1129 1000 870 
755 
758 
752 
724 
785 
733 
713 
758 
775 
740 
754 
763 
778 
751 
753 
786 
743 
756 
733 
747 
766 
717 
760 
765 
769 
739 
731 
779 
737 
754 
786 
762 
738 
785 
722 
779 
735 
726 
724 
782 
747 
777 
730 
731 
783 
781 
759 
774 
724 
735 
784 
745 
784 
734 
756 
732 
773 
727 
716 
762 
726 
749 
767 
764 
776 
742 
775 
742 
714 
769 
773 
725 
718 
738 
727 
733 
775 
737 
722 
785 
717 
723 
750 
732 
732 
753 
780 
752 
738 
778 
745 
739 
735 
751 
749 
764 
747 
748 
759 
752 
