20 2 20
11 50
1700 75 77 85 96 112 130 149 169 187 203 214 222 225 222 214 203 187 169 150 130 
100000 5000 5170 5669 6464 7499 8705 9999 11294 12499 13535 14330 14829 15000 14829 14330 13535 12500 11294 10000 8705 
1499 1482 1433 1353 1250 1129 1000 870 750 646 566 
581 284 516 626 344 1051 680 1352 1012 
487 212 576 578 929 1067 564 958 1003 
763 550 355 267 977 997 459 752 764 
390 720 320 678 932 1193 1256 1136 984 
278 790 278 542 899 401 1223 767 814 
762 290 480 554 928 1189 1358 1573 1271 
669 649 518 456 960 671 825 1011 1303 
483 780 519 242 467 326 387 770 1296 
667 416 573 296 310 1061 850 633 584 
243 353 612 432 955 1021 939 1249 1699 
227 763 519 506 288 456 365 789 1317 
353 524 626 636 965 1188 838 657 1721 
713 660 483 507 434 304 774 729 550 
273 406 347 548 686 1060 1325 1094 1698 
543 715 501 281 1006 782 1062 1063 1523 
633 339 317 386 1016 982 1056 1285 1479 
592 311 668 687 642 631 1095 941 978 
334 299 627 633 290 1095 374 1024 1790 
266 573 725 421 853 329 1383 1239 1497 
585 488 557 328 737 1096 927 588 1712 
279 670 426 688 949 592 777 1198 1562 
668 738 774 344 828 953 530 1257 1080 
525 645 590 710 678 698 1305 858 1209 
263 474 535 320 504 1049 794 1348 538 
366 695 575 643 917 1172 882 987 856 
500 283 260 490 759 397 698 780 936 
735 379 417 265 992 300 1002 402 1488 
420 726 418 668 634 850 438 784 1065 
599 576 672 519 729 1047 570 966 804 
427 634 234 316 458 844 582 842 1101 
442 731 531 451 814 961 1214 1041 1332 
538 752 802 762 522 714 969 1278 637 
608 738 468 679 324 381 1000 1390 1739 
514 378 504 884 657 321 353 544 911 
368 458 587 899 726 773 1387 1315 1521 
608 780 651 679 821 1037 594 1396 745 
801 387 312 464 650 861 366 1056 1047 
822 281 414 389 511 535 967 996 1331 
465 495 508 420 810 1166 485 1373 1612 
228 417 749 294 954 586 823 1376 462 
437 599 485 312 598 939 418 1088 1181 
240 304 579 288 596 380 539 1474 1511 
538 258 377 675 802 857 722 777 1104 
637 768 776 295 965 1173 465 1444 635 
800 464 369 318 666 983 401 463 927 
349 628 249 609 1018 1049 429 477 474 
637 651 663 581 898 1035 1366 486 1364 
758 538 778 329 811 598 1305 713 655 
547 284 538 748 704 1101 849 805 1363 
250 664 301 572 725 677 794 719 1715 
