20 2 20
7 100
1700 77 75 77 85 96 112 130 149 169 187 203 214 222 225 222 214 203 187 169 150 
100000 5170 5000 5170 5669 6464 7499 8705 9999 11294 12499 13535 14330 14829 15000 14829 14330 13535 12500 11294 10000 
1482 1499 1482 1433 1353 1250 1129 
1040 900 724 671 543 524 487 501 584 659 784 876 983 
984 875 729 662 578 498 522 539 544 636 744 848 993 
956 887 741 670 562 501 513 503 544 642 763 903 971 
1029 879 712 643 549 496 499 499 565 644 726 902 962 
1023 867 772 677 539 508 487 532 592 657 778 860 969 
1042 843 766 658 539 501 493 520 567 630 728 887 1042 
995 899 743 639 553 531 504 498 591 670 766 872 986 
1031 896 768 676 550 497 520 493 570 639 777 864 1036 
1010 850 781 657 583 512 475 507 550 623 756 906 979 
996 856 787 645 558 496 494 522 589 620 723 904 1034 
1002 837 720 637 590 496 478 540 553 675 714 892 959 
1033 912 777 634 586 523 522 510 541 673 768 858 1009 
1049 911 746 645 559 539 511 537 540 647 738 886 1029 
1027 851 767 615 587 529 479 506 572 623 730 851 962 
962 879 718 631 553 532 503 539 588 638 776 828 1045 
1023 863 745 624 545 496 504 502 544 637 768 884 1017 
971 908 784 621 594 525 492 494 567 618 723 891 1037 
1033 912 772 622 565 528 515 513 557 645 766 890 1034 
1000 866 757 647 556 541 486 495 590 669 743 853 1005 
1015 847 776 651 566 515 516 493 573 642 737 893 1018 
972 870 726 656 592 519 516 517 551 637 775 849 983 
1035 857 722 624 589 540 500 527 592 634 747 898 965 
958 867 751 626 541 502 520 507 586 675 747 856 956 
989 892 754 624 573 542 507 534 540 670 740 870 1002 
1036 851 741 640 563 498 518 537 569 628 768 881 1009 
977 892 746 643 562 508 500 523 568 669 713 836 992 
966 906 720 663 586 516 481 509 594 642 768 848 1036 
975 840 728 630 566 507 523 539 587 649 756 908 1013 
978 887 730 628 542 532 491 518 561 628 739 830 990 
979 875 713 624 592 502 513 516 569 625 764 837 953 
960 890 778 631 563 537 479 525 559 669 768 906 1004 
1045 849 781 622 574 491 513 530 589 616 780 902 997 
965 845 740 646 594 504 512 513 540 642 757 892 994 
958 912 744 643 570 505 505 500 550 678 756 894 959 
993 847 768 666 561 505 484 530 587 647 778 871 951 
972 831 764 639 539 525 511 521 551 614 720 841 977 
1009 867 746 617 595 498 510 517 572 643 724 906 962 
983 908 762 661 579 532 483 515 551 615 774 829 992 
984 862 761 645 544 493 521 501 583 614 743 862 1036 
1005 901 769 628 593 541 511 495 552 643 783 890 968 
976 896 780 658 585 498 484 491 545 631 725 861 1006 
951 909 736 631 592 514 500 532 578 635 778 843 975 
1048 902 780 635 544 492 520 532 577 642 733 906 1025 
1035 882 756 660 544 535 504 523 576 630 746 843 1040 
1014 860 787 672 579 535 505 517 591 621 712 854 982 
967 845 730 653 586 511 507 534 549 630 736 839 1021 
973 877 751 624 542 520 503 541 563 624 784 835 956 
998 857 757 624 566 538 499 520 575 678 727 841 1041 
1040 862 753 648 577 503 519 512 578 675 733 890 1024 
1023 875 757 665 543 529 497 538 552 620 777 874 1040 
952 871 754 632 588 493 495 499 570 651 770 841 994 
991 906 730 626 590 506 477 492 541 649 753 844 991 
987 872 786 650 568 499 481 493 562 647 713 850 993 
1045 869 758 653 569 514 506 527 543 643 712 854 987 
972 838 716 664 553 528 497 494 581 651 765 877 1007 
1030 885 741 667 575 519 521 529 547 640 750 845 1044 
962 839 780 628 588 504 485 508 571 661 782 831 1033 
1009 832 765 634 545 508 509 509 567 630 719 891 1028 
1046 834 737 635 579 497 509 523 572 624 787 857 1030 
951 902 777 644 563 499 518 503 575 621 735 878 1046 
998 877 784 636 566 532 524 521 568 636 763 894 984 
984 897 766 658 561 518 491 499 556 633 732 831 1030 
990 906 736 630 578 500 477 510 556 616 771 905 1037 
973 834 713 649 555 520 512 492 547 674 731 880 980 
961 892 722 630 544 510 491 535 572 656 733 853 951 
1030 866 756 615 570 539 519 495 585 643 713 848 1031 
1049 834 761 666 541 533 519 514 586 643 777 885 1002 
1016 834 776 624 571 506 516 499 554 619 776 882 1031 
1005 865 736 614 582 500 506 513 582 621 748 875 964 
981 875 734 670 586 503 494 513 580 639 761 894 1000 
1049 850 737 644 580 520 501 520 578 630 712 828 956 
1002 840 732 636 543 539 515 522 567 653 725 864 1043 
1018 897 728 644 557 491 485 517 572 656 725 834 1045 
950 906 755 630 546 527 523 525 566 661 772 898 1048 
1002 845 753 614 581 491 496 498 545 636 772 879 1029 
1032 843 735 620 574 533 508 491 574 633 781 838 1024 
959 836 748 675 586 518 479 533 544 666 758 845 1015 
992 898 782 676 574 513 518 535 586 671 774 827 1005 
1022 904 742 636 546 500 487 516 547 652 751 884 981 
964 888 722 621 592 536 522 502 550 652 752 873 967 
1032 857 722 653 562 531 501 528 555 677 771 909 1036 
962 830 763 664 552 510 489 527 572 620 748 832 1006 
997 872 745 670 552 494 515 514 577 632 780 869 1013 
979 842 713 632 541 526 505 496 593 620 767 889 1021 
995 910 719 673 573 530 520 519 550 630 742 890 1048 
989 874 749 632 538 538 507 526 549 621 775 858 1013 
957 834 738 624 594 504 486 492 559 628 745 876 962 
983 875 743 652 550 541 475 541 551 637 762 827 1016 
1048 902 785 614 572 540 493 516 590 622 714 834 985 
1022 907 725 673 575 537 485 498 548 621 742 905 1021 
996 898 779 677 553 492 507 542 580 653 786 865 966 
996 884 778 674 576 493 479 514 562 669 732 849 1043 
1005 866 783 615 557 518 509 539 572 644 767 855 1026 
960 875 713 623 542 506 483 535 552 615 777 870 969 
988 865 756 629 562 518 495 503 585 655 736 834 1007 
1008 842 773 627 593 535 492 530 592 655 778 858 1010 
982 878 771 671 591 505 517 519 587 614 776 862 972 
1016 846 761 638 570 503 482 506 581 626 725 909 996 
1039 871 786 614 576 521 489 541 594 628 748 880 1021 
1043 908 757 627 555 519 519 505 557 645 771 829 981 
