5 6 20
2 50
340 96 112 130 149 169 
340 129 149 174 199 225 
340 161 187 217 249 282 
340 193 224 261 299 338 
340 226 262 304 349 395 
100000 6464 7499 8705 9999 11294 
1353 1250 
1184 961 863 
1162 993 893 
1157 967 858 
1075 1045 855 
1119 1042 872 
1125 984 853 
1087 1011 875 
1083 954 838 
1167 951 872 
1139 1046 867 
1120 1018 878 
1185 972 834 
1169 968 896 
1073 964 844 
1178 997 885 
1082 961 907 
1076 1031 865 
1097 1004 853 
1106 1017 871 
1112 1003 845 
1092 1023 900 
1093 1005 870 
1093 953 911 
1119 1021 854 
1102 1049 848 
1091 1020 892 
1150 1042 879 
1099 990 903 
1121 1008 827 
1162 1012 901 
1133 974 902 
1098 995 869 
1181 961 869 
1164 958 852 
1159 953 887 
1096 968 851 
1139 991 870 
1128 1018 864 
1086 1048 898 
1171 962 862 
1096 972 848 
1110 1044 832 
1147 963 910 
1083 967 828 
1085 1035 877 
1080 1000 861 
1171 967 828 
1165 960 883 
1184 1049 876 
1115 1040 855 
