50 3 20
26 50
850 96 85 77 75 77 85 96 112 130 149 169 187 203 214 222 225 222 214 203 187 169 150 130 112 96 85 77 75 77 85 96 112 130 149 169 187 203 214 222 225 222 214 203 187 169 150 130 112 96 85 
850 129 113 103 100 103 113 129 149 174 199 225 249 270 286 296 300 296 286 270 250 225 200 174 150 129 113 103 100 103 113 129 149 174 199 225 249 270 286 296 300 296 286 270 250 225 200 174 150 129 113 
100000 6464 5669 5170 5000 5170 5669 6464 7499 8705 9999 11294 12499 13535 14330 14829 15000 14829 14330 13535 12500 11294 10000 8705 7500 6464 5669 5170 5000 5170 5669 6464 7499 8705 9999 11294 12499 13535 14330 14829 15000 14829 14330 13535 12500 11294 10000 8705 7500 6464 5669 
1353 1433 1482 1499 1482 1433 1353 1250 1129 1000 870 750 646 566 517 500 517 566 646 749 870 999 1129 1249 1353 1433 
1543 1670 1212 1360 1613 1055 976 909 999 794 520 480 586 439 456 565 605 655 863 1062 1255 1241 1416 1491 
1550 1689 1516 1497 1157 1195 1320 1042 972 845 678 486 519 582 582 552 543 743 1020 871 933 1343 1581 1491 
1714 1257 1521 1441 1208 1478 1324 1099 1043 859 721 635 570 475 447 467 645 795 958 960 966 1368 1320 1470 
1677 1565 1534 1208 1320 1254 1071 917 793 813 739 626 507 462 417 527 740 635 846 1091 1036 1119 1568 1556 
1528 1477 1573 1292 1243 1023 1088 907 1042 888 767 610 484 446 536 504 591 732 1001 1045 1152 1495 1246 1603 
1534 1337 1342 1596 1254 1013 1221 1033 951 869 549 459 570 452 455 649 616 876 926 1174 1139 1202 1469 1590 
1504 1304 1614 1434 1607 1201 1043 936 824 695 690 586 564 554 465 544 647 623 898 903 1193 1388 1294 1371 
1561 1411 1682 1181 1109 1265 1330 814 868 676 541 472 516 585 549 647 585 895 911 1184 1259 1231 1249 1501 
1356 1548 1189 1558 1304 1477 1191 1044 770 773 585 569 485 418 538 639 638 752 795 891 1026 1452 1111 1697 
1285 1369 1589 1699 1129 1035 1234 965 804 738 774 540 593 425 558 453 630 718 803 1179 989 1269 1134 1525 
1554 1328 1293 1161 1499 1327 1041 1197 982 823 519 650 529 504 512 606 684 674 951 981 981 1294 1313 1578 
1468 1239 1735 1290 1452 1142 1317 1123 1023 640 585 632 581 492 477 455 725 711 822 862 1128 1360 1401 1155 
1317 1754 1775 1347 1522 1307 1249 1114 811 697 689 570 471 543 551 506 587 748 907 816 1159 1288 1114 1592 
1514 1576 1238 1455 1365 1268 996 1104 973 885 555 614 542 487 570 619 736 712 931 825 1258 1094 1096 1503 
1364 1792 1707 1451 1377 1110 1191 1119 811 735 549 668 538 561 530 671 769 678 752 954 1260 1132 1371 1685 
1617 1731 1594 1391 1266 1011 1255 953 889 832 604 505 536 517 460 517 583 673 700 1007 931 1170 1621 1362 
1311 1349 1538 1408 1535 1134 1046 994 871 899 527 535 501 502 579 599 623 747 989 924 1317 1415 1135 1233 
1356 1732 1704 1502 1379 1457 1317 1000 974 833 671 502 544 519 502 489 659 695 924 1137 1298 1458 1115 1286 
1233 1340 1684 1251 1110 1040 1183 825 774 815 629 643 427 454 587 574 744 656 1014 869 1079 1178 1238 1413 
1246 1754 1216 1180 1549 1233 1183 1100 914 771 613 560 596 486 465 540 702 764 699 1188 1338 1061 1290 1373 
1441 1368 1711 1182 1442 1315 1082 1054 773 707 605 549 600 471 544 554 763 764 724 804 1192 1477 1380 1261 
1336 1594 1487 1167 1584 1078 1013 1092 793 697 632 642 487 494 487 592 729 792 779 1026 1292 1379 1272 1333 
1664 1597 1299 1641 1565 1339 975 926 755 838 629 516 618 404 458 658 542 620 739 1060 1225 1446 1551 1181 
1575 1351 1206 1337 1590 1401 956 846 967 868 653 523 529 521 584 512 682 653 1005 861 1143 1168 1190 1709 
1422 1627 1208 1665 1254 1442 1224 946 810 643 679 633 555 519 490 510 596 805 873 1136 1308 1356 1290 1299 
1592 1497 1516 1338 1228 1345 980 1109 883 882 750 500 434 480 573 596 589 820 873 894 1351 1106 1429 1655 
1582 1770 1272 1246 1359 1467 1246 921 756 869 705 617 469 528 456 632 701 870 705 949 1059 1183 1100 1533 
1657 1751 1633 1237 1135 1346 1152 1161 1039 621 528 509 485 436 616 465 726 604 794 970 1326 1357 1344 1298 
1765 1324 1370 1405 1440 1338 1155 815 698 615 527 519 533 409 583 655 575 869 836 884 1218 1166 1170 1667 
1276 1759 1592 1593 1097 1202 1022 862 770 883 582 613 416 438 519 675 746 887 919 1027 1067 1127 1225 1241 
1306 1648 1195 1397 1188 1116 1135 1196 902 664 519 530 544 435 601 484 556 800 1024 1045 1226 1371 1164 1419 
1339 1762 1433 1237 1469 1131 1258 1103 893 722 585 570 583 539 484 484 613 868 1013 1146 991 1232 1552 1486 
1407 1437 1223 1649 1303 1065 1277 889 967 825 729 552 464 597 493 549 727 642 744 903 1306 1255 1106 1664 
1526 1479 1569 1351 1350 1332 1215 1055 798 786 747 548 431 424 618 598 764 790 1013 801 1314 1160 1166 1502 
1356 1599 1305 1541 1125 1213 953 1024 740 869 532 457 550 430 417 476 563 692 799 946 946 1226 1176 1634 
1269 1374 1378 1534 1086 1054 1031 1019 756 653 679 467 493 432 440 477 723 788 903 909 976 1130 1398 1451 
1267 1726 1628 1194 1141 1415 907 1086 877 865 595 564 450 435 424 478 646 703 757 1132 982 1207 1505 1288 
1310 1537 1357 1588 1523 1150 999 876 736 669 593 486 445 586 460 636 552 618 932 1079 1089 1159 1535 1678 
1270 1374 1306 1542 1156 1418 1280 967 980 621 714 538 573 509 585 469 752 820 904 936 1175 1198 1432 1379 
1702 1757 1705 1591 1102 1147 949 940 979 786 686 576 477 411 446 627 754 600 782 864 1148 1122 1325 1643 
1282 1333 1720 1540 1171 1419 984 1011 850 617 752 547 563 566 499 553 536 721 724 1001 941 1339 1470 1236 
1581 1595 1515 1399 1606 1304 984 803 818 899 528 547 598 567 586 657 626 750 836 1010 1127 1314 1314 1708 
1384 1306 1548 1672 1183 1128 1155 872 712 848 541 618 462 564 459 597 724 849 855 1187 992 1471 1470 1700 
1320 1663 1515 1284 1466 1177 1306 987 987 883 769 531 555 466 586 485 748 826 999 1106 1302 1015 1559 1492 
1593 1780 1286 1160 1523 1337 909 1156 732 855 560 658 428 528 547 482 690 656 871 1024 905 1202 1509 1183 
1714 1295 1472 1438 1507 1179 1146 998 702 633 724 559 585 503 417 580 557 656 918 833 1186 1048 1429 1658 
1644 1706 1250 1470 1567 1473 1244 1076 888 667 547 484 446 578 554 592 685 734 894 959 1212 1465 1144 1474 
1381 1626 1749 1471 1501 1145 1306 969 1018 698 595 583 509 479 446 563 580 783 893 816 1162 1347 1563 1698 
1359 1570 1352 1231 1160 1168 1253 900 838 840 694 534 464 553 523 474 711 757 763 806 974 1084 1370 1503 
1290 1462 1305 1625 1588 1393 1278 914 863 821 603 512 482 425 532 598 522 697 705 1072 957 1017 1505 1718 
