10 11 20
4 10
170 77 75 77 85 96 112 130 149 169 187 
170 103 100 103 113 129 149 174 199 225 249 
170 129 125 129 141 161 187 217 249 282 312 
170 155 150 155 170 193 224 261 299 338 374 
170 180 175 180 198 226 262 304 349 395 437 
170 206 200 206 226 258 299 348 399 451 499 
170 232 225 232 255 290 337 391 449 508 562 
170 258 250 258 283 323 374 435 499 564 624 
170 284 275 284 311 355 412 478 549 621 687 
170 310 300 310 340 387 449 522 599 677 749 
100000 5170 5000 5170 5669 6464 7499 8705 9999 11294 12499 
1482 1499 1482 1433 
1470 1157 957 908 866 667 
1177 1206 995 989 969 865 
1520 1448 1325 1104 848 744 
1090 1159 1107 837 702 689 
1614 1394 904 955 1002 831 
1381 1356 1176 1054 853 813 
1614 1482 1025 891 807 859 
1146 1074 1277 1026 778 740 
1536 1317 1222 832 967 885 
1584 1090 1067 1192 747 775 
