10 3 20
8 100
850 112 130 149 169 187 203 214 222 225 222 
850 149 174 199 225 249 270 286 296 300 296 
100000 7499 8705 9999 11294 12499 13535 14330 14829 15000 14829 
1250 1129 1000 870 750 646 566 517 
433 612 
451 506 
569 534 
491 489 
438 447 
405 458 
497 451 
406 572 
411 457 
524 491 
555 457 
512 496 
449 417 
415 498 
484 442 
576 431 
480 504 
495 431 
426 580 
513 574 
523 490 
539 440 
520 506 
581 551 
422 553 
515 572 
581 531 
446 453 
459 620 
489 447 
446 561 
529 591 
444 517 
401 552 
597 433 
420 619 
470 497 
526 421 
463 439 
573 484 
558 506 
404 505 
595 573 
475 524 
562 458 
441 495 
510 589 
485 513 
559 485 
594 527 
421 440 
559 530 
508 532 
524 486 
433 492 
434 568 
591 562 
426 539 
419 461 
504 533 
422 513 
539 596 
567 609 
557 420 
532 445 
521 578 
405 423 
597 462 
534 452 
506 453 
504 588 
535 428 
560 549 
436 454 
445 583 
559 555 
568 530 
467 435 
475 592 
573 579 
535 426 
445 454 
426 507 
519 616 
514 515 
467 498 
519 542 
567 562 
572 491 
508 590 
435 594 
586 503 
403 457 
527 468 
463 609 
484 475 
412 451 
449 469 
529 501 
428 619 
