20 2 20
11 10
1700 112 130 149 169 187 203 214 222 225 222 214 203 187 169 150 130 112 96 85 77 
100000 7499 8705 9999 11294 12499 13535 14330 14829 15000 14829 14330 13535 12500 11294 10000 8705 7500 6464 5669 5170 
1250 1129 1000 870 750 646 566 517 500 517 566 
554 875 878 1113 1255 1457 1200 1408 1760 
576 636 964 923 1061 1206 1461 1598 1216 
530 615 858 899 1152 1488 1236 1365 1325 
545 617 832 1060 978 1012 1574 1378 1401 
768 820 723 995 1089 1102 1358 1699 1639 
658 635 958 1195 1265 1245 1330 1540 1438 
767 732 735 858 1100 1164 1105 1250 1216 
701 607 840 840 1095 1464 1406 1574 1324 
590 665 983 896 1072 1035 1340 1679 1520 
563 836 728 1125 956 1082 1398 1634 1404 
