10 2 20
4 50
1700 130 112 96 85 77 75 77 85 96 112 
100000 8705 7500 6464 5669 5170 5000 5170 5669 6464 7499 
1129 1249 1353 1433 
1714 1529 1282 1375 1304 1419 
1644 1204 1544 1268 1512 1249 
1491 1290 1447 1582 1299 1338 
1630 1699 1293 1366 1302 1400 
1584 1258 1536 1509 1593 1095 
1738 1617 1567 1714 1168 1084 
1554 1353 1512 1190 1478 1090 
1645 1287 1247 1674 1193 1112 
1647 1252 1374 1418 1093 1089 
1337 1221 1278 1392 1171 1215 
1357 1226 1406 1353 1483 1135 
1201 1310 1498 1320 1237 1362 
1644 1475 1564 1544 1269 1314 
1449 1443 1538 1394 1263 1498 
1494 1249 1482 1670 1210 1202 
1486 1705 1205 1709 1471 1409 
1732 1752 1729 1569 1617 1075 
1317 1785 1423 1602 1568 1171 
1428 1518 1269 1205 1187 1208 
1446 1346 1720 1254 1415 1378 
1598 1461 1257 1209 1190 1342 
1594 1599 1272 1614 1595 1112 
1532 1686 1224 1405 1353 1137 
1212 1426 1290 1561 1486 1354 
1274 1254 1324 1233 1136 1215 
1509 1488 1497 1309 1340 1285 
1500 1601 1465 1199 1401 1088 
1310 1275 1549 1228 1621 1183 
1291 1398 1502 1250 1217 1076 
1293 1328 1329 1630 1239 1376 
1644 1553 1602 1490 1593 1026 
1195 1590 1476 1319 1472 1442 
1569 1542 1637 1157 1130 1422 
1578 1517 1636 1568 1509 1116 
1749 1562 1682 1260 1341 1208 
1276 1302 1363 1310 1606 1110 
1415 1313 1273 1648 1220 1396 
1518 1451 1738 1663 1421 1289 
1630 1479 1291 1342 1508 1306 
1306 1259 1374 1553 1391 1420 
1235 1730 1382 1504 1498 1494 
1596 1222 1484 1422 1216 1431 
1616 1315 1530 1530 1232 1212 
1660 1540 1213 1369 1151 1400 
1200 1452 1268 1401 1142 1471 
1606 1743 1480 1531 1247 1213 
1778 1203 1598 1345 1174 1034 
1580 1392 1496 1375 1540 1102 
1622 1640 1331 1631 1165 1425 
1522 1496 1454 1700 1584 1014 
