20 6 20
7 100
340 150 130 112 96 85 77 75 77 85 96 112 130 149 169 187 203 214 222 225 222 
340 200 174 150 129 113 103 100 103 113 129 149 174 199 225 249 270 286 296 300 296 
340 250 217 187 161 141 129 125 129 141 161 187 217 249 282 312 338 358 370 375 370 
340 300 261 225 193 170 155 150 155 170 193 224 261 299 338 374 406 429 444 450 444 
340 350 304 262 226 198 180 175 180 198 226 262 304 349 395 437 473 501 519 525 519 
100000 10000 8705 7500 6464 5669 5170 5000 5170 5669 6464 7499 8705 9999 11294 12499 13535 14330 14829 15000 14829 
1000 1129 1249 1353 1433 1482 1499 
2160 1183 1599 1211 1485 917 1285 630 267 536 757 272 742 
1839 1152 1297 519 1716 1469 491 946 629 762 381 484 558 
1837 1078 1121 1501 1272 1090 1019 326 290 340 683 293 554 
1904 1006 1216 1632 1647 1196 903 921 429 375 295 246 352 
806 876 606 1024 744 680 1202 471 323 721 364 505 284 
2308 1252 1759 1646 1695 480 1075 621 948 742 331 733 697 
1760 1352 632 878 697 1284 1230 563 933 351 310 652 783 
1397 1755 919 1002 1576 870 1091 1018 811 248 596 463 785 
610 1572 1417 1857 1549 895 537 358 704 813 298 533 768 
1544 2131 1587 1243 964 438 1212 907 580 845 273 487 778 
692 1242 1063 1683 1692 976 1246 556 613 678 311 753 477 
1128 1937 1628 1462 1057 1346 560 1198 984 454 485 708 770 
628 739 953 889 978 800 1072 1161 916 566 798 629 534 
2183 1591 2147 761 1053 1368 1128 928 615 258 212 466 325 
974 1617 1826 1104 1554 556 523 927 930 597 263 671 798 
1371 1089 1273 844 938 1122 755 967 443 570 634 740 414 
1030 776 1295 1530 849 1585 1223 796 984 752 260 663 226 
996 1365 1461 1291 732 1356 1074 1048 977 661 501 584 735 
1341 1630 1044 1950 1188 807 724 858 814 747 346 605 439 
599 1969 838 1315 1746 1591 652 1176 469 639 591 743 479 
710 1960 1023 1206 680 941 1252 444 415 349 688 428 787 
657 1161 1151 1397 1710 1058 916 686 530 755 609 740 262 
1582 2209 875 713 1368 666 448 806 673 294 630 472 224 
1955 1034 1880 1796 1020 1400 901 841 640 389 217 380 266 
1957 727 707 1491 554 896 955 515 391 895 349 464 506 
1057 2128 1279 1465 747 1102 516 355 1025 422 680 730 428 
1429 2179 1260 1704 1526 1512 1155 574 685 666 396 590 603 
798 1123 1270 1100 903 709 935 458 1016 557 328 754 779 
1667 1186 1751 595 1655 1447 1021 625 1014 733 457 589 433 
2366 2071 709 1768 1511 1046 1288 690 985 733 817 751 652 
1196 1344 1534 1905 665 967 751 485 379 439 587 511 541 
1094 690 1987 1599 742 912 617 781 547 514 442 385 368 
1067 2187 1414 984 1037 1094 976 1196 559 280 276 243 435 
1316 1706 1919 1693 1584 748 393 681 946 632 780 689 378 
1893 1674 914 1418 717 645 911 336 856 307 353 549 447 
755 839 1122 1006 1573 1574 790 848 531 324 489 647 727 
974 2242 592 1131 927 800 728 1141 980 390 619 251 791 
2233 840 2142 851 1491 815 919 497 723 294 636 268 402 
1629 2032 1075 655 1102 1247 428 1177 484 695 719 682 245 
824 1700 1550 1103 1268 560 719 411 557 772 677 403 530 
2120 1823 1161 1187 644 1280 736 936 1031 636 692 514 281 
1168 2034 636 503 661 601 1331 305 803 437 699 645 336 
2058 1635 1807 1672 1060 1021 678 979 948 748 762 754 820 
1734 1876 1942 1489 479 1507 385 659 416 640 796 647 783 
684 617 1366 570 945 930 476 1047 630 669 813 427 707 
2005 650 700 1518 1438 1199 1086 474 952 798 678 517 657 
2106 816 1094 1767 1234 996 691 956 521 286 557 265 584 
616 1746 1802 1169 853 1013 394 1190 862 406 564 711 394 
2113 1945 1792 734 1065 1121 696 509 931 627 307 736 730 
1559 1194 2146 1816 940 1104 1391 872 384 630 704 549 706 
1632 2254 1990 1248 747 609 617 991 735 542 627 476 328 
920 1992 583 1584 739 488 1174 618 386 774 477 248 496 
696 1272 1151 1657 640 958 772 938 470 304 609 445 759 
762 1014 1814 1485 1399 406 391 1034 330 359 445 777 448 
1150 1222 1872 1507 1581 1523 489 929 1011 517 374 505 674 
2072 1577 1576 879 1045 650 515 568 303 437 395 528 330 
1331 1986 923 788 1700 1422 823 956 538 565 397 663 531 
2061 1903 1082 550 1151 1173 392 726 939 467 229 582 479 
701 698 582 1788 1572 870 517 602 430 401 723 369 338 
1778 2012 1249 1522 704 812 519 658 565 536 303 687 758 
695 978 1345 984 1223 1004 959 713 772 592 248 620 559 
2115 996 616 571 967 688 1372 864 339 809 348 314 633 
1798 2066 1400 792 1414 1312 1309 937 599 744 434 210 596 
1826 1515 719 1566 1194 536 1070 411 932 488 478 445 706 
730 941 1271 1692 623 1554 1040 611 428 561 524 731 278 
2168 862 793 1039 1450 1200 442 729 986 511 642 346 361 
1279 2086 754 1013 1549 1144 872 811 877 653 628 288 594 
1957 1362 2164 664 918 598 1340 1093 768 804 525 739 712 
1865 2260 653 910 966 436 643 369 293 616 673 347 321 
711 2216 1039 1772 1803 462 781 433 851 302 240 236 627 
2367 1882 707 939 776 1444 1387 1009 849 715 767 576 693 
1130 1174 874 1646 1603 856 1079 928 462 295 739 591 775 
873 2167 1919 1666 806 930 509 573 535 304 405 264 527 
1487 1972 1893 755 1437 1096 598 966 960 629 789 384 550 
1514 1890 1148 1510 928 691 687 950 542 311 638 323 335 
1425 1980 717 1241 747 1545 1250 984 848 569 276 244 466 
1269 2181 869 1055 667 1370 1002 1138 314 891 390 624 491 
1442 1316 1422 1642 1168 678 1159 895 649 793 666 466 332 
1227 2272 856 1483 987 656 1288 435 862 456 264 641 799 
1872 692 1997 1775 1763 800 989 777 513 446 555 513 268 
645 1637 745 582 1261 935 949 610 648 448 446 703 455 
2371 1817 1163 853 1407 581 1318 937 378 631 223 617 608 
2136 1642 1706 575 1252 1180 384 1081 942 489 509 267 585 
600 1706 845 1415 934 941 897 893 561 692 315 550 336 
2016 692 1083 842 802 624 726 661 837 454 310 790 676 
1945 1134 1841 1494 877 1444 853 1074 563 465 622 253 433 
1354 1585 1362 1551 914 458 1000 793 325 405 643 761 615 
1477 1747 1108 806 455 696 1282 667 422 319 677 791 606 
1083 909 1525 1288 1565 1296 438 794 826 859 347 669 784 
764 728 807 1525 1386 539 949 540 738 817 795 513 806 
1999 1215 1177 1620 1544 1229 387 1143 333 578 593 498 774 
929 1202 1525 1646 1246 1522 1195 1024 496 782 417 688 300 
1857 1031 1429 1113 1225 1319 1243 1098 553 344 453 303 362 
689 1024 669 1909 496 890 1148 641 694 361 506 395 444 
2206 1281 1666 1804 1194 1097 1068 304 915 441 422 305 647 
941 1474 1393 567 1780 1588 430 532 638 690 433 370 755 
1861 1829 1334 1005 800 515 651 789 932 470 725 239 425 
850 1593 2076 1665 682 605 959 940 943 400 425 378 601 
2302 2074 917 648 1095 990 635 419 504 809 425 698 249 
792 2068 2125 1871 1334 778 960 1046 968 738 716 667 322 
