50 6 20
16 100
340 77 75 77 85 96 112 130 149 169 187 203 214 222 225 222 214 203 187 169 150 130 112 96 85 77 75 77 85 96 112 130 149 169 187 203 214 222 225 222 214 203 187 169 150 130 112 96 85 77 75 
340 103 100 103 113 129 149 174 199 225 249 270 286 296 300 296 286 270 250 225 200 174 150 129 113 103 100 103 113 129 149 174 199 225 249 270 286 296 300 296 286 270 250 225 200 174 150 129 113 103 100 
340 129 125 129 141 161 187 217 249 282 312 338 358 370 375 370 358 338 312 282 250 217 187 161 141 129 125 129 141 161 187 217 249 282 312 338 358 370 375 370 358 338 312 282 250 217 187 161 141 129 125 
340 155 150 155 170 193 224 261 299 338 374 406 429 444 450 444 429 406 375 338 300 261 225 193 170 155 150 155 170 193 224 261 299 338 374 406 429 444 450 444 429 406 375 338 300 261 225 193 170 155 150 
340 180 175 180 198 226 262 304 349 395 437 473 501 519 525 519 501 473 437 395 350 304 262 226 198 180 175 180 198 226 262 304 349 395 437 473 501 519 525 519 501 473 437 395 350 304 262 226 198 180 175 
100000 5170 5000 5170 5669 6464 7499 8705 9999 11294 12499 13535 14330 14829 15000 14829 14330 13535 12500 11294 10000 8705 7500 6464 5669 5170 5000 5170 5669 6464 7499 8705 9999 11294 12499 13535 14330 14829 15000 14829 14330 13535 12500 11294 10000 8705 7500 6464 5669 5170 5000 
1482 1499 1482 1433 1353 1250 1129 1000 870 750 646 566 517 500 517 566 
629 712 715 957 947 1386 1097 1696 1741 1570 1461 1485 1458 1482 1281 965 996 671 693 658 455 406 420 456 591 872 1024 1159 961 1414 1087 1597 1495 1512 
566 861 759 978 1255 1381 1232 1483 1709 1473 1434 1616 1204 1124 1248 807 925 788 582 609 452 508 545 516 743 622 816 1174 1111 1482 1523 1666 1206 1761 
609 689 917 927 982 1212 1117 1680 1538 1477 1679 1536 1158 1307 1127 1142 877 758 598 587 438 432 517 554 551 853 1032 1042 1282 1351 1529 1508 1327 1340 
681 674 879 880 1151 1075 1395 1473 1411 1371 1186 1571 1510 1277 1287 1099 893 735 676 608 460 513 533 460 738 740 728 870 1136 1423 1574 1576 1211 1505 
566 622 904 835 992 1205 1521 1713 1378 1327 1693 1451 1387 1072 1046 1101 1035 613 557 643 466 511 554 599 525 805 966 925 1321 1467 1267 1383 1187 1386 
565 767 956 1139 1032 1028 1113 1681 1615 1467 1452 1204 1165 1241 904 1020 744 747 564 472 457 513 434 608 517 782 803 989 1007 1303 1493 1292 1191 1337 
773 701 761 840 956 1452 1160 1599 1638 1560 1711 1693 1348 1302 1228 1045 998 858 631 460 556 542 475 488 658 791 914 834 1006 1177 1344 1491 1283 1760 
544 622 833 887 1169 1454 1206 1269 1508 1703 1298 1546 1180 1067 1024 1098 896 646 562 548 516 441 537 522 690 656 748 859 1238 1013 1606 1305 1701 1368 
706 619 780 1194 923 1056 1284 1228 1672 1447 1489 1619 1530 1085 919 965 1006 760 555 652 600 587 561 588 575 680 917 1078 1161 1303 1356 1351 1758 1632 
521 615 998 821 1282 1109 1122 1393 1437 1378 1452 1246 1339 1309 970 1155 874 635 606 587 483 466 440 553 707 794 910 1101 1026 1145 1558 1469 1501 1787 
733 718 915 1107 1177 1262 1271 1153 1486 1430 1631 1678 1202 1200 1164 1088 800 876 602 627 519 496 482 627 570 643 920 965 1009 1030 1156 1423 1509 1252 
683 848 714 1024 1100 1136 1537 1159 1749 1706 1397 1196 1109 1163 1172 868 942 782 770 525 504 553 605 634 596 719 962 1110 1306 1062 1118 1530 1187 1670 
775 750 888 889 1249 1453 1284 1267 1639 1233 1392 1386 1374 1091 1219 1168 736 882 717 504 582 465 451 512 558 709 898 923 1326 1140 1109 1354 1197 1439 
590 856 717 978 1147 1110 1423 1440 1550 1391 1721 1368 1491 1049 1113 984 972 765 617 666 494 472 433 583 699 684 753 1060 1058 1319 1430 1378 1742 1799 
768 792 762 961 950 1375 1467 1260 1734 1688 1508 1656 1380 1036 1198 1199 916 730 590 546 455 450 512 484 574 630 926 811 1072 1378 1373 1339 1316 1257 
589 791 803 865 1000 1036 1253 1194 1750 1427 1695 1182 1212 1334 1352 882 845 734 538 529 589 561 424 579 775 686 934 1117 1276 1194 1619 1718 1771 1286 
601 670 844 1119 1018 1204 1130 1718 1686 1689 1279 1435 1298 1121 1178 1149 806 854 637 469 429 503 532 572 520 882 788 1007 1327 1065 1465 1424 1315 1523 
609 622 832 1039 1027 1261 1586 1608 1616 1375 1324 1220 1533 1209 1101 1169 942 766 560 475 583 435 572 619 525 880 761 1149 927 1285 1088 1576 1627 1467 
733 616 716 828 1135 1302 1614 1526 1397 1222 1377 1242 1604 1388 1205 1089 932 897 619 464 482 553 420 610 602 660 995 1060 1219 1317 1105 1319 1293 1664 
568 631 1028 1150 1215 1045 1134 1569 1494 1525 1404 1558 1170 1444 1097 998 752 679 528 628 595 536 501 607 562 696 781 820 1095 1437 1339 1345 1588 1461 
667 712 809 1158 1014 1296 1129 1322 1246 1295 1612 1262 1465 1247 1001 922 775 763 752 601 415 492 470 572 667 885 968 896 1010 1477 1460 1265 1601 1774 
537 670 720 1024 1310 1288 1397 1486 1536 1597 1345 1415 1552 1497 975 1193 760 653 535 524 546 507 540 540 704 695 858 950 1208 1458 1392 1470 1703 1271 
595 656 717 1121 990 1309 1487 1210 1386 1495 1567 1431 1134 1041 1115 1076 727 771 772 678 455 496 533 651 676 894 782 960 1101 1118 1264 1372 1274 1575 
746 836 796 1167 1299 1116 1413 1279 1357 1393 1338 1676 1224 1232 1351 873 778 856 568 565 495 501 540 620 586 853 872 842 1275 1377 1231 1494 1725 1603 
566 683 830 1023 1016 1475 1499 1331 1680 1614 1644 1496 1184 1340 1145 976 834 820 760 607 592 438 583 627 761 720 837 1095 1274 1232 1563 1685 1301 1542 
620 738 1005 1001 1026 1348 1615 1521 1739 1252 1512 1256 1217 1205 1166 1052 939 803 575 569 452 407 599 552 741 817 835 850 1261 1212 1385 1583 1639 1292 
678 701 766 1194 1281 1090 1294 1547 1436 1465 1754 1585 1351 1348 1297 1057 709 730 747 652 514 526 563 665 537 632 981 919 1135 1459 1104 1547 1200 1498 
561 621 866 1093 1136 1046 1414 1573 1462 1709 1691 1457 1291 1278 949 921 925 849 719 565 455 488 498 572 614 623 785 877 1135 1001 1153 1500 1204 1310 
517 859 833 1102 1085 1006 1511 1347 1384 1722 1708 1288 1456 1024 1100 1122 987 785 580 489 498 415 432 594 763 851 759 1123 1106 1465 1535 1659 1432 1333 
731 607 885 1099 981 1152 1402 1420 1610 1429 1509 1260 1298 1022 1206 1083 877 851 661 471 582 428 566 497 714 813 1028 904 1293 1060 1476 1462 1393 1244 
581 614 721 834 1014 1127 1607 1418 1704 1724 1737 1224 1227 1273 1086 830 977 724 677 494 562 539 558 486 540 607 909 848 1315 1341 1187 1677 1309 1561 
558 725 1003 874 1102 1441 1275 1599 1564 1204 1533 1156 1087 1160 1164 1028 968 789 766 654 444 478 572 506 723 749 1012 1020 1049 1224 1393 1546 1385 1416 
533 704 920 1122 966 1127 1269 1684 1512 1259 1275 1638 1493 1318 1269 1092 878 713 770 582 490 498 486 498 678 652 843 938 1342 1106 1468 1332 1370 1747 
728 687 989 867 948 1272 1110 1638 1404 1691 1606 1308 1315 1029 1083 1157 973 793 711 679 503 502 607 606 746 652 868 1047 1184 1030 1149 1230 1728 1335 
657 609 751 1116 1334 1230 1582 1246 1337 1668 1531 1456 1392 1123 1311 973 775 764 622 471 558 451 586 527 698 895 911 1066 1337 1203 1410 1342 1660 1757 
519 894 727 866 1260 1373 1457 1714 1438 1465 1776 1342 1265 1292 1168 1010 998 862 703 506 435 409 542 673 637 773 785 859 1030 1108 1426 1458 1390 1662 
582 696 928 878 1258 1186 1267 1360 1529 1307 1689 1488 1127 1456 1184 886 969 898 583 547 570 564 446 585 624 875 715 906 1145 1079 1130 1231 1315 1424 
766 608 964 1189 1322 1145 1198 1634 1723 1688 1449 1308 1462 1387 1194 814 889 707 536 543 601 560 579 533 712 827 859 1055 1073 1226 1471 1641 1674 1554 
605 732 697 997 1242 1273 1460 1386 1698 1681 1394 1466 1095 1471 1353 1060 700 638 551 614 570 437 605 634 737 735 893 946 1111 1210 1131 1192 1588 1207 
672 786 701 1018 961 1221 1085 1281 1207 1752 1548 1372 1241 1453 1115 823 863 635 669 511 587 466 536 602 576 874 738 1109 1055 1265 1307 1443 1766 1597 
722 666 985 1102 1354 1467 1321 1466 1225 1298 1705 1482 1529 1405 1272 874 895 742 640 491 424 579 447 558 604 822 994 1129 1202 1192 1411 1688 1693 1228 
553 622 851 1139 1114 1255 1091 1215 1716 1792 1731 1495 1204 1207 1333 1143 884 878 535 551 491 545 564 507 686 805 1042 1053 985 1072 1582 1479 1261 1778 
624 757 780 866 929 1110 1199 1295 1224 1362 1188 1519 1593 1259 1109 841 1024 628 544 627 594 453 508 607 635 861 908 911 1217 1240 1391 1618 1450 1256 
542 674 959 1009 1095 1197 1103 1262 1586 1250 1618 1523 1279 1010 1103 927 974 892 600 666 561 444 531 524 522 811 989 997 1341 1450 1376 1311 1543 1699 
683 651 986 888 945 1206 1612 1286 1457 1542 1259 1631 1525 1064 957 840 901 732 668 582 477 550 572 483 774 740 886 916 985 1216 1369 1337 1318 1447 
635 726 1025 997 1296 1005 1217 1518 1373 1557 1643 1231 1603 1114 977 826 1031 844 550 586 498 521 570 529 579 878 803 978 1298 1255 1607 1477 1212 1508 
718 792 880 1041 991 1189 1210 1218 1473 1555 1440 1600 1355 1097 1101 1162 1028 841 709 572 560 426 559 586 603 850 994 986 1048 1050 1112 1641 1335 1582 
606 776 817 933 1310 1067 1409 1300 1687 1540 1204 1319 1267 1314 979 1194 962 783 617 675 479 579 442 614 751 794 934 1000 1205 1340 1345 1640 1744 1721 
708 656 713 868 1013 1289 1492 1530 1269 1776 1605 1499 1425 1154 1220 1184 802 628 561 525 428 553 554 646 631 718 970 807 937 1142 1159 1548 1401 1625 
550 786 1042 1007 1320 1281 1186 1624 1361 1403 1586 1455 1620 1493 1326 1118 725 650 765 521 423 440 606 566 524 830 723 990 904 1338 1179 1578 1373 1631 
750 803 810 822 1137 1339 1398 1213 1238 1225 1365 1410 1479 1241 1166 1037 726 658 543 495 513 522 563 607 524 778 972 1095 958 1136 1353 1454 1479 1345 
561 688 842 938 1249 1055 1157 1590 1487 1496 1252 1524 1580 1298 996 1173 748 785 611 597 607 464 604 542 517 650 729 926 1036 1499 1494 1710 1701 1667 
559 835 961 931 1154 1143 1466 1455 1457 1750 1223 1157 1377 1293 1229 1068 988 766 629 484 461 443 482 587 766 606 704 1145 975 1139 1115 1341 1770 1216 
568 785 886 1089 1003 1197 1149 1687 1604 1526 1659 1619 1386 1425 959 986 944 716 746 456 563 595 531 595 708 822 912 835 1175 1081 1132 1266 1443 1603 
718 846 899 882 1099 1260 1217 1548 1262 1744 1563 1152 1304 1270 1348 876 798 692 596 600 562 491 456 473 656 891 894 1109 1200 1279 1372 1162 1420 1748 
658 736 933 1008 1274 1432 1172 1543 1263 1409 1693 1178 1179 1253 1052 895 855 675 566 665 601 437 575 471 582 611 984 957 1036 1033 1623 1676 1237 1786 
548 874 789 899 909 1312 1324 1379 1535 1426 1745 1225 1263 1262 1241 1117 948 771 530 495 556 432 448 492 701 638 773 804 1206 1187 1295 1685 1774 1659 
555 875 779 1100 997 1032 1465 1699 1570 1636 1257 1421 1616 1309 921 1193 890 617 532 579 423 545 494 514 656 879 1028 950 1301 1432 1344 1276 1631 1662 
744 812 784 1022 1027 1186 1288 1586 1760 1209 1300 1387 1523 1435 933 1055 752 657 733 591 603 484 454 621 740 790 757 1044 1249 1274 1121 1466 1449 1632 
683 735 810 900 1329 1296 1420 1511 1543 1335 1601 1162 1591 1297 1238 1040 943 616 597 516 591 437 596 556 550 715 1035 830 1278 1435 1573 1501 1574 1598 
740 702 996 951 1042 1219 1449 1384 1375 1407 1338 1397 1086 1452 925 1064 887 786 751 653 613 545 580 619 572 673 858 858 1223 1408 1507 1407 1696 1487 
615 644 942 846 944 1353 1222 1610 1668 1515 1564 1612 1332 1176 1173 937 852 676 654 666 515 509 528 586 552 798 963 930 1242 1214 1219 1486 1457 1659 
768 884 954 867 937 1249 1151 1180 1649 1583 1645 1379 1286 1208 1037 1041 858 653 696 468 422 545 561 575 636 826 864 1012 1333 1353 1502 1684 1619 1691 
708 661 799 1032 1099 1041 1110 1308 1204 1465 1648 1669 1622 1027 963 844 743 861 693 540 578 548 546 521 553 616 987 1174 1235 1111 1122 1260 1434 1540 
625 697 935 994 1144 1119 1349 1388 1582 1796 1664 1479 1275 1007 1245 1152 856 709 698 473 543 550 432 596 711 748 853 804 1157 1076 1262 1349 1720 1253 
660 600 968 1039 1192 1326 1556 1672 1603 1201 1442 1575 1471 1182 1048 1033 853 668 570 567 604 447 519 608 714 763 776 937 1016 1000 1179 1332 1445 1322 
728 613 757 1113 993 1017 1289 1709 1260 1662 1424 1682 1179 1018 1265 1064 917 758 634 499 600 580 460 659 664 606 752 917 1197 1289 1319 1440 1266 1713 
521 842 838 1116 1019 1011 1444 1220 1425 1526 1733 1615 1202 1362 1192 961 940 655 692 599 436 405 527 461 586 707 937 997 1077 1095 1456 1662 1363 1239 
578 817 858 989 1248 1236 1375 1429 1426 1267 1719 1494 1307 1148 1319 879 889 748 624 605 540 565 415 604 681 841 986 938 1315 1322 1289 1281 1421 1483 
738 759 898 813 1288 1212 1326 1263 1626 1402 1555 1701 1392 1297 1005 852 991 738 687 551 417 405 577 529 527 879 940 858 1281 1172 1385 1579 1778 1338 
713 795 901 928 1287 1233 1285 1598 1419 1665 1390 1187 1272 1163 1282 1140 718 743 559 590 503 401 619 621 624 617 856 1104 1069 1197 1184 1405 1429 1645 
575 754 822 947 968 1337 1260 1527 1266 1601 1516 1691 1374 1073 1204 874 880 869 727 644 497 481 599 594 585 659 847 922 1096 1460 1140 1337 1457 1609 
703 741 734 1023 1127 1090 1121 1588 1447 1777 1669 1428 1506 1187 1090 1101 744 882 695 549 506 536 512 614 604 748 852 881 1308 1017 1185 1625 1553 1458 
531 853 848 983 1125 1053 1389 1385 1336 1726 1298 1405 1267 1179 1170 1004 1039 631 735 606 528 540 543 468 696 813 799 820 1155 1169 1475 1719 1473 1667 
556 668 1029 1099 1114 1231 1170 1225 1266 1453 1214 1288 1257 1424 976 1050 806 786 559 660 585 441 482 613 590 655 1011 1157 1209 1008 1414 1406 1260 1690 
579 633 922 935 1157 1474 1266 1652 1477 1378 1456 1343 1510 1499 1166 856 761 728 626 502 464 455 478 642 724 766 722 969 1074 1401 1241 1226 1389 1774 
667 715 765 1132 1349 1012 1542 1563 1231 1489 1287 1194 1526 1227 1235 1075 997 740 525 538 476 596 420 614 645 674 850 1043 935 1353 1342 1367 1603 1217 
654 645 952 1053 1136 1050 1214 1627 1376 1547 1585 1356 1154 1230 1166 978 702 835 685 500 538 418 512 593 562 747 814 1050 941 1422 1313 1600 1625 1272 
699 626 733 931 1347 1043 1610 1162 1339 1368 1732 1643 1606 1357 1012 854 768 808 706 632 524 550 553 662 634 778 978 850 960 1147 1477 1597 1477 1416 
634 798 797 1197 1168 1411 1171 1255 1699 1421 1412 1684 1331 1451 1038 882 999 666 554 670 569 440 460 659 653 709 748 898 953 1024 1165 1155 1546 1616 
549 724 810 877 1101 1344 1593 1590 1278 1727 1276 1379 1475 1054 1207 860 958 792 761 565 609 489 482 462 727 734 774 1058 1003 1107 1537 1356 1438 1382 
540 664 908 1182 1065 1116 1402 1366 1490 1683 1630 1350 1093 1348 1256 924 868 836 613 612 522 593 495 635 549 648 938 1084 1192 1480 1130 1552 1474 1685 
688 831 880 895 1333 1199 1330 1208 1247 1500 1192 1324 1413 1275 1074 1172 951 820 683 526 446 460 534 459 528 855 944 841 1348 1384 1538 1569 1222 1502 
540 788 863 1185 1184 1080 1618 1539 1756 1673 1540 1176 1234 1305 1226 887 845 781 598 459 434 500 454 585 772 830 1029 1088 996 1304 1479 1215 1721 1549 
614 662 819 1063 939 1325 1304 1304 1224 1558 1547 1347 1346 1208 1284 1069 717 648 745 616 531 485 539 513 725 866 816 1149 936 1088 1101 1507 1674 1417 
705 641 874 1091 952 1129 1247 1179 1477 1514 1588 1251 1125 1362 1153 1191 995 786 524 572 608 450 477 611 708 847 1027 1130 1258 1317 1600 1573 1501 1787 
748 852 707 1026 1163 1201 1498 1347 1416 1780 1503 1319 1580 1421 1210 807 1016 778 663 619 458 531 538 590 697 844 928 1125 1305 1384 1232 1379 1367 1505 
613 711 734 1078 906 1445 1183 1610 1681 1370 1337 1270 1469 1277 925 1181 796 615 578 540 589 438 438 563 621 816 942 1177 987 1244 1239 1631 1506 1314 
543 628 865 817 954 1174 1524 1664 1557 1592 1215 1561 1462 1254 958 1160 716 773 549 547 514 552 611 511 634 860 769 855 1292 1279 1171 1654 1613 1707 
571 768 930 1125 1147 1365 1118 1606 1476 1713 1557 1585 1251 1154 1049 813 970 881 658 495 514 533 444 507 519 632 872 1178 946 1332 1137 1314 1716 1221 
734 608 795 1072 1164 1202 1385 1219 1208 1693 1371 1522 1438 1322 1317 912 870 858 616 575 575 568 614 454 561 871 834 829 1060 1437 1612 1662 1221 1447 
658 604 743 918 1129 1281 1420 1358 1661 1596 1570 1371 1250 1399 915 1005 784 839 597 582 453 451 471 663 609 600 882 848 1184 1217 1215 1705 1212 1401 
691 722 792 810 1147 1345 1447 1369 1691 1414 1472 1543 1233 1225 1318 1090 923 715 647 491 562 416 513 610 698 797 939 1104 1255 1161 1465 1484 1249 1655 
663 667 839 1066 923 1122 1514 1552 1584 1203 1701 1474 1314 1470 1222 945 848 857 737 466 516 543 591 499 723 854 873 1061 1214 1033 1250 1416 1641 1628 
601 830 781 1194 1344 1356 1532 1506 1709 1424 1210 1378 1263 1335 1017 922 871 634 603 455 617 513 464 567 712 828 823 962 961 1375 1084 1654 1688 1237 
731 810 993 1091 1188 1146 1555 1689 1328 1453 1401 1470 1585 1163 1340 848 754 847 526 603 426 475 477 461 600 773 829 1162 951 1492 1086 1266 1519 1701 
740 662 857 1028 1292 1486 1474 1516 1538 1436 1280 1481 1087 1266 1068 1112 1015 743 517 675 500 489 490 660 736 700 916 836 1039 1230 1319 1243 1425 1621 
631 866 815 1092 1088 1034 1514 1492 1400 1551 1697 1375 1370 1417 1138 847 882 792 729 584 526 414 472 572 738 640 940 1066 1202 1414 1540 1631 1417 1503 
587 626 848 811 1223 1367 1444 1534 1321 1420 1473 1307 1461 1381 1287 1020 940 777 538 468 498 413 572 654 682 680 927 913 1142 1188 1548 1449 1233 1508 
559 661 708 967 1323 1026 1232 1531 1338 1657 1350 1546 1543 1369 1229 902 853 673 754 598 431 591 418 521 538 705 960 848 955 1455 1441 1183 1282 1575 
