20 2 20
7 5
1700 130 112 96 85 77 75 77 85 96 112 130 149 169 187 203 214 222 225 222 214 
100000 8705 7500 6464 5669 5170 5000 5170 5669 6464 7499 8705 9999 11294 12499 13535 14330 14829 15000 14829 14330 
1129 1249 1353 1433 1482 1499 1482 
1413 1307 1259 1108 997 853 721 645 552 491 489 540 556 
1377 1415 1251 1148 1048 855 786 670 562 502 520 534 567 
1385 1363 1271 1148 999 832 735 672 540 523 493 530 563 
1502 1293 1192 1162 1041 856 743 655 577 515 497 533 577 
1363 1402 1246 1174 972 886 760 645 554 492 505 497 594 
