20 3 20
7 100
850 85 77 75 77 85 96 112 130 149 169 187 203 214 222 225 222 214 203 187 169 
850 113 103 100 103 113 129 149 174 199 225 249 270 286 296 300 296 286 270 250 225 
100000 5669 5170 5000 5170 5669 6464 7499 8705 9999 11294 12499 13535 14330 14829 15000 14829 14330 13535 12500 11294 
1433 1482 1499 1482 1433 1353 1250 
561 859 460 491 293 672 422 603 272 384 344 822 1109 
1115 938 1139 329 909 450 335 673 267 494 423 330 389 
708 418 1258 606 422 279 569 582 574 482 746 1130 1176 
1400 1121 1383 426 589 772 307 527 665 533 1021 523 1134 
681 581 1335 777 906 469 280 464 432 415 994 1053 932 
1037 1122 893 822 356 425 807 297 327 853 855 429 1146 
1338 728 799 986 477 832 804 430 640 238 871 503 717 
559 1424 697 1200 742 605 738 571 800 725 666 1041 657 
564 1247 988 1087 802 364 707 209 681 611 274 838 1379 
586 993 1302 1137 495 676 435 662 806 741 266 841 968 
917 799 1272 723 323 461 286 788 576 468 561 729 1138 
1081 1246 735 545 414 242 639 731 394 738 919 328 444 
1150 1262 690 676 399 854 637 584 706 503 635 857 904 
549 963 521 387 786 887 802 787 673 272 540 1041 1046 
648 535 583 939 781 482 492 339 544 301 460 939 1190 
751 676 1259 448 622 904 592 229 581 687 258 873 1067 
1509 1452 1027 384 345 634 372 268 693 446 268 921 1332 
778 1541 550 536 588 253 674 719 516 887 327 920 1254 
954 774 1341 946 774 687 685 504 509 734 705 450 1355 
1703 802 1104 924 918 409 562 690 591 286 355 1169 623 
977 418 847 762 455 664 635 365 647 368 784 1021 437 
451 718 367 1090 373 679 825 351 543 622 269 944 505 
621 619 454 713 553 308 478 344 810 652 875 635 849 
1572 1262 1328 318 860 444 394 730 796 664 575 768 1016 
961 400 1141 915 668 898 567 512 292 686 488 332 1005 
570 960 502 1103 318 521 602 621 499 742 384 792 1347 
1083 1511 836 1116 566 904 219 749 534 704 973 474 982 
611 1002 990 1148 310 595 557 611 609 628 543 713 1106 
941 957 1048 626 493 294 425 604 776 703 942 351 1353 
1394 888 621 367 1013 460 391 778 646 751 734 952 1156 
554 1048 768 706 792 533 431 599 367 653 718 716 455 
815 1033 1326 552 767 535 421 281 761 323 740 886 589 
1488 1580 818 678 800 845 704 246 401 314 623 768 701 
1698 1291 395 1105 544 563 282 679 737 646 623 488 831 
1364 969 601 774 343 860 589 237 744 617 994 533 1128 
941 1329 1179 633 1019 836 308 236 550 330 829 772 1389 
728 1354 1010 319 582 388 328 335 494 347 270 529 1074 
666 552 877 1137 419 576 414 623 478 345 433 846 794 
1631 1516 1160 367 575 902 319 310 699 685 827 711 449 
1414 1435 504 646 959 668 256 533 822 274 436 682 1165 
1126 1167 1276 1191 269 796 545 679 611 561 709 805 497 
1189 732 1014 550 644 901 726 480 277 875 585 834 588 
1398 582 1141 1106 660 455 211 544 663 468 745 849 540 
1300 551 1065 926 638 542 513 789 804 667 515 942 1244 
820 1403 530 477 348 637 402 467 431 819 686 724 936 
468 588 1124 1133 304 631 654 211 795 651 967 742 1126 
1165 1059 1288 773 501 476 355 305 344 542 464 1011 754 
1376 647 1299 303 650 879 403 688 778 470 716 582 599 
1291 602 824 580 678 294 361 280 559 390 305 574 664 
569 1583 657 810 1014 307 213 556 744 275 723 714 811 
1247 402 704 933 715 348 630 694 517 571 954 712 559 
861 1178 588 701 999 474 587 246 587 234 981 1130 1313 
1526 1223 1045 984 879 868 562 463 367 902 561 641 803 
1792 743 1039 1029 887 337 504 566 728 346 989 561 1286 
1568 617 408 330 599 404 231 443 471 795 398 1165 443 
495 960 498 666 667 614 412 536 385 569 446 859 1330 
979 415 533 514 974 345 377 562 600 394 666 483 912 
667 1242 892 544 441 686 779 372 789 257 376 525 467 
842 687 523 1141 873 768 449 369 576 333 311 992 551 
906 566 479 529 472 545 313 537 424 371 333 373 972 
470 703 798 862 342 356 612 627 802 336 726 307 857 
1507 1353 720 751 340 274 621 462 718 853 527 1172 1146 
1535 1249 988 723 477 828 768 231 460 338 447 310 412 
786 411 646 935 552 241 345 414 727 886 800 393 1122 
1623 506 386 866 377 464 778 689 547 823 622 1163 546 
996 1050 1215 503 737 316 658 446 685 543 687 1026 1323 
566 1537 540 440 428 592 345 355 413 688 338 693 509 
1456 1078 796 349 521 272 490 267 532 289 760 934 750 
766 607 1362 318 352 782 825 425 721 350 303 1093 1170 
813 1313 763 1079 744 530 453 606 724 681 944 933 835 
616 1597 714 595 911 763 520 282 223 306 812 641 698 
657 1064 947 1181 602 427 604 492 224 540 734 713 912 
951 868 511 1019 441 753 385 704 811 558 893 1069 591 
1002 589 367 1023 814 603 613 788 343 268 830 1162 872 
1674 589 1264 467 708 749 572 796 571 657 853 1036 399 
1111 890 913 420 913 490 713 563 669 277 663 599 981 
1394 527 456 407 611 610 584 631 248 382 963 772 1144 
632 698 639 631 357 610 341 540 517 568 536 1116 659 
903 599 1062 369 696 272 366 385 592 765 981 420 802 
1788 1549 1096 540 333 754 758 585 809 284 514 935 510 
1576 1565 1244 611 804 819 219 791 364 406 541 704 549 
453 1420 1182 305 349 513 565 464 652 359 735 1188 1327 
1121 750 1314 427 314 407 236 291 426 292 765 890 416 
1479 1452 926 358 647 904 484 646 224 744 264 1050 826 
967 880 1341 348 433 598 668 297 745 482 1013 623 913 
1585 836 603 841 927 627 753 269 214 374 507 416 356 
1772 654 1132 1104 375 861 582 211 524 384 866 822 927 
1606 1435 1327 699 328 291 461 485 684 475 874 681 965 
1804 758 967 610 279 318 786 756 825 540 315 885 1305 
1706 1088 1193 685 643 434 809 695 720 384 1001 1172 1239 
1130 1590 1108 1063 358 890 222 601 317 470 327 636 1113 
1255 1590 1378 767 729 281 557 531 388 493 525 833 842 
1323 566 1193 570 946 730 495 547 480 580 1016 1162 519 
1763 621 857 917 543 361 500 616 417 653 366 1052 846 
1238 438 741 991 441 674 310 235 432 435 292 513 994 
1182 673 757 1164 502 804 602 221 332 333 915 1090 1052 
1173 1582 1135 1135 948 425 523 332 549 231 467 451 581 
1629 1360 351 390 342 515 347 666 297 765 767 1188 1095 
965 780 1192 878 290 326 457 789 499 907 966 965 1301 
1662 1071 1279 1154 1026 636 792 648 370 356 807 810 700 
