50 3 20
16 10
850 77 85 96 112 130 149 169 187 203 214 222 225 222 214 203 187 169 150 130 112 96 85 77 75 77 85 96 112 130 149 169 187 203 214 222 225 222 214 203 187 169 150 130 112 96 85 77 75 77 85 
850 103 113 129 149 174 199 225 249 270 286 296 300 296 286 270 250 225 200 174 150 129 113 103 100 103 113 129 149 174 199 225 249 270 286 296 300 296 286 270 250 225 200 174 150 129 113 103 100 103 113 
100000 5170 5669 6464 7499 8705 9999 11294 12499 13535 14330 14829 15000 14829 14330 13535 12500 11294 10000 8705 7500 6464 5669 5170 5000 5170 5669 6464 7499 8705 9999 11294 12499 13535 14330 14829 15000 14829 14330 13535 12500 11294 10000 8705 7500 6464 5669 5170 5000 5170 5669 
1482 1433 1353 1250 1129 1000 870 750 646 566 517 500 517 566 646 749 
744 859 1032 1222 1347 1472 1695 1444 1188 1427 1457 1066 926 1175 969 874 625 466 554 539 417 537 658 671 794 1181 1155 1170 1278 1263 1440 1559 1612 1412 
855 1073 991 1089 1565 1472 1279 1704 1187 1569 1522 1203 1205 1105 796 733 736 520 529 539 570 656 741 684 735 1065 1178 1141 1228 1264 1447 1738 1565 1600 
896 1163 973 1144 1569 1525 1306 1657 1212 1313 1526 1125 1325 964 878 799 765 672 537 457 488 565 568 854 1002 997 953 1307 1258 1229 1480 1516 1251 1178 
869 1106 1067 1147 1089 1602 1613 1452 1490 1313 1279 1349 1004 1192 847 683 652 635 493 494 600 544 616 886 816 966 1064 1497 1306 1427 1633 1509 1770 1465 
924 872 1297 1136 1236 1266 1333 1287 1511 1228 1188 1131 1204 928 769 645 652 501 417 537 579 541 665 760 867 931 1126 1060 1584 1591 1723 1528 1688 1633 
1022 990 1197 1334 1483 1384 1439 1604 1423 1362 1524 1190 1153 962 814 833 534 658 470 418 542 511 686 637 889 1083 1138 1459 1496 1706 1766 1755 1236 1448 
766 962 1320 1024 1575 1326 1492 1219 1485 1340 1443 1484 1064 940 792 627 626 674 524 437 566 555 553 714 1005 1048 1030 1211 1117 1218 1724 1434 1650 1501 
1026 934 1298 1089 1594 1594 1674 1597 1711 1485 1119 1098 1175 858 811 757 667 521 539 493 517 480 740 644 835 1124 940 1132 1472 1650 1611 1260 1298 1668 
754 992 1266 1010 1265 1388 1636 1424 1743 1529 1472 1397 1153 1137 777 868 540 553 543 546 565 536 590 722 1036 899 1152 1322 1512 1282 1327 1652 1542 1446 
1019 1195 936 1138 1114 1577 1425 1334 1197 1498 1142 1303 989 1051 1039 815 570 655 469 546 477 640 690 622 751 874 1023 1004 1570 1252 1756 1624 1705 1588 
