50 3 20
26 100
850 96 112 130 149 169 187 203 214 222 225 222 214 203 187 169 150 130 112 96 85 77 75 77 85 96 112 130 149 169 187 203 214 222 225 222 214 203 187 169 150 130 112 96 85 77 75 77 85 96 112 
850 129 149 174 199 225 249 270 286 296 300 296 286 270 250 225 200 174 150 129 113 103 100 103 113 129 149 174 199 225 249 270 286 296 300 296 286 270 250 225 200 174 150 129 113 103 100 103 113 129 149 
100000 6464 7499 8705 9999 11294 12499 13535 14330 14829 15000 14829 14330 13535 12500 11294 10000 8705 7500 6464 5669 5170 5000 5170 5669 6464 7499 8705 9999 11294 12499 13535 14330 14829 15000 14829 14330 13535 12500 11294 10000 8705 7500 6464 5669 5170 5000 5170 5669 6464 7499 
1353 1250 1129 1000 870 750 646 566 517 500 517 566 646 749 870 999 1129 1249 1353 1433 1482 1499 1482 1433 1353 1250 
640 562 762 938 598 831 350 689 589 807 908 727 622 1459 881 1863 1538 678 1538 1837 605 1819 2046 1417 
607 560 748 795 491 759 309 777 789 777 706 572 404 955 1007 588 703 787 1981 1702 1041 1988 1268 1478 
494 1270 570 627 738 618 505 263 639 597 722 1020 520 946 485 1613 1466 2061 2351 710 1661 2231 1607 1326 
1107 1306 831 367 747 565 616 369 437 819 804 1058 480 1400 1185 1871 1941 1679 1376 756 881 588 1192 1229 
1493 1406 1163 554 984 610 337 391 477 559 571 351 938 594 1728 1402 2135 922 1731 2340 1924 1586 1483 1038 
977 1416 780 885 503 309 213 674 513 638 316 621 1017 727 1512 1973 1916 1285 753 2128 2259 2148 1745 503 
1033 1325 1001 907 586 756 543 415 374 848 1025 1045 733 778 509 1770 2040 1235 2298 1985 614 2207 1438 1637 
1560 1554 1369 1048 529 705 815 483 517 884 440 1197 1191 617 1593 1137 1720 2203 1673 687 1987 2213 783 1160 
1061 1291 859 386 309 428 309 471 627 843 638 734 477 770 516 1393 865 1477 606 706 1085 1294 1127 1492 
707 875 1054 1051 832 395 489 769 634 625 797 308 909 1425 1451 1204 2116 1206 632 1269 1125 1200 1845 1318 
1468 1034 823 370 977 879 484 661 399 260 703 1024 491 696 1201 1018 1311 860 1603 1094 2160 599 1930 1706 
1067 1370 1325 446 750 461 561 255 575 498 303 630 942 533 1700 560 2110 644 1745 1802 1648 2035 1360 794 
1611 497 424 976 466 233 560 227 277 250 693 851 982 1081 655 1399 1179 2127 1059 1197 1905 623 656 1041 
782 1421 568 506 603 768 727 596 271 408 369 652 966 1497 1002 1066 784 911 943 1631 1329 909 1845 534 
486 584 855 724 786 711 611 326 488 431 684 649 1127 1202 1204 1239 1692 586 1801 1037 1413 1687 1114 1365 
1777 1345 466 1190 1009 385 369 748 573 638 346 643 734 400 1660 1497 741 1528 2221 842 1080 2113 738 561 
962 1516 923 700 417 890 746 209 354 666 681 1109 1292 1035 1443 1124 1201 667 1482 1945 1470 1570 1325 1086 
1806 550 901 799 661 735 500 346 228 230 720 509 1257 1001 1654 1484 1816 2213 1841 1388 1614 1911 1971 901 
461 1175 1359 615 612 893 571 589 236 814 710 1046 1072 808 473 1459 1888 1514 1700 2279 994 1741 1842 587 
1393 681 1135 1046 296 578 732 680 298 815 886 359 751 1085 1588 944 1279 2235 1008 1014 1889 1660 1553 1031 
617 656 772 1171 843 773 502 424 368 470 915 654 471 550 780 1910 1844 1503 1100 2152 818 1559 1087 1670 
1291 1571 984 412 470 516 602 266 516 230 796 1068 1037 412 791 1024 2155 1495 758 1582 1111 1996 771 808 
671 1417 999 1021 445 257 609 286 310 754 884 1176 1073 840 1631 839 1772 1036 941 956 2133 1062 2043 986 
1301 792 945 1013 875 698 263 626 603 433 276 335 360 1468 1556 537 2062 1595 2180 1196 733 2200 1518 1414 
1701 1232 971 933 268 533 685 338 275 654 517 962 949 1158 592 742 1941 1893 1752 2087 1373 2046 1095 1477 
1790 404 1286 1061 439 564 566 659 348 439 683 452 831 614 1174 1395 1534 1754 1299 726 1121 1263 1621 1788 
1372 936 1019 754 446 592 332 709 578 852 900 534 1059 636 483 1685 762 1434 1781 1470 1112 2261 1220 1314 
1154 505 1130 826 525 635 656 618 305 831 337 761 1246 838 1593 553 973 1607 1754 1335 1776 689 1544 1063 
887 1576 918 868 491 374 271 670 478 746 525 445 1202 1205 1406 745 1493 2266 773 1287 1392 1641 825 831 
1407 1183 674 498 372 888 528 684 628 781 832 920 350 504 1455 1442 855 2275 785 2000 1554 2122 1343 1011 
1082 1566 1061 961 945 517 567 207 734 240 814 948 1191 1147 923 1942 1066 1284 1972 2095 1721 1663 2072 1966 
1576 861 1324 753 297 513 486 742 529 519 924 563 1146 1300 1687 1410 1932 2284 1915 644 673 1551 867 970 
1247 1031 501 588 374 735 699 397 584 846 789 751 983 646 996 684 1667 1061 1669 2159 1299 1262 1329 1697 
577 654 596 609 1017 368 602 756 220 396 505 765 578 592 1602 1655 561 2077 930 653 929 696 1586 1790 
647 1359 1259 625 892 248 262 783 300 667 270 1183 811 1336 1383 1196 1187 610 1879 2172 1018 1343 751 1978 
1455 1512 608 695 639 691 789 543 364 626 705 1001 1156 571 1782 666 1906 1650 2125 1207 2367 1207 1921 766 
1405 1151 1142 1143 503 246 285 351 648 268 748 459 1316 1051 1160 966 1550 1610 1665 980 1907 699 1981 1680 
708 1375 898 1112 965 840 263 748 298 356 880 612 638 602 1536 1162 642 1628 723 2002 1716 578 696 1578 
535 574 1190 1061 955 234 826 300 482 373 827 536 537 578 1604 674 795 889 922 2110 1792 2246 1481 525 
655 721 641 1092 612 400 721 221 586 809 265 1168 516 1578 1780 522 656 900 900 776 1514 1823 591 1726 
959 906 575 516 856 494 429 222 547 259 978 484 1364 803 942 637 1397 1815 597 2293 861 2055 2106 1526 
1472 918 872 463 530 290 210 588 620 268 395 724 926 668 1140 732 628 1130 1766 1635 1431 792 1844 969 
830 487 921 519 424 475 547 274 451 894 530 640 1214 1063 1290 1741 728 1611 1135 1589 1882 750 1936 1423 
1367 1368 438 1112 1003 466 658 631 555 622 550 692 778 464 1542 1816 732 958 1150 1773 2054 1001 834 763 
481 1474 1202 824 807 576 651 355 607 603 870 477 521 1096 699 1884 1004 1030 917 912 1532 1142 978 621 
806 1465 1347 349 967 344 499 259 769 311 954 996 1021 1338 1607 1276 1216 2232 1158 1605 1544 954 1651 697 
1236 984 1011 485 307 529 795 478 446 257 889 962 779 590 1453 1407 1367 1993 1826 1356 1295 704 1366 1129 
1336 1341 547 464 438 589 338 286 697 872 544 638 593 983 885 1029 980 763 1280 2287 1202 2092 1682 931 
1517 1449 690 1120 674 506 450 551 358 294 952 621 495 1136 749 1036 1337 1780 2350 1719 2344 1244 1069 1493 
1684 1414 502 1194 603 817 546 404 774 561 947 959 733 1171 1379 844 1025 1159 2170 1439 2130 1271 1561 1636 
1075 564 416 1176 1007 864 441 743 529 465 675 602 537 973 1711 1319 1013 987 1360 1428 2206 1386 592 740 
637 742 963 1186 818 701 719 756 645 900 369 802 929 1299 940 781 1412 703 2309 1476 1897 2157 2118 927 
1166 437 1376 990 946 530 547 668 396 261 566 735 1137 543 1362 561 1279 1161 1896 1664 2106 1078 1551 810 
1280 1372 1190 356 1033 398 371 517 490 303 678 675 1143 1541 1565 627 1463 745 1788 1728 1877 822 1342 1804 
646 1139 674 648 771 825 816 354 589 695 576 996 972 837 1637 1766 757 715 712 1089 1844 949 2009 1496 
1674 687 1125 454 335 289 259 664 476 620 514 615 892 1193 1439 835 1586 897 751 1367 2132 573 1074 1086 
1568 1455 863 553 727 449 403 620 523 647 967 1171 434 549 1416 1569 881 1161 951 2367 1801 1669 1546 1380 
452 560 482 1125 923 731 593 753 218 761 817 745 426 632 522 1958 1858 1833 1394 2334 1639 995 714 854 
1217 832 676 1087 341 668 750 453 340 695 865 515 710 421 763 1678 1233 1309 1695 693 1383 1575 1466 1774 
1049 902 963 475 451 435 499 492 714 521 275 944 861 856 719 1092 601 1197 1072 1457 2066 743 676 1884 
1769 1333 377 466 846 296 701 378 365 810 673 1016 782 1598 1097 809 1363 1779 1743 1115 1019 1195 1749 1653 
1032 412 1165 1029 656 294 571 720 704 328 843 502 1168 642 630 1809 1081 1562 1421 2387 882 2052 966 1585 
969 1182 850 715 629 884 297 438 563 789 629 761 693 1575 1290 1625 996 915 1615 1662 608 877 1256 1594 
1757 928 893 394 473 411 477 778 467 304 867 488 400 891 1138 1596 1971 1184 1457 2311 2250 1503 1382 938 
1792 1515 591 1018 749 339 242 567 617 679 892 792 628 948 552 1172 1861 1023 1995 1666 1518 1866 1180 1717 
1760 974 1289 826 788 519 266 685 659 694 602 712 955 581 1515 1793 796 1959 1360 2086 1240 1406 1717 933 
1766 1135 1067 990 389 838 730 365 623 516 870 1174 1049 563 1309 818 1392 847 2172 1089 1472 2220 1999 1116 
994 1316 781 788 653 407 454 315 530 245 764 1183 1391 1115 947 1030 635 1893 920 1961 1842 2282 1968 506 
1276 856 575 332 826 401 290 671 554 758 867 654 734 1067 1240 1189 1056 1797 2044 1645 1888 1323 2056 1803 
996 905 440 914 491 349 237 369 481 721 299 878 739 1072 1408 664 582 1342 1534 900 1177 2217 907 1977 
1024 655 643 301 875 808 821 344 331 665 626 826 1087 1260 1580 1609 1683 2152 2341 732 981 961 1013 641 
994 1231 978 970 636 844 672 353 283 515 356 998 720 556 1064 1217 818 647 1093 1310 2171 1378 1163 1487 
837 423 936 667 863 536 229 229 523 766 982 393 1047 1239 511 1032 2045 1571 1284 1547 1107 1237 1674 783 
783 1074 785 419 660 324 407 751 393 525 508 1035 655 749 1206 1816 1190 1203 1322 1164 1326 1363 1300 1935 
1199 715 431 1176 403 627 565 542 564 562 850 1126 1392 754 1466 1988 679 2169 1932 1621 1866 1646 2066 610 
899 851 1284 785 1014 338 731 399 792 495 397 1135 727 1056 1010 1124 1417 1383 882 2329 1395 1122 894 1919 
707 1098 681 314 814 352 663 636 693 314 432 333 698 1156 1096 1013 970 991 1720 1135 2103 2150 2147 668 
1429 967 798 807 807 537 679 463 443 798 610 856 1067 1060 1765 1284 1288 1043 935 885 930 1468 736 1167 
1658 902 725 372 565 360 556 583 786 785 532 414 687 1346 1641 1590 1603 1407 1587 2253 1911 814 752 1605 
827 1366 942 614 996 458 215 614 468 823 450 633 843 1269 1621 1354 871 887 1805 857 1621 995 1411 1482 
738 1173 351 802 804 374 317 343 438 268 329 432 1137 926 1614 1585 1639 2150 854 1241 1074 1758 671 610 
1505 1079 491 475 614 632 312 598 506 762 355 544 477 1466 1185 1244 711 1815 1421 935 1400 589 1877 1672 
1384 616 1268 585 795 307 751 746 282 447 576 1168 1057 949 1384 1687 723 1827 1006 2194 1068 755 734 1348 
513 1377 730 472 737 287 547 618 649 670 447 865 731 1461 977 1155 2036 839 878 1003 1785 1069 1291 1495 
1758 1152 976 591 351 678 377 259 821 707 595 1186 907 1069 645 1842 906 1715 2359 1964 1725 1785 883 1401 
555 518 363 1056 708 492 413 502 281 896 628 839 749 639 1595 1013 2086 762 1101 1459 979 815 838 1091 
1690 1467 1245 542 696 321 464 767 648 593 700 996 638 1490 1286 693 1976 1680 720 2080 1456 910 753 703 
667 499 869 910 560 502 649 685 636 461 678 1036 1324 1110 1182 1412 813 928 1288 744 1214 2008 683 1921 
1499 1355 942 476 694 893 769 747 246 243 742 920 869 1317 791 1017 1663 1245 1847 876 1032 1108 1499 976 
454 605 360 1116 336 228 825 778 534 890 351 315 845 1263 1011 1547 1086 1740 911 1867 1855 1385 1802 1705 
798 1279 1377 407 817 491 232 439 823 804 983 745 927 505 538 1663 716 670 2095 1814 2026 1311 1125 673 
1617 560 1028 311 961 654 667 547 799 512 1024 887 654 1309 1589 1653 769 575 1718 927 1403 1629 1309 1360 
1382 712 1216 888 916 884 780 427 668 784 643 1197 1068 613 547 1487 1476 2026 1100 2013 1700 916 1184 1909 
1341 1274 916 656 463 869 752 285 616 330 364 779 997 437 1474 943 1049 1456 840 840 1271 2129 783 1436 
614 1291 785 877 323 455 574 209 812 553 319 894 517 746 1003 1792 1588 1670 1994 2369 2120 863 2112 903 
600 799 1364 1193 275 527 725 591 711 358 955 694 1155 1161 1508 1546 1765 651 1686 1665 676 1776 1594 1554 
1088 1565 1162 992 269 748 297 376 763 730 537 513 733 715 1074 1266 698 1640 957 1483 1485 1267 1801 914 
1616 1071 867 1111 675 276 619 339 324 734 316 975 620 470 918 1941 1608 1507 1713 1727 2195 1751 1864 1346 
1308 1349 1168 482 880 770 746 583 445 567 291 655 1362 577 1789 1416 659 2127 1672 2186 1465 779 679 1178 
1249 1468 435 309 888 819 309 660 391 783 302 367 1314 1381 1559 898 1580 1761 1543 2343 1308 1448 1535 1387 
