5 2 20
4 100
1700 77 85 96 112 130 
100000 5170 5669 6464 7499 8705 
1482 1433 1353 1250 
1100 
1140 
1146 
1090 
1079 
1115 
1073 
1179 
1122 
1088 
1142 
1151 
1153 
1182 
1116 
1141 
1183 
1182 
1134 
1088 
1080 
1140 
1103 
1116 
1094 
1087 
1120 
1118 
1176 
1096 
1133 
1119 
1119 
1121 
1093 
1109 
1147 
1184 
1155 
1147 
1159 
1098 
1143 
1087 
1172 
1103 
1114 
1084 
1165 
1125 
1084 
1097 
1076 
1163 
1084 
1095 
1078 
1090 
1085 
1114 
1164 
1116 
1155 
1157 
1103 
1096 
1166 
1105 
1131 
1176 
1094 
1089 
1171 
1151 
1121 
1132 
1099 
1164 
1103 
1073 
1184 
1112 
1107 
1166 
1177 
1154 
1109 
1091 
1123 
1143 
1097 
1159 
1113 
1159 
1162 
1076 
1154 
1183 
1099 
1168 
