5 6 20
4 50
340 150 130 112 96 85 
340 200 174 150 129 113 
340 250 217 187 161 141 
340 300 261 225 193 170 
340 350 304 262 226 198 
100000 10000 8705 7500 6464 5669 
1000 1129 1249 1353 
1450 
1440 
1423 
1504 
1428 
1474 
1443 
1449 
1485 
1486 
1406 
1473 
1495 
1446 
1429 
1373 
1423 
1452 
1442 
1473 
1456 
1404 
1432 
1379 
1422 
1366 
1497 
1447 
1383 
1416 
1402 
1447 
1474 
1462 
1406 
1425 
1438 
1407 
1477 
1403 
1372 
1395 
1366 
1481 
1405 
1409 
1393 
1407 
1391 
1370 
