5 11 20
4 50
170 96 112 130 149 169 
170 129 149 174 199 225 
170 161 187 217 249 282 
170 193 224 261 299 338 
170 226 262 304 349 395 
170 258 299 348 399 451 
170 290 337 391 449 508 
170 323 374 435 499 564 
170 355 412 478 549 621 
170 387 449 522 599 677 
100000 6464 7499 8705 9999 11294 
1353 1250 1129 1000 
1168 
1017 
1167 
1009 
895 
574 
880 
999 
858 
563 
1194 
513 
1245 
701 
559 
422 
842 
942 
1280 
380 
1361 
921 
1124 
877 
629 
391 
758 
651 
740 
754 
595 
791 
1362 
992 
865 
1265 
1142 
623 
432 
1202 
394 
920 
857 
1190 
850 
1338 
793 
1171 
885 
1177 
