50 3 20
36 50
850 96 112 130 149 169 187 203 214 222 225 222 214 203 187 169 150 130 112 96 85 77 75 77 85 96 112 130 149 169 187 203 214 222 225 222 214 203 187 169 150 130 112 96 85 77 75 77 85 96 112 
850 129 149 174 199 225 249 270 286 296 300 296 286 270 250 225 200 174 150 129 113 103 100 103 113 129 149 174 199 225 249 270 286 296 300 296 286 270 250 225 200 174 150 129 113 103 100 103 113 129 149 
100000 6464 7499 8705 9999 11294 12499 13535 14330 14829 15000 14829 14330 13535 12500 11294 10000 8705 7500 6464 5669 5170 5000 5170 5669 6464 7499 8705 9999 11294 12499 13535 14330 14829 15000 14829 14330 13535 12500 11294 10000 8705 7500 6464 5669 5170 5000 5170 5669 6464 7499 
1353 1250 1129 1000 870 750 646 566 517 500 517 566 646 749 870 999 1129 1249 1353 1433 1482 1499 1482 1433 1353 1250 1129 1000 870 750 646 566 517 500 517 566 
727 784 1014 952 917 1486 1504 1179 1711 1596 1352 1675 1609 1484 
723 770 981 1172 1320 1338 1370 1269 1265 1699 1646 1211 1204 1072 
581 888 839 1120 1085 1422 1405 1219 1564 1750 1644 1301 1435 1098 
523 616 769 865 950 1079 1086 1159 1200 1303 1709 1690 1449 1315 
536 658 1019 1052 1242 1179 1151 1215 1505 1623 1527 1393 1214 1425 
731 661 875 1061 1075 1118 1433 1538 1572 1428 1337 1197 1493 1044 
521 661 719 1074 1010 1378 1585 1702 1443 1208 1574 1276 1428 1346 
545 678 935 805 1341 1274 1172 1551 1225 1236 1347 1334 1511 1456 
587 821 715 952 1270 1040 1483 1386 1635 1253 1260 1279 1531 1043 
587 609 945 1009 1265 1280 1566 1360 1222 1473 1712 1291 1161 1041 
557 783 951 1160 1071 1397 1187 1705 1334 1441 1771 1559 1469 1346 
711 737 891 980 951 1460 1284 1220 1541 1342 1714 1492 1521 1275 
661 722 706 1131 1118 1384 1360 1698 1454 1381 1653 1585 1298 1353 
759 883 969 916 1079 1330 1271 1549 1257 1644 1667 1528 1512 1083 
722 632 964 1170 1199 1250 1333 1602 1480 1653 1200 1251 1087 1261 
724 783 842 901 1159 1461 1209 1622 1755 1691 1187 1235 1150 1405 
730 751 702 879 1270 1001 1264 1228 1328 1251 1511 1400 1394 1121 
775 634 743 1175 1149 1172 1393 1157 1597 1769 1738 1414 1478 1439 
628 851 966 1168 1262 1116 1219 1231 1336 1275 1630 1279 1610 1466 
703 662 753 1049 909 1389 1359 1288 1579 1660 1312 1547 1612 1393 
602 774 806 1103 1188 1253 1390 1333 1605 1599 1670 1603 1359 1015 
541 807 735 811 1249 1244 1523 1150 1473 1600 1431 1359 1165 1321 
718 813 1018 1068 1119 1387 1443 1344 1601 1576 1688 1577 1154 1413 
615 869 724 1197 1036 1243 1352 1481 1666 1592 1281 1274 1449 1370 
702 733 818 1084 1270 1092 1563 1319 1201 1717 1234 1427 1527 1193 
722 717 780 1185 1331 1086 1379 1150 1261 1234 1528 1160 1256 1022 
760 845 940 971 1301 1412 1591 1536 1746 1785 1218 1634 1195 1439 
570 605 793 1077 1103 1455 1510 1457 1704 1388 1537 1594 1192 1153 
616 898 736 1187 1346 1028 1354 1503 1760 1252 1745 1272 1572 1327 
637 887 994 832 913 1359 1324 1247 1578 1462 1269 1289 1547 1489 
771 824 1038 1044 1148 1179 1273 1548 1307 1757 1708 1544 1423 1012 
706 893 873 1003 903 1364 1296 1685 1698 1412 1656 1246 1174 1287 
578 895 1023 1117 1171 1027 1497 1609 1352 1319 1500 1425 1421 1066 
638 743 734 1060 910 1281 1447 1460 1413 1646 1688 1232 1300 1327 
744 826 879 956 1184 1435 1355 1350 1411 1543 1602 1268 1305 1409 
645 761 819 838 1244 1136 1217 1258 1691 1533 1427 1433 1181 1023 
729 786 924 926 1066 1349 1155 1389 1444 1349 1350 1279 1297 1442 
718 781 816 1094 1101 1020 1402 1695 1222 1713 1471 1209 1430 1254 
726 843 978 860 1142 1241 1615 1150 1772 1503 1330 1535 1301 1339 
603 886 972 919 1279 1115 1129 1543 1715 1285 1562 1477 1385 1232 
732 618 741 1175 936 1323 1365 1170 1641 1250 1242 1354 1411 1197 
761 789 994 1174 942 1012 1522 1626 1506 1686 1324 1515 1479 1481 
743 760 786 1125 1320 1468 1301 1337 1478 1733 1432 1244 1586 1496 
525 895 749 922 981 1114 1464 1158 1363 1751 1653 1286 1310 1265 
768 829 759 1037 1262 1063 1095 1189 1761 1707 1715 1230 1323 1070 
630 737 699 1196 990 1225 1438 1660 1605 1728 1461 1231 1121 1036 
556 894 988 817 946 1228 1515 1198 1764 1422 1511 1661 1504 1055 
613 841 839 1088 1070 1145 1398 1196 1370 1379 1330 1456 1175 1235 
578 824 992 1158 1094 1115 1087 1419 1766 1396 1481 1422 1129 1001 
615 720 959 910 1338 1350 1601 1532 1689 1518 1677 1435 1334 1020 
