50 2 20
16 100
1700 112 130 149 169 187 203 214 222 225 222 214 203 187 169 150 130 112 96 85 77 75 77 85 96 112 130 149 169 187 203 214 222 225 222 214 203 187 169 150 130 112 96 85 77 75 77 85 96 112 130 
100000 7499 8705 9999 11294 12499 13535 14330 14829 15000 14829 14330 13535 12500 11294 10000 8705 7500 6464 5669 5170 5000 5170 5669 6464 7499 8705 9999 11294 12499 13535 14330 14829 15000 14829 14330 13535 12500 11294 10000 8705 7500 6464 5669 5170 5000 5170 5669 6464 7499 8705 
1250 1129 1000 870 750 646 566 517 500 517 566 646 749 870 999 1129 
1234 1412 1366 1477 1462 1471 1452 1328 1218 1109 1025 831 722 637 575 499 480 511 580 665 784 913 984 1129 1214 1353 1479 1481 1527 1510 1502 1349 1231 1144 
1290 1320 1362 1543 1482 1555 1480 1368 1309 1120 950 862 745 678 584 498 509 497 546 624 725 872 1044 1162 1273 1405 1445 1456 1573 1521 1427 1392 1261 1076 
1191 1412 1428 1527 1512 1516 1470 1417 1282 1142 988 867 737 624 572 509 483 492 552 668 769 829 967 1092 1263 1322 1370 1527 1490 1555 1408 1365 1273 1093 
1262 1333 1422 1501 1573 1527 1480 1341 1308 1169 1009 871 786 657 556 516 504 498 554 623 727 854 1011 1151 1248 1352 1410 1527 1441 1474 1385 1392 1199 1125 
1267 1317 1453 1516 1500 1510 1400 1378 1288 1097 1000 908 765 675 582 511 495 492 584 677 735 845 964 1179 1259 1385 1376 1531 1504 1464 1483 1311 1293 1122 
1285 1325 1492 1525 1569 1506 1441 1328 1294 1156 980 849 715 660 566 521 479 520 552 673 750 869 1039 1107 1260 1379 1453 1412 1481 1523 1362 1301 1260 1159 
1191 1359 1407 1517 1542 1523 1484 1340 1304 1152 964 870 721 655 554 502 515 510 574 658 742 910 1039 1153 1219 1325 1467 1515 1488 1420 1403 1300 1272 1102 
1212 1293 1466 1489 1487 1550 1395 1300 1250 1110 978 828 762 662 553 522 484 506 567 622 750 852 1044 1095 1267 1381 1467 1428 1465 1411 1435 1379 1196 1075 
1191 1358 1436 1429 1532 1513 1372 1289 1228 1130 1016 889 762 620 563 507 476 502 592 648 720 847 984 1148 1308 1293 1498 1544 1432 1419 1500 1314 1265 1145 
1222 1345 1463 1443 1492 1498 1488 1402 1280 1117 1047 901 728 676 543 522 519 503 540 637 767 891 993 1137 1299 1412 1450 1425 1506 1476 1478 1382 1297 1076 
1238 1405 1473 1455 1573 1525 1433 1391 1303 1105 1046 882 723 655 540 491 516 491 553 631 774 861 1021 1178 1242 1417 1367 1526 1461 1493 1445 1398 1291 1108 
1292 1369 1501 1555 1517 1495 1385 1326 1278 1185 950 878 728 618 562 495 524 534 547 626 722 867 1002 1106 1222 1348 1490 1410 1543 1477 1485 1375 1309 1096 
1257 1301 1485 1443 1446 1449 1378 1409 1293 1159 985 862 759 673 572 503 515 523 594 668 770 844 1019 1180 1201 1393 1497 1447 1456 1486 1381 1419 1283 1163 
1201 1405 1382 1416 1480 1476 1383 1340 1248 1157 956 860 733 645 565 505 483 493 589 629 735 909 1004 1145 1266 1326 1424 1553 1556 1419 1502 1372 1226 1117 
1229 1413 1404 1547 1543 1513 1461 1352 1217 1159 1041 897 730 663 579 533 497 516 579 637 729 850 999 1113 1306 1359 1407 1528 1567 1438 1437 1335 1275 1154 
1226 1404 1494 1537 1455 1527 1428 1399 1301 1146 998 879 765 654 589 513 481 507 568 634 733 908 1049 1100 1213 1386 1465 1410 1560 1422 1372 1373 1238 1073 
1201 1290 1404 1485 1562 1534 1407 1379 1307 1109 984 878 745 618 559 499 481 514 586 630 762 875 1035 1148 1278 1364 1459 1497 1444 1472 1389 1324 1213 1110 
1233 1317 1447 1482 1537 1529 1468 1342 1301 1143 969 901 774 645 543 503 480 504 589 640 725 877 1022 1115 1212 1370 1417 1447 1553 1541 1425 1399 1300 1099 
1234 1417 1420 1426 1467 1458 1475 1330 1201 1152 996 831 772 632 545 521 497 502 577 658 773 900 1038 1145 1215 1392 1387 1442 1483 1501 1430 1360 1305 1176 
1202 1413 1410 1483 1496 1411 1500 1287 1297 1170 950 838 786 654 593 536 500 512 563 638 732 899 1033 1089 1256 1407 1495 1513 1539 1543 1483 1345 1221 1165 
1192 1329 1435 1517 1485 1501 1396 1307 1285 1102 1044 868 782 661 556 513 494 510 592 619 733 906 1042 1156 1231 1296 1436 1521 1497 1429 1485 1355 1293 1088 
1261 1317 1489 1539 1475 1463 1439 1310 1223 1178 1011 879 743 654 584 499 507 491 563 624 778 896 972 1153 1265 1323 1372 1417 1499 1410 1442 1326 1242 1185 
1280 1362 1434 1432 1436 1456 1424 1360 1211 1159 1017 831 725 618 549 541 479 512 571 637 749 873 951 1113 1275 1383 1410 1484 1475 1422 1494 1315 1203 1180 
1278 1341 1428 1425 1558 1492 1456 1420 1263 1076 979 860 744 678 582 526 513 537 563 642 767 880 978 1086 1210 1343 1457 1525 1425 1529 1367 1390 1254 1097 
1211 1411 1394 1549 1554 1482 1398 1299 1231 1111 989 903 783 641 583 497 509 507 591 637 756 889 988 1117 1236 1370 1460 1470 1476 1442 1373 1408 1192 1087 
1207 1339 1429 1554 1471 1408 1483 1309 1207 1083 1036 876 758 675 551 542 517 525 550 642 780 851 1018 1165 1203 1336 1465 1555 1440 1556 1382 1290 1243 1107 
1192 1367 1364 1512 1521 1419 1489 1404 1268 1133 1023 875 739 631 583 505 505 526 557 624 718 872 1005 1159 1277 1311 1495 1447 1426 1547 1500 1394 1302 1185 
1217 1337 1493 1437 1558 1429 1398 1312 1225 1104 1023 907 727 658 543 507 513 507 563 672 732 859 1020 1123 1248 1374 1427 1423 1530 1518 1408 1320 1240 1123 
1216 1375 1432 1488 1498 1539 1367 1381 1231 1153 1008 836 770 657 539 504 524 494 578 660 780 899 980 1116 1270 1387 1461 1509 1475 1551 1449 1355 1244 1138 
1211 1344 1361 1469 1464 1504 1444 1332 1256 1123 1014 874 740 660 553 494 492 491 561 671 748 901 963 1083 1202 1406 1482 1430 1491 1473 1480 1287 1251 1176 
1221 1294 1487 1426 1437 1482 1476 1333 1254 1097 1029 885 726 677 585 501 480 524 579 659 768 851 971 1117 1262 1328 1382 1447 1562 1555 1378 1394 1267 1139 
1236 1333 1491 1530 1445 1436 1377 1344 1287 1101 1048 899 773 676 581 520 491 530 578 644 737 904 968 1122 1255 1322 1451 1484 1537 1498 1402 1314 1299 1165 
1241 1413 1425 1412 1557 1468 1434 1404 1218 1139 960 885 784 653 551 496 501 529 589 667 716 911 955 1181 1217 1361 1395 1492 1458 1497 1374 1310 1233 1123 
1277 1376 1392 1526 1520 1428 1492 1315 1260 1122 965 844 776 615 547 500 497 510 565 667 764 831 984 1079 1251 1373 1407 1545 1463 1460 1474 1406 1190 1143 
1226 1388 1432 1534 1463 1503 1393 1296 1267 1097 982 828 771 667 573 510 503 510 541 644 779 908 1010 1133 1223 1394 1399 1471 1439 1527 1438 1305 1213 1175 
1310 1295 1488 1519 1440 1427 1438 1290 1225 1165 951 886 720 643 555 515 492 510 547 617 759 881 1017 1109 1262 1386 1367 1508 1503 1433 1475 1332 1262 1079 
1284 1340 1416 1534 1549 1479 1371 1334 1282 1156 1024 905 748 642 559 498 515 505 583 616 778 832 981 1169 1277 1417 1410 1463 1546 1498 1422 1326 1216 1122 
1226 1315 1408 1531 1496 1528 1403 1414 1240 1159 1027 831 749 636 583 511 494 522 546 616 719 873 1007 1087 1243 1306 1478 1514 1448 1481 1489 1374 1218 1178 
1273 1401 1502 1487 1459 1440 1382 1393 1271 1139 1020 897 746 627 585 537 502 529 547 664 741 874 988 1141 1218 1307 1369 1490 1540 1530 1453 1341 1241 1163 
1267 1305 1435 1472 1427 1476 1435 1388 1260 1135 993 867 758 624 540 499 493 531 554 651 771 877 986 1176 1188 1368 1388 1508 1428 1525 1489 1334 1198 1123 
1244 1346 1391 1548 1498 1521 1402 1398 1283 1174 981 861 738 660 549 541 511 521 561 653 732 861 997 1077 1291 1409 1365 1542 1466 1513 1444 1352 1273 1082 
1189 1305 1450 1447 1513 1425 1475 1310 1264 1111 961 854 758 677 570 536 477 541 590 646 750 861 1022 1097 1235 1330 1449 1478 1564 1487 1389 1305 1287 1153 
1285 1338 1480 1418 1456 1553 1403 1339 1287 1111 980 888 780 660 575 523 479 522 581 645 730 847 1040 1114 1285 1390 1442 1412 1472 1465 1366 1417 1275 1156 
1308 1368 1370 1545 1455 1517 1461 1370 1245 1097 978 856 729 634 563 519 499 507 543 650 750 829 1001 1093 1252 1377 1465 1486 1468 1555 1494 1337 1256 1169 
1279 1367 1407 1438 1569 1481 1492 1394 1253 1183 1038 864 746 653 567 497 491 532 550 615 740 892 989 1116 1241 1321 1391 1490 1554 1537 1462 1306 1306 1139 
1273 1339 1444 1512 1436 1555 1482 1395 1290 1087 994 876 734 637 558 516 479 532 582 677 741 853 1029 1104 1256 1307 1470 1436 1449 1416 1473 1342 1245 1143 
1235 1355 1495 1486 1537 1554 1410 1320 1260 1149 1032 886 780 623 559 519 523 536 557 663 752 844 965 1075 1276 1397 1397 1458 1522 1495 1487 1408 1193 1146 
1199 1334 1380 1500 1549 1469 1489 1372 1281 1184 958 848 737 621 541 535 504 507 576 655 784 835 1015 1154 1298 1420 1406 1492 1466 1554 1375 1325 1282 1148 
1213 1394 1472 1538 1458 1503 1402 1337 1227 1103 983 838 785 671 547 531 506 499 595 615 739 852 1007 1101 1296 1394 1373 1456 1560 1423 1461 1400 1255 1140 
1281 1376 1401 1455 1459 1435 1415 1371 1298 1174 1001 854 758 624 546 506 494 500 564 640 745 874 1027 1151 1290 1299 1456 1437 1468 1485 1367 1289 1240 1133 
1262 1391 1503 1547 1482 1516 1438 1349 1227 1075 964 883 731 651 559 526 495 514 547 647 773 882 961 1097 1242 1307 1435 1483 1568 1421 1443 1410 1259 1144 
1257 1341 1475 1543 1569 1498 1482 1330 1252 1152 992 867 728 634 569 501 476 493 545 676 762 852 961 1080 1304 1402 1487 1518 1432 1556 1425 1410 1252 1138 
1240 1355 1491 1523 1488 1413 1374 1419 1238 1120 986 880 786 676 592 502 483 541 554 657 745 865 1021 1169 1282 1409 1477 1506 1466 1433 1371 1374 1239 1167 
1216 1308 1391 1467 1548 1464 1406 1401 1225 1168 1024 869 741 637 583 542 518 511 538 632 757 912 1037 1131 1299 1354 1503 1461 1572 1414 1400 1307 1297 1153 
1214 1306 1399 1553 1515 1432 1451 1416 1270 1074 992 911 723 629 561 503 486 494 592 675 776 863 994 1173 1231 1414 1450 1465 1548 1513 1489 1291 1222 1129 
1258 1299 1371 1509 1429 1508 1423 1316 1277 1165 1024 909 786 658 559 528 509 525 576 643 765 899 1047 1172 1307 1358 1397 1509 1484 1482 1375 1301 1243 1104 
1294 1386 1402 1463 1511 1451 1439 1402 1242 1107 1028 911 754 655 559 507 505 513 594 621 734 874 1004 1137 1197 1322 1450 1432 1457 1429 1398 1322 1244 1145 
1221 1309 1428 1532 1537 1450 1424 1349 1197 1075 1026 889 720 628 559 497 511 502 573 666 752 895 968 1141 1298 1396 1362 1434 1563 1416 1459 1371 1306 1179 
1227 1415 1473 1480 1465 1493 1394 1350 1283 1105 1013 912 782 632 563 509 479 491 577 659 770 897 1010 1182 1274 1325 1497 1529 1534 1549 1418 1317 1212 1099 
1273 1298 1478 1513 1530 1513 1392 1308 1219 1118 1015 881 766 642 576 539 491 492 561 675 734 901 985 1079 1244 1416 1376 1525 1538 1458 1362 1381 1200 1180 
1226 1413 1369 1526 1517 1502 1488 1353 1213 1165 977 837 727 670 560 529 523 496 568 641 779 867 965 1088 1270 1328 1401 1443 1498 1537 1397 1300 1229 1107 
1304 1360 1403 1471 1430 1485 1452 1356 1301 1156 984 876 742 677 580 504 476 507 542 614 738 842 1011 1148 1226 1375 1396 1513 1570 1535 1474 1394 1196 1129 
1240 1389 1475 1543 1472 1461 1435 1338 1265 1097 998 841 732 640 572 539 498 524 590 623 751 909 979 1078 1274 1374 1456 1509 1566 1469 1407 1406 1190 1112 
1295 1332 1499 1544 1435 1537 1416 1354 1231 1171 999 871 717 639 569 531 492 508 552 629 769 875 963 1144 1231 1326 1417 1417 1514 1508 1500 1329 1251 1155 
1268 1386 1454 1510 1550 1495 1407 1413 1276 1128 995 869 757 633 580 504 477 519 556 617 763 828 1014 1145 1198 1376 1493 1487 1569 1454 1451 1310 1284 1115 
1241 1297 1364 1417 1468 1471 1436 1320 1290 1159 1023 878 770 654 567 539 509 499 555 657 766 903 981 1085 1240 1402 1441 1469 1527 1411 1375 1328 1272 1074 
1291 1288 1468 1492 1559 1504 1407 1353 1305 1123 1018 861 752 636 578 498 514 537 560 637 766 846 980 1162 1206 1309 1467 1528 1531 1409 1468 1306 1311 1075 
1286 1401 1381 1484 1458 1505 1367 1311 1233 1152 989 891 732 619 584 516 477 527 554 668 778 840 1047 1145 1246 1326 1368 1540 1439 1539 1372 1296 1199 1185 
1300 1371 1486 1544 1527 1493 1398 1414 1277 1076 985 888 778 659 575 526 490 529 568 646 722 853 961 1130 1300 1336 1400 1455 1502 1512 1497 1407 1208 1162 
1277 1383 1416 1530 1488 1516 1425 1300 1197 1126 982 850 770 636 565 525 513 496 568 622 751 881 989 1165 1300 1324 1442 1531 1457 1513 1403 1383 1224 1094 
1248 1374 1433 1534 1557 1530 1451 1366 1227 1115 1010 909 770 635 547 540 522 520 546 618 787 876 1024 1111 1229 1406 1412 1523 1566 1427 1395 1309 1211 1098 
1278 1333 1456 1556 1465 1551 1492 1379 1298 1179 1008 866 741 664 538 517 524 517 568 673 757 891 1027 1163 1242 1377 1382 1510 1466 1446 1436 1311 1304 1128 
1285 1342 1417 1439 1569 1459 1503 1288 1261 1148 974 827 723 635 579 531 481 499 562 645 763 906 961 1096 1222 1290 1392 1514 1480 1504 1441 1387 1258 1169 
1244 1376 1389 1546 1553 1419 1481 1369 1259 1159 1019 903 753 614 556 519 484 504 577 617 758 860 954 1162 1311 1361 1427 1433 1514 1528 1459 1290 1190 1120 
1208 1357 1364 1443 1530 1541 1411 1412 1284 1124 977 865 782 631 540 516 489 519 583 641 750 874 1009 1132 1231 1395 1459 1494 1449 1506 1470 1318 1222 1148 
1267 1399 1493 1417 1518 1425 1418 1400 1228 1145 967 871 723 635 583 499 479 532 542 667 722 831 996 1082 1189 1312 1412 1465 1485 1501 1474 1334 1240 1123 
1258 1373 1438 1496 1482 1454 1461 1330 1257 1122 1034 881 741 621 567 498 497 499 584 633 716 911 989 1073 1308 1401 1476 1526 1541 1420 1462 1399 1193 1091 
1230 1339 1420 1489 1574 1477 1500 1308 1250 1181 956 839 764 639 582 493 519 499 551 673 728 876 955 1148 1299 1378 1387 1522 1484 1410 1379 1297 1233 1104 
1187 1387 1418 1441 1520 1524 1447 1372 1275 1118 1034 880 746 673 582 503 519 535 564 658 787 862 1021 1181 1285 1399 1364 1434 1560 1533 1368 1378 1253 1138 
1274 1285 1377 1458 1534 1507 1503 1362 1284 1088 976 845 783 668 588 500 510 509 569 652 741 913 970 1093 1271 1389 1480 1533 1560 1529 1388 1307 1221 1119 
1225 1402 1440 1525 1496 1517 1488 1356 1227 1110 1045 828 772 660 547 531 512 530 545 670 781 838 955 1123 1274 1350 1440 1490 1431 1419 1375 1325 1246 1112 
1291 1347 1440 1481 1450 1486 1374 1370 1247 1133 962 899 755 642 543 511 486 513 551 647 746 833 1014 1081 1275 1356 1501 1466 1535 1512 1390 1390 1242 1167 
1242 1406 1393 1426 1482 1472 1399 1401 1209 1106 978 910 733 672 545 500 488 523 582 662 722 911 966 1079 1281 1371 1410 1540 1491 1417 1406 1397 1215 1125 
1216 1355 1410 1414 1452 1435 1377 1337 1223 1100 994 891 735 638 543 502 498 531 595 641 774 845 1042 1163 1272 1333 1429 1424 1501 1413 1479 1311 1307 1086 
1246 1384 1384 1472 1567 1530 1377 1338 1194 1104 986 912 748 647 574 526 495 528 577 663 783 859 959 1163 1302 1391 1385 1524 1574 1488 1474 1364 1262 1155 
1217 1316 1437 1529 1561 1512 1489 1403 1311 1152 964 845 782 628 587 493 516 502 542 631 751 841 1025 1177 1252 1303 1412 1472 1527 1520 1491 1319 1257 1178 
1255 1291 1420 1514 1441 1533 1499 1411 1265 1124 1012 858 729 653 563 530 496 538 566 652 733 858 1039 1167 1231 1321 1389 1514 1564 1477 1409 1369 1254 1143 
1307 1312 1387 1480 1448 1527 1400 1408 1257 1104 1017 876 771 636 592 499 482 513 548 668 766 860 978 1175 1247 1386 1436 1485 1560 1418 1487 1311 1246 1085 
1306 1292 1439 1430 1473 1504 1388 1335 1284 1079 973 879 748 638 550 505 496 497 566 678 733 887 978 1114 1301 1355 1456 1526 1545 1528 1427 1373 1261 1161 
1209 1359 1479 1445 1509 1448 1418 1307 1218 1175 1013 857 786 674 560 538 517 520 556 642 783 854 1013 1134 1203 1288 1414 1410 1433 1443 1448 1403 1215 1103 
1272 1387 1406 1528 1541 1548 1415 1333 1301 1113 988 862 768 672 564 529 487 511 561 648 758 884 1039 1151 1249 1399 1498 1480 1555 1480 1494 1329 1268 1147 
1270 1293 1430 1475 1465 1518 1453 1309 1302 1180 1002 891 723 673 578 507 483 500 543 670 762 869 1044 1157 1245 1319 1443 1521 1519 1471 1405 1414 1243 1104 
1240 1376 1458 1496 1425 1556 1459 1289 1201 1077 1028 837 730 639 560 525 506 499 551 663 734 889 997 1140 1222 1394 1472 1410 1440 1418 1373 1419 1295 1139 
1240 1305 1365 1484 1480 1451 1392 1339 1234 1094 968 856 768 651 549 517 497 524 539 623 747 898 1037 1149 1298 1318 1405 1545 1510 1540 1420 1304 1243 1115 
1258 1405 1398 1505 1563 1462 1502 1369 1280 1102 1007 893 714 665 557 540 493 539 568 640 757 864 1009 1184 1193 1407 1436 1544 1426 1442 1470 1415 1229 1156 
1216 1315 1450 1478 1542 1505 1499 1395 1284 1100 1026 910 782 628 566 513 492 496 540 619 758 901 979 1168 1205 1315 1497 1517 1499 1451 1487 1306 1282 1110 
1196 1314 1367 1443 1536 1416 1479 1324 1233 1168 991 888 740 644 548 534 479 521 581 623 775 834 972 1093 1295 1354 1483 1480 1516 1513 1491 1357 1232 1078 
1201 1292 1476 1489 1549 1464 1382 1323 1192 1116 1032 857 777 663 540 538 521 537 559 639 722 860 1023 1113 1204 1337 1469 1470 1476 1497 1495 1342 1244 1127 
1277 1327 1428 1440 1537 1417 1382 1415 1249 1166 1040 850 749 677 547 535 492 493 588 656 778 834 1024 1133 1237 1391 1405 1485 1512 1514 1449 1373 1301 1167 
1189 1382 1385 1551 1454 1533 1491 1304 1228 1181 991 885 748 645 546 530 475 542 593 641 726 847 997 1161 1269 1352 1421 1455 1460 1463 1454 1298 1230 1074 
