5 6 20
4 100
340 85 96 112 130 149 
340 113 129 149 174 199 
340 141 161 187 217 249 
340 170 193 224 261 299 
340 198 226 262 304 349 
100000 5669 6464 7499 8705 9999 
1433 1353 1250 1129 
1170 
1020 
847 
894 
991 
900 
833 
1094 
822 
1022 
915 
825 
935 
1058 
815 
907 
1113 
1129 
1154 
1126 
862 
1122 
856 
1159 
1191 
904 
1047 
846 
1137 
1089 
913 
952 
835 
976 
823 
950 
1117 
916 
999 
969 
1021 
923 
1014 
838 
805 
1184 
819 
970 
1052 
1101 
969 
814 
1046 
896 
1154 
831 
1025 
824 
1111 
902 
1074 
833 
1001 
1139 
862 
895 
955 
811 
1012 
863 
855 
933 
1076 
881 
860 
1057 
921 
1188 
945 
996 
899 
1148 
1149 
825 
1198 
1155 
824 
1095 
954 
838 
962 
991 
1123 
810 
1100 
1180 
879 
999 
872 
1084 
