5 3 20
4 100
850 112 130 149 169 187 
850 149 174 199 225 249 
100000 7499 8705 9999 11294 12499 
1250 1129 1000 870 
776 
715 
745 
759 
750 
734 
718 
761 
738 
757 
751 
743 
739 
736 
752 
757 
775 
762 
751 
743 
752 
778 
780 
762 
723 
782 
773 
732 
767 
780 
783 
776 
762 
736 
740 
769 
760 
748 
742 
787 
752 
738 
773 
756 
746 
772 
715 
771 
769 
772 
737 
754 
753 
751 
752 
717 
729 
768 
754 
719 
774 
757 
727 
755 
750 
716 
732 
718 
714 
733 
763 
716 
759 
720 
777 
730 
781 
766 
743 
762 
759 
716 
784 
766 
734 
770 
714 
776 
719 
738 
758 
722 
780 
732 
758 
754 
750 
763 
753 
786 
