5 6 20
2 100
340 77 75 77 85 96 
340 103 100 103 113 129 
340 129 125 129 141 161 
340 155 150 155 170 193 
340 180 175 180 198 226 
100000 5170 5000 5170 5669 6464 
1482 1499 
1471 1804 551 
2345 2009 1240 
910 2136 1465 
960 1309 2023 
2118 1939 999 
1607 2286 1715 
1305 1737 1807 
1642 1542 1610 
826 1473 826 
1373 1212 1795 
1249 1422 2078 
2174 1121 1018 
2307 1415 1913 
2131 1242 622 
2206 1743 928 
1841 708 1538 
1678 1442 1520 
864 2127 824 
787 1619 654 
1835 1611 1411 
1003 2043 1859 
728 1465 663 
1425 1349 1312 
1688 1710 1062 
2109 1476 1856 
986 860 1146 
1251 1971 1908 
918 2081 775 
1096 1581 1186 
1759 1845 1538 
594 826 1004 
826 1153 1224 
1949 1213 2030 
2044 645 1417 
915 1205 1254 
2263 2235 1828 
1695 1648 1274 
647 2037 577 
898 1531 2082 
1446 945 843 
1895 1001 835 
1622 1212 1905 
2332 896 1266 
983 742 1906 
694 2015 1233 
1818 2036 2068 
910 1855 1014 
812 722 1716 
629 1664 1195 
1291 1694 1112 
2058 881 1930 
2242 2170 910 
675 684 914 
1717 1537 1188 
1329 696 1563 
2251 2101 1452 
602 1472 887 
1528 1602 1143 
1500 2193 2077 
2327 1358 1748 
2128 1509 2073 
967 809 1048 
2367 1580 1487 
1899 679 1514 
1151 636 918 
860 1583 675 
1530 2043 605 
638 1961 1631 
1793 1805 1228 
1182 1337 1095 
926 1941 1790 
1025 1897 1266 
2062 1286 714 
1018 2246 1546 
2213 1486 753 
1669 2108 1857 
1447 1258 1792 
657 1107 751 
1780 1974 1143 
1226 2285 748 
1578 1220 1219 
2073 1049 1315 
2313 1689 1168 
1639 2202 1949 
2247 1146 1646 
1416 1704 2029 
1843 2085 1472 
2071 1459 804 
1293 2049 1299 
1808 1017 1067 
2139 855 1397 
711 2187 909 
617 775 1621 
902 1436 1400 
912 990 1976 
1193 1854 578 
1942 796 2065 
1089 2037 822 
822 2095 673 
1631 2035 696 
