20 6 20
15 100
340 112 130 149 169 187 203 214 222 225 222 214 203 187 169 150 130 112 96 85 77 
340 149 174 199 225 249 270 286 296 300 296 286 270 250 225 200 174 150 129 113 103 
340 187 217 249 282 312 338 358 370 375 370 358 338 312 282 250 217 187 161 141 129 
340 224 261 299 338 374 406 429 444 450 444 429 406 375 338 300 261 225 193 170 155 
340 262 304 349 395 437 473 501 519 525 519 501 473 437 395 350 304 262 226 198 180 
100000 7499 8705 9999 11294 12499 13535 14330 14829 15000 14829 14330 13535 12500 11294 10000 8705 7500 6464 5669 5170 
1250 1129 1000 870 750 646 566 517 500 517 566 646 749 870 999 
1159 1101 1466 1162 1691 
1199 1029 1609 1503 1599 
1059 1248 1145 1391 1382 
1161 1043 1102 1481 1546 
1122 1331 1218 1712 1305 
906 1293 1266 1505 1507 
1231 1071 1211 1517 1553 
1235 1451 1373 1525 1395 
979 1148 1583 1304 1310 
1309 1256 1437 1537 1491 
1341 1080 1185 1147 1319 
903 1292 1552 1179 1441 
1276 1293 1368 1338 1535 
1175 1170 1615 1376 1693 
1192 1272 1326 1253 1288 
1112 1422 1330 1323 1352 
1132 1363 1553 1154 1449 
1058 1127 1439 1479 1344 
1274 1465 1585 1432 1767 
1281 1122 1593 1716 1280 
1331 1271 1592 1408 1476 
922 1398 1450 1661 1314 
959 1486 1481 1667 1382 
1258 1073 1477 1699 1694 
1018 1371 1087 1262 1550 
903 1330 1439 1676 1343 
1151 1054 1486 1579 1696 
1340 1200 1226 1347 1199 
1285 1254 1469 1278 1562 
909 1121 1384 1603 1437 
1044 1227 1500 1464 1537 
934 1074 1101 1429 1648 
1103 1440 1522 1234 1532 
1293 1013 1582 1375 1763 
1008 1024 1488 1654 1287 
1135 1279 1467 1338 1711 
1121 1452 1410 1309 1417 
1210 1194 1530 1375 1637 
1240 1072 1462 1618 1447 
940 1425 1329 1387 1268 
1259 1000 1449 1600 1347 
957 1466 1221 1699 1421 
987 1394 1564 1647 1479 
968 1230 1522 1183 1328 
1273 1279 1098 1533 1602 
1283 1464 1163 1448 1390 
1068 1198 1604 1666 1643 
1241 1332 1189 1598 1695 
1082 1089 1197 1583 1359 
1016 1486 1518 1391 1406 
959 1271 1332 1163 1363 
1018 1269 1303 1503 1233 
987 1277 1367 1406 1435 
1338 1221 1562 1592 1379 
1291 1345 1351 1653 1589 
1248 1280 1175 1363 1779 
1278 1242 1577 1397 1760 
1349 1426 1482 1374 1605 
1221 1034 1621 1339 1726 
916 1370 1170 1411 1567 
926 1466 1417 1198 1778 
933 1347 1202 1239 1775 
1081 1218 1246 1152 1559 
946 1288 1336 1336 1747 
1156 1323 1193 1594 1611 
973 1437 1522 1494 1315 
1104 1460 1363 1527 1707 
1069 1364 1616 1266 1205 
973 1144 1106 1600 1523 
1136 1153 1164 1217 1618 
1230 1336 1300 1635 1775 
1059 1352 1457 1211 1459 
1261 1279 1542 1201 1666 
1076 1399 1514 1496 1559 
911 1281 1185 1637 1598 
1223 1224 1241 1620 1612 
916 1120 1277 1534 1418 
1207 1395 1279 1667 1692 
1205 1303 1169 1338 1766 
908 1073 1176 1650 1556 
1201 1350 1492 1517 1490 
1221 1031 1512 1639 1392 
1316 1185 1253 1545 1726 
1215 1044 1173 1235 1722 
1297 1379 1583 1629 1587 
1090 1488 1611 1345 1385 
1340 1029 1615 1504 1725 
1169 1481 1118 1261 1562 
1267 1204 1155 1235 1538 
906 1197 1304 1233 1255 
1125 1251 1478 1576 1547 
1235 1195 1289 1626 1643 
1273 1195 1218 1312 1652 
1147 1401 1170 1704 1417 
1134 1387 1294 1675 1722 
1168 1036 1246 1246 1483 
1052 1012 1107 1244 1313 
1077 1397 1526 1407 1510 
1080 1322 1389 1189 1342 
1112 1181 1250 1493 1545 
