50 6 20
36 100
340 130 112 96 85 77 75 77 85 96 112 130 149 169 187 203 214 222 225 222 214 203 187 169 150 130 112 96 85 77 75 77 85 96 112 130 149 169 187 203 214 222 225 222 214 203 187 169 150 130 112 
340 174 150 129 113 103 100 103 113 129 149 174 199 225 249 270 286 296 300 296 286 270 250 225 200 174 150 129 113 103 100 103 113 129 149 174 199 225 249 270 286 296 300 296 286 270 250 225 200 174 150 
340 217 187 161 141 129 125 129 141 161 187 217 249 282 312 338 358 370 375 370 358 338 312 282 250 217 187 161 141 129 125 129 141 161 187 217 249 282 312 338 358 370 375 370 358 338 312 282 250 217 187 
340 261 225 193 170 155 150 155 170 193 224 261 299 338 374 406 429 444 450 444 429 406 375 338 300 261 225 193 170 155 150 155 170 193 224 261 299 338 374 406 429 444 450 444 429 406 375 338 300 261 225 
340 304 262 226 198 180 175 180 198 226 262 304 349 395 437 473 501 519 525 519 501 473 437 395 350 304 262 226 198 180 175 180 198 226 262 304 349 395 437 473 501 519 525 519 501 473 437 395 350 304 262 
100000 8705 7500 6464 5669 5170 5000 5170 5669 6464 7499 8705 9999 11294 12499 13535 14330 14829 15000 14829 14330 13535 12500 11294 10000 8705 7500 6464 5669 5170 5000 5170 5669 6464 7499 8705 9999 11294 12499 13535 14330 14829 15000 14829 14330 13535 12500 11294 10000 8705 7500 
1129 1249 1353 1433 1482 1499 1482 1433 1353 1250 1129 1000 870 750 646 566 517 500 517 566 646 749 870 999 1129 1249 1353 1433 1482 1499 1482 1433 1353 1250 1129 1000 
854 784 637 560 509 506 495 591 668 784 830 961 1140 1281 
886 752 632 540 511 524 496 584 665 749 843 1034 1129 1265 
893 719 648 563 534 490 521 564 661 746 848 1023 1087 1268 
890 770 655 586 534 490 493 563 674 748 828 1024 1137 1255 
850 746 649 585 505 494 498 583 634 735 832 1049 1182 1194 
842 783 676 548 506 499 512 594 624 773 842 972 1185 1258 
892 742 654 560 500 522 527 555 635 729 897 1047 1095 1242 
838 768 647 582 521 484 507 564 664 781 895 982 1177 1297 
903 746 618 566 507 500 522 587 625 740 886 1012 1166 1261 
850 754 646 561 515 498 539 576 616 751 889 1013 1137 1264 
889 766 633 584 542 497 542 565 666 747 910 975 1081 1303 
872 742 663 551 496 504 534 544 620 774 903 1004 1179 1247 
853 713 639 548 504 513 503 560 673 765 910 1019 1123 1240 
829 738 635 543 524 483 504 570 658 757 863 1017 1113 1250 
835 777 649 543 532 483 507 544 650 769 880 1037 1147 1309 
872 735 648 552 542 494 540 567 664 747 871 1027 1109 1256 
829 747 677 546 514 519 539 583 648 779 892 1043 1172 1278 
834 785 666 551 518 496 513 567 668 718 878 958 1076 1282 
895 769 619 589 495 476 491 557 669 752 829 1006 1120 1208 
867 721 648 562 500 518 520 574 628 723 884 1000 1124 1261 
864 781 666 567 516 479 538 571 649 724 898 1014 1112 1243 
883 772 677 550 520 480 540 555 630 730 888 1006 1090 1251 
895 731 648 571 506 491 537 547 618 720 878 1046 1075 1296 
840 760 618 539 510 494 507 563 645 735 885 1003 1132 1209 
880 762 629 570 514 499 522 548 651 778 863 956 1087 1293 
893 781 657 560 496 515 502 558 659 764 837 1003 1077 1199 
852 714 616 555 505 512 528 555 644 762 833 1043 1105 1225 
899 759 634 542 538 514 505 545 619 761 836 973 1178 1250 
886 739 635 584 518 495 527 575 628 778 844 1016 1147 1307 
841 782 614 573 540 482 510 552 635 737 843 1027 1170 1262 
840 729 627 545 538 475 535 582 627 787 847 1027 1145 1227 
880 758 678 553 540 508 538 594 673 782 843 1007 1094 1291 
858 727 649 543 535 502 519 556 630 770 866 977 1095 1294 
847 761 632 570 503 476 518 548 637 725 895 1033 1097 1220 
885 785 646 540 510 499 522 565 665 727 894 978 1165 1212 
848 754 646 581 498 513 516 556 661 771 859 953 1089 1295 
827 774 660 559 536 479 497 545 635 787 898 961 1149 1293 
878 768 629 540 531 517 502 550 626 716 844 1000 1075 1278 
895 779 673 578 518 514 520 564 675 730 889 1026 1184 1215 
856 739 631 590 517 517 533 551 672 737 870 990 1133 1302 
910 733 643 575 495 500 498 541 672 774 853 1019 1083 1252 
901 721 658 591 524 499 514 567 672 730 858 1046 1162 1209 
882 733 621 551 537 524 525 558 659 739 835 1030 1107 1212 
896 729 655 579 537 513 508 544 651 768 843 998 1074 1187 
858 762 614 567 491 499 529 556 660 730 885 1005 1088 1270 
906 734 644 563 504 484 542 557 618 774 868 1043 1108 1236 
874 742 670 579 534 522 513 561 616 741 830 951 1157 1288 
898 786 615 557 522 490 528 554 630 758 885 1010 1122 1287 
844 774 636 572 526 502 511 562 641 760 851 1045 1109 1197 
872 757 672 579 531 491 492 539 676 721 829 1016 1148 1262 
850 747 674 580 502 494 520 569 668 782 855 1010 1114 1289 
838 726 645 558 518 515 526 551 653 728 912 958 1148 1249 
903 769 663 546 516 505 506 543 668 751 840 984 1113 1219 
849 732 644 580 538 479 505 581 627 777 841 1028 1148 1223 
892 756 630 573 512 522 496 551 621 740 837 1032 1179 1217 
886 722 658 593 523 517 500 590 670 761 872 999 1140 1244 
833 717 658 545 508 492 493 548 636 777 882 1031 1076 1300 
901 740 616 587 492 523 509 550 660 730 869 956 1141 1288 
840 754 650 580 526 523 528 554 666 777 850 982 1184 1224 
881 774 627 594 531 505 500 588 640 780 913 1037 1145 1292 
913 721 619 565 501 506 533 557 670 756 842 979 1111 1236 
910 762 629 556 527 482 528 549 617 779 833 950 1122 1303 
853 754 638 567 538 486 520 567 665 719 905 982 1083 1222 
898 760 627 587 491 489 521 547 668 762 891 1025 1142 1194 
912 728 615 540 496 503 528 569 615 768 889 1026 1086 1195 
845 734 642 572 529 515 529 593 622 768 837 983 1108 1212 
871 762 634 560 529 506 513 548 634 781 857 1023 1154 1224 
870 717 645 561 491 487 520 554 637 728 863 959 1177 1195 
873 751 665 569 511 506 531 576 668 761 852 975 1176 1236 
891 739 677 576 503 485 506 574 636 765 888 985 1127 1219 
894 737 666 580 496 507 505 564 667 714 874 960 1107 1298 
873 724 614 563 503 481 511 589 652 780 831 955 1093 1265 
890 713 629 556 515 502 492 578 659 776 833 1019 1113 1190 
909 744 666 546 515 512 531 552 615 729 835 973 1139 1302 
855 761 631 563 494 508 494 578 627 731 889 992 1160 1248 
905 784 653 564 500 513 519 563 661 776 871 1023 1089 1230 
903 722 650 590 532 481 502 542 662 786 898 1027 1166 1279 
896 770 640 545 530 521 507 590 631 774 861 954 1108 1220 
877 751 643 571 495 488 502 570 630 782 870 1036 1120 1291 
882 770 631 593 495 481 503 571 616 729 851 1015 1086 1268 
893 745 649 579 514 522 526 570 656 756 879 998 1133 1212 
862 763 632 553 492 521 518 576 627 735 870 1032 1121 1246 
865 766 642 586 525 490 496 593 658 718 860 984 1089 1207 
834 733 654 583 495 516 500 573 666 750 889 973 1146 1266 
831 721 614 553 532 515 532 564 659 755 913 1021 1178 1274 
911 747 658 558 512 500 521 556 649 719 870 987 1096 1267 
830 775 661 587 508 521 499 546 642 742 881 950 1085 1230 
878 757 676 555 525 521 491 579 655 765 873 956 1140 1277 
848 735 662 567 532 491 524 553 636 778 881 1010 1137 1266 
839 746 657 594 521 489 522 545 652 730 864 955 1094 1236 
890 717 674 562 492 492 505 550 638 732 859 1000 1154 1297 
871 725 645 560 516 488 531 541 617 739 896 958 1147 1224 
904 737 667 539 517 477 494 560 615 765 832 1036 1101 1309 
896 772 658 541 503 488 519 554 650 739 864 983 1112 1236 
877 776 657 569 536 513 524 539 633 749 858 977 1076 1280 
882 749 615 564 522 513 493 577 651 739 849 1013 1094 1203 
844 775 629 592 494 514 502 586 646 773 835 1032 1144 1260 
829 727 641 543 538 482 508 564 636 754 842 986 1146 1287 
842 749 677 563 504 514 531 567 645 713 897 1006 1125 1201 
911 773 621 549 497 513 500 571 623 773 912 991 1118 1278 
