50 3 20
26 5
850 85 96 112 130 149 169 187 203 214 222 225 222 214 203 187 169 150 130 112 96 85 77 75 77 85 96 112 130 149 169 187 203 214 222 225 222 214 203 187 169 150 130 112 96 85 77 75 77 85 96 
850 113 129 149 174 199 225 249 270 286 296 300 296 286 270 250 225 200 174 150 129 113 103 100 103 113 129 149 174 199 225 249 270 286 296 300 296 286 270 250 225 200 174 150 129 113 103 100 103 113 129 
100000 5669 6464 7499 8705 9999 11294 12499 13535 14330 14829 15000 14829 14330 13535 12500 11294 10000 8705 7500 6464 5669 5170 5000 5170 5669 6464 7499 8705 9999 11294 12499 13535 14330 14829 15000 14829 14330 13535 12500 11294 10000 8705 7500 6464 5669 5170 5000 5170 5669 6464 
1433 1353 1250 1129 1000 870 750 646 566 517 500 517 566 646 749 870 999 1129 1249 1353 1433 1482 1499 1482 1433 1353 
1242 1176 1009 835 718 676 553 515 476 540 574 615 763 884 1041 1168 1266 1286 1464 1474 1447 1481 1395 1384 
1238 1109 960 873 742 651 559 508 477 532 541 659 742 846 1028 1084 1242 1319 1490 1494 1493 1428 1445 1296 
1249 1143 995 892 770 651 541 498 503 496 580 644 752 863 1007 1083 1192 1285 1393 1432 1455 1554 1371 1374 
1243 1144 974 902 733 665 575 508 519 542 594 647 747 850 1019 1084 1290 1331 1469 1429 1442 1434 1414 1295 
1222 1142 1006 900 721 617 562 539 494 533 553 665 723 866 991 1108 1231 1311 1482 1550 1468 1423 1404 1288 
