20 2 20
15 10
1700 77 75 77 85 96 112 130 149 169 187 203 214 222 225 222 214 203 187 169 150 
100000 5170 5000 5170 5669 6464 7499 8705 9999 11294 12499 13535 14330 14829 15000 14829 14330 13535 12500 11294 10000 
1482 1499 1482 1433 1353 1250 1129 1000 870 750 646 566 517 500 517 
548 642 755 849 1013 
567 639 735 850 1004 
593 624 777 842 1013 
582 646 734 836 968 
579 650 782 894 1034 
594 649 740 877 1007 
547 676 762 879 953 
549 622 729 850 1006 
589 628 754 846 1047 
572 634 741 849 1011 
