20 3 20
15 50
850 75 77 85 96 112 130 149 169 187 203 214 222 225 222 214 203 187 169 150 130 
850 100 103 113 129 149 174 199 225 249 270 286 296 300 296 286 270 250 225 200 174 
100000 5000 5170 5669 6464 7499 8705 9999 11294 12499 13535 14330 14829 15000 14829 14330 13535 12500 11294 10000 8705 
1499 1482 1433 1353 1250 1129 1000 870 750 646 566 517 500 517 566 
495 736 1297 603 501 
451 637 982 1474 631 
604 1133 594 1025 610 
412 466 915 1585 682 
527 584 761 697 1487 
610 1003 1145 1559 846 
945 997 819 1364 1611 
339 708 1072 1450 1580 
514 840 767 1566 1009 
969 831 910 1205 676 
288 961 390 915 984 
625 953 1143 1545 1731 
545 384 1242 954 983 
707 1117 660 837 1592 
810 951 1140 539 618 
1020 1113 1114 1212 995 
661 1128 397 857 1314 
565 437 827 730 1413 
1027 456 1094 1389 1533 
1006 922 1257 1162 1528 
562 819 1369 1290 1194 
512 680 632 1017 884 
326 655 1030 1345 1557 
606 1080 1151 1306 1414 
754 631 803 1077 1005 
259 1120 805 1157 1242 
316 505 740 552 1456 
600 1007 1103 1095 1471 
463 626 878 666 1417 
719 854 1256 1218 1064 
452 1047 1147 1176 865 
896 375 852 834 630 
423 717 1115 1396 960 
309 330 837 732 1314 
525 1133 755 1476 1244 
786 351 358 628 684 
451 918 1033 1015 880 
493 373 608 1106 1096 
479 650 509 525 1248 
588 902 669 1433 1219 
682 521 1321 1469 928 
490 1147 1037 1320 1193 
838 728 1347 476 1750 
683 909 1324 1258 1452 
1026 775 1168 1178 1663 
988 372 798 1304 604 
407 813 1222 1088 493 
521 1042 648 599 646 
754 808 1357 996 1006 
654 403 1201 1539 1788 
