10 11 20
8 50
170 150 130 112 96 85 77 75 77 85 96 
170 200 174 150 129 113 103 100 103 113 129 
170 250 217 187 161 141 129 125 129 141 161 
170 300 261 225 193 170 155 150 155 170 193 
170 350 304 262 226 198 180 175 180 198 226 
170 400 348 300 258 226 206 200 206 226 258 
170 450 391 337 290 255 232 225 232 255 290 
170 500 435 375 323 283 258 250 258 283 323 
170 550 478 412 355 311 284 275 284 311 355 
170 600 522 450 387 340 310 300 310 340 387 
100000 10000 8705 7500 6464 5669 5170 5000 5170 5669 6464 
1000 1129 1249 1353 1433 1482 1499 1482 
2191 806 
914 694 
1576 1420 
632 599 
1153 1773 
1071 1351 
1282 1686 
1016 896 
992 1578 
2222 943 
2029 1375 
639 1557 
1710 1857 
830 1540 
1854 1093 
1281 1670 
1683 2157 
639 630 
1962 2017 
1826 1827 
2032 2164 
2154 1415 
1526 1122 
1401 1733 
2181 1290 
2238 976 
888 1627 
573 1672 
2087 2120 
2084 1793 
1087 1315 
626 1329 
802 1467 
1212 1127 
1463 956 
885 856 
1709 1539 
1582 2131 
2207 1960 
999 912 
2064 591 
1155 1205 
1527 1400 
1282 1693 
1237 2050 
1015 1946 
1209 637 
1121 947 
1859 1524 
1948 2102 
