20 2 20
7 50
1700 96 112 130 149 169 187 203 214 222 225 222 214 203 187 169 150 130 112 96 85 
100000 6464 7499 8705 9999 11294 12499 13535 14330 14829 15000 14829 14330 13535 12500 11294 10000 8705 7500 6464 5669 
1353 1250 1129 1000 870 750 646 
363 592 244 406 906 653 694 909 744 829 1922 1197 2207 
323 738 798 678 433 643 1190 542 883 889 1094 1410 2213 
884 392 291 601 737 378 1102 1136 1197 1475 1352 1755 993 
551 598 229 409 814 849 465 523 613 1271 1117 1945 2266 
490 693 543 443 640 991 734 1353 1024 1153 511 695 1717 
528 318 582 276 281 803 888 1062 929 1295 859 1904 1233 
312 239 483 284 484 755 578 1292 1504 644 727 759 1524 
564 616 749 338 703 978 497 1158 710 1156 1398 1011 1234 
393 697 543 244 460 269 900 928 779 910 673 1317 804 
880 527 785 218 717 523 449 902 1254 1095 1080 830 1146 
530 438 361 586 791 996 495 509 1314 894 541 1454 705 
625 320 595 823 560 754 636 1240 583 660 1425 1924 1788 
688 208 350 542 233 844 332 567 921 1328 1230 1530 1585 
434 590 502 355 727 1019 312 572 900 1507 702 857 1916 
751 770 558 490 862 505 526 458 804 1150 666 823 968 
539 631 471 686 619 605 962 778 1036 1699 1195 1108 1740 
664 616 245 418 747 287 705 817 974 1258 921 1634 2270 
604 751 580 368 903 689 556 639 1589 1181 569 2120 1707 
403 709 563 758 564 559 1017 508 802 1140 1866 897 1287 
873 223 259 473 845 425 398 723 627 908 1017 1169 1123 
277 486 789 316 523 262 406 574 906 961 621 2029 742 
487 736 499 692 647 673 797 934 1313 1484 1451 1944 1843 
642 480 383 249 865 773 768 590 1172 578 809 1228 1933 
289 264 505 271 233 306 798 1152 1179 621 1624 578 1212 
563 262 500 781 533 752 1024 993 674 1438 911 1979 1705 
878 460 737 667 417 975 524 1325 504 1687 1073 1024 1581 
269 680 367 419 522 635 602 672 1255 900 632 887 1363 
851 370 563 390 242 355 720 876 1176 1266 1495 553 2237 
811 288 315 650 572 354 805 466 614 922 1506 2077 1752 
478 401 717 507 294 596 758 1038 1244 1470 1373 786 1986 
570 444 457 442 482 1030 629 1270 1574 1347 1233 1392 2180 
525 424 759 812 750 444 1140 406 404 1726 712 2067 1479 
745 666 339 541 607 490 591 456 1562 1739 807 1435 1529 
768 609 703 288 817 798 1156 1303 984 1720 1915 1817 1236 
594 645 409 460 579 316 304 508 610 910 1655 1181 953 
759 240 572 527 444 350 795 1311 1403 1021 1928 868 1138 
625 588 490 469 367 900 487 757 639 703 596 906 2156 
295 738 735 698 787 879 622 993 820 691 1184 1092 641 
813 338 459 389 671 814 905 497 1472 636 1219 670 1174 
872 561 786 712 240 363 711 768 1098 766 1284 554 1849 
689 716 736 570 292 551 1090 862 807 624 643 1732 705 
304 693 783 625 691 330 963 498 1009 923 1206 1133 1981 
755 367 372 606 319 886 623 801 663 1536 1793 2000 1815 
343 459 443 465 541 487 1011 473 1354 1744 1841 1211 1572 
351 652 552 551 514 644 1011 599 1304 1208 1726 1204 2063 
432 548 596 643 329 637 941 1388 1365 925 1185 1218 1697 
366 477 545 636 313 862 798 1152 1363 755 823 1394 742 
442 216 714 226 466 650 540 480 637 831 1863 1544 1517 
604 648 481 666 312 571 922 1072 1472 1500 1848 690 1798 
255 581 435 667 670 412 968 402 820 588 1140 1636 2088 
