20 2 20
7 5
1700 112 130 149 169 187 203 214 222 225 222 214 203 187 169 150 130 112 96 85 77 
100000 7499 8705 9999 11294 12499 13535 14330 14829 15000 14829 14330 13535 12500 11294 10000 8705 7500 6464 5669 5170 
1250 1129 1000 870 750 646 566 
519 496 519 538 655 720 828 1004 1081 1306 1405 1492 1465 
528 509 532 552 660 776 842 970 1087 1285 1372 1476 1423 
509 480 496 561 665 757 857 1041 1104 1302 1391 1431 1552 
529 485 523 541 621 746 871 981 1156 1220 1391 1365 1436 
527 501 515 554 660 714 901 1030 1074 1266 1337 1493 1496 
