5 2 20
3 100
1700 112 130 149 169 187 
100000 7499 8705 9999 11294 12499 
1250 1129 1000 
861 788 
773 403 
900 1056 
608 758 
575 539 
525 409 
723 847 
1116 1157 
713 1186 
534 356 
599 336 
1043 419 
1322 961 
1208 552 
983 686 
705 836 
1377 747 
381 641 
861 453 
496 780 
1346 1066 
675 385 
1287 837 
1388 615 
388 301 
1052 787 
427 477 
1129 829 
745 462 
780 1049 
1025 483 
749 518 
503 682 
1176 369 
1004 802 
489 698 
855 956 
946 975 
664 528 
829 758 
691 816 
802 697 
1391 340 
1290 650 
463 1041 
638 1174 
1093 787 
1200 720 
699 310 
743 1104 
1008 903 
1367 969 
379 1185 
808 623 
880 768 
406 657 
408 1139 
879 632 
1326 794 
1376 945 
692 1017 
1147 652 
843 464 
530 670 
1259 334 
551 622 
1042 992 
1006 562 
1161 1015 
482 333 
1310 1138 
1317 597 
383 668 
1039 999 
647 541 
420 387 
568 594 
1339 866 
420 711 
570 805 
396 643 
732 1060 
724 938 
642 554 
1279 693 
940 968 
780 853 
807 1170 
383 680 
744 1162 
1303 618 
818 657 
1286 960 
993 358 
460 563 
1294 971 
473 306 
1124 811 
1201 1145 
696 532 
