10 2 20
6 50
1700 130 112 96 85 77 75 77 85 96 112 
100000 8705 7500 6464 5669 5170 5000 5170 5669 6464 7499 
1129 1249 1353 1433 1482 1499 
1362 1424 1183 1201 
1748 1588 1241 1063 
1665 1478 1210 1305 
1293 1545 1114 1006 
1318 1288 1129 1366 
1255 1179 1211 1170 
1567 1609 1578 1405 
1696 1637 1577 1319 
1264 1179 1271 1474 
1301 1386 1112 1078 
1483 1686 1317 1166 
1515 1435 1192 1399 
1455 1201 1099 1053 
1399 1312 1367 1475 
1254 1296 1376 1069 
1618 1273 1224 1094 
1741 1481 1109 1332 
1527 1574 1363 1420 
1761 1593 1514 1391 
1225 1673 1330 1222 
1495 1244 1119 1431 
1464 1651 1546 1034 
1293 1500 1315 1392 
1396 1268 1106 1255 
1316 1315 1277 1046 
1306 1243 1191 1186 
1405 1361 1206 1001 
1395 1596 1110 1008 
1768 1469 1455 1140 
1395 1635 1579 1186 
1507 1442 1302 1007 
1584 1593 1166 1326 
1530 1222 1184 1125 
1650 1326 1603 1462 
1751 1564 1341 1247 
1567 1237 1383 1274 
1471 1190 1205 1055 
1493 1401 1484 1257 
1775 1328 1157 1287 
1307 1198 1539 1318 
1610 1584 1240 1309 
1553 1163 1086 1313 
1221 1468 1156 1118 
1638 1329 1563 1021 
1638 1280 1548 1284 
1221 1212 1466 1058 
1439 1204 1159 1336 
1231 1453 1459 1224 
1432 1474 1229 1075 
1543 1366 1562 1293 
