20 2 20
11 50
1700 96 85 77 75 77 85 96 112 130 149 169 187 203 214 222 225 222 214 203 187 
100000 6464 5669 5170 5000 5170 5669 6464 7499 8705 9999 11294 12499 13535 14330 14829 15000 14829 14330 13535 12500 
1353 1433 1482 1499 1482 1433 1353 1250 1129 1000 870 
810 679 552 589 554 616 585 559 750 
897 590 637 508 595 423 542 774 890 
628 734 671 597 528 617 667 590 799 
793 730 677 559 501 420 622 750 746 
698 587 622 582 487 543 613 652 733 
759 595 590 455 481 565 570 695 834 
787 591 582 598 406 604 651 531 676 
689 547 614 529 472 554 591 636 818 
848 563 578 511 435 507 586 606 898 
771 726 472 443 464 461 459 520 813 
845 735 524 611 465 516 463 770 828 
654 642 631 435 503 532 611 625 788 
748 774 654 493 564 587 659 655 623 
893 728 648 419 441 484 496 668 630 
723 623 595 593 466 462 591 757 608 
869 593 469 488 511 506 624 562 775 
857 635 471 510 495 527 615 658 628 
812 621 523 486 453 609 554 620 761 
765 622 486 522 508 552 526 529 875 
726 597 604 491 578 619 563 737 618 
761 566 505 608 482 490 513 560 747 
768 608 476 540 595 450 494 621 718 
879 707 616 456 416 615 582 521 718 
707 734 647 456 418 555 542 677 896 
866 568 603 478 420 504 456 767 670 
608 631 595 601 540 506 472 581 894 
696 662 663 503 420 437 617 600 783 
880 659 679 441 545 447 464 722 867 
750 697 518 566 591 491 461 623 723 
887 599 635 499 527 532 482 597 865 
699 622 610 516 598 526 678 563 890 
685 668 590 481 528 460 562 644 657 
654 660 479 579 574 417 618 535 726 
687 580 500 594 536 599 579 650 850 
823 644 473 511 460 597 504 622 723 
866 524 515 604 440 420 665 599 796 
745 535 643 446 441 600 500 755 892 
747 664 676 553 524 566 662 549 821 
684 741 651 587 529 530 654 751 851 
822 611 619 568 482 546 604 717 731 
723 587 635 413 439 477 476 570 713 
601 595 585 542 438 416 595 527 637 
635 566 677 528 494 592 619 517 889 
635 768 608 544 473 498 465 734 827 
702 640 497 586 509 612 509 726 691 
717 666 606 610 465 488 651 709 819 
604 707 549 549 402 499 524 607 744 
749 590 617 538 420 502 610 656 771 
845 598 644 525 425 462 460 675 766 
709 619 526 575 460 545 589 628 732 
