20 6 20
7 5
340 112 130 149 169 187 203 214 222 225 222 214 203 187 169 150 130 112 96 85 77 
340 149 174 199 225 249 270 286 296 300 296 286 270 250 225 200 174 150 129 113 103 
340 187 217 249 282 312 338 358 370 375 370 358 338 312 282 250 217 187 161 141 129 
340 224 261 299 338 374 406 429 444 450 444 429 406 375 338 300 261 225 193 170 155 
340 262 304 349 395 437 473 501 519 525 519 501 473 437 395 350 304 262 226 198 180 
100000 7499 8705 9999 11294 12499 13535 14330 14829 15000 14829 14330 13535 12500 11294 10000 8705 7500 6464 5669 5170 
1250 1129 1000 870 750 646 566 
449 594 607 526 725 743 833 967 1281 1107 1288 1665 1195 
597 472 425 661 528 716 761 1124 1282 1324 1229 1481 1549 
538 595 533 627 578 681 932 1157 1154 1144 1340 1506 1720 
575 578 453 495 719 617 730 1059 1218 1410 1623 1269 1562 
566 423 424 472 739 675 846 1092 979 1416 1328 1493 1197 
