5 6 20
2 50
340 150 130 112 96 85 
340 200 174 150 129 113 
340 250 217 187 161 141 
340 300 261 225 193 170 
340 350 304 262 226 198 
100000 10000 8705 7500 6464 5669 
1000 1129 
841 1185 1843 
1530 1929 600 
1914 877 2195 
1503 1569 2256 
1603 617 2257 
876 1707 1446 
1945 1226 852 
988 2158 684 
1157 1561 1393 
672 1866 2062 
1660 1886 2254 
727 1464 1586 
1937 1054 691 
764 1724 620 
538 1466 826 
1718 614 2113 
1246 1069 835 
1414 1068 1796 
623 1350 1933 
1103 968 1614 
924 857 2224 
1509 1290 2201 
1332 837 1440 
1623 1219 1618 
1603 1997 1179 
1931 1151 1472 
624 851 1639 
845 1729 1713 
1667 1445 1927 
623 1638 1667 
1265 846 663 
1827 940 1718 
754 634 1650 
1150 1092 1473 
673 1956 1614 
657 1968 734 
937 1057 1313 
1811 1554 1186 
575 1002 860 
1518 1206 1727 
916 1384 1267 
581 1017 891 
1458 1399 1757 
1213 1440 1914 
1857 647 1664 
956 659 918 
1564 1218 1191 
1328 1792 1692 
711 1445 1092 
1464 1727 769 
