20 2 20
7 50
1700 75 77 85 96 112 130 149 169 187 203 214 222 225 222 214 203 187 169 150 130 
100000 5000 5170 5669 6464 7499 8705 9999 11294 12499 13535 14330 14829 15000 14829 14330 13535 12500 11294 10000 8705 
1499 1482 1433 1353 1250 1129 1000 
838 750 615 586 492 505 523 561 646 754 906 954 1115 
912 753 659 556 531 492 518 562 644 781 827 976 1164 
909 751 647 591 507 489 515 566 665 714 872 967 1103 
833 722 659 578 513 479 538 568 644 761 842 1015 1167 
869 746 670 539 542 490 531 563 657 741 836 990 1131 
877 752 655 584 496 506 494 551 623 746 839 959 1086 
842 766 626 542 498 514 496 561 619 761 882 1005 1142 
863 734 646 587 542 481 492 549 649 719 869 968 1162 
853 715 650 585 501 522 501 540 676 725 854 1007 1117 
886 734 642 563 526 519 541 572 635 717 850 995 1077 
900 733 642 590 540 518 505 565 643 777 830 973 1179 
842 735 628 583 498 492 495 586 619 783 892 960 1110 
885 745 670 573 492 516 523 546 663 743 878 963 1114 
871 764 635 545 503 489 501 589 670 732 837 1027 1171 
885 753 618 585 535 496 511 585 675 764 888 1008 1165 
838 771 646 556 524 481 500 592 617 769 887 1025 1111 
893 772 649 587 510 514 506 594 616 781 900 1043 1135 
911 759 634 577 512 511 541 546 622 783 887 1000 1130 
908 751 623 585 513 477 506 573 648 746 881 956 1170 
897 744 615 587 503 511 534 583 651 752 863 1032 1082 
845 769 673 581 528 497 517 594 632 738 827 950 1098 
906 725 659 590 509 477 523 550 619 770 865 988 1168 
906 769 621 578 523 506 507 555 628 755 863 1043 1137 
864 717 638 582 496 505 503 571 620 744 896 970 1098 
880 715 651 558 531 519 496 559 658 732 892 1001 1136 
838 749 617 568 536 484 518 548 650 758 866 1033 1087 
907 780 627 540 501 509 506 582 635 752 832 980 1075 
836 774 624 590 506 521 496 589 637 736 842 993 1147 
843 787 677 560 525 478 514 541 624 723 873 975 1094 
839 727 628 549 539 521 539 564 635 783 853 970 1134 
848 778 644 575 519 522 515 551 676 747 845 1003 1132 
847 787 657 555 513 506 542 564 640 713 834 1021 1075 
899 768 662 570 494 486 538 548 673 722 899 975 1106 
852 728 643 589 540 505 534 555 655 726 903 973 1086 
863 770 624 567 533 511 521 557 634 774 912 992 1175 
834 712 640 576 497 511 526 594 636 751 889 973 1180 
870 753 644 569 492 489 520 580 624 744 851 1016 1146 
908 767 651 556 535 513 522 560 627 754 896 1018 1115 
837 737 625 549 494 496 534 558 615 755 855 972 1119 
866 739 650 581 524 492 514 550 677 732 888 1018 1075 
835 733 619 556 541 515 494 587 637 768 897 1031 1123 
869 735 632 585 524 505 530 591 618 749 886 979 1148 
827 784 667 574 512 513 514 555 674 739 841 1037 1170 
876 779 657 556 509 488 534 559 633 753 847 1036 1097 
908 757 633 542 517 495 516 546 672 772 853 1003 1093 
907 778 637 580 540 481 507 590 628 748 832 958 1159 
904 740 669 574 491 481 503 553 654 732 851 991 1091 
901 726 664 555 503 490 532 582 645 713 904 957 1093 
908 763 636 574 519 481 495 568 643 744 911 999 1136 
880 748 676 556 513 503 500 553 656 784 912 972 1128 
