5 6 20
4 50
340 85 96 112 130 149 
340 113 129 149 174 199 
340 141 161 187 217 249 
340 170 193 224 261 299 
340 198 226 262 304 349 
100000 5669 6464 7499 8705 9999 
1433 1353 1250 1129 
1026 
1049 
996 
1008 
1046 
950 
1025 
971 
964 
1013 
955 
997 
1032 
1015 
1017 
950 
1024 
971 
1003 
993 
993 
953 
1049 
1025 
986 
1036 
1023 
989 
961 
1038 
959 
979 
1001 
954 
985 
1033 
984 
1045 
985 
1037 
988 
1003 
955 
1042 
992 
1035 
981 
1015 
969 
984 
