10 11 20
8 50
170 77 85 96 112 130 149 169 187 203 214 
170 103 113 129 149 174 199 225 249 270 286 
170 129 141 161 187 217 249 282 312 338 358 
170 155 170 193 224 261 299 338 374 406 429 
170 180 198 226 262 304 349 395 437 473 501 
170 206 226 258 299 348 399 451 499 541 573 
170 232 255 290 337 391 449 508 562 609 644 
170 258 283 323 374 435 499 564 624 676 716 
170 284 311 355 412 478 549 621 687 744 788 
170 310 340 387 449 522 599 677 749 812 859 
100000 5170 5669 6464 7499 8705 9999 11294 12499 13535 14330 
1482 1433 1353 1250 1129 1000 870 750 
994 543 
538 430 
432 825 
380 543 
1030 858 
585 890 
1010 397 
589 846 
797 455 
888 608 
393 267 
885 309 
772 663 
477 864 
866 703 
587 779 
660 666 
600 429 
399 314 
331 545 
1014 744 
579 324 
416 784 
608 236 
858 342 
566 672 
276 300 
971 827 
663 468 
308 525 
965 846 
695 531 
552 906 
935 666 
938 775 
900 789 
757 401 
426 549 
394 571 
364 274 
404 510 
631 245 
800 698 
552 714 
878 855 
1001 617 
440 386 
456 724 
540 757 
748 338 
