20 2 20
15 50
1700 77 85 96 112 130 149 169 187 203 214 222 225 222 214 203 187 169 150 130 112 
100000 5170 5669 6464 7499 8705 9999 11294 12499 13535 14330 14829 15000 14829 14330 13535 12500 11294 10000 8705 7500 
1482 1433 1353 1250 1129 1000 870 750 646 566 517 500 517 566 646 
855 911 843 918 1115 
830 745 957 938 1292 
662 1006 1095 1074 1408 
657 761 1124 1217 1232 
701 823 905 1067 1002 
838 742 1156 968 1404 
892 757 978 1196 1309 
769 1002 1136 1214 1034 
682 977 1062 1159 1283 
763 925 1113 1238 1062 
859 863 850 1002 1417 
854 730 934 1175 1282 
839 715 1164 1111 1486 
869 845 927 1122 1070 
669 946 1059 994 1241 
726 1023 1153 1168 1130 
655 753 1077 913 1423 
829 1005 897 1103 1096 
868 851 1108 1135 1348 
818 1030 1011 1268 1118 
894 912 1065 1093 1359 
885 1005 1039 970 1124 
840 968 1112 1303 1029 
659 1014 1000 1204 1271 
839 990 930 1065 1173 
625 830 1026 1088 1145 
674 905 910 1050 1298 
627 863 1134 1033 1299 
739 900 888 1063 1130 
851 717 987 1224 1011 
643 901 956 1068 1210 
739 967 1103 1243 1199 
835 882 980 920 1115 
719 820 998 1079 1111 
697 785 851 1324 1236 
847 984 867 909 1313 
779 702 803 933 1456 
727 1018 911 1033 1311 
687 869 809 993 1175 
754 936 828 1351 1120 
712 724 1139 1242 1170 
726 1014 1156 973 1307 
737 981 1156 1022 1334 
751 880 912 1266 1326 
618 994 885 1344 1266 
846 727 940 1110 1336 
680 967 1134 1339 1470 
783 793 912 1179 1042 
712 873 857 1141 1444 
791 782 910 1294 1395 
