50 3 20
36 5
850 130 149 169 187 203 214 222 225 222 214 203 187 169 150 130 112 96 85 77 75 77 85 96 112 130 149 169 187 203 214 222 225 222 214 203 187 169 150 130 112 96 85 77 75 77 85 96 112 130 149 
850 174 199 225 249 270 286 296 300 296 286 270 250 225 200 174 150 129 113 103 100 103 113 129 149 174 199 225 249 270 286 296 300 296 286 270 250 225 200 174 150 129 113 103 100 103 113 129 149 174 199 
100000 8705 9999 11294 12499 13535 14330 14829 15000 14829 14330 13535 12500 11294 10000 8705 7500 6464 5669 5170 5000 5170 5669 6464 7499 8705 9999 11294 12499 13535 14330 14829 15000 14829 14330 13535 12500 11294 10000 8705 7500 6464 5669 5170 5000 5170 5669 6464 7499 8705 9999 
1129 1000 870 750 646 566 517 500 517 566 646 749 870 999 1129 1249 1353 1433 1482 1499 1482 1433 1353 1250 1129 1000 870 750 646 566 517 500 517 566 646 749 
894 962 1097 1247 1356 1387 1496 1490 1468 1405 1393 1229 1117 1010 
909 956 1140 1201 1349 1412 1445 1442 1544 1462 1290 1265 1138 1030 
877 976 1136 1289 1340 1472 1449 1467 1446 1421 1418 1276 1082 984 
878 1020 1141 1239 1307 1473 1507 1472 1450 1451 1339 1266 1173 1049 
860 1012 1144 1306 1382 1419 1468 1542 1466 1401 1293 1193 1148 1036 
