10 2 20
8 100
1700 75 77 85 96 112 130 149 169 187 203 
100000 5000 5170 5669 6464 7499 8705 9999 11294 12499 13535 
1499 1482 1433 1353 1250 1129 1000 870 
762 616 
737 635 
777 641 
751 663 
739 624 
775 666 
762 663 
777 654 
783 633 
747 628 
717 674 
730 661 
728 617 
776 647 
768 645 
739 674 
749 650 
770 652 
734 644 
724 669 
772 647 
739 654 
750 673 
765 616 
721 668 
770 622 
779 676 
753 617 
734 645 
722 615 
762 678 
736 642 
718 668 
785 646 
720 654 
779 650 
768 631 
779 665 
730 649 
767 630 
783 633 
768 666 
785 632 
769 640 
785 671 
721 656 
750 662 
749 645 
748 638 
727 676 
728 665 
763 661 
744 645 
714 629 
775 646 
719 644 
753 616 
718 676 
717 640 
713 623 
716 657 
737 651 
753 660 
768 629 
780 638 
756 639 
726 622 
774 623 
726 673 
728 638 
775 667 
738 670 
724 620 
735 660 
749 621 
772 647 
743 675 
722 642 
759 618 
733 670 
757 663 
717 658 
721 614 
714 653 
745 617 
768 617 
744 669 
738 651 
719 632 
772 658 
726 637 
783 666 
787 650 
769 634 
728 627 
758 647 
783 626 
746 623 
769 677 
730 669 
