20 3 20
7 5
850 130 112 96 85 77 75 77 85 96 112 130 149 169 187 203 214 222 225 222 214 
850 174 150 129 113 103 100 103 113 129 149 174 199 225 249 270 286 296 300 296 286 
100000 8705 7500 6464 5669 5170 5000 5170 5669 6464 7499 8705 9999 11294 12499 13535 14330 14829 15000 14829 14330 
1129 1249 1353 1433 1482 1499 1482 
1443 1164 1352 1035 998 825 791 675 568 498 455 491 497 
1277 1445 1120 1249 893 1026 659 651 481 563 558 444 536 
1438 1230 1068 1048 883 839 650 639 534 461 560 556 478 
1350 1266 1044 1204 873 750 696 552 591 498 582 516 573 
1373 1355 1364 1276 988 871 812 537 638 440 590 554 665 
