50 11 20
36 100
170 77 75 77 85 96 112 130 149 169 187 203 214 222 225 222 214 203 187 169 150 130 112 96 85 77 75 77 85 96 112 130 149 169 187 203 214 222 225 222 214 203 187 169 150 130 112 96 85 77 75 
170 103 100 103 113 129 149 174 199 225 249 270 286 296 300 296 286 270 250 225 200 174 150 129 113 103 100 103 113 129 149 174 199 225 249 270 286 296 300 296 286 270 250 225 200 174 150 129 113 103 100 
170 129 125 129 141 161 187 217 249 282 312 338 358 370 375 370 358 338 312 282 250 217 187 161 141 129 125 129 141 161 187 217 249 282 312 338 358 370 375 370 358 338 312 282 250 217 187 161 141 129 125 
170 155 150 155 170 193 224 261 299 338 374 406 429 444 450 444 429 406 375 338 300 261 225 193 170 155 150 155 170 193 224 261 299 338 374 406 429 444 450 444 429 406 375 338 300 261 225 193 170 155 150 
170 180 175 180 198 226 262 304 349 395 437 473 501 519 525 519 501 473 437 395 350 304 262 226 198 180 175 180 198 226 262 304 349 395 437 473 501 519 525 519 501 473 437 395 350 304 262 226 198 180 175 
170 206 200 206 226 258 299 348 399 451 499 541 573 593 600 593 573 541 500 451 400 348 300 258 226 206 200 206 226 258 299 348 399 451 499 541 573 593 600 593 573 541 500 451 400 348 300 258 226 206 200 
170 232 225 232 255 290 337 391 449 508 562 609 644 667 675 667 644 609 562 508 450 391 337 290 255 232 225 232 255 290 337 391 449 508 562 609 644 667 675 667 644 609 562 508 450 391 337 290 255 232 225 
170 258 250 258 283 323 374 435 499 564 624 676 716 741 750 741 716 676 625 564 500 435 375 323 283 258 250 258 283 323 374 435 499 564 624 676 716 741 750 741 716 676 625 564 500 435 375 323 283 258 250 
170 284 275 284 311 355 412 478 549 621 687 744 788 815 825 815 788 744 687 621 550 478 412 355 311 284 275 284 311 355 412 478 549 621 687 744 788 815 825 815 788 744 687 621 550 478 412 355 311 284 275 
170 310 300 310 340 387 449 522 599 677 749 812 859 889 900 889 859 812 750 677 600 522 450 387 340 310 300 310 340 387 449 522 599 677 749 812 859 889 900 889 859 812 750 677 600 522 450 387 340 310 300 
100000 5170 5000 5170 5669 6464 7499 8705 9999 11294 12499 13535 14330 14829 15000 14829 14330 13535 12500 11294 10000 8705 7500 6464 5669 5170 5000 5170 5669 6464 7499 8705 9999 11294 12499 13535 14330 14829 15000 14829 14330 13535 12500 11294 10000 8705 7500 6464 5669 5170 5000 
1482 1499 1482 1433 1353 1250 1129 1000 870 750 646 566 517 500 517 566 646 749 870 999 1129 1249 1353 1433 1482 1499 1482 1433 1353 1250 1129 1000 870 750 646 566 
575 480 462 572 549 874 809 1052 914 1347 1247 1473 1244 1331 
448 513 526 639 698 750 915 1021 1214 1282 1374 1708 1502 1722 
517 450 576 496 625 767 957 1021 1315 1166 1454 1693 1265 1336 
577 567 446 524 641 781 807 982 945 1447 1241 1370 1546 1660 
487 475 512 594 663 601 748 1187 1026 1015 1302 1630 1656 1661 
424 409 527 677 552 876 905 1109 990 1464 1510 1344 1606 1617 
517 455 478 629 578 630 992 1137 1315 1382 1556 1445 1325 1738 
564 517 614 538 706 828 862 854 1174 1391 1241 1555 1612 1221 
456 496 475 541 663 611 728 996 1014 1368 1435 1314 1209 1688 
591 578 602 471 701 767 997 1058 1348 1018 1527 1534 1731 1782 
484 518 505 572 657 812 730 815 909 1420 1187 1665 1274 1627 
486 463 548 630 770 668 918 934 1270 1062 1143 1385 1217 1751 
458 492 474 596 533 659 949 829 1120 1356 1513 1332 1535 1314 
587 420 504 520 745 857 932 1052 935 1377 1330 1305 1754 1352 
531 574 442 575 522 656 834 998 1350 1342 1564 1417 1443 1211 
527 500 466 667 574 678 813 1042 1197 1224 1222 1538 1743 1683 
441 471 526 568 597 760 843 847 1040 1191 1279 1665 1708 1519 
459 518 522 454 517 727 767 918 1129 1328 1495 1488 1501 1331 
571 519 488 635 558 858 851 811 1186 1137 1104 1710 1690 1460 
580 555 559 583 771 720 904 1152 1014 1273 1534 1598 1661 1592 
490 415 592 655 716 710 725 901 1236 1469 1617 1473 1207 1382 
435 508 449 581 723 791 925 1190 1086 1482 1200 1555 1691 1744 
572 461 458 616 653 805 858 1111 940 1172 1526 1591 1650 1539 
616 494 468 494 699 692 869 1136 1304 1298 1163 1296 1593 1461 
550 480 590 486 735 623 982 958 1047 1459 1413 1602 1614 1330 
465 414 608 582 695 798 789 1120 1302 1439 1499 1247 1238 1416 
580 458 618 468 760 810 964 994 959 1337 1430 1343 1513 1264 
423 488 605 458 523 879 897 1047 1292 1336 1195 1383 1577 1770 
549 465 596 505 642 681 855 878 1248 1097 1388 1581 1712 1207 
554 459 568 551 517 846 749 850 1250 1126 1495 1277 1602 1574 
512 520 417 524 656 866 774 840 1013 1373 1184 1297 1526 1392 
555 475 543 532 753 629 750 1163 971 1308 1125 1293 1226 1209 
475 550 598 505 693 690 1017 1137 1139 1154 1370 1409 1407 1567 
466 560 522 535 528 707 717 916 1030 1335 1479 1378 1573 1271 
537 495 512 521 698 719 898 1118 1193 1392 1239 1446 1438 1723 
557 477 491 477 698 731 870 973 914 1150 1149 1595 1593 1224 
446 525 440 499 731 658 879 910 996 1102 1287 1277 1427 1603 
417 484 576 614 536 767 1036 1119 1147 1441 1129 1437 1468 1444 
613 423 416 526 733 640 932 938 948 1082 1466 1265 1639 1237 
490 404 462 663 766 811 999 1118 1126 1123 1146 1504 1628 1773 
537 478 562 560 766 877 731 1092 1300 1159 1546 1495 1757 1485 
514 491 424 612 548 678 909 1139 1338 1313 1433 1690 1335 1387 
611 569 469 580 535 823 883 1150 1222 1094 1500 1470 1261 1452 
557 530 452 583 593 743 855 1080 1192 1319 1208 1200 1668 1523 
582 566 436 501 744 622 705 1077 1016 1029 1185 1493 1779 1338 
580 445 441 571 696 820 963 894 1145 1406 1133 1421 1436 1455 
417 531 472 654 722 884 801 1199 1120 1133 1570 1405 1548 1607 
497 445 594 615 765 663 757 1020 1273 1349 1573 1485 1526 1262 
576 460 501 565 544 862 734 884 1223 1323 1370 1325 1527 1630 
568 404 483 632 613 875 897 1058 1332 1048 1214 1307 1487 1791 
419 422 569 473 539 681 725 923 1289 1213 1623 1228 1434 1273 
613 479 455 470 619 805 814 967 1244 1217 1393 1367 1463 1540 
423 465 550 597 720 783 827 1035 1020 1170 1240 1677 1680 1403 
542 481 515 547 581 623 911 926 1188 1408 1212 1398 1594 1279 
527 525 449 543 522 643 927 907 920 1122 1474 1449 1356 1382 
498 400 587 676 680 847 771 958 1123 1391 1239 1593 1313 1730 
493 514 572 671 621 723 938 978 1045 1018 1269 1211 1701 1510 
421 585 595 635 590 833 1005 826 1188 1156 1409 1604 1338 1520 
602 427 594 555 734 710 719 983 1022 1060 1423 1537 1656 1291 
418 596 533 515 654 866 853 926 996 1049 1193 1517 1306 1725 
492 437 538 667 621 720 805 868 1075 1120 1148 1586 1461 1492 
525 431 422 562 640 687 936 1080 1079 1307 1164 1244 1752 1435 
463 425 599 592 773 892 710 884 1302 1469 1186 1601 1491 1460 
607 523 531 585 765 606 825 1141 1336 1019 1591 1339 1639 1445 
586 507 572 609 690 675 777 1089 1176 1208 1382 1231 1603 1471 
444 433 508 462 773 698 819 1127 1082 1256 1515 1691 1292 1694 
472 410 572 602 538 728 822 1043 1072 1052 1459 1430 1246 1566 
536 428 502 677 721 666 748 1197 1006 1411 1524 1695 1373 1782 
429 458 481 643 751 621 870 1136 991 1350 1574 1357 1459 1271 
567 461 430 567 537 655 994 1177 1213 1497 1215 1188 1220 1566 
449 420 446 640 686 673 717 1145 991 1478 1088 1458 1294 1233 
425 554 466 469 724 793 999 1151 1084 1426 1610 1174 1411 1565 
438 580 489 633 738 811 814 1037 1230 1006 1354 1308 1640 1570 
481 487 575 462 755 667 802 831 1020 1033 1357 1357 1434 1396 
417 477 492 517 742 884 869 830 1137 1273 1206 1661 1292 1591 
463 413 507 522 632 684 853 814 943 1360 1280 1492 1471 1345 
568 489 508 538 626 715 755 930 1045 1259 1231 1575 1206 1660 
450 489 545 467 605 834 803 1045 1051 1468 1277 1308 1548 1710 
500 490 578 664 535 728 806 943 1290 1402 1187 1230 1764 1662 
617 539 515 645 646 614 848 1189 1054 1292 1406 1423 1724 1416 
496 570 416 634 691 833 873 1191 1207 1240 1220 1280 1300 1654 
593 449 435 612 617 719 767 1040 1119 1297 1425 1707 1314 1340 
582 439 431 588 563 799 794 935 1146 1035 1560 1339 1463 1565 
415 510 523 612 666 664 933 860 1221 1466 1459 1263 1404 1250 
620 500 507 470 689 714 951 1113 916 1243 1560 1631 1574 1301 
445 407 432 602 718 738 762 973 1212 1370 1289 1608 1560 1779 
561 431 494 589 524 844 1040 819 939 1004 1454 1236 1777 1752 
566 456 595 511 654 666 1006 930 1011 1348 1463 1201 1483 1564 
541 439 481 625 575 696 951 926 1324 1016 1201 1541 1303 1434 
569 409 589 548 581 661 796 1142 990 1053 1593 1229 1496 1553 
585 434 480 609 651 807 846 865 1091 1443 1383 1440 1566 1267 
418 425 493 495 701 861 720 911 1029 1384 1175 1626 1348 1211 
420 499 464 468 656 749 841 1179 1320 1255 1103 1510 1592 1439 
617 510 580 648 709 624 774 958 1042 1074 1549 1511 1284 1631 
422 482 597 537 691 783 862 1057 913 1122 1084 1407 1422 1628 
561 442 549 621 548 870 972 1166 987 1437 1364 1357 1334 1491 
444 495 560 543 681 641 739 1066 945 1275 1497 1397 1598 1756 
472 472 459 500 648 759 755 856 915 1055 1455 1591 1564 1446 
473 557 459 586 666 785 761 1091 1308 1458 1095 1439 1323 1336 
440 430 451 546 627 875 836 1093 1316 1412 1236 1243 1623 1697 
