20 3 20
15 100
850 112 130 149 169 187 203 214 222 225 222 214 203 187 169 150 130 112 96 85 77 
850 149 174 199 225 249 270 286 296 300 296 286 270 250 225 200 174 150 129 113 103 
100000 7499 8705 9999 11294 12499 13535 14330 14829 15000 14829 14330 13535 12500 11294 10000 8705 7500 6464 5669 5170 
1250 1129 1000 870 750 646 566 517 500 517 566 646 749 870 999 
659 1156 1898 1800 2187 
865 1241 1058 992 697 
1781 808 1827 657 1200 
1033 950 1695 1643 1146 
1687 1691 1403 1167 2026 
833 616 763 1882 1584 
1039 1558 1534 2181 1861 
475 554 783 2126 713 
1374 1806 1611 1210 697 
1645 771 869 935 2306 
1670 1138 1495 797 902 
807 691 978 1842 2075 
1804 1694 709 1995 2302 
1023 1455 769 2024 1697 
1180 1724 676 2097 1358 
656 1685 1171 1929 1103 
911 646 2030 838 2229 
452 1542 700 634 1436 
1566 544 1220 1308 1960 
1070 973 1033 818 995 
1311 1289 1720 1144 2198 
1131 1780 1552 1452 1919 
981 1632 903 1011 603 
792 1092 1675 2238 2333 
1674 1292 843 2139 983 
1277 1550 1391 1665 1395 
938 1460 646 1677 2176 
587 1148 1486 713 730 
573 644 1039 1254 1023 
509 638 1662 2022 1451 
1757 1620 2073 1487 1086 
1644 1913 1304 1030 1799 
1430 814 554 2231 836 
1419 1316 1066 1970 1416 
1616 543 1743 1524 2285 
1425 1431 1414 1769 1772 
1044 1374 1746 2237 985 
524 708 1450 1383 781 
1708 931 903 1243 1316 
452 794 1281 1085 2239 
485 1921 1396 931 624 
718 1745 2084 1308 1101 
1710 1370 1672 913 1411 
1702 1454 755 1274 1997 
498 1372 927 1329 1708 
820 1195 1789 2175 1568 
1610 1319 1994 1104 622 
1218 1733 664 1512 657 
1230 951 1350 696 1447 
1120 1050 1537 2189 1079 
876 1442 872 2174 2098 
1723 902 1522 1747 1497 
962 1465 559 1514 756 
840 1785 978 1257 965 
1528 1462 1869 687 1847 
1788 1989 1525 1961 1941 
1430 1179 1647 1184 2187 
665 1240 1043 1130 1668 
672 1515 2016 1195 1762 
461 695 689 862 1850 
903 1376 1131 831 1936 
1176 1164 1175 1922 1730 
746 1691 1220 770 2242 
1085 1053 919 601 2006 
1557 1937 1505 2208 1030 
845 1665 1716 1203 1307 
1352 1226 1448 842 834 
1352 1745 746 917 1608 
1464 1499 750 2087 1140 
684 595 1644 964 764 
918 1033 1530 1986 1056 
757 1181 2147 1343 969 
454 1045 1605 1306 1215 
1604 630 550 1141 1892 
531 546 730 1826 888 
1661 1269 551 1769 2240 
1018 1485 1353 1730 1326 
1560 563 1540 2192 2338 
1594 1561 673 1595 666 
1234 987 1450 1068 1860 
975 1557 1668 1424 1433 
1586 570 1230 574 1424 
482 1039 917 1935 1661 
650 1665 606 1279 1398 
1073 1644 909 858 1469 
693 979 866 1342 853 
1675 566 2120 2081 1261 
1679 1606 2118 1579 1996 
1239 1812 1900 1180 1131 
925 1784 1992 745 679 
1038 932 708 1945 2297 
800 1952 1628 1568 1971 
483 1160 848 2255 2204 
1186 1948 1228 884 732 
1380 527 2017 601 1527 
1124 1412 773 1557 1929 
1294 1811 1789 2110 1147 
1155 1234 1150 717 751 
1133 502 1683 989 1477 
736 1773 1296 2158 1351 
