20 3 20
7 100
850 130 149 169 187 203 214 222 225 222 214 203 187 169 150 130 112 96 85 77 75 
850 174 199 225 249 270 286 296 300 296 286 270 250 225 200 174 150 129 113 103 100 
100000 8705 9999 11294 12499 13535 14330 14829 15000 14829 14330 13535 12500 11294 10000 8705 7500 6464 5669 5170 5000 
1129 1000 870 750 646 566 517 
456 521 522 716 754 890 807 949 1114 1580 1445 1487 1330 
485 471 517 530 754 713 996 922 1111 1225 1533 1484 1392 
403 581 505 695 699 826 1097 1133 1474 1510 1268 1401 1428 
446 521 651 619 600 871 1170 1215 1181 1478 1219 1763 1336 
584 518 483 636 702 746 1106 998 1114 1507 1577 1219 1625 
598 433 533 547 606 958 1044 1025 1453 1452 1284 1534 1766 
563 519 586 543 650 722 1072 1127 1415 1569 1593 1471 1212 
589 542 564 768 728 819 879 1267 1012 1240 1207 1290 1713 
471 439 645 670 634 796 1188 1140 1479 1165 1288 1752 1383 
599 558 617 615 722 799 898 1117 1177 1138 1664 1299 1396 
447 431 597 686 686 977 802 1169 1221 1158 1479 1329 1240 
485 525 671 752 753 911 912 1207 1438 1102 1708 1296 1233 
539 495 646 545 625 884 1056 1148 1448 1175 1328 1496 1676 
466 437 610 598 764 907 983 1066 1088 1597 1206 1357 1252 
455 524 679 571 717 711 817 944 1259 1565 1283 1766 1414 
421 551 596 540 685 917 944 1179 1386 1348 1394 1593 1245 
559 501 513 727 849 914 1054 942 1423 1132 1545 1535 1271 
478 619 526 570 822 984 888 1077 1240 1095 1482 1655 1586 
552 542 484 666 899 1028 1030 1032 1416 1317 1493 1528 1476 
426 521 583 772 839 823 1091 1254 1341 1554 1665 1528 1223 
465 544 482 554 858 738 999 996 1057 1155 1622 1772 1652 
464 565 563 726 625 717 998 1033 1292 1212 1425 1225 1788 
588 513 561 649 670 849 1046 1114 1004 1565 1602 1602 1707 
440 441 619 531 688 955 825 966 1097 1346 1588 1385 1337 
554 417 571 569 705 874 864 1102 1299 1391 1442 1196 1330 
567 592 676 745 678 1016 803 1240 1231 1164 1263 1360 1798 
463 522 573 701 835 901 1174 1234 1499 1188 1261 1271 1625 
500 447 466 578 624 1025 822 1126 1396 1494 1520 1736 1647 
469 596 494 586 750 902 1047 970 1332 1337 1431 1219 1249 
512 605 555 628 653 852 1130 1100 1464 1246 1530 1452 1749 
454 601 544 694 653 783 871 918 1401 1223 1607 1350 1504 
490 511 467 557 699 997 921 1202 1327 1460 1360 1679 1675 
405 432 614 653 668 931 876 965 1067 1160 1184 1231 1394 
480 470 490 772 736 878 1018 1072 1489 1101 1338 1350 1638 
528 461 570 767 874 696 1158 1102 1277 1153 1505 1218 1689 
502 542 630 539 749 943 1182 1103 1095 1178 1431 1368 1357 
525 451 455 569 796 896 965 1043 1112 1439 1340 1344 1401 
564 418 603 730 674 807 909 1297 1160 1530 1438 1250 1284 
549 572 644 708 778 747 937 949 1271 1240 1535 1509 1561 
548 418 594 606 787 1041 826 1084 1013 1547 1676 1459 1736 
448 507 671 729 640 993 888 1146 1398 1349 1268 1462 1483 
525 557 493 614 694 1023 841 1333 1246 1494 1338 1690 1775 
411 590 588 571 778 715 969 1279 1132 1551 1286 1466 1498 
473 455 460 538 661 978 854 954 1325 1146 1447 1329 1607 
577 492 456 741 671 788 983 1126 1376 1466 1531 1577 1477 
418 539 632 709 851 973 934 1155 1297 1203 1184 1774 1472 
409 564 592 722 727 863 1020 1293 1062 1576 1624 1606 1304 
599 598 564 578 848 954 1129 1330 1229 1504 1295 1740 1648 
541 497 621 639 750 1005 934 1191 1458 1459 1429 1323 1508 
597 559 540 685 897 994 863 1092 1041 1310 1664 1770 1557 
467 510 529 652 696 739 1137 1193 1418 1391 1528 1311 1447 
565 503 631 660 714 762 904 1337 1204 1110 1593 1336 1481 
515 517 670 631 681 1024 1170 954 1126 1554 1696 1304 1498 
490 581 502 686 798 801 1189 1312 1286 1514 1199 1678 1604 
538 483 621 700 663 749 983 1004 1085 1205 1153 1401 1774 
484 456 459 632 880 886 1185 926 1492 1341 1691 1559 1774 
483 528 570 582 761 932 918 1236 1383 1290 1529 1273 1201 
437 615 510 767 699 963 857 1227 1084 1612 1436 1311 1354 
408 450 679 583 782 1005 962 986 1043 1331 1291 1298 1656 
478 521 538 685 632 1039 1124 1305 1364 1215 1311 1651 1638 
429 611 529 596 616 834 944 1271 1455 1205 1170 1238 1586 
576 618 461 715 780 928 923 1238 1113 1239 1383 1203 1782 
402 434 518 683 759 824 1084 1137 1446 1600 1710 1425 1609 
525 571 675 604 630 783 818 1263 1010 1464 1587 1297 1625 
501 506 634 557 780 703 817 908 1441 1499 1505 1752 1474 
488 543 517 582 681 964 826 1331 1046 1349 1543 1592 1222 
433 449 577 522 628 708 896 1139 1245 1164 1154 1647 1366 
467 449 457 718 631 795 1114 953 1169 1330 1702 1472 1385 
538 543 474 734 827 760 1146 1342 1301 1167 1576 1749 1627 
578 573 663 625 759 905 868 1187 1350 1511 1239 1737 1251 
498 495 574 627 831 781 827 948 1160 1487 1500 1654 1641 
522 422 551 545 699 707 1189 969 1368 1523 1166 1478 1691 
415 435 582 562 893 813 1013 1327 1384 1378 1540 1473 1202 
501 611 641 713 635 949 802 1296 1293 1477 1305 1572 1294 
440 527 463 651 608 978 1073 1120 1047 1582 1637 1190 1546 
535 576 497 612 706 786 920 1070 1363 1092 1380 1705 1675 
586 583 623 544 711 973 1050 928 1393 1447 1646 1713 1773 
410 508 656 733 610 893 1017 1155 1107 1108 1667 1447 1451 
504 474 584 741 694 807 1169 1267 1451 1274 1338 1310 1322 
531 533 604 592 607 956 802 1284 1153 1102 1618 1208 1604 
479 498 465 751 899 784 1192 1177 1482 1445 1301 1576 1428 
535 523 629 524 807 978 994 1261 1059 1155 1374 1337 1501 
503 431 546 581 634 849 1185 1155 1404 1535 1278 1582 1733 
591 422 670 534 779 934 820 1153 1170 1233 1435 1427 1429 
527 442 647 624 606 929 1139 1301 1380 1433 1447 1434 1353 
480 585 658 587 600 1043 1143 917 1420 1143 1520 1221 1798 
498 464 513 743 618 1013 873 1039 1247 1460 1679 1545 1379 
412 566 643 667 724 913 1064 1229 1012 1140 1178 1566 1226 
495 497 661 528 771 718 983 1310 1248 1084 1679 1394 1396 
526 556 472 571 711 843 1085 1278 1048 1189 1403 1632 1207 
438 589 580 544 826 856 916 1218 1041 1473 1225 1342 1295 
587 587 465 584 812 981 1057 1207 1318 1315 1150 1699 1585 
473 449 651 713 802 734 813 1233 1150 1563 1645 1351 1627 
547 476 532 648 624 1008 878 1129 1081 1299 1546 1335 1387 
452 544 568 648 711 826 1013 1031 1353 1516 1588 1524 1282 
550 588 592 544 865 810 1003 1069 1152 1237 1415 1520 1651 
405 503 630 713 617 724 1152 1158 1352 1544 1592 1273 1406 
423 494 511 713 895 866 1082 1150 1481 1176 1654 1227 1782 
432 557 660 736 794 1006 922 1329 1467 1111 1444 1695 1522 
430 542 674 520 877 929 1129 997 1005 1464 1667 1285 1269 
