10 6 20
6 50
340 96 112 130 149 169 187 203 214 222 225 
340 129 149 174 199 225 249 270 286 296 300 
340 161 187 217 249 282 312 338 358 370 375 
340 193 224 261 299 338 374 406 429 444 450 
340 226 262 304 349 395 437 473 501 519 525 
100000 6464 7499 8705 9999 11294 12499 13535 14330 14829 15000 
1353 1250 1129 1000 870 750 
635 563 532 492 
627 560 491 481 
670 574 505 492 
616 592 534 478 
652 542 537 481 
639 545 521 521 
616 541 502 513 
648 580 496 481 
658 559 495 477 
644 573 493 483 
678 555 529 509 
630 539 532 506 
662 561 522 502 
645 581 532 495 
674 548 496 502 
635 561 501 500 
666 567 501 505 
669 549 540 476 
645 554 492 497 
661 592 501 512 
664 565 492 480 
635 581 499 511 
647 566 516 505 
623 570 503 513 
627 542 511 484 
662 580 521 513 
616 554 525 510 
670 556 497 515 
631 556 531 508 
618 558 528 495 
616 544 532 489 
657 588 542 489 
646 591 526 493 
621 541 504 491 
639 582 494 478 
657 587 494 484 
669 576 510 501 
646 593 539 521 
664 585 511 495 
626 551 522 495 
640 579 541 484 
647 550 518 510 
641 591 513 504 
659 571 532 485 
634 540 497 500 
677 555 520 511 
623 550 510 487 
653 577 520 498 
660 582 542 485 
622 565 508 517 
