50 6 20
16 5
340 75 77 85 96 112 130 149 169 187 203 214 222 225 222 214 203 187 169 150 130 112 96 85 77 75 77 85 96 112 130 149 169 187 203 214 222 225 222 214 203 187 169 150 130 112 96 85 77 75 77 
340 100 103 113 129 149 174 199 225 249 270 286 296 300 296 286 270 250 225 200 174 150 129 113 103 100 103 113 129 149 174 199 225 249 270 286 296 300 296 286 270 250 225 200 174 150 129 113 103 100 103 
340 125 129 141 161 187 217 249 282 312 338 358 370 375 370 358 338 312 282 250 217 187 161 141 129 125 129 141 161 187 217 249 282 312 338 358 370 375 370 358 338 312 282 250 217 187 161 141 129 125 129 
340 150 155 170 193 224 261 299 338 374 406 429 444 450 444 429 406 375 338 300 261 225 193 170 155 150 155 170 193 224 261 299 338 374 406 429 444 450 444 429 406 375 338 300 261 225 193 170 155 150 155 
340 175 180 198 226 262 304 349 395 437 473 501 519 525 519 501 473 437 395 350 304 262 226 198 180 175 180 198 226 262 304 349 395 437 473 501 519 525 519 501 473 437 395 350 304 262 226 198 180 175 180 
100000 5000 5170 5669 6464 7499 8705 9999 11294 12499 13535 14330 14829 15000 14829 14330 13535 12500 11294 10000 8705 7500 6464 5669 5170 5000 5170 5669 6464 7499 8705 9999 11294 12499 13535 14330 14829 15000 14829 14330 13535 12500 11294 10000 8705 7500 6464 5669 5170 5000 5170 
1499 1482 1433 1353 1250 1129 1000 870 750 646 566 517 500 517 566 646 
616 699 779 837 531 1011 1156 1038 2328 825 1145 951 1128 622 1531 876 1009 635 830 404 363 656 733 325 984 783 1071 1634 1994 656 741 596 1733 1194 
389 1060 710 815 1063 681 648 2097 762 2164 2276 1362 606 1376 999 1254 743 532 411 451 668 642 338 408 358 827 514 1382 585 635 1569 1253 1774 901 
303 728 572 1093 841 2151 1187 1618 1677 770 1563 1619 1982 906 1097 1103 1136 336 678 763 475 457 869 950 978 687 1418 1709 733 1058 708 950 1817 709 
1137 666 1101 586 936 1534 843 2230 912 687 909 1871 669 848 881 483 562 829 364 285 628 437 308 485 568 1274 740 663 797 625 859 1400 1029 2045 
441 1177 1321 601 570 1470 1944 2014 653 1200 1894 1792 966 938 1330 1004 1127 673 641 792 685 511 531 688 1070 1345 1061 1612 1747 873 1938 1639 2319 2005 
