20 3 20
7 10
850 75 77 85 96 112 130 149 169 187 203 214 222 225 222 214 203 187 169 150 130 
850 100 103 113 129 149 174 199 225 249 270 286 296 300 296 286 270 250 225 200 174 
100000 5000 5170 5669 6464 7499 8705 9999 11294 12499 13535 14330 14829 15000 14829 14330 13535 12500 11294 10000 8705 
1499 1482 1433 1353 1250 1129 1000 
1180 681 344 395 226 338 243 622 741 540 1150 709 1033 
1022 596 418 573 303 788 455 499 491 637 1286 865 934 
1156 419 1026 774 285 544 432 898 636 601 1241 777 1477 
1200 685 939 372 210 296 717 767 645 799 654 1126 1593 
1251 597 741 438 307 525 242 692 542 1100 715 565 1735 
826 542 909 588 527 237 408 301 844 455 643 519 1797 
799 1028 985 401 360 641 491 583 819 425 1149 403 721 
980 1019 482 336 427 400 349 239 893 873 1243 1213 1474 
847 500 584 576 654 487 225 584 441 346 1021 1145 870 
615 570 462 437 315 586 396 781 400 990 713 1482 1693 
