50 2 20
16 100
1700 85 96 112 130 149 169 187 203 214 222 225 222 214 203 187 169 150 130 112 96 85 77 75 77 85 96 112 130 149 169 187 203 214 222 225 222 214 203 187 169 150 130 112 96 85 77 75 77 85 96 
100000 5669 6464 7499 8705 9999 11294 12499 13535 14330 14829 15000 14829 14330 13535 12500 11294 10000 8705 7500 6464 5669 5170 5000 5170 5669 6464 7499 8705 9999 11294 12499 13535 14330 14829 15000 14829 14330 13535 12500 11294 10000 8705 7500 6464 5669 5170 5000 5170 5669 6464 
1433 1353 1250 1129 1000 870 750 646 566 517 500 517 566 646 749 870 
1016 1325 1168 1527 1422 1231 1403 1523 1631 1386 1467 1028 929 721 696 536 643 495 597 513 548 560 703 991 1110 1146 1277 1222 1368 1364 1262 1304 1410 1272 
898 1178 1309 1091 1652 1535 1585 1315 1717 1340 1057 1304 893 875 695 690 610 580 443 481 581 723 868 998 1072 911 1113 1506 1480 1326 1340 1470 1247 1542 
1144 1024 1311 1418 1477 1737 1497 1521 1510 1259 1420 970 931 701 664 659 471 480 458 454 618 750 650 793 1134 965 1441 1341 1368 1482 1406 1564 1527 1194 
872 1155 1363 1195 1514 1580 1363 1764 1225 1498 1123 916 1004 911 617 697 598 513 541 429 557 635 814 914 1190 1245 1081 1317 1396 1581 1624 1514 1230 1289 
1156 1089 1057 1346 1508 1640 1245 1337 1250 1169 1000 1126 979 817 802 563 679 552 492 530 583 736 840 698 1008 968 1304 1202 1652 1406 1245 1288 1482 1483 
823 1058 1270 1610 1479 1533 1769 1596 1474 1222 1375 1130 976 1015 740 725 581 456 470 570 515 581 643 815 993 984 1152 1120 1429 1245 1228 1328 1199 1155 
815 1002 1273 1531 1198 1634 1551 1536 1541 1486 1475 1089 1086 854 783 667 499 546 452 537 551 666 646 700 923 1084 1449 1315 1276 1659 1379 1397 1371 1332 
1133 971 1432 1258 1643 1634 1324 1186 1248 1342 1028 1092 1170 865 747 551 593 469 500 465 494 721 733 856 1100 1139 1399 1161 1280 1245 1248 1191 1304 1519 
899 1002 1356 1418 1413 1503 1245 1199 1445 1276 1148 1039 1126 770 647 662 496 536 519 448 562 694 745 985 861 1292 1458 1107 1607 1489 1602 1274 1685 1137 
1153 1192 1421 1602 1466 1211 1714 1641 1707 1088 1490 993 1064 1002 614 698 657 496 482 591 566 749 720 823 1135 1116 1240 1604 1597 1556 1410 1467 1501 1550 
1174 1006 1255 1425 1454 1773 1617 1296 1155 1495 1442 1223 942 867 615 605 552 436 433 489 538 753 888 783 899 1220 1179 1498 1499 1594 1569 1743 1470 1430 
1115 1345 1374 1197 1515 1777 1301 1725 1460 1427 1052 1237 998 844 897 752 640 615 522 542 615 736 739 838 839 1001 1294 1589 1172 1246 1659 1685 1269 1280 
959 1110 1242 1192 1665 1776 1404 1392 1149 1115 1068 1213 1085 720 833 657 542 505 597 479 613 545 802 937 1135 1019 1274 1181 1600 1667 1549 1282 1210 1411 
940 976 1453 1469 1676 1547 1493 1727 1343 1492 1236 1240 923 1044 806 559 489 478 551 448 619 521 796 880 893 1178 1058 1561 1518 1685 1339 1406 1628 1526 
831 952 1461 1239 1550 1541 1777 1694 1345 1324 1328 1064 884 843 615 538 599 477 576 435 464 640 803 835 972 1234 1072 1605 1620 1371 1216 1614 1458 1388 
1174 1062 1259 1225 1320 1663 1585 1192 1168 1473 1191 1223 1190 857 775 666 614 613 549 552 662 560 794 826 1107 988 1336 1534 1401 1188 1584 1665 1448 1541 
1008 1309 1073 1087 1648 1560 1580 1365 1343 1267 1350 1305 814 827 828 697 496 521 497 438 656 560 655 786 909 986 1050 1297 1678 1727 1338 1735 1155 1266 
1096 1116 1394 1536 1487 1417 1772 1479 1415 1294 1334 1106 1022 869 765 589 533 425 504 583 461 523 855 854 988 1003 1093 1241 1461 1678 1214 1340 1607 1512 
934 1134 1021 1287 1600 1292 1794 1532 1355 1563 1289 1198 1083 715 891 614 476 492 583 500 530 667 750 835 964 1223 1476 1566 1314 1294 1513 1284 1546 1554 
826 1242 1077 1219 1400 1592 1340 1257 1311 1378 1132 1256 906 717 722 580 545 512 478 484 589 630 845 787 1154 1150 1141 1338 1461 1405 1359 1470 1558 1129 
824 1092 1236 1355 1490 1732 1264 1574 1458 1217 1311 1216 980 745 612 599 543 487 530 506 644 621 825 805 868 1056 1005 1508 1522 1332 1218 1218 1286 1200 
879 1102 1003 1305 1392 1510 1550 1238 1662 1325 1229 972 935 754 730 543 455 439 427 603 665 726 858 986 999 1078 1350 1310 1717 1435 1294 1211 1261 1348 
886 926 1308 1563 1227 1646 1455 1245 1643 1463 1387 1052 931 1001 745 713 582 609 554 568 673 737 622 954 981 1175 1288 1107 1705 1258 1522 1332 1267 1434 
800 1100 1348 1421 1717 1190 1404 1518 1603 1200 1303 1283 949 780 670 766 587 606 567 442 514 518 653 949 1082 1301 1294 1370 1563 1713 1314 1396 1651 1104 
978 1266 1437 1151 1580 1681 1693 1379 1444 1619 1213 926 977 973 798 583 568 469 415 606 538 537 685 1035 1042 991 1381 1188 1474 1579 1515 1570 1318 1251 
1118 908 1107 1614 1282 1335 1222 1286 1646 1224 1361 1175 899 946 830 693 673 593 547 471 495 637 707 1000 841 1146 1497 1303 1244 1362 1738 1187 1695 1518 
813 1264 1197 1450 1632 1222 1442 1506 1613 1567 1283 1084 840 918 865 714 499 478 448 535 655 561 803 1002 925 1253 1011 1147 1482 1522 1221 1331 1573 1315 
1047 1080 1179 1187 1252 1273 1614 1499 1610 1344 1363 1019 889 747 874 640 514 552 594 525 654 718 781 796 902 1058 1220 1376 1242 1578 1264 1400 1260 1225 
1078 1328 1422 1591 1451 1601 1279 1328 1473 1351 1431 968 893 850 610 552 473 472 517 494 489 727 604 796 899 1043 1480 1614 1199 1436 1439 1342 1548 1363 
994 1069 1371 1595 1528 1208 1369 1281 1227 1343 1372 995 915 869 731 653 481 508 498 530 546 611 756 728 996 1231 1445 1507 1401 1454 1764 1773 1534 1338 
1178 974 1253 1263 1279 1715 1724 1466 1288 1142 1370 1068 1180 787 687 600 529 435 504 430 562 765 692 698 1167 1340 1269 1617 1545 1337 1473 1713 1707 1385 
1087 1214 1251 1183 1340 1204 1659 1688 1190 1322 1131 1043 948 1014 791 601 545 423 415 584 549 654 839 985 1137 956 1483 1118 1335 1690 1742 1615 1338 1486 
1161 1071 1142 1438 1453 1453 1768 1497 1568 1267 1047 1247 1027 861 621 761 675 504 463 536 540 667 748 761 989 907 1135 1179 1718 1522 1415 1334 1695 1423 
1172 1106 1008 1243 1702 1484 1469 1702 1535 1616 1256 965 1003 896 767 622 668 434 548 571 589 680 796 879 1091 1035 1378 1270 1584 1206 1744 1767 1698 1136 
1153 951 1368 1278 1260 1336 1679 1366 1191 1217 1338 1270 1171 755 819 654 488 470 446 617 604 746 783 766 1159 1205 1243 1099 1555 1356 1520 1714 1165 1592 
1121 983 1251 1457 1491 1198 1253 1233 1431 1426 1452 908 1023 1032 639 607 550 593 477 460 521 650 706 862 976 1021 1029 1223 1301 1603 1546 1311 1545 1149 
1038 1007 1352 1104 1485 1336 1718 1253 1162 1117 1394 942 956 894 660 518 545 517 530 502 517 534 749 989 935 1107 1131 1088 1634 1583 1745 1461 1394 1492 
877 1290 1423 1477 1512 1430 1535 1367 1287 1168 1439 1288 1012 767 611 652 675 565 409 428 569 771 802 785 829 1299 1202 1304 1665 1517 1610 1188 1500 1387 
933 1271 1326 1509 1417 1512 1337 1213 1578 1336 1183 1070 926 1027 620 729 508 509 457 619 658 754 819 1031 804 1296 1060 1548 1571 1511 1202 1683 1579 1169 
1082 1171 1232 1331 1433 1308 1438 1204 1503 1356 1496 1029 873 929 804 665 594 468 515 520 620 651 796 987 1180 1317 1358 1520 1628 1757 1217 1637 1470 1229 
1181 1148 1147 1455 1380 1478 1311 1604 1454 1543 1022 1287 955 717 677 594 674 616 411 496 577 628 831 823 974 925 1043 1518 1314 1750 1782 1400 1185 1161 
925 965 1300 1166 1667 1276 1280 1689 1632 1371 1304 1326 1167 929 624 538 482 422 422 440 661 761 735 826 869 1279 1451 1307 1504 1481 1597 1460 1562 1510 
805 1199 1308 1152 1544 1366 1352 1470 1612 1384 1148 931 1047 848 856 640 679 567 539 512 459 708 899 731 973 983 1101 1301 1323 1501 1302 1472 1661 1614 
840 908 1420 1130 1374 1213 1608 1551 1174 1218 1005 1130 1044 815 619 627 541 597 428 607 662 585 803 907 939 1311 1147 1207 1581 1562 1638 1463 1215 1227 
1167 1318 1438 1179 1214 1277 1682 1246 1379 1397 1119 1288 959 937 670 566 569 538 556 530 600 624 802 1012 1052 1033 1033 1228 1263 1649 1444 1459 1715 1275 
1104 1094 1122 1384 1237 1526 1606 1672 1174 1530 1149 1072 978 870 764 574 654 588 516 549 626 626 613 789 855 1354 1113 1593 1522 1331 1706 1663 1483 1576 
961 1153 1339 1473 1380 1309 1694 1586 1311 1444 1105 908 960 739 600 657 661 566 432 528 676 668 747 706 1171 1044 1267 1282 1704 1488 1419 1411 1233 1199 
1158 1218 1451 1396 1610 1423 1262 1247 1534 1095 1462 1116 949 931 700 619 541 515 520 515 477 558 797 904 1072 1210 1299 1389 1471 1274 1361 1755 1326 1481 
875 1179 1362 1407 1549 1518 1778 1737 1547 1235 1352 1296 1085 948 878 654 634 432 486 577 676 734 808 736 1064 1313 1069 1156 1576 1507 1443 1293 1149 1529 
1103 1114 1132 1220 1239 1311 1214 1429 1250 1267 1081 971 896 714 650 600 543 600 538 505 488 698 844 805 996 1289 1406 1119 1495 1456 1689 1533 1467 1507 
872 1244 1164 1324 1670 1518 1467 1717 1151 1327 1374 1141 811 1036 714 538 631 440 519 530 552 621 752 838 1155 1348 1167 1129 1606 1247 1354 1738 1185 1606 
995 1042 1052 1231 1498 1740 1675 1628 1632 1369 1213 1212 899 871 746 773 574 605 524 548 575 645 790 725 1183 1215 1430 1314 1400 1708 1655 1272 1511 1385 
819 1329 1136 1329 1306 1479 1738 1615 1212 1577 1164 1325 896 852 734 542 495 488 480 498 662 645 848 1036 1045 1110 1088 1189 1320 1708 1643 1222 1675 1513 
990 925 1224 1356 1277 1699 1545 1773 1382 1483 1353 1022 1112 864 795 695 541 421 567 559 512 710 717 1021 1195 922 1486 1145 1561 1641 1567 1725 1572 1567 
1000 1323 1071 1519 1146 1228 1658 1705 1585 1380 1478 1166 911 916 674 739 610 523 507 601 511 629 863 755 902 963 1248 1474 1566 1307 1241 1645 1635 1223 
1162 1126 1153 1171 1214 1715 1508 1639 1350 1618 1017 918 885 1027 604 552 659 505 595 494 524 756 858 890 1169 934 1304 1323 1667 1219 1287 1383 1580 1604 
851 956 1339 1589 1300 1604 1400 1419 1494 1394 1487 1344 1020 708 780 631 464 429 445 465 615 610 853 709 916 1010 1097 1464 1280 1382 1740 1393 1614 1421 
845 1238 1284 1360 1269 1526 1442 1655 1545 1191 1135 938 1120 726 804 673 459 554 592 590 469 765 763 706 928 1029 1095 1504 1439 1706 1464 1319 1468 1430 
866 1208 1144 1302 1460 1215 1205 1468 1348 1333 1335 1194 1123 1021 776 607 672 559 474 466 647 548 647 1020 925 1150 1366 1553 1602 1361 1580 1521 1166 1094 
1126 1290 1443 1391 1153 1335 1322 1619 1339 1344 1039 1294 900 1034 692 751 565 504 484 547 461 621 633 991 1071 1236 1192 1116 1378 1202 1419 1616 1162 1618 
1192 1089 1138 1392 1400 1639 1736 1226 1637 1107 1414 1294 1117 976 646 548 493 536 551 422 525 578 727 1040 974 1170 1210 1160 1474 1366 1272 1755 1212 1342 
1136 936 1456 1512 1380 1749 1339 1759 1490 1592 1221 944 814 698 826 719 589 574 575 540 459 575 869 974 1078 1183 1141 1417 1296 1197 1373 1494 1266 1616 
1069 1079 1456 1503 1152 1755 1388 1603 1427 1514 1392 1304 1007 1004 690 551 672 459 500 442 552 629 814 959 938 1297 1293 1358 1273 1259 1414 1264 1719 1337 
965 1035 1357 1192 1254 1334 1438 1364 1160 1438 1271 1090 828 778 890 685 642 522 485 435 550 632 848 911 880 1295 1176 1477 1565 1738 1434 1359 1650 1262 
1034 1228 1454 1229 1627 1376 1404 1363 1507 1475 1295 1263 996 985 893 585 676 464 451 451 457 709 652 913 1134 1180 1121 1295 1468 1459 1349 1675 1485 1283 
1051 926 1356 1582 1315 1715 1375 1200 1147 1150 1178 919 1145 811 876 555 473 421 483 514 578 622 765 1009 909 960 1223 1582 1395 1657 1443 1702 1706 1336 
851 1136 1205 1410 1587 1394 1755 1259 1496 1563 1190 1262 1110 1024 685 697 623 501 468 606 473 660 801 809 880 1340 1156 1275 1393 1641 1224 1778 1389 1542 
872 1222 1005 1406 1400 1355 1510 1392 1372 1527 1406 1176 1068 844 886 643 572 415 553 493 626 720 657 776 1091 1229 1392 1330 1366 1603 1288 1197 1189 1383 
1076 1126 1055 1463 1464 1614 1638 1581 1149 1595 1271 942 879 1023 613 659 592 424 464 598 456 695 749 765 921 986 1018 1215 1185 1462 1511 1543 1262 1416 
1179 930 1212 1440 1256 1590 1230 1564 1526 1156 1429 1079 1130 889 713 529 594 543 494 552 545 563 762 705 998 1300 1089 1608 1672 1419 1592 1414 1403 1424 
818 974 1273 1252 1355 1292 1360 1557 1451 1513 1374 953 1013 945 713 663 589 585 440 446 629 753 819 852 1073 1202 1320 1392 1647 1222 1542 1356 1463 1380 
1012 949 1039 1581 1178 1305 1223 1454 1529 1303 1134 1012 1113 1000 792 566 592 563 599 542 494 620 603 699 810 1297 1206 1491 1571 1480 1383 1495 1634 1448 
818 929 1099 1134 1383 1189 1444 1617 1425 1436 1253 1042 825 728 698 659 661 570 548 570 637 730 714 737 1013 1091 1430 1251 1650 1242 1309 1638 1627 1420 
935 969 1454 1320 1581 1450 1690 1676 1534 1208 1273 1012 1200 841 890 720 634 448 587 469 676 578 666 988 917 1079 1032 1429 1242 1295 1647 1483 1479 1502 
800 942 1241 1097 1492 1466 1736 1535 1719 1447 1130 986 918 699 655 733 561 589 414 462 494 688 862 1036 1149 1296 1209 1544 1591 1432 1501 1188 1364 1416 
923 921 1453 1167 1276 1734 1523 1646 1552 1525 1385 1160 885 901 820 620 650 462 567 490 659 751 762 988 1006 1253 1328 1587 1232 1449 1774 1214 1681 1155 
1005 1030 1106 1284 1438 1349 1743 1405 1707 1331 1335 1278 891 736 765 627 528 472 432 541 570 762 602 715 1132 1114 1019 1246 1642 1627 1214 1223 1672 1132 
1144 1204 1233 1215 1368 1772 1335 1490 1604 1390 1348 1142 908 736 755 666 653 442 493 608 548 746 740 790 859 1074 1223 1303 1270 1583 1407 1591 1516 1152 
876 948 1328 1578 1454 1426 1390 1421 1203 1363 1074 1214 1192 788 833 538 516 602 445 529 555 632 880 720 909 943 1057 1565 1565 1773 1505 1587 1536 1407 
873 1124 1326 1440 1383 1488 1566 1365 1303 1423 1007 993 810 930 617 590 656 507 475 606 525 610 639 758 916 1245 1366 1510 1642 1673 1288 1689 1380 1156 
814 1193 1370 1456 1505 1449 1621 1491 1513 1127 1137 1225 853 986 852 529 584 522 536 586 458 623 686 833 1090 1222 1297 1445 1162 1359 1645 1412 1643 1386 
969 1046 1380 1544 1410 1197 1553 1460 1512 1411 1023 1210 986 1013 623 735 656 552 434 593 593 522 841 768 820 1318 1487 1473 1467 1684 1227 1462 1178 1279 
1138 1256 1271 1573 1326 1615 1621 1392 1466 1238 1063 1221 1059 826 682 681 457 616 551 609 631 672 615 996 1144 1026 1104 1204 1255 1337 1618 1420 1682 1528 
1165 920 1495 1136 1445 1499 1591 1460 1236 1186 1381 1094 1048 727 668 646 489 533 439 422 653 617 832 842 802 1056 1317 1445 1649 1525 1378 1730 1436 1279 
1004 1205 1308 1261 1448 1395 1712 1316 1499 1168 1098 1350 1071 888 668 626 518 522 460 614 460 773 670 724 975 1035 1297 1433 1387 1393 1331 1737 1422 1270 
1192 1143 1301 1329 1425 1622 1274 1533 1569 1564 1232 1167 945 718 609 750 575 557 429 443 486 631 711 887 928 1341 1007 1485 1676 1707 1340 1719 1187 1354 
1006 1177 1146 1502 1673 1514 1466 1738 1668 1297 1456 990 846 991 683 573 653 496 592 518 664 701 896 863 802 936 1230 1323 1612 1739 1690 1308 1215 1617 
991 1117 1177 1491 1710 1693 1527 1264 1260 1401 1473 1307 1075 977 657 672 651 508 464 599 453 700 761 922 1053 1335 1494 1569 1499 1307 1497 1258 1270 1114 
1001 1231 1250 1618 1220 1350 1509 1263 1518 1307 1202 1044 906 1027 610 663 563 426 446 577 675 550 666 986 897 944 1166 1432 1680 1709 1591 1688 1232 1543 
1040 1022 1315 1439 1216 1650 1242 1558 1445 1185 1252 1348 1032 766 617 520 461 506 580 521 672 669 834 922 921 1029 1471 1341 1660 1337 1685 1393 1354 1188 
898 1108 1124 1413 1588 1536 1565 1468 1452 1404 1303 1274 967 832 661 774 480 446 516 586 573 660 699 850 904 1114 1014 1509 1549 1359 1397 1717 1365 1178 
836 1250 1016 1195 1551 1667 1313 1187 1245 1614 1323 1214 812 815 794 709 625 471 424 544 609 534 850 957 841 925 1390 1401 1442 1230 1603 1596 1616 1355 
1143 1006 1160 1312 1452 1649 1391 1381 1462 1212 1131 1351 1089 802 640 700 662 528 423 555 642 663 639 951 1082 1354 1203 1099 1698 1306 1540 1284 1701 1214 
970 965 1422 1542 1171 1546 1593 1316 1212 1105 1403 1000 936 703 603 733 640 499 528 519 478 679 858 737 1181 1201 1160 1221 1397 1296 1678 1594 1414 1284 
1046 1112 1159 1435 1262 1572 1364 1294 1476 1189 1479 992 872 985 746 767 650 519 596 540 533 618 773 852 813 1240 1253 1136 1435 1686 1414 1267 1472 1206 
834 1080 1076 1299 1659 1602 1752 1374 1461 1253 1477 1236 904 925 701 734 608 552 599 435 491 640 781 1012 1125 1141 1481 1530 1419 1209 1579 1240 1292 1542 
875 982 1301 1339 1697 1767 1583 1511 1469 1410 1376 1077 839 738 630 742 529 494 415 501 625 600 710 763 1108 1179 1338 1231 1697 1389 1621 1270 1552 1367 
995 1344 1012 1591 1558 1280 1777 1375 1176 1430 1202 1045 839 827 788 574 485 529 486 602 488 750 672 697 910 1192 1464 1417 1302 1472 1697 1691 1212 1229 
1066 1035 1128 1358 1617 1550 1626 1496 1571 1476 1254 1102 1139 840 794 709 634 609 422 531 545 686 618 877 849 1306 1391 1176 1369 1418 1506 1197 1522 1339 
1073 926 1268 1117 1577 1606 1686 1191 1220 1309 1348 1189 947 847 666 526 491 452 401 428 519 748 707 867 807 1179 1471 1207 1246 1468 1789 1345 1374 1261 
