50 3 20
16 5
850 75 77 85 96 112 130 149 169 187 203 214 222 225 222 214 203 187 169 150 130 112 96 85 77 75 77 85 96 112 130 149 169 187 203 214 222 225 222 214 203 187 169 150 130 112 96 85 77 75 77 
850 100 103 113 129 149 174 199 225 249 270 286 296 300 296 286 270 250 225 200 174 150 129 113 103 100 103 113 129 149 174 199 225 249 270 286 296 300 296 286 270 250 225 200 174 150 129 113 103 100 103 
100000 5000 5170 5669 6464 7499 8705 9999 11294 12499 13535 14330 14829 15000 14829 14330 13535 12500 11294 10000 8705 7500 6464 5669 5170 5000 5170 5669 6464 7499 8705 9999 11294 12499 13535 14330 14829 15000 14829 14330 13535 12500 11294 10000 8705 7500 6464 5669 5170 5000 5170 
1499 1482 1433 1353 1250 1129 1000 870 750 646 566 517 500 517 566 646 
890 1186 1329 1618 1061 1653 915 2048 1465 1337 2067 721 1937 623 1227 1066 721 878 419 473 571 426 327 689 416 384 1459 1555 1408 2059 2203 734 884 664 
1144 781 1076 1273 1729 900 931 983 819 1578 1447 1172 1299 720 460 359 1091 732 333 552 774 395 291 496 457 1165 1180 1133 1240 1532 1078 1913 1703 1874 
873 830 1464 1183 1133 1945 2179 671 1936 804 1268 1056 1590 696 1461 1105 663 328 496 386 773 249 544 530 383 637 679 627 1638 1471 1528 1057 2210 769 
845 1298 959 551 1844 1446 1406 1653 996 676 985 1891 1215 1796 949 777 1060 360 637 453 363 660 261 758 977 1001 809 1692 1047 2146 969 1635 1546 1366 
998 646 934 1179 728 1057 985 1232 1365 957 1737 700 514 718 425 786 319 329 870 579 346 337 896 299 1131 1260 981 889 698 878 1498 926 2192 1759 
