50 3 20
16 50
850 112 96 85 77 75 77 85 96 112 130 149 169 187 203 214 222 225 222 214 203 187 169 150 130 112 96 85 77 75 77 85 96 112 130 149 169 187 203 214 222 225 222 214 203 187 169 150 130 112 96 
850 150 129 113 103 100 103 113 129 149 174 199 225 249 270 286 296 300 296 286 270 250 225 200 174 150 129 113 103 100 103 113 129 149 174 199 225 249 270 286 296 300 296 286 270 250 225 200 174 150 129 
100000 7500 6464 5669 5170 5000 5170 5669 6464 7499 8705 9999 11294 12499 13535 14330 14829 15000 14829 14330 13535 12500 11294 10000 8705 7500 6464 5669 5170 5000 5170 5669 6464 7499 8705 9999 11294 12499 13535 14330 14829 15000 14829 14330 13535 12500 11294 10000 8705 7500 6464 
1249 1353 1433 1482 1499 1482 1433 1353 1250 1129 1000 870 750 646 566 517 
448 456 556 652 815 1031 842 1095 1267 1368 1442 1385 1786 1709 1611 1186 1374 1281 902 899 733 524 493 482 531 615 598 739 840 1029 1089 1231 1145 1563 
542 501 477 768 626 973 957 1026 1314 1126 1245 1769 1492 1237 1568 1409 1285 1087 1137 941 624 566 525 526 509 495 478 582 660 715 979 1232 1026 1320 
428 436 558 690 805 1004 1050 1218 1082 1333 1569 1260 1600 1418 1288 1547 1106 1319 802 710 843 562 600 463 556 538 475 614 864 1036 988 1042 1170 1408 
458 541 554 520 694 878 1079 1275 1401 1268 1259 1778 1589 1545 1313 1195 1060 962 860 888 784 556 521 477 452 598 617 769 806 913 1067 1027 1427 1386 
535 496 503 705 898 753 856 955 1471 1251 1635 1282 1374 1591 1612 1109 1163 1115 1131 948 783 586 625 447 416 447 485 729 771 886 1057 1243 1174 1558 
515 484 621 561 728 752 996 1047 1328 1562 1656 1224 1614 1617 1314 1520 1196 1085 855 1032 861 535 459 428 597 451 672 626 713 973 961 1076 1180 1203 
417 442 580 659 721 730 1030 1344 1117 1438 1476 1445 1785 1510 1218 1340 1387 1120 844 992 779 601 476 584 445 520 677 683 824 1021 897 940 1331 1589 
530 555 500 728 854 863 1176 1067 1257 1517 1299 1632 1541 1230 1647 1348 1098 943 1125 919 624 704 501 418 526 533 513 684 787 861 1022 921 1016 1254 
477 567 549 590 628 933 1106 1257 1014 1402 1708 1287 1358 1344 1189 1464 1323 1279 894 934 671 708 607 463 558 566 594 721 699 876 902 1150 1210 1211 
595 439 510 698 844 935 836 1047 1168 1398 1284 1583 1741 1760 1172 1517 1299 1064 836 712 815 674 488 518 415 471 456 523 628 977 1092 1242 1451 1391 
485 434 535 558 676 796 934 1343 1285 1168 1180 1475 1757 1516 1675 1215 1013 1320 1023 697 637 607 575 416 421 582 574 746 816 985 922 923 1059 1171 
464 455 519 760 717 992 993 1256 1073 1201 1251 1296 1605 1593 1589 1596 1116 944 986 962 685 757 585 567 556 601 626 547 605 979 912 1245 1416 1162 
586 583 598 661 805 760 1191 1112 1329 1556 1172 1701 1514 1357 1711 1558 1448 1052 922 972 859 580 514 485 438 484 586 770 704 817 901 1209 1442 1386 
585 474 530 673 777 995 872 1313 1469 1527 1686 1604 1368 1613 1206 1479 1158 1003 1146 819 791 519 525 483 454 516 501 773 647 981 1130 1302 1415 1134 
418 594 508 618 762 925 1193 1090 1078 1381 1607 1372 1650 1626 1574 1447 1480 1220 1100 717 725 523 469 446 448 484 530 760 719 908 1054 1282 1026 1309 
480 495 567 670 756 824 1108 1255 1229 1462 1411 1319 1646 1454 1713 1359 1346 1355 1093 840 803 673 514 546 561 569 501 685 706 783 1116 1019 1381 1377 
558 471 593 578 855 1020 946 1023 1417 1160 1247 1603 1357 1538 1584 1446 1240 1183 1008 806 780 708 635 478 569 417 614 749 707 696 894 1288 1052 1282 
410 503 666 553 859 952 974 1152 1315 1307 1469 1402 1491 1343 1628 1538 1368 1182 803 716 828 522 647 582 430 454 514 739 886 932 844 1179 1164 1189 
408 442 571 564 838 903 965 1095 1069 1529 1488 1373 1779 1411 1254 1451 1366 1188 945 913 826 577 645 495 500 544 512 706 734 993 1065 1185 1313 1219 
420 418 548 651 764 837 1082 1162 1027 1460 1705 1554 1472 1493 1422 1123 1245 996 813 891 801 672 569 561 545 426 615 524 899 922 1058 1082 1306 1092 
555 549 630 745 735 974 814 1189 1478 1110 1623 1772 1461 1547 1291 1190 1073 985 893 958 665 541 484 425 497 448 677 530 753 725 907 1024 1156 1322 
513 458 460 591 880 934 1187 1015 1169 1510 1285 1209 1782 1411 1442 1392 1426 1192 804 819 747 634 523 496 401 507 476 625 750 772 972 1081 1044 1419 
512 500 537 713 611 1004 1082 1115 1007 1497 1256 1699 1523 1365 1471 1563 1374 1203 808 812 805 761 487 480 553 434 671 689 753 741 899 969 1325 1173 
433 437 489 703 718 841 936 1259 1338 1147 1476 1206 1283 1764 1581 1515 1081 958 840 733 669 766 527 500 505 566 657 610 798 936 938 946 1190 1265 
458 542 582 739 681 937 962 1331 1478 1368 1170 1316 1702 1258 1479 1397 1000 1038 1114 884 621 586 518 604 582 598 604 772 655 822 913 1072 1187 1375 
425 594 528 689 774 870 1192 1190 1236 1505 1288 1533 1292 1676 1606 1091 1030 922 1102 739 763 525 641 542 463 543 490 704 709 872 921 1138 1336 1292 
502 513 594 587 876 800 939 1205 1360 1485 1707 1370 1735 1692 1161 1252 1302 929 1134 779 872 657 541 420 549 522 527 609 886 940 1016 973 1133 1361 
432 434 455 661 690 949 985 1238 1186 1534 1503 1483 1422 1210 1326 1484 1451 924 947 953 711 642 652 561 419 599 489 599 832 970 1012 1231 1030 1171 
490 526 608 686 642 805 1149 1146 1158 1481 1433 1633 1227 1443 1555 1251 1200 1078 992 726 885 728 641 505 545 559 486 706 810 931 957 1351 1211 1347 
512 617 657 722 670 1012 907 1099 1271 1527 1393 1773 1471 1323 1239 1497 1323 1264 1140 1033 863 687 553 469 426 473 598 650 734 854 827 1222 1368 1135 
467 435 551 716 821 893 936 1112 1285 1549 1444 1392 1669 1328 1442 1316 1458 1304 1132 882 610 657 667 536 536 618 622 712 750 910 1083 1002 1271 1501 
530 477 669 566 737 953 813 943 1269 1376 1351 1346 1474 1556 1695 1565 1243 1094 891 740 750 680 598 504 402 509 634 702 811 842 821 1312 1155 1100 
421 510 493 660 857 804 940 923 1476 1304 1466 1701 1352 1714 1643 1087 1352 1229 977 773 831 724 498 510 402 541 606 673 866 769 814 1266 1188 1431 
499 548 577 711 604 845 1040 1042 1311 1353 1465 1415 1326 1381 1211 1151 1067 920 1130 904 741 521 489 416 455 524 572 772 802 985 1157 932 1069 1423 
416 463 637 673 692 942 870 1216 1040 1342 1705 1636 1244 1324 1519 1405 1006 1332 889 940 668 695 658 581 584 440 520 686 827 753 1016 1317 1452 1190 
446 587 462 631 738 860 1005 1292 1418 1092 1246 1200 1673 1333 1152 1393 1027 1105 869 880 795 742 565 440 437 450 464 640 857 974 1170 1188 1497 1478 
548 505 553 697 603 979 1077 981 1487 1395 1185 1304 1778 1647 1602 1371 1460 1133 937 698 639 534 646 543 560 543 673 618 758 746 813 1006 1160 1480 
558 431 498 573 796 915 1199 932 1361 1349 1427 1460 1492 1528 1354 1461 1259 1058 879 911 602 669 460 482 493 551 581 759 751 912 1061 1097 1459 1180 
432 525 466 552 822 958 1082 910 1337 1151 1370 1507 1416 1343 1396 1548 1258 925 1041 1039 814 621 604 503 469 580 629 658 776 954 1174 1076 1234 1547 
490 578 604 775 806 871 828 1290 1494 1479 1574 1460 1244 1407 1365 1205 1399 939 1121 957 779 607 606 441 487 615 666 769 803 1021 858 1275 1303 1106 
441 466 468 653 810 814 1193 1265 1160 1430 1218 1508 1536 1545 1704 1346 1105 1070 804 1010 837 749 522 463 497 522 613 753 808 936 1004 1203 1382 1122 
589 519 466 736 686 954 1139 1017 1003 1558 1308 1326 1634 1282 1618 1275 1188 1103 973 933 719 517 678 597 457 465 472 596 712 968 1083 943 1078 1470 
418 466 464 746 621 984 1141 1231 1127 1495 1645 1424 1497 1718 1652 1165 1394 1194 1188 790 651 685 549 562 548 437 595 741 713 709 899 1016 1121 1096 
522 604 610 518 754 794 1057 1095 1222 1542 1175 1347 1461 1222 1445 1380 1241 1082 1085 865 845 758 585 445 580 565 471 709 745 719 961 1001 1278 1558 
476 518 581 666 626 715 1082 1125 1139 1546 1526 1211 1658 1633 1503 1126 1140 980 1162 818 892 528 470 526 417 441 646 763 882 865 1071 955 1396 1166 
458 516 612 536 637 925 1177 957 1454 1522 1213 1308 1375 1400 1431 1393 1417 1025 1104 700 667 723 601 460 410 528 609 535 896 817 1012 1293 1350 1499 
411 518 542 522 831 913 893 1323 1323 1325 1497 1556 1777 1573 1417 1539 1128 1297 1061 814 894 548 569 486 589 582 615 681 653 918 1010 1334 1098 1603 
484 537 557 523 727 974 1157 1181 1461 1406 1284 1460 1443 1220 1282 1102 1439 1063 903 705 710 690 566 444 462 491 517 667 662 859 1057 1196 1171 1489 
535 428 675 690 859 850 1114 1062 1432 1165 1685 1629 1773 1488 1515 1290 1319 1010 994 933 771 545 555 478 472 597 660 663 712 824 1000 986 1030 1411 
422 544 461 581 893 802 935 1338 1050 1402 1218 1711 1741 1362 1282 1161 1219 1080 1153 802 602 655 660 589 505 485 644 649 740 1026 884 1161 1385 1420 
