20 6 20
11 5
340 130 149 169 187 203 214 222 225 222 214 203 187 169 150 130 112 96 85 77 75 
340 174 199 225 249 270 286 296 300 296 286 270 250 225 200 174 150 129 113 103 100 
340 217 249 282 312 338 358 370 375 370 358 338 312 282 250 217 187 161 141 129 125 
340 261 299 338 374 406 429 444 450 444 429 406 375 338 300 261 225 193 170 155 150 
340 304 349 395 437 473 501 519 525 519 501 473 437 395 350 304 262 226 198 180 175 
100000 8705 9999 11294 12499 13535 14330 14829 15000 14829 14330 13535 12500 11294 10000 8705 7500 6464 5669 5170 5000 
1129 1000 870 750 646 566 517 500 517 566 646 
711 776 816 1205 1211 1227 1623 1235 1372 
868 914 1057 1291 1101 1257 1513 1648 1315 
790 785 812 1290 1124 1615 1150 1705 1246 
807 952 1112 976 1431 1360 1685 1240 1278 
799 760 1001 1231 1308 1315 1468 1706 1213 
