50 3 20
36 100
850 85 77 75 77 85 96 112 130 149 169 187 203 214 222 225 222 214 203 187 169 150 130 112 96 85 77 75 77 85 96 112 130 149 169 187 203 214 222 225 222 214 203 187 169 150 130 112 96 85 77 
850 113 103 100 103 113 129 149 174 199 225 249 270 286 296 300 296 286 270 250 225 200 174 150 129 113 103 100 103 113 129 149 174 199 225 249 270 286 296 300 296 286 270 250 225 200 174 150 129 113 103 
100000 5669 5170 5000 5170 5669 6464 7499 8705 9999 11294 12499 13535 14330 14829 15000 14829 14330 13535 12500 11294 10000 8705 7500 6464 5669 5170 5000 5170 5669 6464 7499 8705 9999 11294 12499 13535 14330 14829 15000 14829 14330 13535 12500 11294 10000 8705 7500 6464 5669 5170 
1433 1482 1499 1482 1433 1353 1250 1129 1000 870 750 646 566 517 500 517 566 646 749 870 999 1129 1249 1353 1433 1482 1499 1482 1433 1353 1250 1129 1000 870 750 646 
252 383 444 706 737 789 770 1141 733 590 1665 2056 1551 2238 
792 442 717 669 547 689 1076 1101 1486 837 851 2121 2196 806 
820 596 347 492 870 717 641 617 578 1327 1845 1600 841 2319 
332 452 641 622 289 569 746 789 1219 772 1594 1861 1065 2312 
447 500 571 274 371 728 797 474 802 1794 1197 873 1539 718 
476 711 542 332 579 785 418 1051 1302 1422 1663 1479 958 1727 
438 295 687 603 333 719 1095 1374 1555 686 1450 1881 1422 1252 
733 299 335 826 604 350 880 535 964 1421 1553 1908 2006 605 
504 724 784 747 236 440 891 910 1331 1743 1454 1811 1846 993 
605 278 530 262 836 893 948 810 619 672 1017 1764 936 1764 
730 240 471 624 870 480 664 631 1111 1246 624 1544 697 1720 
482 686 505 592 558 451 734 1367 623 656 1952 1158 677 1053 
554 356 519 752 824 380 1039 1215 1344 1119 1375 1174 814 1766 
533 548 665 324 355 595 817 553 1220 726 657 1066 1397 1144 
388 677 256 478 709 593 1040 1360 516 1759 867 1057 866 1455 
341 824 258 756 371 822 717 1019 1314 1083 1382 1755 1425 1791 
282 763 339 624 321 644 555 820 1030 1242 589 1737 1805 1060 
308 634 307 679 508 320 520 1047 1499 801 1333 1328 1209 1996 
596 233 421 254 850 980 745 1226 1153 1101 1585 1792 1039 1338 
783 336 441 704 865 428 967 651 601 1600 1567 1154 919 2323 
440 625 730 540 755 893 1057 916 1553 622 1868 1562 578 1590 
635 566 279 289 408 752 449 667 743 1672 1442 1364 2070 1886 
885 423 681 465 803 756 992 421 1564 1513 1320 2051 1273 1755 
718 252 743 556 359 871 423 754 600 1104 1038 1291 2023 1385 
536 403 534 432 789 951 791 1246 527 834 626 2103 830 1677 
370 705 374 300 741 591 590 639 1457 483 739 1058 2073 1357 
688 784 429 382 689 330 1072 995 935 836 1033 1003 2093 2306 
553 209 609 790 672 612 745 1110 928 682 1375 1301 795 1709 
850 530 399 444 340 522 994 938 1126 1372 1989 1483 1139 1957 
393 452 692 528 365 423 555 755 1349 1666 1613 2107 1937 2350 
473 740 500 618 884 310 382 834 648 839 1954 796 1223 1280 
757 544 392 551 447 735 658 610 513 1558 511 1413 1652 2105 
635 765 456 698 686 378 886 1303 1257 1121 927 566 1479 1188 
248 607 792 823 653 285 848 1218 1356 566 1912 2060 1580 1065 
400 785 359 680 555 300 796 1095 1462 472 997 1971 1274 2030 
664 575 320 218 299 521 542 1133 1047 1521 1593 1758 2220 1775 
649 709 622 348 750 330 1110 1186 1173 1004 1947 709 1770 735 
488 691 283 506 559 1016 877 1226 923 800 1847 1152 770 1956 
604 470 319 785 533 713 363 969 1167 1138 1732 1922 889 1327 
269 532 293 797 734 689 1058 835 1290 672 1415 984 1185 854 
496 240 525 294 437 995 302 545 743 1049 1848 1301 1082 1714 
505 522 227 821 792 851 892 562 939 1616 948 815 2141 1247 
370 675 377 496 315 600 849 671 1066 964 1923 1268 1999 634 
906 314 508 756 324 335 313 900 1423 1573 1906 1157 1636 716 
314 499 263 221 831 799 999 765 767 1344 1541 1979 918 1908 
708 482 575 484 752 457 671 1047 1108 1347 1586 1983 1096 2262 
277 819 483 379 771 822 318 1170 922 1095 1128 1911 2256 1130 
748 642 498 222 257 750 355 661 659 1101 1181 1096 1289 2290 
666 450 772 539 562 651 589 664 1147 1470 1926 1396 2269 1369 
860 465 226 474 496 887 338 560 1385 705 1057 1569 2150 2055 
530 351 426 488 295 911 448 646 1552 975 1359 1632 1864 2079 
758 414 211 762 306 611 515 950 1289 1105 1659 869 2270 2366 
655 807 236 507 591 758 594 721 697 1123 1841 644 1583 668 
721 601 309 662 903 661 618 492 1452 472 728 1738 1527 957 
888 780 554 623 741 490 681 1274 665 1594 812 1482 735 754 
697 808 697 741 483 388 982 1050 1195 1277 739 1215 920 2141 
367 442 311 632 409 444 993 915 1018 563 1064 1620 1152 711 
267 674 493 720 705 507 735 553 652 1742 746 1103 1353 1219 
868 795 306 525 687 600 816 1239 1155 1790 1645 1606 1456 1034 
828 625 239 529 237 438 412 741 1198 1336 1540 1143 584 1300 
859 775 577 648 607 978 1184 512 1212 892 882 1924 1213 2327 
836 689 321 326 569 1029 1138 744 762 567 1310 1967 2138 1874 
870 626 585 597 516 270 340 1262 647 1148 1837 1728 856 2207 
470 234 291 812 627 564 1087 1167 867 1689 1707 1818 982 778 
304 789 417 514 273 548 376 863 1446 1459 723 935 1298 2075 
411 755 765 535 637 269 1176 1120 830 1411 1506 1117 1064 2277 
837 736 342 700 275 753 789 529 683 1390 1095 1436 1134 1785 
896 477 255 815 621 1022 892 350 772 1215 770 2126 1974 1736 
616 646 519 718 747 771 1028 755 975 1154 1348 806 2235 2070 
726 259 616 723 355 490 700 374 851 614 1700 1527 1237 1861 
541 435 595 727 502 350 356 868 770 805 1329 1889 1005 1654 
318 264 272 798 463 332 949 1118 1588 1655 580 2160 1097 760 
705 263 401 641 806 699 920 1034 1406 892 1107 760 1902 1784 
339 691 285 426 602 890 1111 554 1094 862 502 1127 942 1451 
793 765 265 474 597 781 530 1375 1270 717 1691 826 1237 1551 
688 283 646 748 521 746 976 1126 1253 983 1790 1625 2063 852 
886 297 367 565 254 806 862 741 814 506 1758 930 1956 2086 
879 326 443 477 633 311 438 1215 689 1094 1283 846 746 794 
831 477 644 690 841 263 474 1279 740 934 1671 1986 2241 1207 
477 432 291 241 405 433 388 522 967 1529 916 1292 1543 838 
731 562 681 505 377 680 1044 433 1512 889 1348 1119 1443 1942 
635 611 276 338 719 623 459 736 1448 1139 1261 1101 924 1213 
726 619 483 306 593 459 742 579 926 456 1765 1588 584 2277 
630 284 200 696 364 306 634 1116 852 1658 1447 998 677 2360 
582 241 373 821 557 490 418 1182 1468 549 1157 985 1373 2004 
637 692 771 328 273 702 659 658 1353 772 646 1313 1252 909 
641 361 308 427 821 920 1033 558 1409 717 1694 594 1627 1140 
570 703 540 740 234 669 676 1245 855 838 1525 696 1747 619 
597 492 461 269 602 807 919 1377 569 1481 1200 1648 1342 869 
784 551 421 660 327 398 622 476 479 1309 1853 854 1442 726 
344 808 359 796 769 407 980 1027 688 529 692 2153 1847 1064 
581 424 379 793 666 867 897 948 901 468 1684 1296 2059 1597 
734 779 211 808 590 779 330 680 1341 1313 801 594 1952 1782 
323 335 762 411 805 526 961 663 1378 1607 1769 1418 2224 796 
336 666 554 523 318 446 381 573 1333 1703 1360 721 1046 1000 
371 625 624 752 543 394 1053 746 1500 480 1153 2056 2222 1680 
302 702 207 529 305 860 774 745 516 1554 1220 993 1011 1330 
611 231 731 750 788 430 993 1389 1506 674 1089 1059 1915 2291 
517 524 682 598 562 1026 664 856 1167 938 573 1837 1444 1963 
596 729 598 705 758 675 365 1342 1201 1181 724 1026 1325 876 
