5 2 20
3 50
1700 75 77 85 96 112 
100000 5000 5170 5669 6464 7499 
1499 1482 1433 
1408 1171 
1120 1048 
1473 1118 
1339 1023 
1127 1178 
1598 1368 
1467 1103 
1484 1356 
1433 1042 
1181 1378 
1449 1385 
1103 1377 
1118 1091 
1568 1211 
1501 1312 
1520 1106 
1138 1345 
1594 1123 
1234 1220 
1327 1315 
1565 1465 
1205 1486 
1450 1345 
1545 1237 
1447 1129 
1300 1210 
1122 1169 
1239 1209 
1585 1352 
1616 1113 
1084 1210 
1458 1262 
1551 1242 
1522 1225 
1420 1244 
1257 1138 
1241 1192 
1557 1021 
1228 1471 
1500 1250 
1551 1013 
1377 1107 
1292 1112 
1292 1080 
1467 1000 
1159 1331 
1539 1446 
1102 1010 
1307 1443 
1587 1334 
