50 11 20
26 100
170 130 112 96 85 77 75 77 85 96 112 130 149 169 187 203 214 222 225 222 214 203 187 169 150 130 112 96 85 77 75 77 85 96 112 130 149 169 187 203 214 222 225 222 214 203 187 169 150 130 112 
170 174 150 129 113 103 100 103 113 129 149 174 199 225 249 270 286 296 300 296 286 270 250 225 200 174 150 129 113 103 100 103 113 129 149 174 199 225 249 270 286 296 300 296 286 270 250 225 200 174 150 
170 217 187 161 141 129 125 129 141 161 187 217 249 282 312 338 358 370 375 370 358 338 312 282 250 217 187 161 141 129 125 129 141 161 187 217 249 282 312 338 358 370 375 370 358 338 312 282 250 217 187 
170 261 225 193 170 155 150 155 170 193 224 261 299 338 374 406 429 444 450 444 429 406 375 338 300 261 225 193 170 155 150 155 170 193 224 261 299 338 374 406 429 444 450 444 429 406 375 338 300 261 225 
170 304 262 226 198 180 175 180 198 226 262 304 349 395 437 473 501 519 525 519 501 473 437 395 350 304 262 226 198 180 175 180 198 226 262 304 349 395 437 473 501 519 525 519 501 473 437 395 350 304 262 
170 348 300 258 226 206 200 206 226 258 299 348 399 451 499 541 573 593 600 593 573 541 500 451 400 348 300 258 226 206 200 206 226 258 299 348 399 451 499 541 573 593 600 593 573 541 500 451 400 348 300 
170 391 337 290 255 232 225 232 255 290 337 391 449 508 562 609 644 667 675 667 644 609 562 508 450 391 337 290 255 232 225 232 255 290 337 391 449 508 562 609 644 667 675 667 644 609 562 508 450 391 337 
170 435 375 323 283 258 250 258 283 323 374 435 499 564 624 676 716 741 750 741 716 676 625 564 500 435 375 323 283 258 250 258 283 323 374 435 499 564 624 676 716 741 750 741 716 676 625 564 500 435 375 
170 478 412 355 311 284 275 284 311 355 412 478 549 621 687 744 788 815 825 815 788 744 687 621 550 478 412 355 311 284 275 284 311 355 412 478 549 621 687 744 788 815 825 815 788 744 687 621 550 478 412 
170 522 450 387 340 310 300 310 340 387 449 522 599 677 749 812 859 889 900 889 859 812 750 677 600 522 450 387 340 310 300 310 340 387 449 522 599 677 749 812 859 889 900 889 859 812 750 677 600 522 450 
100000 8705 7500 6464 5669 5170 5000 5170 5669 6464 7499 8705 9999 11294 12499 13535 14330 14829 15000 14829 14330 13535 12500 11294 10000 8705 7500 6464 5669 5170 5000 5170 5669 6464 7499 8705 9999 11294 12499 13535 14330 14829 15000 14829 14330 13535 12500 11294 10000 8705 7500 
1129 1249 1353 1433 1482 1499 1482 1433 1353 1250 1129 1000 870 750 646 566 517 500 517 566 646 749 870 999 1129 1249 
1412 1549 1233 1221 1310 1254 1297 1455 1229 968 992 807 556 499 438 521 517 670 531 670 772 945 987 1399 
1437 1554 1193 1317 1432 1633 1364 1168 1202 836 1002 876 566 651 579 443 507 579 659 885 792 870 910 1451 
1317 1447 1714 1371 1718 1361 1282 1263 1294 875 819 756 614 499 542 593 553 489 771 858 725 1040 1251 1392 
1394 1157 1655 1202 1649 1557 1125 1031 1184 1098 865 869 605 621 526 420 432 679 673 718 986 1059 1214 1489 
1498 1306 1197 1644 1773 1608 1486 1011 1177 1197 967 892 528 553 459 423 566 533 617 657 1026 803 1278 1455 
1566 1247 1426 1604 1756 1385 1509 1442 977 1019 852 871 675 484 521 461 447 539 664 736 710 870 1219 1028 
1382 1605 1770 1648 1612 1683 1455 1160 1330 993 773 805 653 668 486 432 449 630 668 653 779 988 1006 1493 
1601 1599 1218 1505 1384 1707 1137 1424 1320 904 874 786 578 569 605 532 619 543 613 667 1010 1160 966 1131 
1192 1436 1531 1706 1637 1660 1269 1188 1262 1026 1036 799 539 480 489 484 578 595 527 699 937 1170 1216 1115 
1572 1210 1200 1535 1205 1237 1228 1300 1242 1190 848 798 686 617 557 551 531 626 754 876 713 831 1258 1341 
1207 1437 1478 1723 1696 1493 1344 1150 1179 1017 758 725 640 638 453 512 498 489 772 855 1043 990 1105 1193 
1235 1232 1369 1647 1524 1475 1611 1248 1064 892 916 811 545 495 441 421 446 527 694 601 826 877 1223 1249 
1555 1574 1736 1269 1456 1665 1140 1240 907 890 842 622 670 573 602 540 498 645 533 825 836 1007 1277 1425 
1447 1610 1327 1794 1462 1618 1602 1368 1317 856 968 783 592 675 522 446 606 499 610 694 922 834 1316 1054 
1473 1212 1329 1450 1366 1539 1130 1356 1078 827 827 754 538 558 502 513 499 560 754 892 820 1149 1314 1402 
1260 1148 1245 1401 1702 1498 1423 1245 1225 1011 856 768 765 674 576 566 541 655 640 654 748 834 1335 1125 
1265 1480 1519 1380 1247 1719 1509 1158 1156 914 846 745 769 610 427 518 598 519 737 757 738 1161 963 1163 
1504 1596 1639 1244 1297 1651 1463 1008 1240 814 963 648 665 674 424 574 432 547 518 770 795 848 1160 1066 
1560 1328 1428 1263 1260 1261 1453 1135 1074 1191 803 820 596 513 453 412 578 479 630 778 837 1056 1323 1265 
1339 1417 1371 1722 1604 1676 1529 1394 1072 903 1027 773 750 638 484 543 417 548 522 653 771 1144 1033 1276 
1485 1614 1381 1262 1677 1180 1619 1165 1064 907 934 641 708 530 593 442 448 559 554 805 1040 1166 1060 1342 
1296 1586 1576 1733 1314 1444 1184 1313 1320 1146 704 800 688 568 445 454 513 528 593 777 867 1129 937 1012 
1168 1161 1489 1579 1478 1657 1241 1078 1036 964 980 845 568 524 505 477 574 611 765 819 812 990 1208 1164 
1455 1658 1289 1747 1568 1177 1174 1407 1049 1092 836 630 552 532 435 418 537 555 760 715 925 1007 1333 1453 
1535 1415 1435 1323 1686 1540 1169 1219 1310 1170 759 677 642 663 457 427 567 476 522 671 776 844 931 1208 
1238 1551 1376 1486 1582 1516 1593 1114 1229 822 878 741 725 470 528 502 443 477 523 676 1008 1021 1178 1261 
1401 1357 1431 1595 1584 1274 1504 1010 1096 1088 724 737 752 548 620 472 445 465 578 714 840 1115 971 1213 
1373 1621 1341 1794 1392 1301 1145 1230 960 995 858 734 764 668 459 553 451 623 569 645 922 1111 923 1142 
1597 1591 1406 1351 1460 1262 1397 1013 1032 887 794 608 751 595 584 483 561 483 751 648 758 1105 1219 1244 
1525 1588 1481 1713 1631 1653 1269 1473 908 901 898 862 604 659 584 425 558 478 602 720 776 956 985 1413 
1520 1543 1376 1689 1196 1360 1546 1491 1208 992 916 699 690 480 519 453 482 507 610 750 703 1085 996 1259 
1177 1177 1476 1561 1526 1464 1603 1044 1333 911 738 872 711 610 556 403 455 520 545 844 857 830 1128 1062 
1093 1258 1221 1715 1236 1517 1293 1473 994 932 935 781 719 527 474 514 575 617 664 718 783 1145 1145 1165 
1591 1344 1352 1203 1641 1478 1411 1189 1016 927 994 643 697 670 492 427 489 665 695 851 802 851 1198 1308 
1106 1470 1650 1623 1766 1283 1123 1314 1137 994 813 622 730 603 512 570 477 570 718 605 912 842 1146 1387 
1274 1471 1257 1329 1285 1497 1540 1264 1154 831 940 821 774 543 483 517 551 518 598 799 857 1029 947 1167 
1389 1378 1604 1566 1310 1592 1384 1261 1324 1067 847 631 517 598 421 517 463 509 549 856 1029 849 1213 1423 
1191 1167 1244 1727 1253 1601 1513 1294 1127 935 818 757 623 653 512 401 613 540 757 705 707 915 1230 1015 
1147 1589 1597 1736 1246 1399 1535 1009 920 1098 839 689 721 456 464 468 549 538 587 848 965 1012 1213 1413 
1310 1480 1636 1359 1229 1642 1490 1039 1036 831 1004 647 587 583 588 537 452 486 728 889 734 856 1113 1147 
1467 1317 1706 1235 1439 1187 1574 1272 1061 1140 1013 788 655 655 478 582 614 523 524 726 1011 1190 953 1200 
1485 1531 1620 1437 1350 1322 1523 1055 1084 1043 839 667 544 467 458 539 599 565 572 805 842 840 1328 1341 
1325 1328 1358 1752 1200 1325 1288 1338 1314 998 839 771 540 649 620 485 532 573 767 839 742 912 916 1390 
1252 1452 1395 1294 1380 1406 1358 1254 954 1075 935 710 581 561 566 400 613 567 762 884 1027 949 934 1423 
1171 1713 1472 1636 1437 1561 1138 1136 1321 1086 990 668 632 482 462 496 506 616 536 882 974 1026 1181 1417 
1248 1312 1362 1465 1685 1503 1306 1472 996 1061 951 726 644 591 525 522 448 567 531 767 893 1007 1217 1326 
1104 1389 1278 1373 1469 1668 1510 1298 1082 872 779 734 606 593 572 452 583 656 605 829 851 945 1261 1104 
1387 1188 1302 1358 1222 1283 1508 1027 1152 1015 860 757 695 466 492 536 581 502 620 845 917 1033 1002 1155 
1208 1610 1646 1262 1766 1518 1433 1219 1231 930 806 882 750 480 571 535 568 570 623 671 845 1104 1285 1227 
1198 1235 1341 1728 1474 1695 1182 1282 1241 883 816 678 616 529 463 529 490 653 597 796 927 886 1002 1245 
1352 1451 1312 1486 1356 1151 1622 1121 1066 989 745 730 583 545 503 495 574 595 570 757 888 1002 926 1076 
1243 1188 1733 1756 1480 1603 1135 1210 1239 990 1025 829 632 680 616 469 435 536 567 822 1010 1121 937 1232 
1524 1323 1395 1589 1756 1421 1568 1117 1087 1183 952 829 557 533 554 474 524 670 654 628 934 859 1036 1018 
1294 1575 1443 1521 1766 1290 1388 1455 1111 892 915 858 693 630 609 430 556 523 562 788 1043 1033 1170 1106 
1091 1321 1620 1755 1407 1202 1501 1273 1019 902 941 605 679 468 559 433 495 471 703 856 831 861 1225 1060 
1209 1502 1490 1475 1750 1390 1518 1391 1092 1027 751 655 639 612 537 416 586 507 698 858 900 1113 1188 1282 
1302 1295 1278 1675 1387 1472 1105 1166 1002 842 997 798 661 458 544 577 427 569 583 681 887 813 1037 1411 
1275 1587 1756 1320 1296 1237 1535 1193 1068 1160 802 691 617 500 441 589 602 610 566 631 1025 1092 1234 1153 
1293 1501 1379 1229 1628 1370 1480 1453 963 1054 997 794 608 490 443 579 463 644 617 748 1039 988 1145 1046 
1456 1163 1358 1282 1682 1228 1141 1391 1307 839 871 856 727 517 440 489 534 532 681 684 908 1197 1235 1164 
1132 1519 1463 1757 1288 1710 1149 1431 906 994 978 770 658 465 434 405 454 650 715 746 728 976 917 1264 
1200 1223 1389 1585 1224 1178 1148 1437 940 1043 849 793 668 586 440 465 500 487 580 802 1040 994 1087 1364 
1622 1475 1749 1336 1491 1614 1268 1098 1188 1175 1008 824 627 676 447 540 507 615 532 645 856 936 958 1257 
1392 1619 1732 1326 1577 1536 1111 1265 944 1029 945 842 673 584 477 494 521 550 531 623 1043 1047 935 1474 
1383 1540 1729 1454 1550 1443 1094 1216 998 813 703 717 688 474 500 411 490 667 667 733 866 844 1137 1168 
1451 1709 1432 1554 1582 1166 1292 1358 1274 1187 850 871 637 594 431 409 448 458 663 870 935 959 1004 1449 
1526 1425 1722 1686 1707 1159 1570 1375 1349 1082 843 810 757 570 415 416 575 615 755 751 707 945 1317 1153 
1288 1577 1434 1738 1196 1429 1371 1305 1136 1085 1003 616 538 485 564 528 499 549 610 690 996 1027 979 1041 
1119 1602 1467 1567 1726 1535 1333 1056 1292 1160 797 601 655 565 569 543 543 649 662 838 696 1001 1187 1447 
1106 1529 1401 1649 1270 1668 1325 1365 1080 1125 719 621 596 616 416 468 565 650 705 693 942 1091 1190 1357 
1314 1656 1680 1270 1264 1363 1383 1189 916 1080 836 861 526 564 573 401 530 471 648 661 699 1144 997 1425 
1195 1591 1267 1429 1544 1578 1232 1033 1025 985 844 771 663 509 583 584 543 567 594 888 840 985 1086 1428 
1353 1502 1457 1678 1427 1542 1092 1221 1168 983 957 674 745 529 437 441 539 675 753 653 1038 1121 935 1162 
1189 1585 1608 1672 1616 1269 1602 1099 989 877 838 632 640 457 572 581 469 559 685 721 975 986 1327 1267 
1617 1456 1615 1460 1580 1702 1245 1177 984 1162 748 773 522 530 494 583 565 514 698 857 973 1149 960 1000 
1487 1194 1644 1692 1307 1347 1551 1210 926 1193 735 688 640 654 589 549 436 466 764 612 1027 1061 1353 1434 
1252 1162 1497 1349 1502 1433 1135 1218 1177 918 1003 880 654 548 490 440 523 646 566 657 1005 1162 1082 1106 
1423 1186 1383 1405 1631 1259 1309 1436 1000 952 1012 881 632 536 421 582 522 638 670 794 982 924 1025 1095 
1221 1381 1724 1211 1752 1491 1607 1211 1109 1006 804 637 581 503 547 544 580 670 703 617 1006 862 1196 1039 
1233 1189 1405 1401 1600 1660 1472 1329 970 1059 716 643 602 628 606 403 499 609 716 747 1000 879 905 1090 
1388 1201 1590 1326 1672 1589 1603 1285 1234 888 873 852 617 511 459 570 459 514 589 720 786 971 906 1308 
1308 1484 1447 1215 1568 1619 1175 1487 924 1145 818 738 716 529 489 596 589 482 558 742 942 1075 1182 1490 
1401 1542 1221 1257 1530 1604 1213 1398 1116 1181 1004 830 562 455 446 560 601 462 550 705 1004 875 1171 1439 
1450 1359 1372 1210 1223 1557 1138 1117 1106 824 946 899 705 529 421 421 554 503 650 670 929 1152 1055 1164 
1571 1220 1347 1733 1713 1656 1467 1396 1072 906 975 815 635 471 456 551 434 506 627 704 951 1082 967 1031 
1210 1467 1536 1446 1738 1598 1299 1096 1296 938 997 763 545 502 441 445 449 642 594 687 868 1094 1268 1337 
1586 1601 1303 1715 1311 1605 1428 1078 1096 1141 769 823 608 521 497 599 568 597 734 679 856 866 1185 1328 
1309 1612 1384 1757 1400 1640 1150 1036 1096 813 1006 811 614 617 612 568 546 612 597 647 1017 879 1237 1157 
1392 1516 1771 1477 1457 1693 1237 1259 1144 1068 789 684 734 646 563 401 448 674 570 760 711 1119 1303 1272 
1272 1391 1593 1225 1317 1428 1158 1343 1111 1103 1016 605 569 457 530 444 422 586 596 742 806 926 1133 1253 
1528 1345 1593 1481 1546 1473 1368 1328 959 828 1032 676 627 544 555 524 544 468 545 685 834 800 1016 1072 
1386 1410 1485 1259 1635 1200 1481 1282 974 1042 947 625 534 635 486 508 543 541 678 636 803 949 1267 1303 
1303 1366 1697 1247 1384 1597 1342 1317 1265 1162 961 665 706 506 413 429 420 663 657 732 701 989 979 1263 
1418 1639 1764 1462 1319 1182 1224 1041 986 896 813 806 749 557 564 400 531 513 727 708 834 802 1011 1091 
1297 1259 1322 1234 1558 1597 1148 1457 1333 1072 760 740 552 533 448 493 509 655 653 861 894 931 1274 1269 
1495 1484 1330 1515 1486 1662 1481 1288 1040 812 939 877 694 489 559 594 530 627 583 884 903 936 1344 1074 
1538 1319 1349 1711 1437 1677 1582 1246 1071 1061 864 654 623 595 438 439 596 624 701 751 892 891 1247 1469 
1355 1574 1210 1245 1627 1343 1345 1238 904 864 790 697 549 679 525 417 513 669 723 678 713 841 1064 1439 
1290 1383 1708 1635 1317 1633 1337 1008 1308 1191 777 757 599 657 587 555 564 652 526 736 1023 1000 1143 1253 
1231 1545 1369 1305 1753 1424 1495 1217 958 1111 923 894 573 476 486 476 614 573 611 730 923 1103 1141 1172 
