5 3 20
3 50
850 130 149 169 187 203 
850 174 199 225 249 270 
100000 8705 9999 11294 12499 13535 
1129 1000 870 
637 578 
826 673 
728 669 
743 612 
763 640 
842 623 
702 575 
716 617 
789 668 
899 629 
624 719 
807 677 
680 598 
857 695 
828 651 
855 773 
829 653 
747 745 
680 704 
630 639 
647 583 
697 538 
683 706 
726 565 
870 689 
684 587 
779 725 
861 617 
877 744 
690 714 
884 752 
690 601 
618 688 
671 641 
614 601 
737 766 
859 520 
643 554 
640 566 
727 671 
836 674 
875 594 
848 738 
744 598 
820 546 
700 580 
713 563 
693 615 
603 622 
733 728 
