10 3 20
8 50
850 130 149 169 187 203 214 222 225 222 214 
850 174 199 225 249 270 286 296 300 296 286 
100000 8705 9999 11294 12499 13535 14330 14829 15000 14829 14330 
1129 1000 870 750 646 566 517 500 
732 906 
522 726 
427 510 
510 846 
219 374 
590 375 
298 408 
466 381 
289 617 
700 859 
420 568 
677 555 
376 354 
560 646 
633 882 
710 434 
815 349 
417 772 
494 376 
561 645 
692 289 
277 596 
346 513 
304 452 
263 350 
602 278 
752 250 
592 867 
507 625 
755 441 
299 527 
294 876 
429 476 
782 401 
468 517 
556 377 
796 518 
325 376 
796 585 
425 319 
669 440 
246 228 
490 407 
755 709 
364 815 
765 826 
263 400 
297 580 
305 752 
449 568 
