10 3 20
8 100
850 75 77 85 96 112 130 149 169 187 203 
850 100 103 113 129 149 174 199 225 249 270 
100000 5000 5170 5669 6464 7499 8705 9999 11294 12499 13535 
1499 1482 1433 1353 1250 1129 1000 870 
713 640 
743 629 
739 637 
732 631 
713 636 
769 650 
772 628 
773 618 
720 644 
761 668 
714 655 
748 677 
772 673 
749 631 
727 673 
759 614 
760 625 
759 653 
756 656 
763 643 
735 655 
743 677 
729 632 
739 614 
720 627 
763 645 
730 649 
740 666 
778 653 
755 653 
734 665 
742 637 
728 659 
768 655 
755 629 
754 638 
715 652 
713 673 
721 674 
722 637 
765 655 
730 668 
747 668 
767 628 
731 637 
766 676 
764 650 
775 655 
731 627 
779 663 
781 618 
763 640 
776 623 
746 641 
715 632 
753 650 
737 627 
766 641 
785 647 
742 643 
781 670 
759 614 
724 666 
781 654 
719 637 
771 649 
753 622 
782 656 
724 660 
727 665 
778 639 
723 664 
732 666 
723 674 
738 646 
735 645 
769 633 
754 655 
767 621 
768 669 
784 635 
766 668 
767 635 
735 674 
732 626 
739 648 
776 634 
753 671 
759 668 
722 635 
754 659 
746 677 
748 629 
744 676 
774 676 
747 649 
779 659 
758 657 
719 650 
776 666 
