5 11 20
4 100
170 130 112 96 85 77 
170 174 150 129 113 103 
170 217 187 161 141 129 
170 261 225 193 170 155 
170 304 262 226 198 180 
170 348 300 258 226 206 
170 391 337 290 255 232 
170 435 375 323 283 258 
170 478 412 355 311 284 
170 522 450 387 340 310 
100000 8705 7500 6464 5669 5170 
1129 1249 1353 1433 
1090 
696 
2115 
2174 
1554 
1937 
2071 
1023 
945 
2320 
1648 
2034 
1836 
1551 
1709 
1773 
1940 
653 
1547 
1506 
929 
1782 
996 
1520 
1226 
1149 
1853 
1100 
743 
816 
752 
988 
1291 
1924 
2144 
712 
2140 
1540 
820 
1842 
694 
1985 
1780 
673 
1783 
1414 
1972 
951 
2370 
1220 
1700 
1686 
1225 
807 
2262 
1336 
2143 
1060 
665 
1874 
1534 
1318 
2052 
652 
1922 
2246 
1952 
1607 
1255 
1215 
1698 
1693 
1330 
1485 
2025 
1887 
1271 
2208 
790 
2206 
1556 
1234 
2131 
1612 
2320 
879 
731 
1392 
1877 
2349 
1863 
853 
2293 
2133 
1758 
1732 
1289 
964 
1410 
1236 
