50 2 20
16 5
1700 130 112 96 85 77 75 77 85 96 112 130 149 169 187 203 214 222 225 222 214 203 187 169 150 130 112 96 85 77 75 77 85 96 112 130 149 169 187 203 214 222 225 222 214 203 187 169 150 130 112 
100000 8705 7500 6464 5669 5170 5000 5170 5669 6464 7499 8705 9999 11294 12499 13535 14330 14829 15000 14829 14330 13535 12500 11294 10000 8705 7500 6464 5669 5170 5000 5170 5669 6464 7499 8705 9999 11294 12499 13535 14330 14829 15000 14829 14330 13535 12500 11294 10000 8705 7500 
1129 1249 1353 1433 1482 1499 1482 1433 1353 1250 1129 1000 870 750 646 566 
503 489 496 543 645 772 849 982 1109 1269 1322 1395 1468 1540 1481 1388 1298 1199 1099 1047 833 776 656 554 510 485 541 589 622 779 912 1020 1163 1248 
525 489 541 585 634 782 876 969 1094 1294 1375 1495 1450 1513 1484 1363 1403 1223 1096 956 893 776 648 580 526 508 503 574 664 778 871 1021 1164 1295 
540 502 529 542 644 725 876 1016 1146 1188 1287 1391 1433 1503 1518 1491 1338 1211 1073 997 833 741 629 560 501 512 515 555 660 761 841 1017 1137 1224 
505 483 511 552 629 779 863 1011 1133 1218 1315 1495 1504 1453 1454 1490 1295 1295 1148 1040 839 730 621 581 507 521 510 552 659 755 831 962 1136 1211 
506 487 511 581 620 721 874 986 1118 1286 1382 1427 1519 1516 1481 1385 1364 1219 1100 995 841 775 642 546 541 505 529 559 661 773 829 1000 1155 1224 
