5 6 20
2 50
340 96 112 130 149 169 
340 129 149 174 199 225 
340 161 187 217 249 282 
340 193 224 261 299 338 
340 226 262 304 349 395 
100000 6464 7499 8705 9999 11294 
1353 1250 
931 993 1025 
1344 941 748 
1124 901 753 
1174 1191 967 
955 1094 1024 
1232 1127 953 
1025 1072 806 
1205 1100 993 
1232 944 966 
1286 950 1022 
989 806 728 
1259 1088 700 
1309 940 1038 
1198 1132 894 
1143 1064 723 
1047 1161 832 
981 1082 748 
959 990 879 
1261 821 911 
1247 1086 874 
983 986 1015 
1156 909 988 
1184 1017 804 
1300 1086 931 
1165 973 1028 
1018 1182 701 
1324 1057 831 
980 914 887 
1092 1131 727 
1229 974 835 
1303 1071 1005 
907 954 883 
982 1076 783 
1146 979 1010 
1321 948 696 
984 820 1004 
1133 919 815 
1032 1131 971 
1106 962 889 
952 1117 745 
934 945 962 
1202 923 1009 
1057 989 1029 
1180 1015 1018 
1024 926 935 
1023 911 696 
1345 1142 901 
1071 918 898 
1108 979 957 
952 952 912 
