10 3 20
8 50
850 130 149 169 187 203 214 222 225 222 214 
850 174 199 225 249 270 286 296 300 296 286 
100000 8705 9999 11294 12499 13535 14330 14829 15000 14829 14330 
1129 1000 870 750 646 566 517 500 
465 642 
541 544 
604 533 
556 566 
429 561 
609 629 
480 645 
507 571 
584 554 
498 521 
610 556 
588 609 
511 582 
449 564 
472 616 
478 523 
424 664 
525 632 
596 521 
594 545 
478 633 
440 478 
572 645 
503 611 
577 555 
491 510 
448 627 
518 557 
466 656 
506 499 
545 647 
474 508 
512 547 
522 521 
528 638 
450 563 
511 462 
507 515 
413 600 
522 453 
415 647 
568 489 
616 655 
607 526 
528 502 
420 477 
429 630 
579 666 
539 635 
577 460 
