10 11 20
6 1
170 77 85 96 112 130 149 169 187 203 214 
170 103 113 129 149 174 199 225 249 270 286 
170 129 141 161 187 217 249 282 312 338 358 
170 155 170 193 224 261 299 338 374 406 429 
170 180 198 226 262 304 349 395 437 473 501 
170 206 226 258 299 348 399 451 499 541 573 
170 232 255 290 337 391 449 508 562 609 644 
170 258 283 323 374 435 499 564 624 676 716 
170 284 311 355 412 478 549 621 687 744 788 
170 310 340 387 449 522 599 677 749 812 859 
100000 5170 5669 6464 7499 8705 9999 11294 12499 13535 14330 
1482 1433 1353 1250 1129 1000 
808 702 744 654 
