50 11 20
26 50
170 112 130 149 169 187 203 214 222 225 222 214 203 187 169 150 130 112 96 85 77 75 77 85 96 112 130 149 169 187 203 214 222 225 222 214 203 187 169 150 130 112 96 85 77 75 77 85 96 112 130 
170 149 174 199 225 249 270 286 296 300 296 286 270 250 225 200 174 150 129 113 103 100 103 113 129 149 174 199 225 249 270 286 296 300 296 286 270 250 225 200 174 150 129 113 103 100 103 113 129 149 174 
170 187 217 249 282 312 338 358 370 375 370 358 338 312 282 250 217 187 161 141 129 125 129 141 161 187 217 249 282 312 338 358 370 375 370 358 338 312 282 250 217 187 161 141 129 125 129 141 161 187 217 
170 224 261 299 338 374 406 429 444 450 444 429 406 375 338 300 261 225 193 170 155 150 155 170 193 224 261 299 338 374 406 429 444 450 444 429 406 375 338 300 261 225 193 170 155 150 155 170 193 224 261 
170 262 304 349 395 437 473 501 519 525 519 501 473 437 395 350 304 262 226 198 180 175 180 198 226 262 304 349 395 437 473 501 519 525 519 501 473 437 395 350 304 262 226 198 180 175 180 198 226 262 304 
170 299 348 399 451 499 541 573 593 600 593 573 541 500 451 400 348 300 258 226 206 200 206 226 258 299 348 399 451 499 541 573 593 600 593 573 541 500 451 400 348 300 258 226 206 200 206 226 258 299 348 
170 337 391 449 508 562 609 644 667 675 667 644 609 562 508 450 391 337 290 255 232 225 232 255 290 337 391 449 508 562 609 644 667 675 667 644 609 562 508 450 391 337 290 255 232 225 232 255 290 337 391 
170 374 435 499 564 624 676 716 741 750 741 716 676 625 564 500 435 375 323 283 258 250 258 283 323 374 435 499 564 624 676 716 741 750 741 716 676 625 564 500 435 375 323 283 258 250 258 283 323 374 435 
170 412 478 549 621 687 744 788 815 825 815 788 744 687 621 550 478 412 355 311 284 275 284 311 355 412 478 549 621 687 744 788 815 825 815 788 744 687 621 550 478 412 355 311 284 275 284 311 355 412 478 
170 449 522 599 677 749 812 859 889 900 889 859 812 750 677 600 522 450 387 340 310 300 310 340 387 449 522 599 677 749 812 859 889 900 889 859 812 750 677 600 522 450 387 340 310 300 310 340 387 449 522 
100000 7499 8705 9999 11294 12499 13535 14330 14829 15000 14829 14330 13535 12500 11294 10000 8705 7500 6464 5669 5170 5000 5170 5669 6464 7499 8705 9999 11294 12499 13535 14330 14829 15000 14829 14330 13535 12500 11294 10000 8705 7500 6464 5669 5170 5000 5170 5669 6464 7499 8705 
1250 1129 1000 870 750 646 566 517 500 517 566 646 749 870 999 1129 1249 1353 1433 1482 1499 1482 1433 1353 1250 1129 
954 1315 926 624 681 619 771 609 368 351 747 1251 701 679 582 1174 865 1764 1805 2030 1544 897 1506 1795 
1278 1107 872 333 256 232 532 787 367 336 1133 941 1453 1757 507 1256 1578 2197 2222 2287 1343 744 1664 1463 
1179 600 1052 729 315 236 407 386 552 823 648 476 979 565 1355 1751 1112 2113 1376 2015 1955 1751 1572 1727 
1363 617 554 261 269 762 711 612 655 926 553 767 656 1575 1462 992 1433 2162 1963 702 2075 898 1221 944 
1024 1098 633 597 488 792 220 232 865 809 1043 576 695 1507 700 1044 1040 1984 2337 713 2164 2135 586 730 
1352 1334 506 429 251 660 309 732 506 793 747 1361 1483 1073 513 1112 2142 1039 1151 622 1419 612 1349 1301 
1098 1116 692 806 716 758 313 233 363 367 1086 483 564 1632 1502 2116 1287 1017 888 780 2269 802 1670 723 
984 702 386 285 661 781 313 355 505 976 1054 1009 876 1681 1582 1317 1271 886 1250 1543 1752 1940 534 755 
1362 661 569 855 638 758 549 601 409 959 442 483 1438 1311 700 1356 1341 630 2238 1277 741 1125 1155 1694 
1527 536 1156 568 591 760 456 717 694 474 704 462 487 1060 1613 1228 1793 1198 695 1260 1775 1094 1441 1104 
677 517 1185 813 437 539 326 508 344 893 750 1300 1459 616 729 1669 622 677 1932 1460 654 1547 1524 517 
524 887 1138 309 232 323 794 809 324 1001 1186 973 1432 1397 513 592 1132 911 1423 1433 1036 1643 1352 1116 
1156 1341 1104 636 588 295 750 650 628 853 785 1094 407 845 1452 1317 1274 1454 1377 997 2165 663 1844 606 
944 1217 1077 804 620 615 279 564 320 877 503 1298 1443 1448 587 1105 831 2184 990 684 999 1723 605 761 
511 647 694 267 241 743 216 217 542 890 621 814 448 624 1102 609 641 2144 1763 1971 1865 666 1708 1243 
1132 526 1106 279 658 547 738 312 301 553 940 954 412 768 1478 1744 753 1720 902 1945 961 734 533 1386 
1206 1307 893 508 369 715 774 695 662 520 395 1194 891 1500 1715 2114 941 1033 1591 1986 737 1057 672 458 
1558 624 407 973 260 601 642 234 370 380 625 358 1145 1242 1104 596 1869 1671 2339 1995 848 1171 1398 458 
406 1226 1066 791 789 343 711 360 555 375 866 796 1328 1331 1074 1111 1740 1078 1400 1507 1789 2095 691 619 
769 1029 472 698 784 422 287 444 857 708 391 951 514 473 1094 1556 2181 959 1877 2369 2290 702 1831 1222 
1526 788 474 824 587 515 324 561 568 742 381 1363 1192 1234 1140 2040 1031 1226 1287 2300 809 1752 1054 471 
935 1195 1168 694 685 762 364 442 704 433 738 1153 999 1442 1725 1537 1231 839 1616 675 1095 2119 1268 676 
583 897 632 689 590 467 495 212 894 892 835 635 505 1690 1492 835 1464 1981 2036 2320 1203 789 829 725 
1405 639 399 299 710 449 539 435 608 969 598 671 649 475 1364 2040 1177 1560 1305 1497 2081 547 887 577 
1342 1020 472 941 381 346 664 213 634 723 1035 842 626 1354 1767 1370 1106 2059 839 1270 1306 1332 1291 1519 
653 1159 967 919 239 813 422 796 732 916 594 630 1022 970 1901 1242 991 810 1263 603 1239 1512 1551 839 
472 361 507 374 771 668 407 426 265 859 863 470 1402 1293 1092 1044 1391 2179 1428 824 619 582 870 1229 
627 701 337 701 431 798 547 275 443 813 906 571 742 1368 687 690 971 1058 1712 1179 2280 1656 1736 1054 
1492 1122 693 775 822 531 410 372 703 419 936 667 720 1089 527 731 1320 1721 792 1289 882 763 577 707 
1503 799 1096 830 567 761 346 423 783 905 929 667 1045 741 1974 633 2096 873 2092 1599 2234 1930 1476 666 
1119 1329 991 815 312 794 444 549 329 994 470 1189 1252 1720 1000 1732 1971 726 1106 1829 1994 1200 1952 738 
1232 438 719 976 515 691 322 706 806 468 741 815 530 1674 1349 1852 1943 2273 2194 983 1126 1304 1800 490 
826 1223 1030 798 839 439 338 651 852 538 544 537 413 1661 1244 1107 697 1905 1856 688 1364 1775 1995 857 
1090 366 1130 942 481 283 625 444 734 1006 762 759 711 947 1675 986 922 2040 1481 1202 1325 1841 1163 1529 
1581 1303 669 436 806 361 357 263 258 443 1060 1301 701 1120 1735 1624 803 1955 965 749 1863 1503 1606 868 
430 1130 1164 756 744 260 229 748 333 916 517 1272 762 547 527 2108 1628 850 2014 1758 1747 777 893 1080 
1007 372 560 490 609 353 376 801 711 987 406 900 857 857 1130 589 574 689 1314 859 868 1986 520 1021 
1030 1123 730 776 730 586 304 257 701 1022 999 1149 674 1062 1628 683 1319 1707 2379 1790 646 2098 1621 1031 
1326 885 910 547 339 418 255 627 820 652 520 1107 1408 991 1704 1424 1238 1248 1072 1392 1648 1115 1250 820 
644 890 473 1003 793 548 393 797 615 786 730 474 799 491 789 1640 1589 1276 606 2073 1847 2122 1222 1254 
512 724 1143 663 888 227 213 709 824 875 1151 869 618 1172 1287 871 1156 1435 2016 912 684 1399 1017 549 
951 1168 539 411 598 689 584 635 351 735 828 746 1403 1195 1846 1709 846 776 702 1682 2064 1069 1750 1135 
1437 643 465 688 293 442 604 356 295 717 424 616 1243 751 1705 569 2059 1049 1660 1731 783 2044 1695 1445 
1108 931 1134 913 230 408 690 761 755 1008 1062 836 1015 576 1096 990 2262 866 1171 1775 575 1648 1380 1091 
628 1264 1125 360 283 304 491 397 608 836 796 1348 473 1663 711 755 1523 2110 1579 1237 1832 780 1742 1797 
896 652 387 484 619 519 621 624 265 676 422 1295 778 735 1734 1535 1094 1870 1538 2254 2016 1130 1341 1392 
1008 1116 874 955 583 822 423 779 599 485 628 587 1489 458 1929 2098 921 1965 1332 1013 1874 563 1643 1184 
1471 1391 316 1012 560 225 757 689 773 940 378 1347 1597 509 1295 1052 1234 2217 1678 1991 1976 1301 856 968 
656 946 734 731 696 498 409 642 396 706 1039 861 1011 674 786 1021 1344 626 1391 1723 1623 1655 1841 641 
1317 742 1087 638 544 297 528 651 577 578 940 1115 1292 1062 1586 1233 806 2221 1139 824 1833 545 1076 1649 
