20 11 20
7 100
170 112 96 85 77 75 77 85 96 112 130 149 169 187 203 214 222 225 222 214 203 
170 150 129 113 103 100 103 113 129 149 174 199 225 249 270 286 296 300 296 286 270 
170 187 161 141 129 125 129 141 161 187 217 249 282 312 338 358 370 375 370 358 338 
170 225 193 170 155 150 155 170 193 224 261 299 338 374 406 429 444 450 444 429 406 
170 262 226 198 180 175 180 198 226 262 304 349 395 437 473 501 519 525 519 501 473 
170 300 258 226 206 200 206 226 258 299 348 399 451 499 541 573 593 600 593 573 541 
170 337 290 255 232 225 232 255 290 337 391 449 508 562 609 644 667 675 667 644 609 
170 375 323 283 258 250 258 283 323 374 435 499 564 624 676 716 741 750 741 716 676 
170 412 355 311 284 275 284 311 355 412 478 549 621 687 744 788 815 825 815 788 744 
170 450 387 340 310 300 310 340 387 449 522 599 677 749 812 859 889 900 889 859 812 
100000 7500 6464 5669 5170 5000 5170 5669 6464 7499 8705 9999 11294 12499 13535 14330 14829 15000 14829 14330 13535 
1249 1353 1433 1482 1499 1482 1433 
1235 1035 1266 984 1032 712 722 640 561 413 511 631 524 
1094 1309 1046 1022 1034 726 558 592 601 530 463 513 677 
1344 1020 1163 1147 769 690 747 553 538 574 546 571 539 
1121 1353 1165 980 817 808 607 537 555 441 603 537 643 
1343 1330 1155 949 855 886 703 600 547 480 437 653 739 
1387 1299 1061 877 993 706 713 516 546 583 419 515 572 
1475 1266 1135 1047 1006 786 612 465 508 550 452 642 733 
1125 1435 1177 1041 1008 898 724 553 554 598 417 548 562 
1250 1181 1040 916 724 715 558 499 453 534 605 559 598 
1466 1112 1140 1104 731 616 624 623 565 537 423 663 774 
1286 1439 1240 1052 762 700 653 525 542 567 578 586 577 
1493 1405 968 812 745 811 577 638 529 464 427 496 765 
1149 1496 1118 1105 745 733 580 493 519 453 553 671 644 
1381 1243 1163 976 875 780 771 627 532 466 617 513 565 
1238 1224 1293 1004 923 670 565 583 449 436 612 663 640 
1094 1348 1122 1192 870 787 667 478 544 474 587 456 613 
1248 1486 1160 1024 720 630 720 565 457 536 505 674 639 
1416 1037 978 1023 929 631 538 461 577 459 437 493 617 
1236 1179 1036 878 806 646 653 637 425 529 523 564 661 
1471 1026 1039 865 745 856 581 583 473 589 495 622 582 
1420 1341 1318 1078 782 727 622 526 466 437 504 512 609 
1099 1357 1010 964 978 879 740 658 527 400 601 579 660 
1163 1427 1346 912 909 789 746 591 459 567 575 592 638 
1248 1324 1079 969 818 774 530 466 527 562 518 531 619 
1152 1043 1240 1069 744 779 615 652 488 593 520 577 672 
1622 1340 1294 1024 815 615 598 501 484 477 578 640 711 
1185 1007 987 1198 804 747 759 461 573 409 519 544 761 
1130 1319 1164 1145 885 866 579 651 583 444 510 528 666 
1094 1276 1153 1079 886 743 726 519 478 529 507 465 616 
1614 1026 1295 1171 1028 780 761 498 557 528 492 501 698 
1332 1227 1011 927 720 758 647 568 461 573 425 466 570 
1217 1170 1270 994 939 708 774 489 451 596 460 501 677 
1227 1183 1105 816 825 812 568 510 605 537 545 642 627 
1432 1412 1280 1007 964 682 769 620 579 441 570 592 672 
1212 1130 1180 860 949 600 757 481 508 545 521 581 759 
1302 1224 1284 1194 826 869 618 643 589 584 491 564 720 
1260 1451 1136 918 946 840 532 588 434 525 454 613 542 
1596 1226 1288 862 883 788 732 637 520 534 463 538 549 
1548 1442 953 840 1017 660 589 536 497 416 436 467 765 
1565 1039 1140 1103 716 761 596 636 425 422 591 522 559 
1549 1456 1281 1103 925 661 667 595 572 527 464 674 543 
1307 1480 1178 822 808 864 536 570 554 529 435 649 550 
1341 1099 1163 1097 730 824 593 611 458 492 596 670 719 
1344 1214 971 1087 719 793 578 535 431 534 616 536 593 
1471 1452 990 1045 875 841 524 533 426 471 462 604 684 
1089 1072 948 1017 926 701 666 558 469 439 550 478 774 
1561 1225 1318 1165 882 873 608 674 582 413 577 499 674 
1520 1225 1287 816 940 689 637 578 548 493 535 503 713 
1127 1048 961 868 707 843 747 532 536 493 437 569 625 
1423 1014 1208 1133 927 890 538 668 482 585 488 561 551 
1594 1153 1275 1186 864 775 608 499 529 441 476 632 735 
1159 1174 1106 967 1005 677 669 554 487 524 616 553 751 
1141 1440 1084 1150 780 768 632 562 441 597 473 531 562 
1417 1061 1180 858 1040 689 756 605 442 471 428 581 654 
1496 1376 1346 974 1032 667 733 578 426 438 519 627 714 
1513 1128 1276 1153 706 690 738 465 506 426 505 658 646 
1566 1145 1101 917 825 632 719 504 534 553 426 501 614 
1275 1302 1342 817 776 657 543 544 540 522 489 526 747 
1172 1498 986 863 834 718 567 480 569 403 423 667 619 
1541 1469 984 1144 784 694 590 639 537 486 600 596 639 
1142 1226 1316 1116 928 649 746 622 528 420 541 645 671 
1247 1498 1317 930 912 774 626 545 487 414 610 585 593 
1403 1090 960 881 892 656 589 548 479 491 541 588 575 
1308 1424 1003 997 982 888 519 556 596 452 558 549 637 
1185 1221 904 855 854 692 748 574 497 405 428 624 554 
1382 1225 1016 921 890 835 761 457 500 410 619 454 738 
1624 1020 1023 1082 727 664 601 466 528 570 527 504 723 
1188 1204 1233 1135 1007 686 741 460 569 536 600 627 640 
1268 1287 1086 1109 790 879 545 615 431 426 588 593 701 
1234 1112 1066 1132 1008 739 627 476 442 425 527 595 605 
1551 1143 1160 1181 1031 716 637 574 571 453 446 636 737 
1330 1412 1106 819 818 623 689 477 442 520 446 489 570 
1250 1273 1263 1153 847 875 740 653 541 499 570 515 611 
1144 1218 1048 1164 872 864 527 661 430 431 580 679 579 
1555 1446 1138 1124 773 669 695 617 478 454 479 571 524 
1237 1161 1260 853 1022 708 542 639 513 521 522 557 633 
1162 1217 1225 836 1005 748 727 575 532 524 435 660 711 
1567 1360 1047 894 706 735 768 460 528 532 497 480 577 
1301 1015 985 1135 843 868 682 652 487 407 417 540 721 
1196 1050 1053 939 831 851 715 604 586 497 475 525 549 
1582 1494 1136 1172 922 675 717 670 495 575 458 636 741 
1487 1414 988 996 815 681 586 631 546 516 518 487 649 
1291 1430 1223 863 1012 796 524 624 507 595 476 643 675 
1609 1437 1151 1153 983 792 608 668 581 452 467 524 590 
1433 1113 1142 1135 946 830 701 601 597 478 537 495 574 
1613 1414 1006 1111 921 806 648 469 460 408 581 481 767 
1430 1449 958 1002 895 616 532 619 416 535 502 598 535 
1448 1179 1249 1144 718 666 587 588 534 423 477 651 701 
1238 1376 1318 1143 980 852 755 486 560 583 473 587 707 
1498 1475 916 800 943 745 679 633 414 450 485 585 696 
1238 1085 1223 970 740 736 690 553 482 452 529 495 750 
1612 1255 1263 923 740 818 754 532 542 401 417 580 626 
1195 1405 1098 1130 945 834 529 528 469 511 517 526 572 
1117 1343 1147 1018 759 834 656 645 602 411 435 554 705 
1245 1450 1289 834 873 654 766 645 444 599 591 578 674 
1415 1440 1011 858 911 823 744 678 503 461 616 648 694 
1564 1256 1161 881 911 815 519 460 579 578 440 512 714 
1489 1122 938 846 859 686 726 670 614 460 489 668 672 
1537 1450 1230 1080 878 899 685 521 509 461 484 538 713 
1568 1475 1304 1126 774 798 549 603 415 482 513 455 751 
