50 6 20
26 50
340 150 130 112 96 85 77 75 77 85 96 112 130 149 169 187 203 214 222 225 222 214 203 187 169 150 130 112 96 85 77 75 77 85 96 112 130 149 169 187 203 214 222 225 222 214 203 187 169 150 130 
340 200 174 150 129 113 103 100 103 113 129 149 174 199 225 249 270 286 296 300 296 286 270 250 225 200 174 150 129 113 103 100 103 113 129 149 174 199 225 249 270 286 296 300 296 286 270 250 225 200 174 
340 250 217 187 161 141 129 125 129 141 161 187 217 249 282 312 338 358 370 375 370 358 338 312 282 250 217 187 161 141 129 125 129 141 161 187 217 249 282 312 338 358 370 375 370 358 338 312 282 250 217 
340 300 261 225 193 170 155 150 155 170 193 224 261 299 338 374 406 429 444 450 444 429 406 375 338 300 261 225 193 170 155 150 155 170 193 224 261 299 338 374 406 429 444 450 444 429 406 375 338 300 261 
340 350 304 262 226 198 180 175 180 198 226 262 304 349 395 437 473 501 519 525 519 501 473 437 395 350 304 262 226 198 180 175 180 198 226 262 304 349 395 437 473 501 519 525 519 501 473 437 395 350 304 
100000 10000 8705 7500 6464 5669 5170 5000 5170 5669 6464 7499 8705 9999 11294 12499 13535 14330 14829 15000 14829 14330 13535 12500 11294 10000 8705 7500 6464 5669 5170 5000 5170 5669 6464 7499 8705 9999 11294 12499 13535 14330 14829 15000 14829 14330 13535 12500 11294 10000 8705 
1000 1129 1249 1353 1433 1482 1499 1482 1433 1353 1250 1129 1000 870 750 646 566 517 500 517 566 646 749 870 999 1129 
1050 1237 1552 1698 1561 1699 1623 1380 1198 1270 934 1043 652 542 610 446 496 487 594 623 621 781 1196 1011 
1334 1335 1427 1555 1654 1681 1380 1092 1234 1337 962 855 650 739 586 559 569 447 614 768 870 759 1170 950 
1188 1346 1630 1644 1383 1371 1298 1406 1111 1082 990 935 723 664 545 525 410 568 560 732 831 903 1014 1349 
1393 1360 1566 1215 1289 1340 1455 1526 1120 1285 1184 940 629 762 485 464 526 532 507 741 722 765 1182 1206 
1487 1100 1439 1718 1463 1628 1387 1587 1161 1021 1181 816 690 751 582 607 586 539 498 588 885 824 1083 1196 
1127 1464 1389 1753 1274 1388 1699 1331 1414 1257 944 1010 649 536 610 606 409 497 484 600 818 968 1109 1325 
1389 1379 1714 1733 1412 1712 1598 1146 1452 937 1162 726 872 698 464 579 535 530 470 631 874 851 1009 1003 
1003 1371 1293 1654 1654 1568 1509 1150 1288 914 801 837 824 752 659 580 574 531 630 708 621 728 1017 1104 
1026 1374 1675 1458 1571 1666 1609 1554 1364 1279 1007 1007 806 606 530 553 517 619 480 733 765 1022 927 1225 
1454 1449 1346 1621 1739 1426 1435 1606 1473 1110 956 777 654 571 487 579 440 429 530 551 837 986 1124 1168 
1273 1090 1393 1585 1288 1517 1714 1448 1122 1113 857 778 793 681 613 578 566 552 496 618 740 971 1154 1257 
1444 1426 1352 1387 1379 1269 1535 1468 1328 1002 903 944 868 637 592 493 514 538 660 712 758 998 1056 994 
1323 1146 1285 1724 1390 1651 1180 1307 1356 1118 972 940 726 621 520 567 517 486 484 541 634 849 1036 1068 
1028 1272 1500 1275 1646 1353 1445 1246 1395 1054 1079 728 762 651 552 445 415 446 596 707 699 992 1094 1000 
1237 1487 1617 1368 1259 1396 1175 1620 1164 1158 978 909 734 556 516 425 427 506 661 673 874 841 1000 1033 
1420 1532 1289 1375 1303 1658 1595 1359 1466 1050 913 759 632 562 643 513 497 557 634 693 830 989 1023 1022 
1017 1181 1424 1449 1306 1774 1410 1602 1172 1011 1121 926 616 687 669 590 406 539 616 746 710 1034 1004 1308 
1049 1505 1318 1331 1678 1669 1566 1392 1145 1288 881 1030 614 738 507 445 477 564 459 598 619 1024 986 1045 
1163 1465 1454 1747 1250 1715 1352 1156 1102 1112 1115 880 782 678 654 511 437 490 473 734 663 943 987 1214 
1124 1204 1639 1296 1347 1336 1302 1516 1412 1053 946 772 724 565 539 610 462 614 527 545 668 1016 1129 1037 
1234 1211 1367 1255 1386 1392 1442 1213 1330 1020 991 876 785 590 461 428 401 574 466 751 750 768 916 1324 
1198 1151 1253 1718 1598 1448 1187 1203 1178 1153 1019 754 891 689 558 480 567 610 514 747 651 981 855 1229 
1417 1595 1531 1519 1468 1412 1451 1361 1450 1060 1148 750 865 524 650 470 507 415 510 701 834 920 840 1033 
1229 1093 1626 1332 1714 1629 1539 1190 1360 1048 1000 722 697 580 512 615 547 547 474 643 849 906 873 1044 
1082 1561 1373 1668 1378 1400 1691 1267 1334 1250 803 993 781 527 566 576 511 617 464 693 651 843 940 1104 
1143 1425 1596 1682 1447 1302 1541 1108 1430 932 836 1003 613 773 509 522 416 433 640 602 690 965 844 1184 
1350 1413 1168 1756 1203 1561 1375 1559 1200 1128 841 869 752 755 632 420 544 417 606 690 756 973 1175 1233 
1395 1358 1461 1568 1689 1249 1598 1446 1489 1116 964 989 840 694 616 433 480 421 548 543 888 1041 1040 1203 
1152 1523 1541 1345 1311 1266 1550 1453 1171 943 1065 730 892 594 568 570 537 502 528 668 752 866 936 1241 
1035 1429 1330 1560 1552 1604 1696 1181 1322 952 1165 738 742 637 665 614 551 521 650 606 773 940 1183 1147 
1296 1590 1243 1663 1224 1210 1155 1262 1334 1031 1048 837 651 637 549 551 447 446 529 519 836 810 1093 1355 
1266 1126 1194 1408 1438 1634 1467 1366 1463 927 1013 854 686 630 502 452 584 525 531 540 740 962 904 927 
1024 1522 1236 1222 1496 1403 1683 1105 1312 1193 977 880 649 518 555 426 478 499 507 733 630 997 848 1131 
1010 1398 1571 1597 1318 1297 1415 1139 1259 1132 1124 955 880 598 474 455 492 551 522 642 776 725 988 1059 
1077 1225 1326 1534 1383 1544 1518 1249 1316 980 909 895 614 623 626 504 509 471 666 743 723 1044 983 1097 
1470 1199 1285 1347 1405 1608 1261 1305 1429 1097 809 939 807 524 548 511 576 549 596 626 803 770 1026 1138 
1258 1493 1380 1547 1325 1390 1163 1365 1214 1328 821 785 621 701 664 442 522 484 642 645 606 908 1110 1226 
1189 1620 1553 1353 1632 1457 1164 1430 1130 978 919 853 769 610 567 437 552 431 622 556 716 697 1064 1019 
1494 1090 1399 1574 1213 1722 1597 1405 1092 1228 1054 883 830 543 459 611 419 479 660 580 809 753 922 1217 
1119 1349 1463 1194 1721 1532 1219 1260 1019 931 1102 763 717 665 505 520 568 615 623 754 715 769 854 1107 
1400 1423 1588 1292 1671 1751 1477 1399 1317 1170 1169 781 620 662 628 572 454 557 658 638 839 824 1042 1232 
1176 1347 1495 1480 1263 1732 1530 1602 1311 946 1045 971 894 523 493 610 438 498 573 668 750 741 1104 1277 
1337 1466 1283 1300 1727 1261 1224 1256 1097 1167 1197 934 730 641 600 446 456 479 543 762 722 963 1074 1272 
1309 1394 1292 1259 1593 1529 1706 1414 1349 1129 930 838 670 721 625 461 462 451 657 580 852 774 1126 1163 
1481 1347 1314 1708 1289 1583 1375 1098 1047 1036 883 798 896 591 458 426 452 425 668 648 731 831 852 1008 
1060 1509 1456 1352 1661 1530 1509 1390 1159 1080 1082 747 679 596 529 474 453 492 614 741 876 952 888 1338 
1378 1604 1211 1323 1220 1212 1505 1600 1248 1135 942 779 786 536 517 485 495 497 508 687 833 818 890 972 
1123 1207 1324 1760 1712 1477 1494 1595 1020 1079 818 924 759 770 530 592 558 424 678 751 834 808 1063 1340 
1015 1354 1570 1580 1614 1522 1450 1622 1313 1285 1107 715 642 573 667 514 487 436 495 570 722 872 835 1023 
1414 1462 1334 1438 1556 1205 1367 1257 1018 1015 899 961 887 727 547 425 490 581 468 758 635 931 1082 1311 
