10 6 20
8 50
340 77 85 96 112 130 149 169 187 203 214 
340 103 113 129 149 174 199 225 249 270 286 
340 129 141 161 187 217 249 282 312 338 358 
340 155 170 193 224 261 299 338 374 406 429 
340 180 198 226 262 304 349 395 437 473 501 
100000 5170 5669 6464 7499 8705 9999 11294 12499 13535 14330 
1482 1433 1353 1250 1129 1000 870 750 
634 580 
671 567 
664 540 
628 586 
659 562 
657 568 
617 578 
674 566 
640 577 
615 555 
661 579 
616 546 
638 569 
622 563 
620 564 
635 571 
659 573 
666 577 
653 589 
623 592 
661 566 
629 566 
670 552 
646 542 
624 570 
658 594 
661 590 
634 544 
618 544 
676 563 
627 584 
631 572 
652 589 
675 590 
623 542 
663 595 
664 541 
664 564 
674 546 
652 559 
617 554 
620 567 
676 555 
649 574 
660 576 
619 590 
619 562 
674 542 
629 567 
633 594 
