5 3 20
2 100
850 150 130 112 96 85 
850 200 174 150 129 113 
100000 10000 8705 7500 6464 5669 
1000 1129 
1466 1136 1636 
1303 1319 1571 
1393 1219 1213 
1026 1205 1465 
1058 1616 1516 
1309 1136 1236 
1440 1264 1522 
1239 1430 1579 
1288 1206 1525 
1263 1589 1526 
1099 1200 1412 
1397 1161 1663 
1085 1281 1391 
1419 1464 1535 
1459 1394 1372 
1161 1412 1341 
1228 1319 1275 
1028 1265 1466 
1012 1524 1517 
1344 1622 1243 
1335 1433 1244 
1038 1574 1326 
1129 1537 1505 
1429 1275 1658 
1442 1372 1663 
1383 1622 1238 
1326 1131 1672 
1424 1536 1698 
1249 1140 1292 
1268 1139 1645 
1260 1178 1450 
1302 1176 1718 
1365 1093 1640 
1090 1235 1458 
1170 1547 1192 
1049 1349 1687 
1117 1252 1187 
1369 1416 1571 
1214 1445 1168 
1094 1569 1704 
1271 1484 1198 
1359 1487 1484 
1396 1602 1568 
1120 1466 1375 
1225 1200 1575 
1197 1114 1616 
1047 1427 1296 
1036 1489 1363 
1014 1315 1608 
1256 1457 1338 
1059 1296 1662 
1115 1441 1541 
1199 1150 1269 
1082 1124 1306 
1325 1459 1317 
1073 1371 1365 
1465 1145 1265 
1049 1124 1257 
1085 1253 1709 
1098 1551 1462 
1023 1375 1529 
1143 1333 1283 
1139 1460 1376 
1100 1198 1163 
1122 1300 1511 
1490 1532 1181 
1122 1581 1233 
1184 1313 1317 
1261 1571 1379 
1040 1428 1316 
1299 1383 1450 
1138 1566 1353 
1427 1429 1194 
1036 1364 1305 
1081 1187 1192 
1423 1462 1656 
1447 1172 1163 
1162 1364 1683 
1218 1583 1307 
1445 1149 1387 
1254 1596 1198 
1009 1305 1420 
1367 1376 1174 
1133 1250 1641 
1182 1235 1161 
1256 1494 1614 
1490 1502 1252 
1064 1421 1222 
1089 1158 1158 
1191 1561 1332 
1292 1244 1401 
1172 1366 1236 
1403 1381 1564 
1488 1276 1680 
1141 1534 1365 
1307 1278 1180 
1406 1348 1546 
1354 1211 1198 
1181 1135 1498 
1135 1112 1604 
