20 2 20
15 50
1700 130 112 96 85 77 75 77 85 96 112 130 149 169 187 203 214 222 225 222 214 
100000 8705 7500 6464 5669 5170 5000 5170 5669 6464 7499 8705 9999 11294 12499 13535 14330 14829 15000 14829 14330 
1129 1249 1353 1433 1482 1499 1482 1433 1353 1250 1129 1000 870 750 646 
252 797 453 606 739 
627 610 262 388 363 
363 249 343 692 474 
459 616 324 695 689 
697 427 483 627 400 
798 793 276 433 874 
790 318 207 757 584 
335 261 715 359 494 
431 335 240 737 622 
274 384 209 779 725 
737 654 281 355 500 
520 507 416 669 693 
683 522 481 288 323 
708 778 767 314 360 
694 215 634 676 868 
701 517 431 740 594 
380 432 635 669 611 
472 233 672 629 661 
421 814 736 792 618 
472 459 331 795 725 
612 629 487 325 655 
496 790 205 525 856 
389 329 484 290 465 
631 336 670 796 794 
455 799 487 225 719 
868 736 505 601 697 
595 498 299 431 381 
820 784 283 682 512 
553 738 605 820 507 
605 737 395 602 595 
753 441 670 241 789 
277 326 292 266 863 
564 744 335 410 374 
403 593 632 443 545 
717 687 564 403 575 
656 601 561 245 376 
750 602 351 790 363 
337 471 542 627 363 
361 652 501 799 311 
698 397 414 490 309 
622 414 620 296 527 
504 321 539 564 713 
493 685 717 232 379 
748 583 775 807 360 
838 621 283 613 235 
658 795 303 434 645 
643 315 784 306 356 
779 751 322 347 872 
578 709 712 638 580 
699 590 690 746 634 
