10 6 20
4 10
340 96 112 130 149 169 187 203 214 222 225 
340 129 149 174 199 225 249 270 286 296 300 
340 161 187 217 249 282 312 338 358 370 375 
340 193 224 261 299 338 374 406 429 444 450 
340 226 262 304 349 395 437 473 501 519 525 
100000 6464 7499 8705 9999 11294 12499 13535 14330 14829 15000 
1353 1250 1129 1000 
853 893 531 333 819 557 
823 630 279 751 294 440 
850 536 671 440 450 686 
687 1010 973 780 308 719 
894 930 960 251 225 512 
585 560 962 289 552 320 
715 798 870 676 507 599 
1135 599 529 708 774 464 
1310 567 460 891 744 204 
1236 1126 460 291 209 536 
