50 3 20
26 100
850 77 85 96 112 130 149 169 187 203 214 222 225 222 214 203 187 169 150 130 112 96 85 77 75 77 85 96 112 130 149 169 187 203 214 222 225 222 214 203 187 169 150 130 112 96 85 77 75 77 85 
850 103 113 129 149 174 199 225 249 270 286 296 300 296 286 270 250 225 200 174 150 129 113 103 100 103 113 129 149 174 199 225 249 270 286 296 300 296 286 270 250 225 200 174 150 129 113 103 100 103 113 
100000 5170 5669 6464 7499 8705 9999 11294 12499 13535 14330 14829 15000 14829 14330 13535 12500 11294 10000 8705 7500 6464 5669 5170 5000 5170 5669 6464 7499 8705 9999 11294 12499 13535 14330 14829 15000 14829 14330 13535 12500 11294 10000 8705 7500 6464 5669 5170 5000 5170 5669 
1482 1433 1353 1250 1129 1000 870 750 646 566 517 500 517 566 646 749 870 999 1129 1249 1353 1433 1482 1499 1482 1433 
1387 1272 1113 1046 875 715 667 553 524 506 496 561 669 745 837 1001 1130 1309 1363 1396 1550 1550 1445 1393 
1291 1276 1149 972 870 766 631 569 531 480 533 560 650 729 889 951 1122 1284 1397 1408 1542 1473 1410 1439 
1308 1188 1160 1037 834 743 653 575 518 505 524 594 647 734 843 968 1132 1191 1397 1390 1450 1501 1490 1412 
1336 1298 1139 986 912 715 649 550 503 518 510 580 633 743 895 992 1159 1190 1405 1429 1488 1451 1440 1425 
1367 1236 1100 1006 830 765 653 545 524 478 533 594 639 744 911 1007 1104 1257 1295 1418 1499 1494 1509 1439 
1345 1261 1094 961 836 750 658 542 520 487 525 564 653 728 864 1000 1123 1253 1373 1435 1547 1564 1512 1365 
1403 1210 1111 978 876 768 640 560 502 478 494 546 629 787 841 960 1182 1281 1336 1463 1446 1431 1516 1367 
1412 1256 1178 962 898 754 641 556 517 521 508 575 622 719 856 1014 1157 1225 1384 1455 1465 1573 1471 1502 
1325 1205 1121 951 885 772 645 572 502 502 505 585 664 784 829 1003 1151 1201 1412 1444 1521 1555 1412 1415 
1369 1216 1085 1008 870 742 643 564 492 512 519 588 617 762 901 991 1115 1310 1412 1431 1553 1472 1500 1377 
1404 1197 1157 953 860 718 630 593 512 519 536 578 614 766 869 1013 1138 1190 1312 1458 1418 1489 1446 1366 
1352 1242 1181 1030 832 746 647 585 516 491 496 583 638 735 830 966 1147 1236 1341 1455 1522 1438 1550 1499 
1338 1245 1137 1011 898 747 632 560 520 505 494 556 624 771 850 1027 1174 1241 1288 1430 1497 1531 1495 1366 
1405 1307 1161 1038 840 726 646 551 533 509 519 580 673 768 895 1019 1143 1215 1384 1420 1535 1467 1502 1425 
1353 1192 1104 1008 860 717 637 538 520 520 533 579 676 734 913 1006 1098 1241 1388 1497 1469 1551 1527 1443 
1366 1207 1084 982 843 753 652 574 522 521 508 561 648 769 827 1034 1087 1267 1294 1403 1484 1473 1488 1427 
1410 1247 1133 1049 899 781 653 593 513 493 495 546 658 769 858 999 1131 1302 1341 1378 1453 1532 1468 1456 
1288 1269 1157 1012 873 767 642 579 500 511 539 563 626 765 887 964 1076 1300 1323 1469 1459 1530 1458 1436 
1355 1310 1117 1022 863 750 656 590 522 502 535 569 630 758 845 1003 1104 1209 1385 1466 1548 1512 1521 1466 
1321 1300 1075 1045 880 768 624 569 533 482 539 543 620 731 834 990 1102 1189 1294 1467 1464 1517 1500 1416 
1342 1301 1120 963 828 747 662 579 541 504 510 557 642 775 888 1025 1145 1256 1338 1486 1556 1533 1441 1400 
1324 1290 1161 1023 832 713 654 546 531 480 502 581 668 780 895 989 1180 1224 1294 1412 1438 1510 1412 1457 
1308 1239 1164 1013 850 729 666 595 541 517 498 590 674 762 861 1049 1135 1191 1290 1442 1449 1429 1444 1424 
1419 1244 1141 980 894 717 641 548 518 478 491 581 647 764 901 991 1141 1196 1420 1430 1424 1426 1462 1432 
1399 1196 1133 986 884 753 659 586 533 503 501 556 646 718 863 994 1166 1301 1349 1425 1527 1523 1484 1461 
1338 1255 1172 1000 838 719 622 567 529 508 495 583 666 771 912 1044 1092 1218 1389 1417 1432 1567 1516 1372 
1308 1245 1122 1029 887 728 627 559 518 496 496 588 618 753 873 979 1111 1235 1390 1410 1409 1522 1419 1425 
1382 1213 1180 983 831 758 634 592 521 490 535 577 626 718 877 977 1095 1308 1372 1415 1468 1517 1504 1417 
1373 1295 1118 984 913 760 629 560 496 486 496 585 671 757 856 982 1083 1209 1338 1491 1525 1506 1476 1451 
1357 1250 1099 1005 837 720 661 580 526 517 516 594 678 777 906 961 1181 1213 1327 1415 1544 1428 1436 1470 
1379 1290 1120 953 864 750 673 594 523 499 507 588 657 746 854 1007 1117 1211 1325 1401 1511 1426 1527 1414 
1404 1203 1113 984 894 757 644 550 508 481 493 568 649 747 849 973 1135 1241 1291 1448 1550 1523 1420 1435 
1387 1286 1159 959 848 739 664 551 511 478 531 591 655 760 828 1045 1179 1200 1298 1455 1409 1498 1552 1447 
1335 1309 1104 1037 858 736 677 567 524 510 521 546 632 772 911 957 1079 1213 1395 1386 1426 1431 1536 1446 
1340 1286 1084 1005 843 732 664 576 494 516 524 574 661 761 840 1035 1181 1189 1307 1498 1538 1542 1511 1457 
1333 1287 1116 1047 852 735 631 544 521 492 508 550 672 715 881 988 1144 1289 1342 1463 1469 1490 1553 1385 
1358 1307 1140 1045 879 742 647 544 529 485 501 541 660 751 890 1027 1110 1195 1387 1423 1477 1531 1508 1501 
1288 1291 1147 1025 840 717 617 563 501 516 529 559 646 734 844 1033 1148 1299 1369 1504 1468 1481 1546 1401 
1342 1219 1079 1037 881 765 633 543 498 518 496 553 629 751 842 1047 1153 1191 1304 1403 1415 1532 1517 1451 
1356 1235 1160 971 902 722 665 572 523 494 526 542 653 719 836 1015 1172 1193 1318 1443 1463 1479 1465 1428 
1401 1193 1081 1013 846 751 635 573 525 491 516 594 616 763 867 956 1150 1187 1386 1408 1430 1500 1544 1503 
1298 1253 1099 1037 893 770 673 589 508 498 518 549 643 724 862 976 1125 1247 1327 1417 1464 1494 1453 1414 
1328 1277 1083 1036 860 726 662 579 522 504 491 549 618 750 848 1014 1168 1309 1317 1439 1507 1523 1500 1416 
1313 1267 1129 990 893 753 669 569 500 488 507 579 676 784 902 1034 1095 1267 1309 1420 1472 1564 1416 1417 
1290 1229 1141 967 845 760 667 547 499 512 493 584 650 757 909 1043 1177 1246 1378 1472 1409 1464 1519 1460 
1373 1202 1083 973 865 786 629 548 519 496 532 560 675 737 837 955 1139 1287 1374 1396 1498 1552 1494 1400 
1307 1218 1097 1024 833 721 619 590 525 504 533 551 624 727 908 989 1182 1211 1375 1407 1435 1507 1525 1495 
1380 1302 1157 970 844 723 677 573 515 504 524 549 628 721 894 1006 1182 1277 1303 1474 1429 1535 1477 1470 
1403 1275 1164 1046 886 765 636 595 525 490 515 595 622 780 879 984 1118 1264 1339 1440 1550 1498 1551 1502 
1314 1219 1132 967 860 735 640 559 531 480 518 547 660 772 875 1025 1146 1220 1376 1477 1500 1451 1424 1393 
1350 1251 1146 956 850 714 678 588 493 477 503 565 637 730 872 1010 1095 1266 1401 1442 1554 1490 1462 1376 
1390 1209 1179 1013 860 755 639 557 500 503 506 585 653 721 864 979 1077 1188 1313 1449 1412 1493 1529 1396 
1368 1265 1132 1022 886 772 674 552 497 500 520 558 653 735 876 959 1182 1208 1409 1473 1542 1537 1416 1450 
1394 1211 1080 988 895 747 646 561 513 500 491 594 644 762 886 1026 1156 1297 1364 1454 1546 1451 1548 1404 
1321 1285 1168 1022 872 751 671 573 535 510 502 561 647 740 828 999 1085 1289 1348 1444 1477 1490 1440 1440 
1376 1304 1151 957 868 757 618 542 514 524 497 554 636 756 838 982 1154 1287 1385 1381 1493 1557 1410 1410 
1419 1206 1164 1003 848 717 637 587 537 496 511 539 666 755 889 1034 1176 1244 1355 1493 1509 1535 1445 1390 
1403 1281 1123 1040 894 733 637 542 513 487 525 581 672 722 841 980 1118 1219 1396 1461 1410 1526 1534 1425 
1417 1303 1127 1047 856 736 671 538 530 524 536 586 640 745 840 965 1155 1297 1334 1503 1549 1542 1544 1476 
1298 1229 1171 971 878 719 658 540 538 488 503 572 651 734 907 1033 1162 1311 1323 1500 1444 1555 1511 1420 
1313 1307 1180 1031 860 770 620 575 536 511 500 565 648 758 882 957 1076 1238 1376 1473 1428 1456 1478 1383 
1336 1233 1143 960 869 759 647 539 495 499 502 575 657 747 861 996 1145 1260 1291 1394 1454 1513 1457 1422 
1359 1236 1122 990 845 728 668 582 534 515 521 592 668 741 859 997 1139 1253 1371 1473 1520 1543 1522 1392 
1314 1201 1132 960 900 787 655 553 525 492 536 546 644 716 875 1030 1131 1197 1366 1366 1476 1484 1440 1453 
1410 1223 1121 981 830 733 636 551 511 508 511 569 648 742 881 961 1136 1253 1296 1436 1416 1430 1466 1471 
1381 1196 1159 1022 913 752 629 579 503 475 518 550 639 717 869 965 1181 1268 1304 1482 1443 1564 1496 1483 
1337 1215 1164 1044 876 720 634 565 525 512 539 552 647 728 899 973 1146 1199 1366 1400 1432 1554 1525 1503 
1376 1260 1180 964 852 739 617 577 503 518 522 573 620 771 870 959 1142 1207 1378 1451 1501 1502 1503 1372 
1322 1309 1183 964 840 712 616 543 502 479 530 562 647 712 889 966 1096 1305 1375 1451 1438 1451 1464 1383 
1388 1247 1104 1031 856 717 645 565 499 486 530 556 656 741 850 964 1108 1293 1313 1434 1433 1546 1492 1389 
1332 1196 1179 1036 901 786 651 567 504 522 528 568 625 718 864 951 1114 1246 1390 1380 1470 1502 1513 1386 
1364 1270 1146 957 913 735 662 539 525 522 497 544 651 752 908 987 1102 1300 1387 1415 1423 1483 1521 1445 
1403 1246 1130 1026 883 749 666 570 525 497 499 573 626 757 884 972 1090 1231 1360 1495 1453 1527 1486 1403 
1402 1287 1160 1028 876 743 676 565 524 478 503 551 616 713 850 954 1086 1205 1361 1435 1477 1488 1541 1469 
1391 1208 1114 1030 866 783 655 547 498 482 541 540 645 725 893 976 1146 1208 1408 1415 1517 1477 1553 1455 
1357 1295 1111 1046 908 718 633 587 514 493 510 595 674 741 894 968 1087 1261 1314 1397 1442 1463 1420 1492 
1391 1289 1095 1044 859 741 616 585 512 513 529 538 628 746 904 968 1080 1193 1301 1453 1419 1530 1505 1503 
1400 1292 1082 989 883 778 619 578 538 480 517 565 617 757 894 980 1103 1203 1384 1435 1472 1435 1550 1457 
1351 1230 1168 1021 889 723 628 565 505 510 538 554 619 773 839 978 1173 1222 1417 1412 1454 1432 1522 1386 
1361 1223 1182 975 835 787 676 574 519 500 519 540 624 755 882 1040 1111 1198 1383 1441 1452 1494 1532 1449 
1359 1264 1118 1034 843 742 663 588 527 510 534 582 629 781 880 1023 1077 1303 1409 1398 1434 1495 1450 1490 
1419 1187 1102 1023 875 772 677 540 524 500 510 538 626 780 894 971 1087 1305 1350 1432 1462 1444 1531 1496 
1386 1189 1113 1040 912 776 662 562 495 501 491 546 652 743 880 969 1179 1248 1305 1472 1451 1485 1554 1403 
1310 1265 1150 1019 863 748 662 573 511 490 492 556 632 742 902 1024 1128 1294 1304 1500 1496 1491 1552 1376 
1309 1199 1153 1042 905 738 667 572 502 499 492 565 668 746 889 993 1150 1246 1386 1456 1445 1472 1507 1436 
1290 1221 1136 975 845 762 647 546 491 476 532 542 675 770 909 1042 1132 1232 1390 1473 1485 1438 1456 1420 
1326 1213 1085 952 872 746 639 581 516 482 538 586 653 746 908 1046 1087 1197 1397 1456 1526 1468 1441 1425 
1339 1208 1173 991 898 716 636 590 536 491 511 552 628 730 873 1026 1146 1306 1359 1431 1460 1533 1429 1454 
1305 1197 1179 951 851 723 660 576 494 521 496 539 651 756 898 1018 1078 1283 1370 1372 1542 1526 1523 1391 
1314 1218 1128 1022 872 715 629 570 525 475 492 554 661 723 891 991 1158 1279 1394 1369 1425 1504 1550 1467 
1335 1252 1130 956 881 741 615 545 537 509 520 593 656 751 878 993 1099 1303 1373 1421 1545 1528 1528 1489 
1373 1288 1091 1036 842 736 627 567 511 509 517 574 672 756 863 1036 1111 1191 1318 1426 1523 1563 1517 1410 
1341 1309 1086 979 835 772 657 574 537 496 492 573 615 785 849 1022 1146 1247 1391 1367 1513 1435 1452 1381 
1314 1200 1158 978 856 753 643 578 526 494 515 570 676 716 850 1001 1140 1188 1419 1408 1460 1442 1553 1428 
1370 1209 1096 988 871 729 629 594 496 518 493 561 632 737 893 975 1132 1251 1345 1470 1517 1524 1527 1468 
1403 1189 1109 1034 856 784 644 548 530 482 511 572 627 715 827 1031 1138 1228 1387 1442 1415 1539 1535 1379 
1337 1283 1127 975 830 742 655 590 530 476 494 588 656 736 834 1013 1129 1297 1375 1429 1440 1440 1502 1410 
1311 1265 1103 990 869 784 625 581 525 509 532 552 615 761 863 1039 1105 1277 1414 1499 1465 1515 1458 1497 
1315 1306 1078 1014 859 756 635 576 514 523 526 561 677 759 859 1043 1155 1298 1321 1472 1446 1481 1551 1498 
1346 1295 1120 999 838 772 614 571 506 475 507 571 615 732 873 968 1165 1272 1395 1482 1455 1433 1455 1475 
