20 11 20
7 50
170 85 96 112 130 149 169 187 203 214 222 225 222 214 203 187 169 150 130 112 96 
170 113 129 149 174 199 225 249 270 286 296 300 296 286 270 250 225 200 174 150 129 
170 141 161 187 217 249 282 312 338 358 370 375 370 358 338 312 282 250 217 187 161 
170 170 193 224 261 299 338 374 406 429 444 450 444 429 406 375 338 300 261 225 193 
170 198 226 262 304 349 395 437 473 501 519 525 519 501 473 437 395 350 304 262 226 
170 226 258 299 348 399 451 499 541 573 593 600 593 573 541 500 451 400 348 300 258 
170 255 290 337 391 449 508 562 609 644 667 675 667 644 609 562 508 450 391 337 290 
170 283 323 374 435 499 564 624 676 716 741 750 741 716 676 625 564 500 435 375 323 
170 311 355 412 478 549 621 687 744 788 815 825 815 788 744 687 621 550 478 412 355 
170 340 387 449 522 599 677 749 812 859 889 900 889 859 812 750 677 600 522 450 387 
100000 5669 6464 7499 8705 9999 11294 12499 13535 14330 14829 15000 14829 14330 13535 12500 11294 10000 8705 7500 6464 
1433 1353 1250 1129 1000 870 750 
660 564 522 509 531 573 614 775 869 1045 1111 1234 1343 
615 584 530 492 519 587 625 764 886 952 1169 1307 1412 
628 587 524 482 514 549 640 783 895 1000 1106 1277 1369 
626 577 539 490 515 579 655 783 905 1022 1178 1231 1302 
664 557 508 487 523 582 677 755 834 980 1091 1212 1338 
677 539 499 492 498 572 656 783 882 998 1175 1207 1308 
635 560 523 479 519 584 618 725 884 1019 1175 1249 1394 
675 545 536 520 495 577 631 779 882 1022 1104 1236 1374 
661 561 520 487 535 539 643 755 889 1024 1082 1196 1385 
640 551 502 497 539 591 672 771 873 998 1105 1267 1353 
619 575 491 478 492 585 669 753 863 1027 1159 1197 1336 
617 540 519 509 517 585 656 779 833 975 1174 1285 1291 
675 561 502 501 540 558 637 760 887 1036 1087 1193 1349 
634 591 514 508 529 579 652 781 840 967 1115 1215 1290 
617 580 523 481 532 579 635 720 832 1019 1149 1241 1368 
661 541 518 521 511 543 678 723 912 973 1164 1283 1316 
622 548 515 510 524 544 662 779 849 985 1133 1190 1352 
659 571 538 484 509 582 666 730 857 973 1090 1254 1389 
623 583 538 505 508 548 658 726 877 974 1148 1304 1366 
644 547 505 508 527 586 660 777 872 971 1147 1301 1347 
630 545 515 518 492 585 624 714 830 1040 1169 1299 1286 
662 572 511 509 492 582 651 763 876 1044 1102 1263 1308 
658 543 533 520 499 593 673 719 881 977 1081 1226 1349 
648 583 539 493 493 585 638 766 857 1048 1114 1202 1363 
648 587 501 521 537 568 637 739 864 1009 1161 1236 1411 
676 555 507 503 509 565 672 725 863 999 1132 1216 1360 
629 594 524 495 542 539 664 768 859 1014 1147 1279 1394 
638 584 500 480 514 582 675 764 843 1022 1079 1267 1345 
617 568 513 496 525 580 648 780 879 955 1118 1276 1394 
667 566 494 507 502 567 635 716 837 1005 1143 1294 1379 
651 553 496 497 519 547 622 781 827 959 1173 1229 1295 
641 575 528 521 524 557 653 764 876 999 1168 1263 1373 
653 584 525 478 509 555 636 725 881 1007 1174 1283 1411 
658 573 494 476 531 563 652 744 848 1023 1079 1244 1370 
626 551 525 523 531 595 630 760 829 1020 1111 1236 1414 
662 568 512 496 530 587 642 731 834 1004 1117 1225 1307 
640 593 522 493 522 558 632 778 868 991 1111 1218 1306 
675 560 498 509 492 594 616 743 910 951 1103 1205 1313 
646 546 503 501 512 572 672 764 905 976 1131 1217 1339 
617 542 514 482 516 581 617 750 888 967 1152 1260 1327 
627 544 521 486 535 568 650 746 851 998 1142 1203 1294 
656 570 522 491 527 539 678 746 902 1020 1076 1301 1317 
635 565 509 497 517 541 628 771 845 970 1179 1237 1311 
641 546 517 517 524 590 653 724 869 1000 1086 1280 1376 
644 587 494 494 530 580 667 727 883 1022 1086 1310 1293 
668 540 520 481 504 582 658 763 903 967 1160 1225 1387 
667 552 533 517 504 582 665 723 907 983 1166 1288 1295 
639 558 515 492 491 578 623 731 855 954 1079 1220 1299 
617 581 528 519 538 581 633 742 863 971 1112 1275 1417 
670 567 533 522 523 553 630 755 833 1022 1106 1243 1349 
