20 3 20
7 100
850 96 112 130 149 169 187 203 214 222 225 222 214 203 187 169 150 130 112 96 85 
850 129 149 174 199 225 249 270 286 296 300 296 286 270 250 225 200 174 150 129 113 
100000 6464 7499 8705 9999 11294 12499 13535 14330 14829 15000 14829 14330 13535 12500 11294 10000 8705 7500 6464 5669 
1353 1250 1129 1000 870 750 646 
738 305 589 353 385 795 558 483 1109 624 1374 619 1596 
435 250 622 617 772 306 836 882 807 769 1413 885 604 
814 648 793 380 756 604 851 457 1182 1060 1595 1200 1781 
703 808 243 467 733 394 896 754 1094 1264 760 1871 1332 
510 767 720 344 488 903 618 1069 399 1146 1926 1023 584 
873 492 636 567 499 450 1166 400 1122 1062 546 1319 1220 
256 335 789 258 460 911 378 1280 489 1217 516 1101 1533 
274 313 299 300 365 888 1025 860 1087 500 1513 1640 1251 
321 539 775 705 608 284 330 707 758 1553 1307 1910 799 
380 731 449 522 263 837 1017 788 693 601 1579 751 795 
313 565 238 251 374 313 990 392 637 527 795 637 1994 
455 366 794 374 625 940 902 1017 576 1150 1693 791 2135 
485 578 219 819 412 814 954 797 824 824 1341 1611 1742 
654 447 723 752 721 536 412 1166 1102 967 956 1151 1995 
491 654 732 673 898 675 660 1310 1104 1460 1672 1695 1624 
845 400 688 748 513 912 433 1101 920 1561 724 596 997 
243 773 604 409 491 376 737 1076 1240 1058 1131 2021 1526 
735 774 394 459 633 314 1103 416 473 1515 818 1258 1947 
467 214 767 385 721 901 607 1006 1515 552 1108 2065 1946 
381 360 650 578 463 747 714 998 1180 622 812 1142 1168 
538 351 437 505 824 352 674 1366 1493 1730 1670 1503 1124 
729 759 237 595 447 772 352 391 1450 1307 895 766 1058 
762 358 276 650 726 517 346 756 730 818 1660 2165 578 
759 257 657 210 809 848 827 630 1481 1775 938 1969 1481 
779 441 560 309 434 477 1159 575 1388 1313 1044 558 796 
524 492 330 808 677 398 1190 916 681 1376 1292 1651 2049 
738 387 257 621 718 701 760 512 1067 1336 615 1147 814 
415 731 698 469 653 796 410 828 1060 1165 1523 2134 992 
297 637 535 276 449 716 1187 381 814 615 1899 1701 1100 
538 526 453 280 437 899 951 388 1008 517 1289 1288 634 
394 266 632 810 504 482 556 681 1425 1411 725 799 1591 
234 704 299 653 279 713 1080 836 714 1553 1534 2107 1350 
548 337 407 296 818 733 539 629 458 1531 1152 2096 1141 
314 364 202 720 420 382 493 627 588 1485 1066 2092 1118 
475 241 357 801 890 995 688 1220 863 472 619 757 1314 
283 347 652 826 350 415 1191 1300 743 801 544 942 1812 
399 392 324 777 389 322 422 1162 746 996 1624 1026 1298 
646 338 656 805 715 353 429 547 1354 466 1975 1484 1624 
535 475 530 705 483 801 1197 1010 1205 1277 1223 1812 1727 
568 474 290 606 345 386 420 1220 522 613 1006 851 1688 
289 335 408 505 814 681 1173 1306 451 937 572 1218 1352 
261 354 764 794 485 905 649 1339 616 1110 1768 1523 1110 
384 733 714 702 877 561 571 1004 1427 1649 758 844 613 
774 382 673 654 384 486 554 829 403 604 770 1278 1769 
783 397 542 316 839 582 617 1297 651 1477 807 1769 1281 
250 424 497 417 755 758 979 393 1042 1579 1397 2017 2128 
473 504 609 724 452 859 962 550 1196 1295 1151 642 769 
417 782 625 327 720 438 972 992 1259 1703 1098 1077 611 
438 441 666 245 505 519 690 1025 1085 907 853 658 773 
462 825 341 704 362 569 352 851 1598 1333 1810 1822 1320 
502 229 318 815 260 610 566 815 1516 808 1438 1908 1665 
485 777 213 766 312 330 401 634 1190 1565 693 649 1310 
266 709 660 434 451 339 694 394 583 850 856 1339 1299 
370 596 761 270 585 564 424 434 1091 502 1351 1384 1756 
678 288 517 512 863 781 809 526 646 1764 980 719 1273 
509 519 771 703 341 520 736 535 1490 599 1016 1529 2263 
659 220 389 284 883 342 1025 853 615 828 1698 813 1655 
876 268 219 483 328 1010 1133 1058 899 603 673 2009 1304 
810 270 577 261 664 696 634 1107 857 1288 1580 952 1963 
323 359 687 465 484 718 1091 398 1007 1275 892 1764 1332 
790 818 208 550 366 673 1119 906 838 987 1002 753 1094 
502 731 775 699 803 452 413 786 1325 1156 1803 1388 1439 
308 787 757 723 468 974 1038 1194 1381 857 1313 1612 1519 
438 667 650 818 580 771 402 649 588 1688 1191 824 656 
643 312 682 390 359 439 1069 823 1300 1253 1009 1232 987 
823 395 657 477 898 1002 873 1289 973 950 746 1998 1007 
404 401 513 519 292 348 1159 737 1526 1003 673 1050 1015 
767 597 564 356 292 565 319 1101 1536 1299 578 1011 1963 
703 670 633 264 688 696 552 998 1347 765 1999 751 1937 
282 552 228 518 796 882 552 710 759 1214 767 1041 2156 
761 485 240 659 675 425 949 946 1311 1708 1838 765 2007 
480 576 646 415 554 798 612 624 585 848 1611 1253 1997 
837 470 665 210 717 332 917 831 1527 780 739 1097 1019 
778 614 727 607 501 552 1153 917 1581 486 744 1270 1536 
657 677 287 704 616 995 747 440 783 465 647 2021 702 
750 601 291 731 748 516 447 413 1311 809 706 1089 1989 
877 665 475 674 265 613 485 1376 921 1325 636 1761 1572 
727 581 627 590 618 319 975 1155 842 1461 741 1635 873 
289 807 373 491 297 701 1084 1017 990 1034 1612 733 1420 
261 364 640 418 859 880 441 355 1278 695 715 1007 1221 
349 295 710 386 729 438 596 874 982 1574 561 1924 656 
336 488 776 794 884 1012 542 787 857 645 1670 592 1415 
821 688 441 522 746 425 1120 421 554 469 1549 1466 2000 
875 723 232 504 515 1006 857 494 1251 904 1654 693 654 
541 665 670 323 471 421 767 1031 1146 1011 555 1232 980 
288 523 369 484 404 347 751 904 743 1424 712 1863 877 
780 599 668 603 412 943 868 1192 425 1310 644 767 968 
403 761 463 272 744 758 736 1284 574 1256 843 823 2163 
227 218 214 794 576 910 487 640 865 491 1842 1144 2117 
517 256 314 684 529 457 827 1385 416 1047 1354 1908 2090 
333 667 479 352 545 719 1090 439 1165 1643 1545 1284 1477 
769 498 643 402 361 995 554 1032 1032 624 1453 1873 1811 
506 460 783 698 741 454 416 669 533 1650 1889 1313 606 
686 680 243 650 718 598 1129 939 1492 1612 718 855 2127 
844 767 280 557 303 910 624 1122 532 1757 1298 2017 1645 
341 390 578 793 311 645 576 947 1300 1319 759 675 2266 
517 224 685 261 740 772 724 533 1567 1034 936 898 1899 
885 657 327 538 574 580 972 878 1323 980 1544 1534 2039 
372 352 357 323 273 966 326 1315 923 1798 1218 1803 1338 
767 236 662 506 380 485 1101 520 714 921 587 941 1533 
