50 2 20
36 10
1700 96 112 130 149 169 187 203 214 222 225 222 214 203 187 169 150 130 112 96 85 77 75 77 85 96 112 130 149 169 187 203 214 222 225 222 214 203 187 169 150 130 112 96 85 77 75 77 85 96 112 
100000 6464 7499 8705 9999 11294 12499 13535 14330 14829 15000 14829 14330 13535 12500 11294 10000 8705 7500 6464 5669 5170 5000 5170 5669 6464 7499 8705 9999 11294 12499 13535 14330 14829 15000 14829 14330 13535 12500 11294 10000 8705 7500 6464 5669 5170 5000 5170 5669 6464 7499 
1353 1250 1129 1000 870 750 646 566 517 500 517 566 646 749 870 999 1129 1249 1353 1433 1482 1499 1482 1433 1353 1250 1129 1000 870 750 646 566 517 500 517 566 
790 336 1090 658 1110 1716 1284 689 2086 1434 642 1879 1487 1539 
436 924 906 941 1083 1072 1349 2011 1381 963 1206 1751 1788 1211 
404 1163 525 1217 557 1276 1430 904 958 1278 1612 1140 682 562 
310 406 1065 413 1625 1344 2089 645 1290 2049 1898 1050 1608 1985 
680 1037 1302 637 655 1772 1616 1046 1386 2196 1047 2157 1470 930 
873 1074 1159 1060 1195 1179 2092 1540 1708 1643 1239 1175 682 742 
608 690 599 558 866 1087 1106 968 1756 1882 1356 1331 2016 1311 
571 698 574 880 850 1825 2145 1430 1823 2144 2111 1774 884 1096 
690 977 523 819 1406 1846 808 1363 2166 1317 2084 614 682 706 
620 1147 1317 1409 1342 1270 1539 646 2097 2113 848 1204 1851 720 
