50 6 20
26 5
340 112 130 149 169 187 203 214 222 225 222 214 203 187 169 150 130 112 96 85 77 75 77 85 96 112 130 149 169 187 203 214 222 225 222 214 203 187 169 150 130 112 96 85 77 75 77 85 96 112 130 
340 149 174 199 225 249 270 286 296 300 296 286 270 250 225 200 174 150 129 113 103 100 103 113 129 149 174 199 225 249 270 286 296 300 296 286 270 250 225 200 174 150 129 113 103 100 103 113 129 149 174 
340 187 217 249 282 312 338 358 370 375 370 358 338 312 282 250 217 187 161 141 129 125 129 141 161 187 217 249 282 312 338 358 370 375 370 358 338 312 282 250 217 187 161 141 129 125 129 141 161 187 217 
340 224 261 299 338 374 406 429 444 450 444 429 406 375 338 300 261 225 193 170 155 150 155 170 193 224 261 299 338 374 406 429 444 450 444 429 406 375 338 300 261 225 193 170 155 150 155 170 193 224 261 
340 262 304 349 395 437 473 501 519 525 519 501 473 437 395 350 304 262 226 198 180 175 180 198 226 262 304 349 395 437 473 501 519 525 519 501 473 437 395 350 304 262 226 198 180 175 180 198 226 262 304 
100000 7499 8705 9999 11294 12499 13535 14330 14829 15000 14829 14330 13535 12500 11294 10000 8705 7500 6464 5669 5170 5000 5170 5669 6464 7499 8705 9999 11294 12499 13535 14330 14829 15000 14829 14330 13535 12500 11294 10000 8705 7500 6464 5669 5170 5000 5170 5669 6464 7499 8705 
1250 1129 1000 870 750 646 566 517 500 517 566 646 749 870 999 1129 1249 1353 1433 1482 1499 1482 1433 1353 1250 1129 
1252 850 799 664 569 234 243 355 833 468 508 594 1039 857 1648 1108 1120 1927 1383 2274 1783 714 1608 685 
1375 1156 867 398 685 675 407 211 506 597 1141 742 1309 1048 1375 692 1802 605 1183 1095 1803 1990 850 704 
548 592 931 820 516 432 723 543 867 283 1064 1158 907 462 1636 933 1182 1553 1057 1075 1127 1550 1384 1687 
745 927 1022 812 299 681 290 713 321 521 625 928 757 804 1718 1057 1220 2024 992 2093 2288 644 1888 1424 
433 424 672 452 776 521 249 500 247 574 1143 846 1145 1701 875 1821 1366 1516 2041 647 1072 1577 1677 1226 
