10 6 20
4 50
340 77 75 77 85 96 112 130 149 169 187 
340 103 100 103 113 129 149 174 199 225 249 
340 129 125 129 141 161 187 217 249 282 312 
340 155 150 155 170 193 224 261 299 338 374 
340 180 175 180 198 226 262 304 349 395 437 
100000 5170 5000 5170 5669 6464 7499 8705 9999 11294 12499 
1482 1499 1482 1433 
1287 1223 1156 952 863 737 
1320 1227 1137 958 863 726 
1416 1286 1074 979 909 780 
1353 1205 1174 959 832 730 
1379 1206 1143 990 876 763 
1375 1280 1085 1030 835 735 
1306 1237 1096 1028 879 744 
1395 1224 1174 1021 880 766 
1406 1264 1078 1003 850 735 
1354 1262 1074 1020 839 781 
1420 1190 1114 1029 859 784 
1291 1235 1172 976 871 719 
1351 1200 1148 1024 883 759 
1408 1204 1153 972 853 767 
1355 1192 1179 971 899 714 
1374 1257 1156 972 828 747 
1351 1252 1183 1023 912 753 
1287 1237 1128 951 911 737 
1366 1208 1150 1038 833 752 
1358 1265 1156 1023 900 743 
1407 1261 1128 956 862 730 
1353 1286 1078 986 833 761 
1324 1245 1164 971 901 726 
1342 1274 1136 1009 911 765 
1362 1245 1160 1041 871 742 
1409 1296 1178 1046 889 785 
1293 1263 1179 966 886 746 
1312 1222 1085 1033 844 741 
1394 1278 1122 981 901 768 
1418 1266 1161 952 890 726 
1406 1268 1079 1010 883 771 
1302 1274 1100 996 888 736 
1412 1291 1177 1011 847 718 
1379 1199 1130 1034 841 751 
1319 1193 1093 957 850 736 
1403 1294 1116 1019 862 786 
1380 1291 1095 998 911 752 
1329 1225 1112 1015 876 748 
1407 1211 1077 1037 838 774 
1349 1246 1183 1003 846 771 
1360 1255 1110 966 911 737 
1327 1275 1155 1042 842 744 
1380 1206 1138 1005 864 724 
1305 1259 1167 1026 843 757 
1392 1196 1176 969 892 774 
1287 1291 1084 1048 828 729 
1301 1307 1109 1030 857 787 
1419 1244 1116 973 868 774 
1372 1273 1118 989 846 712 
1330 1250 1136 955 897 753 
