20 2 20
7 50
1700 77 85 96 112 130 149 169 187 203 214 222 225 222 214 203 187 169 150 130 112 
100000 5170 5669 6464 7499 8705 9999 11294 12499 13535 14330 14829 15000 14829 14330 13535 12500 11294 10000 8705 7500 
1482 1433 1353 1250 1129 1000 870 
780 545 679 526 497 578 505 519 739 741 880 1266 1008 
727 575 618 424 497 563 562 532 783 742 942 1305 1254 
884 625 482 548 517 492 516 524 614 1020 1093 1215 1032 
802 705 491 574 497 468 487 664 719 780 969 947 1411 
809 658 499 472 497 452 607 620 664 929 1045 1037 1415 
781 593 508 551 429 483 598 588 847 729 862 1332 1187 
892 562 505 542 543 478 505 727 681 764 875 1079 1159 
667 524 609 430 514 472 569 636 622 781 819 979 1146 
804 547 648 503 591 452 664 607 867 759 813 1061 1104 
738 761 459 607 409 581 639 664 740 853 1020 1073 1137 
817 677 598 540 528 438 509 749 674 881 959 914 1444 
689 734 464 614 582 503 655 723 841 830 1176 1163 1344 
615 547 492 549 514 466 622 689 675 835 1128 1218 1493 
862 753 512 535 531 471 567 619 602 1015 1037 1310 1414 
710 687 660 557 496 608 659 536 793 840 821 1203 1320 
775 696 526 563 539 545 586 767 607 725 880 1127 1265 
776 695 618 529 567 488 492 726 783 965 1156 1027 1394 
641 582 553 561 510 415 533 724 789 819 1153 1197 1210 
898 727 597 439 579 423 496 665 819 900 1074 1313 1339 
768 593 564 540 596 531 552 605 733 759 1126 1316 1269 
785 755 605 438 440 540 464 574 669 777 1125 1268 1332 
890 705 460 435 447 485 528 645 897 1025 1180 1057 1226 
667 578 631 454 575 475 549 550 781 819 871 1012 1327 
730 535 606 526 532 458 463 769 856 1036 984 1168 1303 
740 590 597 550 482 415 495 700 773 794 1162 1077 1348 
763 532 597 454 444 579 503 663 883 823 1025 1247 1400 
663 674 543 420 557 618 493 570 874 760 923 1023 1240 
857 605 564 509 429 445 632 750 630 897 927 1332 1480 
709 745 567 525 585 432 597 628 805 959 919 977 1154 
732 639 496 575 547 481 627 662 629 865 1012 1228 1416 
893 773 538 442 404 540 525 688 650 952 828 1178 1459 
619 614 626 506 582 470 571 640 882 972 909 1319 1305 
736 573 539 426 507 619 473 680 706 742 970 1236 1247 
845 656 537 467 577 455 644 574 765 879 843 993 1407 
767 592 573 429 482 552 669 727 604 1001 1187 1321 1004 
731 775 588 417 497 454 502 711 827 797 924 944 1342 
660 760 632 562 585 526 637 694 717 933 1175 1043 1350 
804 707 610 538 526 514 665 649 799 745 1042 1327 1032 
876 600 603 434 532 437 567 546 742 979 808 1249 1406 
652 517 674 535 598 427 561 609 849 779 983 1011 1362 
845 601 588 503 488 604 483 664 782 810 986 1015 1268 
774 717 576 571 476 536 542 569 656 846 905 967 1338 
647 567 656 433 588 519 580 621 794 1012 1067 1216 1213 
629 535 658 519 557 607 500 738 645 749 859 1205 1282 
615 747 566 575 545 542 654 593 842 896 899 946 1046 
769 529 578 574 523 585 590 703 773 796 812 1150 1097 
856 773 660 547 401 521 641 774 838 795 938 1126 1378 
666 631 515 575 472 516 527 775 745 751 913 1050 1436 
880 765 621 595 487 433 652 645 743 807 821 1208 1014 
829 592 591 464 461 508 606 639 872 740 919 1163 1020 
