20 2 20
11 100
1700 77 85 96 112 130 149 169 187 203 214 222 225 222 214 203 187 169 150 130 112 
100000 5170 5669 6464 7499 8705 9999 11294 12499 13535 14330 14829 15000 14829 14330 13535 12500 11294 10000 8705 7500 
1482 1433 1353 1250 1129 1000 870 750 646 566 517 
517 504 577 638 737 836 950 1140 1266 
514 542 570 631 759 858 976 1083 1306 
481 507 545 668 722 865 1014 1098 1267 
491 538 555 671 723 837 1024 1112 1221 
487 529 577 664 745 839 950 1184 1232 
515 521 575 631 769 882 973 1102 1281 
477 530 566 623 786 884 1011 1154 1207 
479 519 541 652 730 872 992 1161 1199 
509 526 594 615 727 833 1010 1158 1193 
496 517 554 648 772 910 1037 1148 1299 
487 495 566 637 762 896 982 1112 1276 
482 510 555 650 750 848 1001 1110 1205 
478 511 547 618 768 895 1049 1111 1187 
503 535 568 659 768 857 1012 1088 1203 
494 493 588 621 784 907 1020 1115 1283 
502 502 544 642 784 905 1011 1126 1270 
519 542 560 640 744 869 972 1080 1222 
490 498 564 671 771 895 970 1170 1212 
504 523 547 647 756 859 1044 1098 1272 
482 512 562 630 726 846 1006 1171 1260 
489 534 594 641 737 878 995 1161 1288 
522 532 552 621 771 896 987 1080 1238 
509 528 591 616 739 871 1048 1111 1270 
521 528 558 656 714 899 1021 1134 1207 
524 536 545 675 761 830 1031 1152 1275 
494 530 561 647 755 847 1042 1178 1190 
513 537 581 663 736 890 1005 1134 1300 
476 541 543 663 740 883 1033 1175 1233 
519 511 578 662 782 903 1013 1074 1225 
496 532 589 675 713 841 979 1139 1297 
491 492 545 659 767 908 984 1158 1189 
515 536 565 649 754 892 961 1163 1204 
491 515 567 655 781 840 999 1093 1205 
484 532 581 615 769 851 1038 1080 1272 
487 502 557 638 719 894 996 1086 1283 
481 498 549 672 726 879 1021 1127 1285 
505 534 586 670 782 831 1033 1121 1231 
491 500 591 628 767 870 993 1074 1241 
488 500 563 645 730 895 1021 1126 1224 
517 527 568 652 716 853 990 1169 1272 
523 515 565 651 754 853 1005 1117 1267 
496 518 551 627 731 854 1002 1077 1259 
506 508 585 653 765 882 1031 1088 1296 
481 526 572 616 780 833 1015 1165 1255 
494 506 559 620 757 885 985 1111 1239 
476 513 590 661 771 873 1013 1133 1202 
492 526 556 623 734 896 961 1074 1227 
497 508 547 614 769 850 1021 1081 1245 
504 528 591 653 780 893 980 1077 1210 
517 520 578 657 739 906 1018 1163 1246 
516 541 578 620 722 895 951 1168 1198 
512 509 588 651 750 857 969 1095 1309 
506 508 543 625 734 896 977 1140 1279 
501 518 593 621 741 859 1008 1105 1204 
493 491 574 677 720 840 1000 1172 1221 
516 532 540 618 745 849 993 1120 1213 
483 494 548 646 784 885 1031 1121 1225 
501 535 580 639 732 859 1028 1177 1203 
479 526 558 659 786 880 959 1132 1241 
481 501 574 638 758 840 989 1161 1271 
490 526 587 650 758 900 960 1139 1221 
497 542 560 666 728 913 965 1092 1204 
478 525 572 633 720 850 1007 1110 1254 
497 532 588 649 747 864 977 1098 1244 
501 524 594 639 780 872 1000 1150 1244 
500 531 565 615 776 851 988 1176 1231 
521 498 550 662 780 860 1036 1181 1300 
492 529 541 673 772 892 1007 1103 1249 
475 497 577 622 730 882 986 1142 1268 
492 537 580 668 786 887 964 1149 1310 
475 525 558 641 731 902 985 1120 1243 
518 501 574 661 738 910 1028 1158 1283 
513 518 574 660 750 910 1013 1106 1239 
518 497 583 629 784 896 963 1123 1235 
522 524 543 655 768 872 952 1091 1202 
499 539 585 641 731 902 999 1121 1303 
514 536 577 629 778 829 1045 1146 1298 
497 527 552 652 737 859 993 1126 1289 
488 503 570 668 722 874 1024 1126 1296 
515 519 548 652 753 864 962 1153 1225 
509 532 588 640 737 832 1015 1077 1242 
478 531 541 666 780 906 956 1117 1274 
497 504 595 662 766 852 958 1137 1300 
522 492 571 669 778 875 1038 1135 1291 
475 504 538 621 775 891 999 1119 1194 
510 492 576 634 719 888 992 1181 1251 
479 496 592 677 721 879 1041 1180 1276 
519 509 556 653 771 833 985 1140 1278 
519 536 579 649 782 901 994 1105 1230 
511 517 594 655 751 875 977 1164 1200 
524 494 549 666 738 903 973 1129 1266 
487 510 565 662 763 902 980 1152 1257 
517 534 566 663 765 887 995 1177 1285 
491 499 561 653 783 843 1048 1141 1255 
489 491 567 623 727 850 1002 1143 1218 
493 507 551 653 761 910 1046 1176 1252 
517 509 543 637 774 856 991 1154 1244 
518 511 546 657 743 876 1047 1156 1229 
516 541 584 655 736 898 1047 1089 1261 
481 497 562 676 757 865 998 1177 1246 
