50 2 20
36 50
1700 75 77 85 96 112 130 149 169 187 203 214 222 225 222 214 203 187 169 150 130 112 96 85 77 75 77 85 96 112 130 149 169 187 203 214 222 225 222 214 203 187 169 150 130 112 96 85 77 75 77 
100000 5000 5170 5669 6464 7499 8705 9999 11294 12499 13535 14330 14829 15000 14829 14330 13535 12500 11294 10000 8705 7500 6464 5669 5170 5000 5170 5669 6464 7499 8705 9999 11294 12499 13535 14330 14829 15000 14829 14330 13535 12500 11294 10000 8705 7500 6464 5669 5170 5000 5170 
1499 1482 1433 1353 1250 1129 1000 870 750 646 566 517 500 517 566 646 749 870 999 1129 1249 1353 1433 1482 1499 1482 1433 1353 1250 1129 1000 870 750 646 566 517 
404 615 506 539 659 943 1042 1013 1001 1214 1630 1750 1662 1635 
477 515 551 687 873 907 1152 1059 1218 1144 1458 1443 1204 1614 
460 577 669 548 767 782 867 1349 1319 1224 1396 1754 1340 1473 
436 449 480 633 811 877 1144 1057 1147 1132 1571 1249 1350 1214 
518 579 509 621 839 862 1197 1297 1073 1350 1561 1385 1668 1526 
479 426 663 627 647 781 1065 1064 1484 1593 1401 1535 1747 1228 
508 573 482 636 661 844 1134 1201 1339 1449 1406 1467 1730 1307 
441 612 654 677 692 995 1175 1010 1018 1141 1323 1490 1697 1509 
513 619 621 609 778 760 920 1080 1022 1124 1272 1732 1440 1653 
580 610 555 535 682 928 919 946 1415 1140 1566 1359 1458 1590 
411 551 632 667 661 824 842 1234 1148 1566 1639 1382 1420 1628 
435 535 569 754 830 972 847 912 1458 1199 1415 1433 1482 1210 
471 452 520 736 899 796 873 1256 1468 1482 1529 1751 1281 1290 
546 464 457 681 850 708 1058 1306 1152 1602 1585 1295 1481 1393 
586 562 584 610 736 955 1171 1115 1161 1389 1261 1385 1757 1393 
488 566 612 522 805 898 974 984 1332 1405 1456 1342 1574 1708 
570 604 592 716 698 993 936 1013 1133 1622 1703 1400 1386 1428 
574 601 667 689 833 967 1066 969 1166 1207 1525 1196 1489 1530 
405 474 606 633 732 976 950 974 1188 1292 1607 1377 1573 1304 
482 479 529 630 620 915 932 1073 1186 1480 1612 1766 1283 1528 
463 416 553 585 606 1035 902 920 1090 1423 1219 1275 1739 1551 
568 559 668 730 774 731 1147 905 1252 1138 1172 1413 1362 1322 
400 551 545 635 789 784 819 1305 1271 1083 1148 1468 1391 1428 
515 488 637 658 654 1035 905 1159 1074 1319 1415 1283 1646 1420 
525 580 646 740 659 724 909 987 1207 1103 1229 1585 1620 1661 
479 427 610 613 835 826 846 1311 1196 1175 1250 1384 1280 1202 
558 559 496 528 664 1039 1138 995 1226 1519 1570 1507 1248 1712 
584 578 611 650 830 901 1095 1341 1073 1479 1672 1266 1729 1667 
581 467 657 655 778 739 834 929 1268 1343 1333 1648 1749 1274 
526 573 596 656 873 840 1129 906 1139 1231 1422 1703 1446 1756 
482 497 660 744 673 936 858 1174 1356 1429 1450 1725 1751 1229 
541 433 641 551 789 905 1066 1332 1496 1428 1419 1690 1770 1684 
508 612 603 658 866 905 1030 1274 1293 1186 1678 1673 1251 1301 
490 526 516 712 824 912 1010 1129 1129 1193 1360 1364 1430 1520 
427 484 597 636 641 819 933 1327 1364 1255 1615 1521 1752 1513 
526 574 622 631 791 827 848 1239 1276 1515 1397 1608 1727 1332 
507 616 601 580 716 871 814 1258 1037 1280 1259 1522 1444 1709 
485 516 641 717 899 698 1125 1247 1351 1236 1468 1468 1542 1209 
417 610 612 735 762 909 1079 1224 1448 1118 1545 1737 1652 1508 
475 584 566 603 610 861 993 940 1052 1092 1441 1331 1270 1554 
458 538 587 702 628 736 1109 1172 1178 1094 1594 1752 1457 1474 
400 512 492 684 698 721 1063 1096 1056 1530 1523 1730 1425 1361 
431 559 497 570 782 1043 1097 984 1082 1528 1717 1518 1527 1341 
498 607 644 758 658 864 1168 1202 1433 1429 1520 1568 1788 1391 
542 608 584 590 643 931 831 1049 1198 1486 1439 1626 1264 1429 
422 468 515 673 832 904 837 1039 1170 1335 1250 1653 1281 1678 
465 450 634 594 782 708 1128 1083 1490 1302 1591 1621 1282 1281 
543 555 638 758 809 944 914 1145 1454 1532 1276 1304 1418 1435 
546 504 596 752 789 1025 1029 1093 1447 1242 1469 1203 1355 1700 
425 550 658 716 757 790 914 977 1093 1282 1684 1640 1512 1487 
