20 2 20
7 10
1700 77 85 96 112 130 149 169 187 203 214 222 225 222 214 203 187 169 150 130 112 
100000 5170 5669 6464 7499 8705 9999 11294 12499 13535 14330 14829 15000 14829 14330 13535 12500 11294 10000 8705 7500 
1482 1433 1353 1250 1129 1000 870 
775 676 578 524 485 501 547 675 776 899 1043 1171 1270 
768 666 547 522 475 522 543 626 739 848 1002 1099 1291 
726 628 579 494 478 495 543 616 744 862 1049 1094 1233 
735 646 548 541 516 540 567 635 730 876 988 1184 1191 
774 658 582 538 512 524 572 650 728 843 1001 1096 1227 
734 628 538 542 500 525 542 663 784 890 987 1085 1290 
765 620 538 536 503 537 554 672 756 869 995 1137 1271 
723 643 572 518 495 493 590 634 759 855 1000 1165 1275 
720 652 583 522 504 496 565 676 714 899 950 1118 1192 
732 659 594 538 508 537 545 662 722 857 1019 1075 1243 
