20 3 20
11 10
850 85 96 112 130 149 169 187 203 214 222 225 222 214 203 187 169 150 130 112 96 
850 113 129 149 174 199 225 249 270 286 296 300 296 286 270 250 225 200 174 150 129 
100000 5669 6464 7499 8705 9999 11294 12499 13535 14330 14829 15000 14829 14330 13535 12500 11294 10000 8705 7500 6464 
1433 1353 1250 1129 1000 870 750 646 566 517 500 
423 272 840 922 1285 1196 875 1616 776 
744 500 849 354 1086 1153 914 670 1381 
368 443 506 452 804 1082 1440 1979 962 
233 356 902 689 622 1280 875 1243 2155 
473 643 452 587 403 1421 1126 1731 1185 
528 672 338 834 1280 827 936 914 2068 
596 374 966 894 1119 1099 707 1010 1039 
619 737 790 995 1353 604 873 1722 1141 
494 596 890 448 375 412 1753 613 1034 
818 281 373 356 1358 1368 1311 1391 1240 
