20 11 20
7 100
170 75 77 85 96 112 130 149 169 187 203 214 222 225 222 214 203 187 169 150 130 
170 100 103 113 129 149 174 199 225 249 270 286 296 300 296 286 270 250 225 200 174 
170 125 129 141 161 187 217 249 282 312 338 358 370 375 370 358 338 312 282 250 217 
170 150 155 170 193 224 261 299 338 374 406 429 444 450 444 429 406 375 338 300 261 
170 175 180 198 226 262 304 349 395 437 473 501 519 525 519 501 473 437 395 350 304 
170 200 206 226 258 299 348 399 451 499 541 573 593 600 593 573 541 500 451 400 348 
170 225 232 255 290 337 391 449 508 562 609 644 667 675 667 644 609 562 508 450 391 
170 250 258 283 323 374 435 499 564 624 676 716 741 750 741 716 676 625 564 500 435 
170 275 284 311 355 412 478 549 621 687 744 788 815 825 815 788 744 687 621 550 478 
170 300 310 340 387 449 522 599 677 749 812 859 889 900 889 859 812 750 677 600 522 
100000 5000 5170 5669 6464 7499 8705 9999 11294 12499 13535 14330 14829 15000 14829 14330 13535 12500 11294 10000 8705 
1499 1482 1433 1353 1250 1129 1000 
715 875 479 495 644 214 394 438 719 997 1144 1445 1634 
1137 583 949 404 688 266 637 899 298 564 1372 466 1520 
467 1086 1005 483 355 419 359 326 535 1093 1057 586 1356 
525 709 1031 473 362 335 249 687 752 591 654 1130 1178 
351 972 960 415 247 302 459 670 798 1046 708 883 1629 
1067 905 715 321 447 230 219 366 996 797 877 449 1461 
1085 405 1023 639 792 316 574 672 320 577 988 1258 1643 
1299 1150 925 461 743 734 826 761 727 811 375 737 614 
1208 711 743 565 504 230 422 388 475 632 1292 463 923 
1131 867 550 592 617 534 400 552 963 903 564 1245 1335 
1099 852 774 717 306 691 209 346 527 915 1308 1120 1156 
1392 1157 320 733 265 247 427 460 942 653 444 1531 597 
647 982 820 889 466 240 803 834 528 720 825 1078 675 
989 1154 347 879 421 265 514 551 321 473 1279 1374 639 
1360 583 611 863 207 287 564 591 936 1027 1250 1013 1095 
675 980 724 843 762 462 280 319 594 675 960 1561 1688 
391 799 600 643 700 264 350 405 812 1167 525 1441 1500 
1091 714 600 625 261 612 417 392 883 493 809 1209 1652 
427 1091 513 882 777 518 549 589 377 317 863 1138 1560 
768 1095 872 467 398 515 268 764 803 1067 1130 993 490 
752 393 303 860 484 770 460 419 994 718 1140 1272 1310 
1276 713 620 629 429 433 523 494 937 1133 448 1232 1616 
492 761 761 423 370 219 814 816 318 466 395 631 782 
423 974 584 391 807 578 415 881 959 1193 745 1087 1062 
759 768 824 534 432 494 672 831 783 612 1215 1120 495 
1189 1098 348 551 417 294 370 515 647 389 1203 1130 1044 
1111 1085 893 269 805 311 672 819 318 476 1219 1407 1592 
1327 624 572 564 559 666 812 271 825 722 1346 633 1092 
1271 954 282 860 422 557 392 573 576 422 485 1322 523 
1308 971 828 653 266 555 742 799 870 330 735 1199 1510 
520 418 622 536 746 742 366 539 802 351 712 471 1371 
919 593 778 638 423 562 515 898 314 732 1174 585 1758 
1372 900 789 250 434 777 642 576 755 384 523 832 1662 
766 972 290 792 777 405 397 460 323 1100 523 915 835 
887 1025 532 773 608 576 427 264 381 463 1147 1129 673 
522 1080 1010 593 352 415 579 752 893 961 466 681 1410 
830 419 611 608 375 678 530 314 585 617 516 807 807 
1194 870 279 885 299 203 499 738 279 1113 885 928 1065 
714 679 812 510 682 355 761 854 835 1163 966 887 1341 
1209 372 261 737 627 632 598 742 550 571 726 1185 1678 
992 346 764 758 295 615 220 890 372 708 1208 483 555 
1288 445 944 615 404 227 374 868 773 700 675 956 538 
1023 870 497 474 517 222 516 686 757 491 1066 877 856 
1076 413 795 739 725 596 737 287 997 398 958 737 1049 
1230 825 441 234 793 498 755 767 840 857 1297 1039 666 
736 481 705 580 823 595 764 543 600 637 1237 1023 1704 
1259 1088 896 296 470 741 724 472 328 869 701 595 1162 
816 849 982 367 298 243 491 312 441 567 608 1060 1791 
1077 1068 1016 228 667 550 718 538 296 850 355 1374 698 
1323 1143 357 590 291 253 690 286 612 927 1116 924 585 
1056 433 957 412 449 478 252 859 503 992 1017 1187 765 
973 1058 798 244 781 427 569 689 681 429 701 1085 1214 
975 914 760 389 310 378 574 814 592 768 940 1504 1211 
881 854 433 730 397 407 385 892 866 1153 966 558 1727 
544 321 642 587 472 302 695 532 485 927 1283 1483 546 
898 481 872 519 233 709 380 616 289 1010 397 865 1281 
1341 429 810 736 434 784 392 770 751 589 963 1082 1132 
1327 1056 448 890 585 669 749 736 433 573 990 814 1493 
713 724 843 722 547 650 807 835 816 1139 588 1594 1566 
555 597 384 533 401 693 624 543 340 729 1345 1441 777 
1216 580 632 573 315 408 564 484 891 793 1378 1573 1758 
1383 1062 470 284 619 519 605 273 528 1091 930 449 1163 
673 841 406 443 787 528 465 824 431 926 539 682 932 
566 642 295 791 615 551 355 524 639 762 1376 610 1330 
400 313 422 258 622 623 510 326 743 1131 413 781 1403 
452 981 441 860 511 351 210 274 344 456 615 642 834 
662 1113 506 430 494 694 330 327 450 408 809 1325 559 
605 306 910 767 618 257 512 419 480 933 368 770 999 
1103 1169 324 445 764 567 651 513 662 568 431 1447 664 
943 535 812 433 592 279 519 419 1018 429 651 672 1695 
1356 385 646 612 224 580 454 353 722 755 852 1075 1040 
918 622 269 685 573 369 798 903 531 684 873 1200 1281 
471 388 721 566 793 548 790 232 289 953 754 1026 964 
1065 941 685 551 399 603 440 422 897 1082 1257 1189 1550 
1033 440 411 906 621 417 762 766 338 467 681 435 877 
829 984 982 793 507 293 656 501 483 412 1264 537 1268 
1379 702 453 698 254 498 780 798 431 339 447 1163 1422 
880 375 907 656 304 294 818 784 619 547 903 936 1681 
983 888 559 313 776 506 424 873 552 423 409 661 1734 
1094 594 966 817 461 441 537 519 672 649 557 1015 730 
446 701 331 410 322 307 354 680 992 993 1087 1573 1121 
1120 1000 550 795 215 403 628 603 431 1096 1135 994 1801 
867 1157 501 728 449 704 316 799 369 1108 900 1398 679 
813 479 536 616 503 649 558 868 780 628 1158 622 766 
521 1145 261 792 363 722 277 474 528 922 1154 1243 969 
833 964 421 801 516 347 330 407 481 368 429 1200 1167 
700 649 504 386 231 476 606 475 303 1110 1026 1572 1230 
1004 888 515 635 639 644 805 682 716 951 516 746 767 
1372 1018 451 523 217 237 451 890 323 1169 1315 460 1386 
509 1061 500 487 811 587 333 641 466 1017 1210 405 1596 
551 317 1015 320 254 767 765 889 714 1024 1175 1543 1148 
1371 996 561 452 378 331 391 319 655 1083 736 1069 644 
1199 710 449 348 605 465 229 276 747 385 730 1394 858 
1122 356 285 359 408 240 232 375 856 497 359 846 633 
1044 333 446 578 215 251 260 358 880 1151 1229 1533 979 
1305 1139 291 823 497 302 748 299 696 890 1028 870 1666 
1356 492 271 714 519 406 295 581 531 841 543 728 1074 
476 556 574 576 442 750 401 464 518 568 915 669 1783 
1004 687 893 732 700 422 379 684 740 709 544 1546 773 
1071 994 773 711 540 313 350 560 986 550 998 1301 1288 
