10 11 20
8 10
170 130 112 96 85 77 75 77 85 96 112 
170 174 150 129 113 103 100 103 113 129 149 
170 217 187 161 141 129 125 129 141 161 187 
170 261 225 193 170 155 150 155 170 193 224 
170 304 262 226 198 180 175 180 198 226 262 
170 348 300 258 226 206 200 206 226 258 299 
170 391 337 290 255 232 225 232 255 290 337 
170 435 375 323 283 258 250 258 283 323 374 
170 478 412 355 311 284 275 284 311 355 412 
170 522 450 387 340 310 300 310 340 387 449 
100000 8705 7500 6464 5669 5170 5000 5170 5669 6464 7499 
1129 1249 1353 1433 1482 1499 1482 1433 
862 1200 
1806 1609 
1995 1463 
1004 1437 
1411 970 
614 1044 
926 1301 
828 909 
1413 1580 
1934 567 
