50 6 20
36 50
340 85 96 112 130 149 169 187 203 214 222 225 222 214 203 187 169 150 130 112 96 85 77 75 77 85 96 112 130 149 169 187 203 214 222 225 222 214 203 187 169 150 130 112 96 85 77 75 77 85 96 
340 113 129 149 174 199 225 249 270 286 296 300 296 286 270 250 225 200 174 150 129 113 103 100 103 113 129 149 174 199 225 249 270 286 296 300 296 286 270 250 225 200 174 150 129 113 103 100 103 113 129 
340 141 161 187 217 249 282 312 338 358 370 375 370 358 338 312 282 250 217 187 161 141 129 125 129 141 161 187 217 249 282 312 338 358 370 375 370 358 338 312 282 250 217 187 161 141 129 125 129 141 161 
340 170 193 224 261 299 338 374 406 429 444 450 444 429 406 375 338 300 261 225 193 170 155 150 155 170 193 224 261 299 338 374 406 429 444 450 444 429 406 375 338 300 261 225 193 170 155 150 155 170 193 
340 198 226 262 304 349 395 437 473 501 519 525 519 501 473 437 395 350 304 262 226 198 180 175 180 198 226 262 304 349 395 437 473 501 519 525 519 501 473 437 395 350 304 262 226 198 180 175 180 198 226 
100000 5669 6464 7499 8705 9999 11294 12499 13535 14330 14829 15000 14829 14330 13535 12500 11294 10000 8705 7500 6464 5669 5170 5000 5170 5669 6464 7499 8705 9999 11294 12499 13535 14330 14829 15000 14829 14330 13535 12500 11294 10000 8705 7500 6464 5669 5170 5000 5170 5669 6464 
1433 1353 1250 1129 1000 870 750 646 566 517 500 517 566 646 749 870 999 1129 1249 1353 1433 1482 1499 1482 1433 1353 1250 1129 1000 870 750 646 566 517 500 517 
525 531 747 954 904 1157 1291 1474 1314 1351 1638 1297 1586 1342 
585 590 740 910 1153 908 1087 1349 1305 1599 1574 1331 1619 1261 
652 550 879 910 1006 1265 1472 1134 1528 1255 1259 1288 1323 1123 
465 614 852 698 1090 1231 1189 1394 1521 1501 1633 1600 1490 1331 
569 773 780 782 1000 1270 1103 1546 1398 1489 1272 1459 1435 1606 
665 534 838 704 887 972 1404 1570 1524 1263 1445 1296 1408 1088 
505 644 817 725 1198 1077 1051 1612 1552 1574 1364 1743 1267 1381 
602 689 612 721 1182 1149 1046 1547 1585 1571 1208 1697 1163 1251 
647 595 743 919 1154 937 1411 1525 1196 1275 1748 1492 1302 1131 
582 592 691 787 917 1019 1192 1547 1506 1757 1728 1356 1333 1473 
601 532 621 802 944 1240 1498 1258 1557 1249 1590 1260 1227 1611 
616 665 842 704 852 1153 1266 1597 1635 1484 1490 1320 1154 1567 
495 771 787 1022 1104 965 1310 1281 1669 1370 1433 1595 1488 1470 
582 696 856 877 913 1167 1386 1533 1482 1538 1231 1715 1295 1291 
484 656 828 743 950 1171 1243 1401 1272 1304 1261 1761 1626 1491 
481 537 672 872 1007 1094 1132 1304 1421 1596 1481 1397 1236 1349 
536 603 758 909 1190 1189 1058 1460 1241 1617 1692 1591 1577 1529 
574 725 844 977 1106 1156 1104 1376 1175 1444 1655 1330 1299 1497 
463 751 798 889 927 1122 1383 1409 1425 1668 1751 1667 1496 1604 
598 761 878 717 1010 1257 1427 1173 1700 1726 1744 1404 1316 1122 
468 668 809 833 994 1023 1254 1243 1204 1501 1307 1483 1717 1542 
590 756 632 994 814 1277 1079 1308 1312 1207 1394 1483 1419 1425 
585 772 897 1008 901 1340 1463 1560 1508 1589 1621 1458 1286 1420 
467 559 802 1038 879 1225 1203 1580 1269 1476 1620 1707 1503 1576 
663 632 642 1025 931 1298 1226 1451 1572 1717 1313 1336 1236 1552 
643 517 788 1003 1122 982 1265 1581 1331 1220 1554 1567 1409 1525 
601 749 876 1035 1082 1175 1449 1509 1189 1764 1562 1437 1313 1537 
640 581 774 701 844 946 1234 1296 1659 1677 1456 1689 1255 1118 
474 641 645 839 1182 1083 1087 1090 1180 1510 1666 1671 1494 1461 
669 605 600 780 902 1054 1137 1502 1319 1270 1399 1316 1666 1158 
467 622 783 718 1074 1290 1385 1404 1375 1641 1777 1205 1561 1526 
658 622 763 1021 1042 1295 1161 1356 1155 1593 1464 1349 1600 1489 
482 615 753 990 1192 1226 1492 1404 1428 1286 1731 1426 1498 1548 
557 582 832 1020 997 1199 1176 1095 1297 1575 1225 1195 1556 1194 
483 544 765 960 842 1298 1239 1299 1473 1397 1385 1435 1703 1502 
489 672 621 698 974 958 1320 1278 1640 1407 1406 1656 1270 1395 
521 546 619 874 899 1052 1074 1198 1641 1580 1597 1764 1183 1290 
493 652 880 698 940 1202 1047 1083 1293 1360 1251 1517 1383 1132 
606 652 705 948 1026 955 1436 1591 1449 1468 1645 1415 1339 1453 
458 636 761 808 1104 949 1262 1171 1324 1650 1704 1251 1648 1435 
504 759 794 718 934 1345 1074 1300 1529 1368 1220 1509 1465 1376 
473 715 843 986 1038 1116 1456 1169 1634 1527 1345 1491 1710 1558 
525 533 853 799 1001 1303 1080 1221 1246 1410 1610 1271 1588 1591 
576 543 827 1043 1011 932 1456 1613 1449 1384 1770 1398 1611 1397 
662 594 722 899 949 933 1154 1374 1565 1634 1582 1399 1647 1309 
594 696 715 778 992 949 1202 1503 1152 1305 1566 1759 1178 1133 
512 735 781 1036 1098 1226 1360 1215 1549 1653 1202 1731 1171 1554 
648 718 889 787 890 910 1181 1290 1165 1637 1567 1356 1184 1259 
503 671 751 876 915 910 1398 1536 1283 1747 1285 1744 1628 1281 
513 566 878 879 1080 1193 1409 1375 1348 1363 1739 1509 1414 1085 
