10 3 20
8 50
850 130 112 96 85 77 75 77 85 96 112 
850 174 150 129 113 103 100 103 113 129 149 
100000 8705 7500 6464 5669 5170 5000 5170 5669 6464 7499 
1129 1249 1353 1433 1482 1499 1482 1433 
1406 1222 
1416 1305 
1349 1217 
1322 1267 
1321 1227 
1359 1259 
1311 1227 
1316 1256 
1286 1200 
1382 1289 
1318 1276 
1363 1209 
1333 1281 
1368 1291 
1352 1300 
1390 1234 
1417 1250 
1399 1278 
1390 1286 
1413 1239 
1308 1189 
1380 1307 
1399 1295 
1319 1285 
1359 1244 
1386 1250 
1379 1226 
1381 1289 
1415 1257 
1392 1312 
1316 1303 
1328 1218 
1413 1247 
1315 1277 
1330 1308 
1366 1270 
1340 1258 
1381 1241 
1325 1295 
1350 1281 
1391 1187 
1331 1200 
1369 1279 
1365 1250 
1352 1225 
1287 1257 
1313 1300 
1408 1215 
1405 1277 
1332 1300 
