20 6 20
7 10
340 75 77 85 96 112 130 149 169 187 203 214 222 225 222 214 203 187 169 150 130 
340 100 103 113 129 149 174 199 225 249 270 286 296 300 296 286 270 250 225 200 174 
340 125 129 141 161 187 217 249 282 312 338 358 370 375 370 358 338 312 282 250 217 
340 150 155 170 193 224 261 299 338 374 406 429 444 450 444 429 406 375 338 300 261 
340 175 180 198 226 262 304 349 395 437 473 501 519 525 519 501 473 437 395 350 304 
100000 5000 5170 5669 6464 7499 8705 9999 11294 12499 13535 14330 14829 15000 14829 14330 13535 12500 11294 10000 8705 
1499 1482 1433 1353 1250 1129 1000 
704 798 761 615 493 483 553 663 609 653 998 967 1016 
958 711 587 530 458 542 458 479 669 874 841 1113 1198 
1015 815 621 663 521 414 517 506 672 703 861 1131 1165 
793 798 661 631 565 482 423 635 523 899 817 970 1134 
941 605 575 495 608 430 499 556 715 669 728 1150 1164 
835 710 519 542 615 524 446 571 732 699 764 801 1113 
924 644 679 526 488 576 592 526 553 736 911 811 1342 
854 624 637 578 420 509 620 557 727 766 816 844 1090 
753 618 541 636 568 513 615 512 551 646 770 1195 1074 
1009 661 610 488 417 428 573 665 674 801 1030 1173 1004 
