20 3 20
7 50
850 130 149 169 187 203 214 222 225 222 214 203 187 169 150 130 112 96 85 77 75 
850 174 199 225 249 270 286 296 300 296 286 270 250 225 200 174 150 129 113 103 100 
100000 8705 9999 11294 12499 13535 14330 14829 15000 14829 14330 13535 12500 11294 10000 8705 7500 6464 5669 5170 5000 
1129 1000 870 750 646 566 517 
524 501 564 621 725 883 981 1092 1190 1375 1421 1552 1540 
510 506 564 626 787 855 970 1090 1265 1352 1461 1421 1444 
488 537 581 676 749 846 992 1073 1206 1312 1458 1522 1469 
502 499 552 658 719 862 967 1135 1257 1414 1456 1549 1425 
478 534 552 653 719 882 963 1096 1308 1319 1457 1460 1530 
494 533 553 647 782 906 1009 1115 1199 1364 1392 1492 1508 
502 540 548 673 777 886 953 1166 1293 1338 1502 1544 1491 
518 492 558 631 758 851 1024 1075 1238 1316 1409 1468 1485 
486 508 562 619 768 838 968 1160 1216 1340 1497 1472 1463 
511 522 594 660 775 856 974 1140 1192 1384 1433 1473 1566 
520 538 576 620 718 893 960 1138 1202 1374 1472 1434 1485 
517 508 550 654 759 851 1019 1171 1193 1297 1468 1490 1558 
509 493 570 628 736 854 970 1105 1194 1332 1412 1435 1455 
520 502 546 667 780 852 1025 1135 1301 1415 1492 1554 1545 
480 539 580 643 741 881 1014 1085 1231 1380 1491 1507 1466 
488 540 547 662 778 879 1037 1165 1306 1342 1437 1554 1541 
514 519 570 622 757 838 1036 1156 1210 1316 1468 1479 1446 
519 533 571 616 732 830 1028 1099 1258 1400 1476 1442 1495 
506 527 561 627 768 905 1028 1142 1272 1330 1460 1513 1544 
488 528 585 623 762 847 956 1160 1212 1334 1484 1414 1430 
483 522 558 654 773 844 1046 1102 1187 1296 1492 1536 1444 
479 498 583 626 752 882 954 1137 1247 1378 1456 1450 1459 
479 525 561 656 740 861 985 1104 1195 1384 1500 1557 1529 
509 529 552 674 718 850 994 1112 1188 1330 1445 1443 1471 
511 535 541 623 713 911 1024 1157 1251 1330 1471 1478 1528 
500 534 550 623 735 855 975 1134 1284 1329 1466 1478 1507 
491 527 580 665 750 829 954 1086 1252 1420 1431 1537 1550 
524 537 540 648 718 867 974 1150 1299 1369 1503 1546 1496 
505 528 579 657 777 897 1016 1164 1232 1297 1431 1538 1464 
519 542 557 622 744 872 1010 1141 1235 1363 1401 1453 1479 
507 507 568 641 726 834 1005 1082 1290 1356 1421 1420 1512 
498 515 556 632 731 906 975 1176 1249 1375 1383 1419 1508 
501 514 560 635 724 891 1039 1157 1290 1344 1413 1409 1466 
517 515 571 674 762 902 957 1153 1231 1302 1401 1467 1542 
493 493 549 647 775 872 987 1164 1192 1379 1411 1438 1528 
482 509 556 634 743 831 1046 1134 1295 1297 1413 1540 1455 
478 542 554 665 783 871 951 1154 1209 1411 1403 1541 1536 
498 503 543 647 752 860 972 1160 1289 1356 1458 1481 1476 
478 498 558 641 760 884 1035 1077 1210 1333 1456 1545 1439 
501 510 584 676 770 831 1043 1102 1241 1374 1436 1471 1482 
503 500 539 640 753 903 961 1173 1196 1363 1462 1481 1537 
486 506 550 643 787 868 1019 1177 1251 1353 1502 1490 1446 
523 535 544 672 738 894 962 1087 1242 1341 1435 1469 1556 
488 513 539 629 781 891 978 1099 1236 1301 1384 1494 1517 
489 511 574 619 739 873 1032 1155 1256 1337 1471 1442 1515 
515 493 580 617 770 883 972 1127 1237 1420 1422 1438 1560 
508 521 552 635 745 910 979 1157 1210 1332 1421 1409 1558 
505 491 573 642 737 831 1036 1146 1264 1303 1469 1525 1477 
478 535 558 659 773 891 984 1099 1224 1402 1462 1493 1439 
517 495 580 648 781 898 980 1168 1221 1309 1414 1460 1486 
