20 3 20
11 100
850 77 85 96 112 130 149 169 187 203 214 222 225 222 214 203 187 169 150 130 112 
850 103 113 129 149 174 199 225 249 270 286 296 300 296 286 270 250 225 200 174 150 
100000 5170 5669 6464 7499 8705 9999 11294 12499 13535 14330 14829 15000 14829 14330 13535 12500 11294 10000 8705 7500 
1482 1433 1353 1250 1129 1000 870 750 646 566 517 
529 577 567 584 871 1032 1188 1106 1458 
425 451 645 568 632 711 835 1036 1216 
587 542 584 611 755 936 877 1061 1098 
453 432 548 740 675 819 973 1349 1275 
564 560 603 601 670 1020 1073 945 1380 
574 475 661 602 861 921 965 1133 1263 
510 569 528 668 819 842 1162 1123 1008 
587 445 580 693 672 871 918 1111 1493 
576 558 540 631 874 758 1197 1004 1272 
586 417 591 532 700 752 1023 1255 1110 
408 479 512 680 866 919 956 1316 1053 
498 457 604 594 714 960 1005 1268 1036 
571 450 549 740 639 969 925 976 1055 
579 572 592 722 675 1004 977 1110 1337 
551 467 480 536 680 714 975 946 1040 
511 510 519 760 831 699 947 1292 1388 
400 502 514 679 827 927 1101 1133 1171 
504 514 650 525 834 1004 1116 952 1237 
526 470 656 572 802 923 936 1260 1125 
580 414 585 657 601 974 1085 941 1076 
463 504 561 757 634 946 1018 1020 1363 
491 513 525 738 714 741 839 1132 1496 
583 600 550 678 797 845 1080 904 1336 
536 592 529 628 741 811 945 1019 1328 
503 489 503 743 752 892 1100 909 1286 
582 449 466 625 824 912 1056 1124 1120 
513 602 493 556 728 707 910 1276 1223 
583 526 663 617 770 931 1136 966 1289 
511 473 644 557 656 705 1051 1031 1496 
426 529 517 520 881 988 1003 1227 1451 
589 491 639 664 823 841 1174 1332 1064 
525 502 534 622 844 795 873 1302 1058 
470 521 645 645 844 749 989 1057 1102 
570 580 670 735 740 817 851 907 1397 
479 514 612 675 813 1011 939 1343 1295 
524 476 481 769 705 846 819 1189 1006 
536 445 472 628 895 1031 911 1174 1141 
480 559 633 533 768 1027 895 1012 1216 
465 526 615 672 819 921 985 1056 1089 
482 520 475 586 822 911 1128 933 1127 
599 434 572 613 896 907 830 1345 1468 
557 500 540 567 680 749 1124 1140 1489 
466 436 639 621 759 1028 962 903 1252 
437 592 496 536 781 905 1172 1033 1398 
424 480 561 613 687 774 914 1003 1203 
465 478 461 646 811 825 1135 1194 1116 
406 560 596 758 766 853 1148 1191 1365 
475 593 673 717 899 723 857 1304 1383 
501 511 568 683 883 751 1169 1202 1040 
442 473 510 631 625 924 1010 1097 1461 
422 459 526 745 786 888 1043 1163 1333 
537 508 678 586 613 937 1191 1128 1070 
418 548 464 573 726 967 800 1066 1463 
513 484 527 714 848 808 1111 952 1496 
460 456 528 762 632 758 836 972 1273 
436 550 459 555 837 821 816 1233 1164 
479 522 655 716 609 912 1199 962 1159 
472 582 455 606 712 801 1006 1026 1065 
543 489 457 578 784 783 1184 1240 1409 
455 509 660 771 814 906 970 1266 1339 
581 525 567 533 746 722 1073 1073 1183 
555 437 622 617 603 897 1101 1130 1106 
466 498 645 546 700 996 940 986 1392 
437 486 518 532 863 1020 1183 1220 1163 
478 488 563 763 817 800 882 1015 1172 
465 463 550 523 714 880 1168 1035 1471 
598 498 494 549 625 922 1072 1246 1225 
551 556 647 623 670 998 986 1018 1200 
436 491 454 642 761 921 1093 935 1142 
479 415 483 775 870 891 951 1054 1174 
559 435 529 606 669 798 1197 1153 1207 
435 511 559 642 890 954 1118 1316 1498 
416 495 577 765 660 785 1014 1126 1188 
498 467 639 622 842 977 1058 1257 1191 
425 426 651 701 739 922 989 1038 1074 
500 537 608 595 728 974 1132 1190 1482 
583 473 646 656 769 719 1122 1073 1109 
560 614 558 573 618 810 894 1161 1175 
456 463 651 704 804 853 873 1131 1254 
501 462 469 628 765 967 871 1201 1451 
482 582 536 590 840 1034 844 1278 1271 
481 517 582 660 845 891 1049 1072 1183 
596 587 486 537 853 720 1067 927 1414 
556 489 670 680 693 867 1110 1161 1189 
483 475 458 549 715 798 1111 1092 1253 
561 611 583 623 803 848 923 1058 1281 
515 420 469 667 659 801 989 1348 1208 
517 431 641 656 624 881 850 1109 1410 
417 503 626 706 700 823 837 1337 1067 
593 594 469 739 737 1031 963 972 1145 
473 488 479 770 786 918 886 1219 1420 
483 587 480 556 741 946 957 1135 1028 
431 594 583 709 723 826 1046 1329 1000 
522 456 524 604 799 922 1118 1135 1497 
566 512 589 763 758 1043 902 1034 1400 
548 424 584 666 758 805 823 1338 1488 
565 598 552 604 685 769 996 1331 1381 
405 581 463 550 729 903 881 1213 1002 
421 418 658 519 622 826 1038 1006 1478 
574 489 679 721 842 936 941 1168 1130 
