10 6 20
4 100
340 130 112 96 85 77 75 77 85 96 112 
340 174 150 129 113 103 100 103 113 129 149 
340 217 187 161 141 129 125 129 141 161 187 
340 261 225 193 170 155 150 155 170 193 224 
340 304 262 226 198 180 175 180 198 226 262 
100000 8705 7500 6464 5669 5170 5000 5170 5669 6464 7499 
1129 1249 1353 1433 
1350 1608 1583 1622 1242 1280 
1635 1660 1612 1196 1240 1149 
1348 1391 1708 1581 1613 1310 
1583 1492 1188 1409 1533 1363 
1663 1418 1525 1151 1566 1006 
1616 1615 1221 1676 1395 1456 
1432 1625 1761 1516 1127 1182 
1353 1255 1714 1480 1310 1067 
1726 1506 1401 1176 1174 1489 
1412 1337 1423 1508 1370 1036 
1283 1755 1478 1638 1185 1251 
1401 1636 1345 1644 1351 1266 
1521 1706 1771 1600 1438 1402 
1702 1453 1297 1212 1443 1258 
1448 1664 1386 1625 1463 1355 
1334 1370 1620 1562 1222 1023 
1314 1508 1474 1508 1370 1385 
1714 1510 1570 1623 1209 1327 
1510 1683 1496 1426 1607 1351 
1500 1671 1692 1429 1346 1466 
1367 1548 1506 1689 1316 1326 
1217 1749 1726 1372 1289 1038 
1537 1797 1289 1310 1100 1488 
1675 1218 1340 1286 1160 1392 
1563 1729 1701 1639 1166 1318 
1239 1501 1194 1468 1183 1231 
1674 1676 1407 1557 1224 1463 
1452 1568 1519 1695 1537 1056 
1563 1364 1499 1357 1195 1314 
1760 1420 1652 1497 1391 1415 
1668 1528 1702 1213 1547 1161 
1745 1391 1290 1188 1183 1150 
1469 1342 1221 1651 1228 1462 
1687 1721 1539 1182 1126 1101 
1499 1385 1598 1648 1210 1093 
1475 1732 1197 1381 1093 1472 
1237 1722 1499 1205 1345 1131 
1738 1264 1769 1604 1380 1305 
1341 1200 1553 1157 1228 1010 
1296 1301 1226 1419 1350 1275 
1200 1350 1448 1324 1450 1125 
1307 1647 1282 1467 1427 1247 
1461 1787 1489 1244 1313 1212 
1322 1580 1665 1226 1114 1311 
1323 1305 1496 1715 1300 1083 
1192 1334 1424 1599 1206 1237 
1434 1767 1515 1649 1500 1042 
1734 1360 1506 1535 1245 1060 
1583 1364 1408 1644 1564 1066 
1501 1399 1349 1660 1478 1247 
1672 1358 1391 1329 1539 1067 
1544 1709 1531 1267 1445 1143 
1669 1494 1197 1311 1549 1332 
1270 1308 1658 1631 1206 1167 
1312 1572 1702 1371 1306 1447 
1437 1551 1381 1427 1127 1428 
1210 1775 1364 1717 1208 1302 
1555 1511 1433 1237 1362 1258 
1365 1251 1391 1240 1140 1493 
1189 1282 1303 1194 1288 1320 
1705 1336 1293 1305 1438 1206 
1341 1470 1724 1305 1091 1284 
1276 1519 1746 1552 1578 1409 
1770 1204 1448 1678 1457 1241 
1259 1731 1712 1422 1618 1425 
1679 1509 1253 1315 1382 1334 
1334 1467 1423 1322 1391 1226 
1433 1392 1685 1285 1433 1292 
1703 1525 1752 1668 1402 1013 
1441 1283 1531 1190 1096 1331 
1450 1253 1463 1169 1513 1420 
1222 1772 1347 1630 1343 1113 
1410 1314 1267 1199 1364 1413 
1308 1484 1224 1573 1586 1232 
1643 1236 1351 1565 1322 1218 
1507 1243 1272 1612 1622 1417 
1666 1771 1297 1389 1411 1353 
1752 1561 1719 1455 1506 1411 
1262 1330 1519 1314 1347 1092 
1414 1205 1616 1462 1311 1225 
1710 1310 1496 1257 1292 1440 
1539 1270 1341 1181 1293 1230 
1696 1786 1627 1389 1580 1444 
1734 1525 1376 1259 1153 1276 
1401 1781 1634 1702 1578 1430 
1492 1249 1361 1653 1096 1302 
1296 1794 1729 1544 1340 1471 
1241 1524 1392 1399 1210 1136 
1448 1787 1249 1362 1338 1193 
1656 1416 1255 1456 1327 1436 
1497 1319 1592 1148 1243 1222 
1232 1787 1350 1541 1120 1484 
1777 1629 1596 1280 1143 1365 
1359 1394 1595 1655 1537 1271 
1589 1352 1718 1382 1302 1346 
1692 1400 1451 1502 1364 1094 
1611 1271 1585 1191 1145 1182 
1567 1760 1534 1629 1377 1101 
1726 1391 1325 1344 1141 1019 
1542 1412 1634 1208 1226 1001 
