50 3 20
26 10
850 85 77 75 77 85 96 112 130 149 169 187 203 214 222 225 222 214 203 187 169 150 130 112 96 85 77 75 77 85 96 112 130 149 169 187 203 214 222 225 222 214 203 187 169 150 130 112 96 85 77 
850 113 103 100 103 113 129 149 174 199 225 249 270 286 296 300 296 286 270 250 225 200 174 150 129 113 103 100 103 113 129 149 174 199 225 249 270 286 296 300 296 286 270 250 225 200 174 150 129 113 103 
100000 5669 5170 5000 5170 5669 6464 7499 8705 9999 11294 12499 13535 14330 14829 15000 14829 14330 13535 12500 11294 10000 8705 7500 6464 5669 5170 5000 5170 5669 6464 7499 8705 9999 11294 12499 13535 14330 14829 15000 14829 14330 13535 12500 11294 10000 8705 7500 6464 5669 5170 
1433 1482 1499 1482 1433 1353 1250 1129 1000 870 750 646 566 517 500 517 566 646 749 870 999 1129 1249 1353 1433 1482 
1477 1424 1447 1420 1209 1084 1017 843 756 618 573 520 517 495 545 654 719 868 986 1176 1200 1292 1395 1482 
1566 1454 1420 1312 1192 1166 967 872 734 625 574 511 511 504 561 642 755 887 986 1081 1293 1310 1455 1409 
1522 1429 1405 1358 1215 1171 1036 849 768 646 559 509 487 529 590 635 738 910 986 1103 1217 1348 1397 1476 
1557 1497 1443 1348 1249 1123 991 869 741 660 550 502 495 531 563 660 780 852 1022 1178 1235 1338 1372 1421 
1566 1547 1368 1361 1264 1154 1046 893 759 628 573 508 512 528 575 625 773 859 980 1178 1242 1310 1420 1443 
1442 1449 1411 1295 1282 1131 960 841 765 675 591 506 499 537 580 648 720 859 1033 1113 1226 1378 1365 1513 
1529 1500 1481 1393 1288 1113 1022 891 735 642 542 491 495 530 592 648 750 844 972 1144 1214 1376 1398 1479 
1553 1436 1443 1331 1259 1170 1023 858 786 633 594 541 510 513 583 663 759 834 1021 1080 1204 1358 1501 1520 
1486 1436 1373 1391 1295 1138 1014 908 760 624 545 498 508 523 560 678 778 881 1041 1155 1201 1331 1427 1476 
1490 1539 1366 1376 1236 1091 958 911 765 665 576 494 486 491 567 668 745 835 1021 1156 1243 1314 1373 1415 
