20 6 20
7 5
340 130 149 169 187 203 214 222 225 222 214 203 187 169 150 130 112 96 85 77 75 
340 174 199 225 249 270 286 296 300 296 286 270 250 225 200 174 150 129 113 103 100 
340 217 249 282 312 338 358 370 375 370 358 338 312 282 250 217 187 161 141 129 125 
340 261 299 338 374 406 429 444 450 444 429 406 375 338 300 261 225 193 170 155 150 
340 304 349 395 437 473 501 519 525 519 501 473 437 395 350 304 262 226 198 180 175 
100000 8705 9999 11294 12499 13535 14330 14829 15000 14829 14330 13535 12500 11294 10000 8705 7500 6464 5669 5170 5000 
1129 1000 870 750 646 566 517 
680 373 522 962 315 656 1081 662 1241 1707 913 946 1859 
623 580 461 857 439 1029 1380 541 1149 1270 886 1911 2375 
433 557 900 280 1161 1000 1595 498 686 1747 962 1061 1811 
452 287 229 496 594 1251 1353 1645 1973 734 1118 1656 1570 
588 320 578 750 828 699 666 1497 761 1024 2241 995 2291 
