20 3 20
11 50
850 130 112 96 85 77 75 77 85 96 112 130 149 169 187 203 214 222 225 222 214 
850 174 150 129 113 103 100 103 113 129 149 174 199 225 249 270 286 296 300 296 286 
100000 8705 7500 6464 5669 5170 5000 5170 5669 6464 7499 8705 9999 11294 12499 13535 14330 14829 15000 14829 14330 
1129 1249 1353 1433 1482 1499 1482 1433 1353 1250 1129 
1062 988 834 601 572 420 580 512 584 
906 826 771 717 497 430 561 507 585 
1156 922 769 517 540 608 458 470 549 
1049 950 861 728 476 547 598 611 620 
1179 889 823 607 665 571 545 482 668 
1021 926 662 651 582 510 438 529 656 
1143 933 827 599 564 451 539 470 677 
1036 1002 660 694 530 445 519 506 534 
1093 829 709 594 524 595 542 431 554 
836 698 627 705 568 511 418 603 478 
1134 814 768 752 609 571 444 535 530 
1122 1014 775 645 633 588 454 534 531 
807 864 610 728 646 431 495 451 527 
1123 720 720 743 476 592 527 506 487 
1026 843 604 744 565 441 594 419 475 
1119 904 654 747 607 449 557 440 595 
1121 717 624 683 586 592 442 550 496 
930 764 887 634 557 619 442 429 540 
1181 928 612 658 491 487 559 506 457 
1143 994 688 576 585 590 427 459 677 
1081 983 654 719 659 502 534 524 598 
951 718 787 693 457 567 418 580 642 
939 796 815 519 661 576 424 539 516 
1038 701 605 653 469 588 589 616 569 
1012 919 705 759 464 531 513 619 585 
913 729 735 755 609 415 453 434 541 
1103 941 894 625 665 501 554 414 646 
841 747 770 602 551 421 555 519 471 
1069 962 612 645 679 471 494 436 680 
1199 771 841 557 613 605 439 502 572 
1037 929 621 773 512 544 542 440 604 
1195 998 679 685 503 515 561 562 488 
1041 937 763 723 597 569 555 467 579 
1070 705 660 625 634 485 553 484 559 
815 889 784 558 485 508 587 436 562 
1186 850 786 664 641 530 562 457 583 
952 706 660 733 556 539 577 617 651 
888 705 603 637 569 556 420 599 518 
1054 1030 789 755 667 467 487 461 515 
893 872 753 670 645 571 599 564 583 
985 838 765 563 608 591 432 522 636 
1120 1023 855 664 504 567 492 577 657 
874 835 703 712 503 603 503 469 455 
947 795 876 597 535 552 513 471 620 
1086 1004 604 593 496 538 545 564 592 
1115 968 834 709 641 533 402 418 545 
1015 794 646 556 458 462 479 447 594 
1171 915 653 659 672 579 509 530 482 
1162 971 665 519 674 596 555 529 515 
840 947 625 589 563 425 512 507 638 
