10 11 20
6 100
170 77 75 77 85 96 112 130 149 169 187 
170 103 100 103 113 129 149 174 199 225 249 
170 129 125 129 141 161 187 217 249 282 312 
170 155 150 155 170 193 224 261 299 338 374 
170 180 175 180 198 226 262 304 349 395 437 
170 206 200 206 226 258 299 348 399 451 499 
170 232 225 232 255 290 337 391 449 508 562 
170 258 250 258 283 323 374 435 499 564 624 
170 284 275 284 311 355 412 478 549 621 687 
170 310 300 310 340 387 449 522 599 677 749 
100000 5170 5000 5170 5669 6464 7499 8705 9999 11294 12499 
1482 1499 1482 1433 1353 1250 
1107 1133 950 885 
1327 928 957 738 
1194 1082 875 646 
1077 1068 712 667 
1042 858 701 846 
1345 1142 844 858 
1060 937 1029 868 
1140 1011 925 862 
1277 956 778 655 
950 1167 921 821 
1252 1141 764 762 
1153 943 1007 750 
1068 889 789 868 
1059 1059 816 681 
1123 898 704 653 
1276 933 903 766 
1206 844 888 632 
1284 1133 865 755 
1080 1015 781 860 
1239 984 721 618 
1249 1084 1031 792 
1234 919 1028 843 
1173 846 885 609 
1190 1186 1042 897 
1274 893 943 707 
906 906 840 635 
1039 845 819 847 
1190 1068 783 793 
913 1131 760 764 
1087 1096 764 725 
1197 1116 957 750 
1155 943 983 609 
1110 1183 991 686 
1033 1153 754 622 
1191 1161 801 844 
1248 862 935 667 
1348 1107 734 849 
1124 952 907 667 
1336 832 1034 707 
924 1161 920 826 
952 986 763 891 
1003 1131 724 642 
1306 880 1032 890 
1128 1016 778 893 
1289 1075 701 726 
1324 838 805 781 
984 1105 915 624 
1081 988 906 736 
1193 1157 717 657 
988 1083 722 687 
1307 906 803 638 
928 1173 818 694 
978 1087 787 888 
1148 890 710 641 
1046 1031 778 864 
1237 956 851 793 
1024 943 998 738 
1090 1040 930 815 
1271 930 834 856 
1128 1159 721 855 
1268 1180 807 848 
1338 1032 731 786 
1225 897 837 801 
932 988 876 615 
1149 1176 738 601 
1339 821 1039 849 
981 1031 830 730 
1232 989 709 729 
907 982 951 630 
1213 976 837 625 
930 976 988 630 
992 1192 956 789 
1071 1074 843 832 
1245 830 947 678 
1278 877 879 860 
1126 866 861 634 
1055 904 751 777 
924 1023 856 827 
1079 1128 812 758 
1267 1065 926 764 
1353 1047 859 728 
1147 861 759 856 
1350 921 751 861 
1077 1181 769 652 
1225 950 812 845 
1001 858 821 630 
939 800 967 609 
1086 1091 829 657 
903 1087 711 705 
1318 894 786 804 
994 806 947 865 
1283 910 926 634 
1081 1106 728 608 
1004 1158 974 838 
1286 1029 750 722 
1060 1140 914 649 
1048 1179 708 794 
1053 1099 849 608 
1064 959 956 619 
965 819 987 793 
