5 11 20
3 100
170 85 96 112 130 149 
170 113 129 149 174 199 
170 141 161 187 217 249 
170 170 193 224 261 299 
170 198 226 262 304 349 
170 226 258 299 348 399 
170 255 290 337 391 449 
170 283 323 374 435 499 
170 311 355 412 478 549 
170 340 387 449 522 599 
100000 5669 6464 7499 8705 9999 
1433 1353 1250 
1287 1150 
1175 1068 
1022 1186 
1034 1157 
1006 1082 
1167 896 
989 1065 
1154 1057 
1116 832 
1067 996 
1245 1119 
1047 1140 
1071 1107 
1009 1104 
1013 1038 
1209 1153 
1276 837 
987 879 
1306 918 
935 1190 
1129 1175 
1309 1090 
1352 1133 
1002 952 
1073 848 
1198 950 
1305 1159 
1333 1160 
980 851 
934 802 
1267 947 
1313 1116 
1186 897 
1246 957 
1176 850 
952 809 
1210 817 
1277 1077 
1071 889 
1087 1183 
1131 909 
1026 914 
1313 984 
1272 944 
1096 831 
1006 1192 
940 924 
1219 1120 
1232 1057 
957 1047 
930 889 
1286 976 
1038 869 
1201 813 
1088 926 
1102 871 
989 909 
1242 951 
940 972 
1286 870 
918 1078 
1009 1146 
1026 1028 
1063 1107 
1051 982 
1142 1132 
966 1079 
1224 1092 
1177 929 
971 888 
1092 1171 
1173 1176 
1125 1084 
943 964 
1311 835 
1331 960 
1174 1161 
938 975 
1262 1057 
966 1054 
1056 1074 
1230 1032 
1327 802 
938 994 
1163 935 
1140 933 
1321 892 
964 895 
986 803 
1243 1090 
937 824 
1348 867 
1108 983 
1001 827 
1033 945 
1036 978 
1081 872 
1311 805 
1254 1178 
1040 956 
