20 3 20
7 10
850 77 75 77 85 96 112 130 149 169 187 203 214 222 225 222 214 203 187 169 150 
850 103 100 103 113 129 149 174 199 225 249 270 286 296 300 296 286 270 250 225 200 
100000 5170 5000 5170 5669 6464 7499 8705 9999 11294 12499 13535 14330 14829 15000 14829 14330 13535 12500 11294 10000 
1482 1499 1482 1433 1353 1250 1129 
1014 873 782 644 553 510 481 512 582 674 757 836 1033 
956 912 751 638 544 510 502 515 576 665 717 864 1034 
996 855 720 648 581 520 484 493 548 649 742 901 953 
1004 850 749 650 588 526 504 533 551 648 784 830 1042 
1038 895 737 650 593 531 510 539 555 636 767 890 987 
1024 891 712 625 543 531 519 538 558 643 747 851 966 
997 858 758 645 563 535 488 491 568 629 760 866 994 
960 909 747 658 553 517 493 497 547 638 743 831 968 
965 905 772 616 591 526 478 511 591 645 782 835 966 
1000 882 713 637 585 518 519 521 543 667 737 904 1027 
