50 2 20
26 5
1700 130 112 96 85 77 75 77 85 96 112 130 149 169 187 203 214 222 225 222 214 203 187 169 150 130 112 96 85 77 75 77 85 96 112 130 149 169 187 203 214 222 225 222 214 203 187 169 150 130 112 
100000 8705 7500 6464 5669 5170 5000 5170 5669 6464 7499 8705 9999 11294 12499 13535 14330 14829 15000 14829 14330 13535 12500 11294 10000 8705 7500 6464 5669 5170 5000 5170 5669 6464 7499 8705 9999 11294 12499 13535 14330 14829 15000 14829 14330 13535 12500 11294 10000 8705 7500 
1129 1249 1353 1433 1482 1499 1482 1433 1353 1250 1129 1000 870 750 646 566 517 500 517 566 646 749 870 999 1129 1249 
1236 1473 1557 1205 1661 1349 1171 1018 1287 1035 1016 763 657 508 537 418 547 493 675 884 831 849 925 1250 
1126 1234 1251 1425 1591 1386 1519 1350 1291 926 793 750 682 649 537 542 478 556 609 823 897 1090 1326 1041 
1409 1586 1630 1743 1228 1369 1270 1085 1257 1054 938 644 764 526 513 571 569 626 726 715 772 968 945 1289 
1134 1560 1489 1207 1636 1558 1564 1391 1241 1137 800 610 524 561 469 544 538 566 757 768 880 1058 1321 1322 
1595 1576 1462 1609 1317 1559 1259 1175 1257 951 759 811 715 666 427 424 420 518 610 833 932 1147 948 1022 
