50 2 20
26 50
1700 77 75 77 85 96 112 130 149 169 187 203 214 222 225 222 214 203 187 169 150 130 112 96 85 77 75 77 85 96 112 130 149 169 187 203 214 222 225 222 214 203 187 169 150 130 112 96 85 77 75 
100000 5170 5000 5170 5669 6464 7499 8705 9999 11294 12499 13535 14330 14829 15000 14829 14330 13535 12500 11294 10000 8705 7500 6464 5669 5170 5000 5170 5669 6464 7499 8705 9999 11294 12499 13535 14330 14829 15000 14829 14330 13535 12500 11294 10000 8705 7500 6464 5669 5170 5000 
1482 1499 1482 1433 1353 1250 1129 1000 870 750 646 566 517 500 517 566 646 749 870 999 1129 1249 1353 1433 1482 1499 
1582 1633 1234 1354 1272 852 804 840 654 538 480 568 481 641 691 865 741 1163 931 1280 1308 1518 1476 1224 
1552 1355 1441 1358 1136 938 805 634 738 657 496 436 591 601 685 753 1023 939 1096 1310 1191 1221 1411 1722 
1247 1433 1549 1056 1302 1165 890 798 775 518 478 536 481 521 677 784 813 1122 1237 1335 1554 1279 1733 1237 
1735 1293 1459 1002 1336 1066 935 636 536 615 610 465 570 632 593 834 822 1124 1129 1010 1143 1218 1777 1708 
1656 1306 1574 1041 1301 1010 1023 828 600 536 430 578 550 457 677 693 965 846 1072 1420 1555 1448 1595 1316 
1236 1469 1133 1429 1000 1002 745 741 774 623 489 557 521 542 738 866 714 1063 1073 1322 1604 1701 1510 1251 
1193 1147 1085 1381 1198 1041 720 797 681 654 581 560 535 532 541 633 980 945 1090 1315 1087 1670 1289 1611 
1260 1628 1202 1050 952 1016 759 616 701 539 531 533 437 614 544 871 895 1138 1001 1455 1502 1587 1327 1420 
1310 1716 1190 1461 978 958 955 709 686 529 433 512 607 671 667 840 1002 1187 1191 1301 1559 1581 1670 1576 
1516 1275 1466 1365 1315 845 802 840 577 504 561 488 496 533 711 634 989 914 1052 1402 1558 1535 1271 1724 
1548 1275 1418 1042 969 1150 892 749 603 571 524 453 564 666 611 885 708 943 1259 1221 1468 1450 1618 1246 
1770 1459 1130 1033 1338 946 910 836 544 523 572 418 562 547 531 644 957 1182 1261 1496 1381 1157 1679 1391 
1695 1390 1138 1318 1221 1152 889 714 639 612 493 411 581 659 538 611 923 841 989 1040 1619 1682 1384 1312 
1626 1413 1306 1427 1036 943 859 712 526 490 450 442 530 586 633 632 971 817 941 1476 1429 1380 1766 1242 
1560 1269 1528 1485 1332 892 973 654 605 614 449 452 511 491 614 766 1044 814 1073 1412 1125 1166 1765 1391 
1490 1487 1558 1202 1018 878 722 695 651 671 507 429 450 522 562 803 930 824 1220 1050 1183 1652 1188 1365 
1346 1276 1576 1298 1186 1138 711 612 598 472 479 505 425 638 644 650 1006 951 1227 1237 1542 1360 1516 1311 
1750 1500 1331 1358 966 863 745 873 637 596 585 424 450 646 750 679 1031 1188 1259 1453 1108 1161 1597 1791 
1426 1279 1126 1138 1236 1154 820 654 644 496 570 586 542 649 755 842 800 1145 918 1230 1247 1203 1275 1775 
1371 1390 1364 1297 1269 1124 865 630 729 679 593 469 454 567 606 635 940 924 1245 1017 1366 1197 1674 1367 
1526 1300 1223 1072 975 1146 948 616 599 530 536 422 523 536 521 844 1040 1146 1012 1478 1189 1204 1564 1445 
1233 1279 1325 1390 1048 857 929 783 565 656 432 434 516 597 751 734 706 928 1321 1227 1616 1213 1651 1435 
1693 1581 1192 1415 1029 1112 934 731 573 662 553 478 431 580 679 617 741 1009 1335 1004 1445 1212 1380 1209 
1530 1548 1233 1038 1150 1078 912 622 635 522 538 435 535 648 590 769 976 826 958 1285 1351 1191 1307 1703 
1475 1514 1151 1295 1181 894 1028 777 571 573 467 581 450 671 701 619 1020 1144 964 1331 1552 1644 1529 1264 
1555 1190 1254 1235 1266 1068 784 643 631 558 562 465 593 485 543 896 781 1026 1051 1175 1319 1711 1531 1522 
1481 1429 1264 1214 1103 1028 716 707 657 471 545 546 592 570 768 640 788 1167 1214 1044 1386 1256 1441 1784 
1250 1319 1498 1132 1118 826 731 790 641 679 535 416 463 665 658 774 883 1164 1036 1222 1154 1158 1722 1760 
1378 1521 1537 1108 1089 1190 1023 690 597 666 562 597 422 615 640 742 798 1149 954 1351 1507 1231 1317 1201 
1581 1228 1273 1093 1195 1122 1020 792 537 463 582 505 566 519 768 803 859 958 980 1160 1340 1523 1346 1278 
1449 1349 1613 1416 986 1052 905 846 539 465 561 598 422 614 589 696 726 867 954 1146 1325 1237 1318 1675 
1350 1331 1593 1268 1223 1140 828 797 654 541 434 497 443 455 657 660 712 1058 960 1185 1383 1602 1496 1206 
1775 1625 1116 1134 925 1127 947 686 656 469 559 476 469 558 530 621 784 1053 1008 1075 1608 1218 1336 1370 
1716 1510 1180 1147 905 935 898 812 656 582 586 534 545 618 735 838 745 1090 1343 1028 1231 1647 1701 1415 
1422 1421 1608 1387 1154 822 794 650 532 558 478 441 581 643 699 716 892 1046 1113 1092 1570 1468 1372 1734 
1226 1193 1139 1123 1103 1079 963 742 736 459 571 555 493 472 651 879 724 915 1266 1011 1614 1149 1486 1792 
1776 1679 1518 1482 961 886 763 641 619 602 475 419 430 625 522 704 897 837 1307 1027 1376 1551 1307 1566 
1528 1709 1502 1062 960 1111 1019 725 738 498 531 527 454 636 747 619 802 1072 1174 1112 1133 1201 1331 1720 
1576 1274 1350 1479 1221 1063 1014 666 586 485 453 472 504 524 584 766 787 1126 1044 1146 1396 1527 1278 1298 
1215 1211 1568 1356 1343 1190 838 869 582 606 524 463 441 651 665 821 1034 831 1294 1025 1472 1703 1269 1348 
1437 1665 1313 1245 1058 937 726 869 774 595 604 422 581 652 727 680 913 968 1284 1213 1464 1443 1452 1266 
1533 1620 1326 1491 1061 941 886 692 684 521 445 453 443 592 548 810 902 1044 1018 1226 1239 1435 1251 1667 
1255 1238 1123 1026 1295 1187 749 676 546 484 505 482 477 513 722 757 812 1020 1163 1056 1212 1408 1212 1785 
1416 1246 1249 1109 1213 1108 798 659 563 523 565 485 552 640 682 618 923 990 988 1033 1177 1567 1518 1587 
1761 1686 1419 1000 1118 835 1038 626 523 487 486 474 594 638 698 679 817 800 981 1125 1495 1664 1307 1426 
1413 1165 1552 1070 953 802 990 718 554 557 426 473 474 665 620 713 777 832 1123 1171 1252 1717 1195 1608 
1338 1195 1398 1348 1074 895 868 608 669 616 519 458 596 578 518 738 882 1126 1135 1057 1478 1512 1257 1291 
1687 1281 1444 1012 933 1154 786 637 681 484 414 480 486 473 645 842 921 861 1351 1329 1538 1174 1624 1502 
1728 1401 1317 1309 1089 825 799 806 718 589 556 557 575 517 724 671 800 976 1044 1238 1142 1676 1503 1486 
1200 1538 1097 1418 1328 961 725 645 556 565 439 544 529 520 628 669 713 1150 990 1230 1467 1255 1399 1578 
