20 6 20
7 50
340 96 85 77 75 77 85 96 112 130 149 169 187 203 214 222 225 222 214 203 187 
340 129 113 103 100 103 113 129 149 174 199 225 249 270 286 296 300 296 286 270 250 
340 161 141 129 125 129 141 161 187 217 249 282 312 338 358 370 375 370 358 338 312 
340 193 170 155 150 155 170 193 224 261 299 338 374 406 429 444 450 444 429 406 375 
340 226 198 180 175 180 198 226 262 304 349 395 437 473 501 519 525 519 501 473 437 
100000 6464 5669 5170 5000 5170 5669 6464 7499 8705 9999 11294 12499 13535 14330 14829 15000 14829 14330 13535 12500 
1353 1433 1482 1499 1482 1433 1353 
1264 1142 1018 903 766 652 564 539 488 519 571 665 764 
1258 1117 1018 874 719 652 568 503 507 536 549 676 713 
1248 1127 1032 870 781 630 547 494 519 540 541 652 785 
1308 1169 966 908 720 672 583 500 503 501 556 634 769 
1210 1161 968 844 746 643 578 496 498 507 553 651 724 
1220 1142 978 862 740 662 563 516 508 519 585 632 733 
1312 1185 971 860 754 614 546 520 503 499 584 630 725 
1310 1087 1025 900 765 619 567 528 520 506 543 619 730 
1210 1161 952 907 769 676 579 497 519 502 561 669 726 
1249 1093 973 853 729 626 542 529 508 540 570 615 732 
1246 1176 985 879 717 664 569 513 490 505 558 649 716 
1261 1081 1042 849 773 645 584 496 475 535 562 638 729 
1237 1138 1021 868 761 633 563 505 489 518 578 671 768 
1285 1149 1027 841 743 650 565 505 516 536 560 635 748 
1213 1138 1048 834 762 635 553 529 480 505 552 649 752 
1310 1177 966 894 778 653 550 532 488 513 577 653 737 
1255 1129 982 829 716 624 551 517 512 527 561 628 755 
1205 1180 977 885 723 615 594 499 502 539 570 646 733 
1265 1136 995 844 748 628 569 527 479 500 544 630 767 
1288 1167 1049 845 764 659 565 538 485 509 566 649 726 
1312 1121 1020 841 744 666 565 514 506 517 550 653 750 
1238 1175 972 832 777 624 594 518 518 496 566 619 724 
1247 1112 988 843 714 646 568 505 495 513 591 669 715 
1272 1120 1040 894 747 634 586 539 503 518 584 662 785 
1276 1123 990 861 732 634 539 510 494 492 582 662 783 
1224 1099 1006 844 759 634 594 514 492 538 552 639 744 
1267 1130 977 885 759 627 585 496 514 495 588 665 766 
1244 1141 957 865 770 647 559 502 485 542 573 655 714 
1235 1138 974 901 769 666 585 510 479 526 580 653 783 
1237 1107 972 882 726 653 551 535 503 491 559 655 722 
1215 1130 1015 870 767 646 595 492 486 524 542 668 762 
1243 1178 1033 903 751 659 546 506 498 510 582 652 773 
1261 1184 1029 852 769 673 593 494 482 499 574 614 723 
1289 1093 997 873 759 655 593 532 517 526 582 638 738 
1249 1124 950 875 739 664 584 492 499 504 564 666 713 
1303 1073 1026 888 723 666 585 503 507 541 564 653 722 
1286 1087 1013 887 770 628 592 528 501 505 567 625 722 
1261 1083 1049 858 756 663 575 510 505 527 566 616 762 
1235 1181 1029 900 769 623 545 533 478 493 558 629 716 
1293 1077 985 864 751 663 584 541 481 504 580 644 730 
1308 1103 1017 878 784 653 564 524 524 519 573 623 719 
1286 1088 955 837 716 650 557 530 524 511 583 646 714 
1293 1111 1046 868 729 624 546 518 477 538 586 659 723 
1239 1093 999 832 731 619 573 535 497 527 570 650 763 
1305 1076 998 864 768 667 581 501 496 530 593 638 769 
1235 1139 1045 913 763 675 565 519 519 508 570 652 756 
1200 1116 982 903 748 636 595 496 508 510 565 677 718 
1223 1149 974 866 733 639 540 511 482 536 594 630 747 
1294 1086 1046 839 725 661 570 518 514 507 543 661 741 
1253 1152 950 851 749 650 547 534 489 508 581 620 782 
