50 6 20
36 10
340 130 149 169 187 203 214 222 225 222 214 203 187 169 150 130 112 96 85 77 75 77 85 96 112 130 149 169 187 203 214 222 225 222 214 203 187 169 150 130 112 96 85 77 75 77 85 96 112 130 149 
340 174 199 225 249 270 286 296 300 296 286 270 250 225 200 174 150 129 113 103 100 103 113 129 149 174 199 225 249 270 286 296 300 296 286 270 250 225 200 174 150 129 113 103 100 103 113 129 149 174 199 
340 217 249 282 312 338 358 370 375 370 358 338 312 282 250 217 187 161 141 129 125 129 141 161 187 217 249 282 312 338 358 370 375 370 358 338 312 282 250 217 187 161 141 129 125 129 141 161 187 217 249 
340 261 299 338 374 406 429 444 450 444 429 406 375 338 300 261 225 193 170 155 150 155 170 193 224 261 299 338 374 406 429 444 450 444 429 406 375 338 300 261 225 193 170 155 150 155 170 193 224 261 299 
340 304 349 395 437 473 501 519 525 519 501 473 437 395 350 304 262 226 198 180 175 180 198 226 262 304 349 395 437 473 501 519 525 519 501 473 437 395 350 304 262 226 198 180 175 180 198 226 262 304 349 
100000 8705 9999 11294 12499 13535 14330 14829 15000 14829 14330 13535 12500 11294 10000 8705 7500 6464 5669 5170 5000 5170 5669 6464 7499 8705 9999 11294 12499 13535 14330 14829 15000 14829 14330 13535 12500 11294 10000 8705 7500 6464 5669 5170 5000 5170 5669 6464 7499 8705 9999 
1129 1000 870 750 646 566 517 500 517 566 646 749 870 999 1129 1249 1353 1433 1482 1499 1482 1433 1353 1250 1129 1000 870 750 646 566 517 500 517 566 646 749 
927 800 1318 1278 1305 1255 1397 1353 1267 1695 1087 1036 1107 985 
1008 1165 995 1479 1281 1700 1588 1551 1508 1545 1328 1065 1334 938 
983 873 1322 1062 1119 1538 1685 1705 1447 1321 1527 1087 1012 1066 
1040 924 1245 1417 1536 1245 1472 1243 1700 1683 1304 1158 905 834 
964 939 1347 1345 1106 1220 1310 1297 1542 1295 1220 1084 1266 819 
881 1185 1316 1068 1233 1611 1587 1306 1442 1585 1555 1248 1114 995 
952 903 1281 1170 1374 1171 1220 1482 1322 1352 1126 1051 1090 811 
696 1104 1164 1460 1478 1511 1696 1204 1612 1615 1203 1101 1035 1042 
831 1183 1242 1319 1271 1195 1643 1214 1677 1589 1218 1113 1131 903 
744 1162 1072 1067 1294 1395 1228 1661 1564 1321 1353 1380 1179 868 
