20 11 20
11 50
170 112 130 149 169 187 203 214 222 225 222 214 203 187 169 150 130 112 96 85 77 
170 149 174 199 225 249 270 286 296 300 296 286 270 250 225 200 174 150 129 113 103 
170 187 217 249 282 312 338 358 370 375 370 358 338 312 282 250 217 187 161 141 129 
170 224 261 299 338 374 406 429 444 450 444 429 406 375 338 300 261 225 193 170 155 
170 262 304 349 395 437 473 501 519 525 519 501 473 437 395 350 304 262 226 198 180 
170 299 348 399 451 499 541 573 593 600 593 573 541 500 451 400 348 300 258 226 206 
170 337 391 449 508 562 609 644 667 675 667 644 609 562 508 450 391 337 290 255 232 
170 374 435 499 564 624 676 716 741 750 741 716 676 625 564 500 435 375 323 283 258 
170 412 478 549 621 687 744 788 815 825 815 788 744 687 621 550 478 412 355 311 284 
170 449 522 599 677 749 812 859 889 900 889 859 812 750 677 600 522 450 387 340 310 
100000 7499 8705 9999 11294 12499 13535 14330 14829 15000 14829 14330 13535 12500 11294 10000 8705 7500 6464 5669 5170 
1250 1129 1000 870 750 646 566 517 500 517 566 
440 986 659 1127 1298 779 1845 700 1147 
814 1059 1237 1507 639 1331 1416 797 1490 
327 544 614 626 1533 568 1582 1684 1232 
434 769 1066 764 1556 1391 1570 2193 1608 
273 465 479 1103 547 1021 1892 1280 860 
473 334 672 858 928 1773 1762 1458 1216 
526 956 709 472 638 1995 1153 867 707 
896 1147 1163 445 917 1252 1155 1399 826 
521 868 693 449 954 1747 680 2223 1114 
518 1070 900 1329 1600 1826 1267 2172 2175 
658 700 1157 758 555 1276 1995 750 1727 
660 339 976 543 1406 1820 575 1823 1171 
709 807 514 1419 1166 820 1490 2170 2022 
353 1052 1057 1247 1733 1703 1175 585 2272 
627 522 519 661 1314 733 884 2131 1730 
467 799 1068 705 880 1055 1282 684 1146 
913 716 715 1297 1757 1755 2116 2072 735 
849 436 473 1553 716 1607 1073 1523 1418 
860 1006 521 1074 1776 1635 1053 1480 2353 
675 1129 1087 1543 1323 638 996 1125 1038 
422 1082 761 931 1199 1380 1455 1247 801 
540 918 391 1551 1663 1458 1201 1706 697 
582 363 566 575 1603 1967 562 1839 1157 
347 496 954 996 681 649 1059 1551 1978 
812 653 1264 916 1195 1963 1335 1676 1263 
478 887 856 446 591 1379 669 1217 2147 
724 389 362 617 1801 1942 965 2285 1890 
806 993 873 746 765 881 1949 1911 2247 
974 1001 1030 819 1658 689 685 2226 1033 
741 708 996 456 1478 1771 1889 2104 2190 
390 651 716 1456 1414 1300 2105 2217 1831 
356 1158 782 1355 523 1254 1743 626 1227 
785 869 412 684 1561 1642 1086 1437 1581 
696 338 939 640 1753 1047 1478 1809 1133 
1017 1009 356 921 828 1629 1659 856 1135 
592 428 391 1386 1562 524 1732 1486 924 
943 1096 1276 1002 885 1670 1321 873 762 
773 704 1040 1217 527 1868 672 2004 2213 
929 636 791 1551 1155 747 1015 723 1599 
932 542 429 759 657 739 1473 768 1240 
922 846 660 1587 887 1280 1573 1880 1754 
760 963 855 1545 1233 1442 893 961 1237 
646 1041 1385 998 649 1396 2000 630 614 
992 1170 1008 829 1536 1660 2115 1400 2042 
427 534 850 1540 642 952 1390 1519 1460 
913 378 849 697 1340 728 1265 2089 802 
873 366 826 1224 667 1771 890 707 1144 
642 997 877 1422 1700 1579 1897 2093 1097 
837 1171 534 746 639 1012 707 1142 1910 
910 500 908 627 454 615 1077 1599 2096 
