5 11 20
3 50
170 130 112 96 85 77 
170 174 150 129 113 103 
170 217 187 161 141 129 
170 261 225 193 170 155 
170 304 262 226 198 180 
170 348 300 258 226 206 
170 391 337 290 255 232 
170 435 375 323 283 258 
170 478 412 355 311 284 
170 522 450 387 340 310 
100000 8705 7500 6464 5669 5170 
1129 1249 1353 
1399 1489 
1380 1439 
1455 1426 
1386 1478 
1410 1497 
1409 1520 
1470 1553 
1372 1495 
1499 1502 
1387 1479 
1418 1532 
1429 1491 
1405 1480 
1500 1421 
1449 1437 
1374 1490 
1498 1435 
1402 1530 
1457 1437 
1452 1425 
1391 1411 
1472 1430 
1375 1498 
1472 1454 
1464 1486 
1400 1446 
1366 1515 
1429 1505 
1447 1447 
1413 1488 
1501 1426 
1464 1411 
1482 1491 
1400 1531 
1494 1455 
1447 1457 
1378 1415 
1378 1497 
1481 1444 
1470 1434 
1500 1427 
1449 1409 
1437 1508 
1400 1454 
1412 1454 
1368 1525 
1492 1475 
1479 1552 
1448 1465 
1463 1418 
