10 6 20
4 10
340 85 96 112 130 149 169 187 203 214 222 
340 113 129 149 174 199 225 249 270 286 296 
340 141 161 187 217 249 282 312 338 358 370 
340 170 193 224 261 299 338 374 406 429 444 
340 198 226 262 304 349 395 437 473 501 519 
100000 5669 6464 7499 8705 9999 11294 12499 13535 14330 14829 
1433 1353 1250 1129 
1092 1218 882 891 835 296 
1269 497 714 362 711 361 
556 947 1001 770 717 421 
1357 1109 998 653 902 237 
633 1195 581 824 433 719 
1428 843 729 630 372 797 
1478 488 339 590 602 826 
1294 471 333 295 618 348 
772 535 330 388 862 729 
1446 1273 1141 903 619 708 
