20 11 20
15 100
170 150 130 112 96 85 77 75 77 85 96 112 130 149 169 187 203 214 222 225 222 
170 200 174 150 129 113 103 100 103 113 129 149 174 199 225 249 270 286 296 300 296 
170 250 217 187 161 141 129 125 129 141 161 187 217 249 282 312 338 358 370 375 370 
170 300 261 225 193 170 155 150 155 170 193 224 261 299 338 374 406 429 444 450 444 
170 350 304 262 226 198 180 175 180 198 226 262 304 349 395 437 473 501 519 525 519 
170 400 348 300 258 226 206 200 206 226 258 299 348 399 451 499 541 573 593 600 593 
170 450 391 337 290 255 232 225 232 255 290 337 391 449 508 562 609 644 667 675 667 
170 500 435 375 323 283 258 250 258 283 323 374 435 499 564 624 676 716 741 750 741 
170 550 478 412 355 311 284 275 284 311 355 412 478 549 621 687 744 788 815 825 815 
170 600 522 450 387 340 310 300 310 340 387 449 522 599 677 749 812 859 889 900 889 
100000 10000 8705 7500 6464 5669 5170 5000 5170 5669 6464 7499 8705 9999 11294 12499 13535 14330 14829 15000 14829 
1000 1129 1249 1353 1433 1482 1499 1482 1433 1353 1250 1129 1000 870 750 
560 264 317 234 423 
392 661 726 651 242 
820 426 475 378 773 
869 529 704 640 479 
858 271 743 342 761 
923 865 821 668 548 
574 292 500 700 401 
728 746 820 390 538 
363 552 703 743 522 
308 509 506 755 294 
968 677 659 535 578 
649 476 582 339 427 
557 487 683 225 654 
502 726 273 732 808 
733 253 287 772 237 
1027 342 244 367 784 
738 512 546 628 604 
920 856 221 796 303 
514 685 209 517 281 
436 632 746 247 454 
1000 334 302 321 788 
744 765 423 662 811 
409 785 342 383 442 
339 725 225 401 247 
811 531 307 751 502 
429 575 371 214 495 
416 678 317 610 392 
813 382 352 536 282 
748 626 559 606 757 
305 483 632 315 376 
292 735 781 210 746 
572 642 693 626 579 
571 673 319 454 658 
858 305 279 287 274 
345 768 234 663 532 
938 401 542 633 613 
397 807 813 215 522 
1027 785 695 309 607 
413 586 579 559 398 
686 735 670 436 695 
486 347 467 320 376 
646 845 599 456 326 
895 604 716 282 696 
805 773 265 557 249 
985 442 320 314 795 
285 291 366 409 219 
756 872 672 774 625 
653 596 722 371 211 
1009 268 388 361 339 
714 802 474 573 605 
1031 632 570 445 569 
698 399 397 364 268 
734 294 262 603 245 
694 423 355 232 779 
983 842 775 669 814 
278 515 676 339 636 
447 596 233 234 711 
742 257 507 671 421 
875 890 572 550 628 
932 391 640 734 364 
1013 242 738 243 690 
712 865 452 491 389 
844 787 465 381 812 
636 410 677 753 586 
480 690 719 278 391 
392 280 389 665 621 
515 740 477 485 687 
336 589 389 470 390 
568 868 789 202 429 
272 398 367 545 643 
490 541 805 459 675 
377 719 610 602 545 
732 474 625 374 545 
817 309 471 571 410 
267 897 292 521 223 
453 741 442 528 266 
506 527 809 436 517 
503 355 810 694 767 
689 273 313 364 335 
845 482 384 235 409 
998 702 415 240 605 
261 892 475 659 623 
845 269 243 231 488 
730 254 601 770 744 
663 843 552 289 422 
632 522 447 780 701 
615 857 774 205 429 
638 785 436 485 367 
265 754 824 538 404 
806 896 299 319 392 
325 535 647 636 339 
971 563 616 248 679 
515 889 777 315 427 
615 386 543 529 673 
971 415 566 296 576 
533 631 622 508 768 
308 770 738 616 364 
672 760 424 465 257 
325 774 484 575 673 
982 631 730 399 741 
