20 6 20
11 100
340 96 85 77 75 77 85 96 112 130 149 169 187 203 214 222 225 222 214 203 187 
340 129 113 103 100 103 113 129 149 174 199 225 249 270 286 296 300 296 286 270 250 
340 161 141 129 125 129 141 161 187 217 249 282 312 338 358 370 375 370 358 338 312 
340 193 170 155 150 155 170 193 224 261 299 338 374 406 429 444 450 444 429 406 375 
340 226 198 180 175 180 198 226 262 304 349 395 437 473 501 519 525 519 501 473 437 
100000 6464 5669 5170 5000 5170 5669 6464 7499 8705 9999 11294 12499 13535 14330 14829 15000 14829 14330 13535 12500 
1353 1433 1482 1499 1482 1433 1353 1250 1129 1000 870 
868 455 392 274 373 244 489 471 445 
1133 716 582 242 571 496 736 756 842 
964 1003 806 630 588 791 421 798 549 
460 890 614 666 280 275 632 831 735 
593 466 511 450 586 530 248 589 1109 
954 522 367 218 356 362 484 619 328 
878 262 523 682 714 814 238 598 1034 
782 264 664 356 479 609 429 991 417 
1168 643 670 741 766 732 453 911 531 
453 653 269 681 724 517 536 651 1065 
377 862 497 370 529 439 470 290 808 
625 322 512 774 431 321 514 628 751 
1124 684 556 387 312 569 568 881 413 
1050 331 513 735 578 616 386 823 730 
659 277 763 611 721 485 601 738 410 
772 999 290 749 794 601 310 780 897 
514 1017 605 431 210 366 321 650 678 
309 740 889 751 336 622 449 665 805 
890 1013 273 576 325 444 581 665 801 
1147 271 620 593 522 470 254 528 720 
300 419 361 687 653 275 467 718 1024 
643 651 631 442 241 683 326 835 998 
888 462 718 792 549 786 272 755 1114 
1160 540 693 760 690 661 543 781 992 
1195 471 624 615 539 533 837 728 988 
926 567 330 691 380 693 863 1029 1022 
615 660 830 676 757 476 403 291 796 
370 1004 589 711 497 744 266 559 933 
576 1010 689 586 610 318 279 368 728 
325 855 665 430 662 581 371 780 383 
1154 1001 848 490 218 756 589 747 938 
684 799 392 316 338 375 724 668 594 
961 631 690 351 331 541 650 334 700 
959 593 569 649 518 249 891 817 749 
640 915 486 636 378 522 499 897 942 
940 876 606 805 764 273 753 593 764 
746 359 363 501 476 701 406 915 651 
906 435 506 621 772 818 587 678 641 
619 378 561 216 259 570 436 964 619 
395 714 535 761 229 753 784 418 679 
494 482 824 620 308 729 372 763 603 
1042 716 553 290 239 520 393 316 528 
1004 463 452 806 744 794 602 363 1176 
1070 297 457 320 233 277 737 561 622 
889 317 674 550 742 416 411 418 643 
1060 427 315 733 315 549 309 634 866 
907 302 891 610 754 786 747 370 766 
1163 373 869 371 369 501 317 284 703 
425 981 535 323 555 537 769 746 394 
931 681 571 501 508 549 564 588 347 
606 448 830 460 467 324 846 920 577 
992 569 562 616 276 457 411 957 1087 
458 769 501 226 639 747 389 827 399 
1163 476 768 242 566 306 718 544 320 
336 464 624 626 601 281 418 529 929 
1073 766 384 658 608 597 550 282 382 
488 269 535 260 372 218 528 998 865 
1031 778 408 365 558 345 348 992 1048 
1058 725 270 590 293 438 528 968 649 
1194 683 873 530 221 585 672 536 1036 
1197 621 545 478 490 435 562 839 919 
713 845 491 434 774 620 534 868 1139 
1091 936 849 602 608 310 646 859 805 
802 726 595 491 290 409 769 744 465 
809 416 636 210 741 615 395 899 1029 
1118 507 822 567 586 556 247 883 1140 
972 663 648 425 607 716 532 755 850 
545 611 378 227 558 461 541 499 1061 
502 1002 326 757 701 680 453 296 906 
1043 836 894 484 535 252 467 592 1030 
522 613 229 290 207 420 672 779 881 
797 370 574 377 227 254 804 840 692 
835 887 614 277 431 372 773 520 989 
739 638 852 216 796 506 612 814 684 
480 641 427 698 361 449 560 979 749 
613 1015 587 328 685 723 612 448 464 
417 626 882 315 369 772 342 608 696 
719 604 714 597 284 246 781 905 1160 
793 976 748 530 396 498 585 975 718 
1028 950 744 774 401 464 687 487 333 
396 444 656 296 715 521 254 993 641 
404 900 482 720 348 810 522 941 576 
705 328 524 625 430 647 704 525 730 
862 911 784 646 765 795 297 828 451 
768 351 236 681 317 462 271 420 1131 
723 938 680 415 514 764 813 646 427 
861 452 766 507 308 247 298 699 1163 
632 340 466 632 593 685 242 1002 429 
1112 496 697 403 718 301 523 910 508 
869 297 502 584 441 638 662 478 813 
849 760 902 396 588 376 550 297 328 
942 293 671 399 516 776 428 1009 905 
734 673 686 605 355 396 652 497 970 
530 1001 607 758 324 639 447 560 421 
494 315 596 508 599 463 822 390 612 
1048 455 293 515 328 648 620 613 503 
931 601 696 286 792 341 643 378 1127 
497 814 240 374 726 797 675 562 446 
1041 877 830 484 314 476 577 758 501 
1067 704 883 511 329 478 330 762 651 
