50 3 20
16 5
850 77 75 77 85 96 112 130 149 169 187 203 214 222 225 222 214 203 187 169 150 130 112 96 85 77 75 77 85 96 112 130 149 169 187 203 214 222 225 222 214 203 187 169 150 130 112 96 85 77 75 
850 103 100 103 113 129 149 174 199 225 249 270 286 296 300 296 286 270 250 225 200 174 150 129 113 103 100 103 113 129 149 174 199 225 249 270 286 296 300 296 286 270 250 225 200 174 150 129 113 103 100 
100000 5170 5000 5170 5669 6464 7499 8705 9999 11294 12499 13535 14330 14829 15000 14829 14330 13535 12500 11294 10000 8705 7500 6464 5669 5170 5000 5170 5669 6464 7499 8705 9999 11294 12499 13535 14330 14829 15000 14829 14330 13535 12500 11294 10000 8705 7500 6464 5669 5170 5000 
1482 1499 1482 1433 1353 1250 1129 1000 870 750 646 566 517 500 517 566 
267 991 759 534 1563 1512 2094 1806 1857 843 1382 2093 1552 875 816 1263 1081 921 726 685 334 409 381 359 597 1116 1373 1085 523 933 1760 1824 1648 1411 
636 432 937 1003 1087 1502 2052 1625 1519 1253 1224 1704 2011 828 484 542 928 1058 586 327 648 741 745 440 711 775 544 1564 605 1096 1113 1815 1379 1870 
581 1172 525 1312 1299 1963 553 1271 608 1419 2210 583 1061 687 827 623 1044 484 525 281 615 396 400 415 600 1047 718 635 1041 1847 647 770 852 1541 
610 795 1257 1299 559 860 1604 881 1338 1340 1203 912 637 1368 538 1471 1193 825 1029 324 408 253 666 789 528 527 561 1163 633 1693 925 1365 927 946 
1002 1023 1266 622 564 816 612 1193 712 894 883 2274 1289 1140 734 1435 636 571 841 453 664 657 477 422 447 1143 758 717 1660 1879 1689 1314 1310 1232 
