50 6 20
26 5
340 85 77 75 77 85 96 112 130 149 169 187 203 214 222 225 222 214 203 187 169 150 130 112 96 85 77 75 77 85 96 112 130 149 169 187 203 214 222 225 222 214 203 187 169 150 130 112 96 85 77 
340 113 103 100 103 113 129 149 174 199 225 249 270 286 296 300 296 286 270 250 225 200 174 150 129 113 103 100 103 113 129 149 174 199 225 249 270 286 296 300 296 286 270 250 225 200 174 150 129 113 103 
340 141 129 125 129 141 161 187 217 249 282 312 338 358 370 375 370 358 338 312 282 250 217 187 161 141 129 125 129 141 161 187 217 249 282 312 338 358 370 375 370 358 338 312 282 250 217 187 161 141 129 
340 170 155 150 155 170 193 224 261 299 338 374 406 429 444 450 444 429 406 375 338 300 261 225 193 170 155 150 155 170 193 224 261 299 338 374 406 429 444 450 444 429 406 375 338 300 261 225 193 170 155 
340 198 180 175 180 198 226 262 304 349 395 437 473 501 519 525 519 501 473 437 395 350 304 262 226 198 180 175 180 198 226 262 304 349 395 437 473 501 519 525 519 501 473 437 395 350 304 262 226 198 180 
100000 5669 5170 5000 5170 5669 6464 7499 8705 9999 11294 12499 13535 14330 14829 15000 14829 14330 13535 12500 11294 10000 8705 7500 6464 5669 5170 5000 5170 5669 6464 7499 8705 9999 11294 12499 13535 14330 14829 15000 14829 14330 13535 12500 11294 10000 8705 7500 6464 5669 5170 
1433 1482 1499 1482 1433 1353 1250 1129 1000 870 750 646 566 517 500 517 566 646 749 870 999 1129 1249 1353 1433 1482 
1542 1430 1441 1300 1274 1178 1011 882 717 646 593 499 518 497 579 675 765 839 1039 1102 1219 1350 1406 1497 
1432 1446 1504 1293 1243 1148 951 913 740 658 581 537 512 524 564 664 715 860 971 1178 1188 1286 1383 1464 
1429 1522 1501 1416 1303 1108 1019 849 783 669 573 506 506 500 560 631 730 860 991 1114 1267 1320 1381 1506 
1570 1525 1447 1329 1230 1097 1039 836 772 674 583 511 506 512 553 650 747 904 1044 1099 1198 1366 1452 1553 
1509 1482 1447 1293 1244 1112 1021 904 770 665 571 526 500 519 552 676 739 857 1045 1126 1230 1364 1406 1446 
