10 2 20
4 100
1700 130 149 169 187 203 214 222 225 222 214 
100000 8705 9999 11294 12499 13535 14330 14829 15000 14829 14330 
1129 1000 870 750 
354 521 607 417 390 427 
444 268 640 671 259 439 
540 365 588 397 588 343 
771 243 822 652 493 820 
271 257 392 708 684 413 
666 401 687 246 302 782 
345 895 674 700 384 723 
945 780 676 503 673 460 
770 702 405 567 601 402 
745 491 378 348 497 774 
356 708 336 681 655 496 
980 620 616 508 596 816 
333 229 626 440 661 588 
483 514 635 627 326 600 
466 709 338 714 241 754 
273 593 432 706 665 871 
594 739 603 444 463 372 
746 633 551 253 682 830 
726 296 531 465 729 606 
1028 533 693 302 693 451 
995 629 711 334 651 725 
808 685 646 486 231 756 
793 826 282 613 474 521 
696 775 530 502 415 559 
718 601 529 592 780 343 
646 277 763 577 705 737 
461 838 392 309 642 819 
1020 832 611 666 245 241 
904 533 560 443 507 562 
422 822 681 783 625 372 
470 710 277 548 318 763 
285 722 775 399 386 832 
961 362 462 593 396 661 
259 698 341 518 439 674 
518 429 344 276 531 280 
607 843 366 353 812 606 
589 865 609 493 483 562 
296 523 304 620 434 708 
646 678 257 211 443 243 
776 396 676 565 228 901 
551 287 784 333 298 731 
277 860 583 751 751 279 
612 436 543 604 604 622 
1018 500 782 515 234 593 
621 401 349 553 380 629 
965 523 318 317 390 480 
305 618 700 708 228 593 
299 403 453 306 411 690 
939 236 503 684 285 473 
428 229 804 510 786 770 
474 823 646 585 287 604 
894 425 798 578 465 681 
543 615 574 513 559 883 
693 737 664 287 319 711 
628 759 536 433 639 274 
841 721 806 538 748 237 
854 429 745 574 596 396 
734 892 584 657 215 274 
338 231 816 437 477 284 
648 654 332 718 518 829 
912 323 667 761 458 378 
607 346 813 510 766 731 
827 391 640 546 269 788 
977 786 818 263 786 461 
666 848 795 668 437 329 
446 843 776 758 246 707 
647 832 252 779 818 417 
627 722 676 733 568 558 
675 528 226 454 232 589 
530 601 771 609 283 305 
953 675 492 247 693 637 
1006 254 826 245 811 527 
543 648 353 434 227 866 
857 871 794 360 285 384 
988 247 676 308 721 503 
818 429 536 722 489 398 
759 428 696 594 510 737 
1017 829 229 524 783 398 
833 643 430 448 647 851 
338 449 328 684 376 651 
937 279 535 627 751 728 
353 562 238 267 811 902 
577 473 517 674 363 234 
559 605 764 555 231 610 
680 894 791 504 309 596 
737 556 812 588 475 540 
551 689 796 253 761 312 
298 368 232 693 551 822 
739 890 542 359 439 249 
334 426 526 210 656 423 
297 488 266 552 460 256 
573 473 404 553 218 595 
575 484 606 305 519 575 
837 276 259 402 463 267 
937 608 461 628 225 601 
740 842 761 768 585 892 
871 333 528 775 721 785 
262 619 315 727 500 561 
850 418 375 520 788 893 
352 455 798 360 486 337 
