5 3 20
3 50
850 130 149 169 187 203 
850 174 199 225 249 270 
100000 8705 9999 11294 12499 13535 
1129 1000 870 
634 547 
746 666 
648 762 
663 587 
864 567 
829 579 
764 523 
635 681 
634 741 
797 712 
806 728 
698 676 
679 603 
865 771 
872 669 
688 536 
631 576 
825 623 
759 773 
666 774 
878 767 
623 609 
687 733 
806 673 
645 770 
754 524 
627 714 
792 618 
682 731 
664 642 
651 724 
830 519 
667 561 
870 635 
791 715 
676 518 
618 677 
690 529 
704 664 
864 642 
625 641 
885 596 
661 614 
763 676 
683 609 
713 690 
840 684 
632 518 
647 676 
799 594 
