10 3 20
8 100
850 112 96 85 77 75 77 85 96 112 130 
850 150 129 113 103 100 103 113 129 149 174 
100000 7500 6464 5669 5170 5000 5170 5669 6464 7499 8705 
1249 1353 1433 1482 1499 1482 1433 1353 
1036 1213 
1189 1261 
1148 1098 
1459 1236 
1052 938 
1388 1248 
1138 1197 
1137 986 
1264 1145 
1067 1240 
1209 980 
1115 1222 
1498 1094 
1193 1290 
1309 1161 
1130 1004 
1343 1088 
1468 1210 
1368 1085 
1153 972 
1327 1082 
1426 1209 
1199 1269 
1450 1354 
1034 1277 
1474 1333 
1326 1139 
1090 1047 
1155 1076 
1363 1089 
1261 1011 
1392 933 
1481 913 
1102 1037 
1211 1063 
1301 1039 
1326 1094 
1309 935 
1222 948 
1207 1029 
1398 1264 
1495 1223 
1267 913 
1206 1317 
1097 935 
1289 1060 
1266 1297 
1285 1192 
1256 1098 
1104 1044 
1043 1279 
1459 1167 
1323 1029 
1232 1135 
1227 972 
1340 992 
1470 1140 
1384 1010 
1079 965 
1137 992 
1149 1027 
1161 1029 
1272 1140 
1104 1315 
1085 1306 
1472 1125 
1093 1004 
1422 1353 
1197 1096 
1378 1207 
1093 1102 
1011 1141 
1469 1097 
1382 1285 
1170 983 
1293 1107 
1250 962 
1152 1317 
1089 945 
1382 1106 
1494 1354 
1187 1217 
1447 1247 
1214 962 
1441 1207 
1410 1040 
1059 1032 
1118 1186 
1227 1031 
1211 1329 
1304 1036 
1318 1161 
1442 956 
1420 932 
1385 1046 
1382 1091 
1117 1214 
1215 1298 
1049 1139 
1098 978 
