5 11 20
3 50
170 77 75 77 85 96 
170 103 100 103 113 129 
170 129 125 129 141 161 
170 155 150 155 170 193 
170 180 175 180 198 226 
170 206 200 206 226 258 
170 232 225 232 255 290 
170 258 250 258 283 323 
170 284 275 284 311 355 
170 310 300 310 340 387 
100000 5170 5000 5170 5669 6464 
1482 1499 1482 
923 1795 
751 2035 
1907 1484 
1771 1045 
1299 872 
696 1584 
1395 1560 
1968 632 
1167 1600 
2250 1319 
1339 2048 
1241 1544 
1592 1665 
1927 1213 
608 1481 
1909 601 
1891 1070 
705 573 
1690 1731 
621 1556 
1503 1697 
1974 598 
855 1790 
1246 1305 
795 1796 
1536 1856 
1313 1086 
895 1887 
780 1634 
603 1568 
1222 971 
662 1164 
1770 826 
2243 2045 
1261 1143 
1531 1161 
951 1960 
1594 1073 
804 724 
932 1590 
922 1017 
795 1567 
1626 773 
1976 1293 
1678 1964 
2209 1546 
1929 1709 
984 1098 
1841 1897 
2290 1760 
