20 6 20
7 10
340 77 75 77 85 96 112 130 149 169 187 203 214 222 225 222 214 203 187 169 150 
340 103 100 103 113 129 149 174 199 225 249 270 286 296 300 296 286 270 250 225 200 
340 129 125 129 141 161 187 217 249 282 312 338 358 370 375 370 358 338 312 282 250 
340 155 150 155 170 193 224 261 299 338 374 406 429 444 450 444 429 406 375 338 300 
340 180 175 180 198 226 262 304 349 395 437 473 501 519 525 519 501 473 437 395 350 
100000 5170 5000 5170 5669 6464 7499 8705 9999 11294 12499 13535 14330 14829 15000 14829 14330 13535 12500 11294 10000 
1482 1499 1482 1433 1353 1250 1129 
1186 734 676 728 559 422 527 542 607 542 833 793 1024 
1058 771 793 665 624 620 484 544 478 565 739 889 1051 
1002 944 795 640 591 475 552 603 653 769 706 985 925 
971 1043 663 605 577 590 503 456 521 642 659 945 906 
1039 787 884 631 463 453 565 493 614 550 608 807 1035 
1020 778 691 695 545 448 401 424 674 611 669 883 924 
869 966 798 687 676 555 434 538 469 658 772 824 838 
1150 808 621 698 500 606 463 449 674 696 865 920 1122 
892 1040 835 583 587 582 501 547 483 721 774 726 1148 
942 922 664 667 592 553 568 471 612 568 603 825 888 
