5 11 20
4 100
170 85 96 112 130 149 
170 113 129 149 174 199 
170 141 161 187 217 249 
170 170 193 224 261 299 
170 198 226 262 304 349 
170 226 258 299 348 399 
170 255 290 337 391 449 
170 283 323 374 435 499 
170 311 355 412 478 549 
170 340 387 449 522 599 
100000 5669 6464 7499 8705 9999 
1433 1353 1250 1129 
805 
1081 
894 
1079 
813 
1061 
821 
877 
1154 
1029 
948 
961 
1010 
1025 
1022 
1109 
996 
1137 
1158 
825 
861 
1171 
994 
1028 
935 
1042 
1066 
1079 
834 
1021 
1001 
950 
1086 
1197 
914 
984 
1193 
854 
989 
1101 
985 
1141 
843 
1054 
1187 
945 
855 
1199 
852 
913 
1041 
1012 
1184 
1164 
875 
1177 
1001 
821 
838 
899 
959 
911 
1075 
1068 
1001 
1157 
1162 
923 
928 
1013 
1155 
834 
985 
1068 
1129 
867 
1133 
1165 
963 
943 
1114 
969 
1197 
1044 
1181 
919 
1116 
901 
1188 
911 
864 
1198 
1127 
1033 
977 
931 
802 
904 
914 
963 
