20 2 20
7 5
1700 96 112 130 149 169 187 203 214 222 225 222 214 203 187 169 150 130 112 96 85 
100000 6464 7499 8705 9999 11294 12499 13535 14330 14829 15000 14829 14330 13535 12500 11294 10000 8705 7500 6464 5669 
1353 1250 1129 1000 870 750 646 
558 497 480 542 592 619 784 853 991 1159 1292 1308 1394 
566 496 494 541 540 633 768 847 971 1154 1194 1345 1489 
588 526 522 540 579 657 765 895 1046 1163 1309 1347 1402 
570 499 503 541 570 645 757 866 987 1130 1296 1350 1374 
541 491 500 535 575 667 780 877 980 1171 1228 1415 1392 
