50 3 20
36 100
850 112 96 85 77 75 77 85 96 112 130 149 169 187 203 214 222 225 222 214 203 187 169 150 130 112 96 85 77 75 77 85 96 112 130 149 169 187 203 214 222 225 222 214 203 187 169 150 130 112 96 
850 150 129 113 103 100 103 113 129 149 174 199 225 249 270 286 296 300 296 286 270 250 225 200 174 150 129 113 103 100 103 113 129 149 174 199 225 249 270 286 296 300 296 286 270 250 225 200 174 150 129 
100000 7500 6464 5669 5170 5000 5170 5669 6464 7499 8705 9999 11294 12499 13535 14330 14829 15000 14829 14330 13535 12500 11294 10000 8705 7500 6464 5669 5170 5000 5170 5669 6464 7499 8705 9999 11294 12499 13535 14330 14829 15000 14829 14330 13535 12500 11294 10000 8705 7500 6464 
1249 1353 1433 1482 1499 1482 1433 1353 1250 1129 1000 870 750 646 566 517 500 517 566 646 749 870 999 1129 1249 1353 1433 1482 1499 1482 1433 1353 1250 1129 1000 870 
668 535 573 585 502 497 521 567 726 929 1039 1293 1080 1498 
782 544 467 595 568 563 484 539 639 875 1080 1337 1364 1235 
619 731 542 420 585 610 624 562 778 793 1145 1042 1276 1127 
670 636 575 436 439 487 611 655 894 901 1150 1071 1155 1205 
818 676 645 576 527 581 542 535 630 786 848 1266 1339 1406 
820 665 464 611 569 418 523 624 744 960 854 906 1491 1604 
840 754 504 449 551 453 552 557 836 897 994 1105 1203 1511 
898 616 568 598 415 462 662 772 632 802 1182 1347 1157 1361 
756 681 580 505 578 528 488 585 835 848 809 1159 1364 1207 
641 655 557 504 490 503 518 590 682 1004 863 1338 1196 1574 
728 699 626 449 589 591 489 636 777 937 1035 1247 1392 1179 
854 526 487 508 403 424 645 564 686 801 1077 1122 1470 1324 
815 715 637 470 430 428 479 679 748 769 1171 1036 1405 1269 
675 586 612 486 575 502 500 659 607 719 850 951 1012 1189 
863 724 656 454 505 491 494 695 602 755 1146 956 1102 1250 
825 535 664 438 414 565 552 769 835 857 1008 1074 1134 1616 
847 614 656 446 491 443 495 714 742 995 816 1031 1181 1442 
825 572 472 595 443 569 635 571 662 851 1150 980 1486 1450 
655 625 473 529 488 467 645 537 755 696 827 946 1213 1288 
795 526 462 585 540 589 479 706 792 751 1098 1091 1013 1105 
857 555 580 512 552 566 460 745 730 738 1024 1215 1302 1334 
609 648 501 454 597 570 529 654 867 796 896 1251 1027 1587 
764 548 480 516 440 456 540 544 683 1044 1147 1082 1119 1300 
727 663 623 458 554 548 595 688 824 737 805 1004 1343 1156 
714 774 501 532 493 476 521 552 808 958 1199 1190 1118 1325 
776 745 511 549 510 439 552 656 662 875 977 1003 1173 1416 
692 764 611 487 485 517 583 628 668 885 1035 1184 1042 1229 
803 517 590 607 479 511 646 653 829 916 1051 1037 1238 1320 
719 623 661 538 583 491 619 579 667 863 935 1210 1011 1624 
671 766 474 486 482 615 638 751 818 915 947 1238 1308 1188 
826 764 665 435 439 592 523 588 605 946 1130 1100 1299 1192 
722 609 570 504 542 521 547 690 875 754 1110 1080 1110 1175 
633 551 537 572 541 532 489 655 753 803 839 1205 1122 1523 
672 756 531 424 481 482 643 573 808 1039 1080 905 1312 1104 
857 522 621 466 472 541 457 552 858 978 1176 950 1495 1386 
771 687 614 432 489 422 503 644 804 808 1035 1030 1045 1298 
775 573 607 598 581 417 536 616 707 771 900 1331 1021 1571 
687 651 508 524 547 615 676 665 640 855 1182 942 1148 1562 
852 561 458 443 532 470 669 743 670 764 962 1084 1158 1101 
750 693 580 556 489 587 646 580 697 761 847 1294 1109 1184 
674 644 461 502 425 420 640 763 749 774 811 1345 1309 1606 
713 645 549 470 582 550 495 675 856 859 944 1259 1388 1461 
787 562 640 536 552 508 542 569 737 900 825 1307 1312 1200 
663 525 523 482 403 456 639 579 700 716 862 1217 1090 1159 
687 609 513 573 497 477 522 616 641 985 1035 1035 1155 1169 
754 616 577 516 506 561 458 748 686 836 1053 1045 1176 1563 
654 660 525 610 426 464 603 648 647 925 888 1177 1488 1375 
769 681 594 552 434 452 620 620 817 887 1177 1282 1181 1249 
886 771 513 414 489 497 536 602 702 985 1031 1285 1279 1196 
709 685 647 542 595 416 637 680 676 835 1052 1061 1127 1569 
818 763 598 514 566 584 473 545 778 718 1061 926 1169 1403 
699 665 471 526 547 466 523 569 661 711 1103 969 1099 1337 
792 743 522 614 501 541 618 736 690 874 1021 1241 1369 1583 
817 577 571 434 593 479 583 734 768 869 1140 1129 1168 1190 
843 753 601 453 428 536 629 730 858 975 984 1192 1176 1519 
635 596 559 617 468 484 508 521 670 892 947 1295 1140 1516 
888 730 496 576 558 461 564 698 745 770 910 1061 1430 1122 
868 636 669 531 590 418 642 733 745 759 1138 948 1309 1416 
679 772 580 607 418 533 519 765 896 1036 1120 1115 1491 1373 
645 591 460 535 459 465 459 713 884 1033 944 1202 1178 1569 
786 569 524 547 504 445 514 519 795 790 1159 1228 1076 1426 
869 600 661 510 490 459 538 545 646 796 992 1090 1359 1117 
610 578 537 619 568 469 505 686 863 1017 1006 1121 1015 1347 
892 750 570 471 460 502 577 773 887 898 941 1344 1089 1192 
655 692 587 428 464 606 492 594 823 813 801 1127 1264 1318 
783 555 585 603 442 455 628 667 830 799 834 993 1077 1427 
872 550 520 613 595 575 591 672 643 945 1042 903 1265 1375 
897 738 487 502 419 444 596 606 605 744 830 1263 1129 1501 
818 586 512 517 488 436 601 747 800 718 1017 948 1453 1159 
827 677 539 435 451 471 653 578 817 1035 986 1194 1258 1129 
620 719 670 426 526 510 499 552 850 710 1041 1191 1013 1588 
863 741 559 488 583 419 552 607 779 745 931 1258 1232 1327 
704 718 578 468 569 618 513 699 877 757 1051 1059 1209 1433 
822 569 635 602 563 421 491 550 778 847 1121 1215 1258 1444 
770 670 570 570 501 582 609 707 893 856 1123 1165 1352 1538 
872 716 456 464 573 607 614 674 685 903 1121 1253 1261 1299 
771 681 508 605 429 573 517 621 643 1012 882 1083 1251 1532 
727 755 461 418 426 600 655 709 899 879 971 1229 1459 1279 
795 578 601 583 557 575 617 732 623 706 958 1019 1211 1249 
632 518 663 481 434 475 669 613 629 724 1123 1196 1185 1085 
783 530 471 416 491 421 488 761 740 985 1048 964 1422 1443 
811 650 562 487 422 443 503 718 700 914 981 1186 1166 1340 
893 531 555 568 575 515 646 533 726 803 964 1064 1299 1387 
695 630 544 532 456 566 547 644 797 783 1135 1175 1201 1173 
755 678 472 436 417 549 658 641 844 703 809 1292 1113 1489 
609 772 485 593 584 452 491 581 721 977 922 1015 1451 1410 
805 726 475 521 415 474 523 737 688 951 1053 1021 1492 1472 
635 676 458 554 568 437 456 703 675 927 812 1248 1290 1604 
658 580 617 482 428 414 532 682 614 925 1074 1087 1109 1173 
825 646 659 570 473 489 549 517 865 820 844 988 1421 1623 
705 723 575 576 418 455 613 619 620 829 922 1268 1152 1534 
785 602 670 502 518 609 472 621 819 698 1003 995 1210 1448 
689 630 671 448 591 542 501 568 891 1022 869 1176 1385 1484 
705 688 611 420 445 417 468 669 810 941 1188 909 1436 1226 
852 615 665 491 481 563 584 773 642 729 1105 1115 1393 1272 
646 676 464 510 413 451 460 661 701 942 1030 1041 1428 1193 
601 527 497 562 487 457 480 545 668 836 955 962 1333 1449 
773 570 556 505 479 605 487 656 680 937 839 1270 1258 1343 
896 731 463 461 517 420 633 720 836 1037 1161 1297 1270 1577 
844 540 628 500 450 489 647 596 712 1003 1120 1144 1490 1545 
