5 3 20
4 100
850 77 85 96 112 130 
850 103 113 129 149 174 
100000 5170 5669 6464 7499 8705 
1482 1433 1353 1250 
760 
1235 
853 
826 
596 
828 
918 
723 
1251 
1379 
1380 
593 
826 
1668 
1575 
1156 
1644 
927 
790 
736 
540 
1369 
1343 
1422 
1390 
941 
1696 
1784 
1535 
654 
1395 
1531 
707 
1378 
1041 
762 
1722 
895 
1461 
1588 
1397 
1339 
1557 
1560 
603 
1229 
1709 
1572 
719 
1184 
1360 
1421 
515 
1605 
1742 
1629 
1362 
1082 
995 
970 
932 
909 
785 
1520 
909 
1432 
826 
1205 
721 
1029 
1765 
565 
1475 
1077 
969 
989 
1592 
582 
1673 
822 
1541 
1454 
1053 
479 
529 
1341 
725 
1275 
1184 
1754 
1166 
990 
1033 
1631 
517 
669 
1711 
1378 
1281 
1308 
