20 6 20
7 50
340 96 112 130 149 169 187 203 214 222 225 222 214 203 187 169 150 130 112 96 85 
340 129 149 174 199 225 249 270 286 296 300 296 286 270 250 225 200 174 150 129 113 
340 161 187 217 249 282 312 338 358 370 375 370 358 338 312 282 250 217 187 161 141 
340 193 224 261 299 338 374 406 429 444 450 444 429 406 375 338 300 261 225 193 170 
340 226 262 304 349 395 437 473 501 519 525 519 501 473 437 395 350 304 262 226 198 
100000 6464 7499 8705 9999 11294 12499 13535 14330 14829 15000 14829 14330 13535 12500 11294 10000 8705 7500 6464 5669 
1353 1250 1129 1000 870 750 646 
365 356 370 285 828 769 1176 634 1185 601 672 2161 798 
565 371 410 492 858 986 986 1341 657 453 830 1156 1106 
390 793 702 301 694 867 703 1286 1375 481 1692 2164 844 
796 462 261 528 321 405 505 632 1558 463 830 2041 923 
556 766 495 717 320 987 1028 712 1409 1616 997 1829 2127 
364 555 662 580 411 783 303 911 946 1041 1920 1590 1567 
900 666 313 373 688 431 855 1175 858 741 1382 1082 1538 
757 227 311 553 716 719 1048 608 1565 810 1030 1598 856 
643 321 543 233 489 750 1116 1356 1464 684 1484 890 2147 
861 376 396 622 516 600 440 778 1471 1592 1851 965 1101 
267 712 774 494 340 881 1136 502 530 1318 1276 1888 1395 
241 642 723 688 341 387 944 1123 635 505 1994 1937 2273 
356 257 571 681 477 1029 884 437 493 679 927 1347 1446 
257 636 528 433 864 357 648 1349 590 1032 1495 1145 2086 
450 793 243 621 702 556 1024 557 762 1585 642 703 815 
336 354 424 224 850 322 678 807 600 1091 615 947 1658 
699 616 482 750 742 648 787 1175 1437 1682 967 606 2133 
253 372 638 418 688 357 315 632 798 986 1745 714 1715 
862 514 560 648 367 582 900 1239 675 1235 1647 554 2057 
260 347 215 525 396 545 960 1246 593 1432 1438 1631 946 
384 603 407 266 739 263 506 474 1279 1328 991 1359 1185 
262 518 277 241 338 832 410 1072 610 1259 1850 1001 1882 
496 783 548 629 431 973 646 592 1377 1353 1869 1394 2031 
381 248 220 773 731 1000 680 923 985 1139 621 1496 1455 
575 426 387 498 877 990 444 1325 1558 1034 522 1978 956 
498 642 551 329 321 864 833 373 839 765 612 1163 2239 
301 333 332 339 767 889 890 771 1467 500 1877 1268 1269 
342 612 378 382 535 609 985 1265 1599 1718 1415 1335 1583 
390 505 512 544 410 677 643 790 1013 942 1568 1694 1968 
235 220 357 774 758 531 946 493 1068 504 1353 543 1076 
349 292 303 546 838 394 814 933 1581 832 1951 1886 635 
826 775 600 619 896 557 934 1258 896 1688 1699 849 1883 
656 406 613 682 235 495 676 693 1211 996 1111 2028 733 
314 702 506 547 479 423 1121 545 1137 1731 1268 1359 2047 
274 419 256 640 280 702 355 924 527 687 1778 1286 1203 
905 785 480 754 879 335 349 460 1067 1540 1326 1386 1330 
432 228 686 368 233 788 945 871 1438 476 719 1382 709 
260 600 508 270 739 856 890 498 1459 1344 580 706 1524 
240 721 343 573 250 1022 706 455 991 849 1204 940 1233 
858 731 587 510 266 299 713 436 524 1216 1302 1100 2145 
385 597 522 540 792 396 859 1223 500 1207 953 1612 649 
454 324 659 308 530 341 537 1262 1367 684 1620 651 1044 
727 735 355 513 749 626 1059 907 1352 918 859 1890 2219 
351 382 418 416 342 810 831 418 1511 575 553 1178 1839 
237 252 337 352 859 899 603 623 908 1348 1544 760 1145 
408 309 200 513 739 295 803 872 1321 1295 1727 1032 704 
405 281 784 580 374 390 789 727 1195 805 745 1015 757 
522 528 449 669 760 864 606 1252 1153 1783 1305 1971 1875 
311 433 266 515 826 522 1089 1167 699 1243 534 2137 2217 
862 482 597 214 698 825 350 575 970 1139 1112 2141 766 
