50 2 20
26 10
1700 96 85 77 75 77 85 96 112 130 149 169 187 203 214 222 225 222 214 203 187 169 150 130 112 96 85 77 75 77 85 96 112 130 149 169 187 203 214 222 225 222 214 203 187 169 150 130 112 96 85 
100000 6464 5669 5170 5000 5170 5669 6464 7499 8705 9999 11294 12499 13535 14330 14829 15000 14829 14330 13535 12500 11294 10000 8705 7500 6464 5669 5170 5000 5170 5669 6464 7499 8705 9999 11294 12499 13535 14330 14829 15000 14829 14330 13535 12500 11294 10000 8705 7500 6464 5669 
1353 1433 1482 1499 1482 1433 1353 1250 1129 1000 870 750 646 566 517 500 517 566 646 749 870 999 1129 1249 1353 1433 
1410 1438 1491 1492 1332 1275 1154 1035 831 761 666 569 534 499 515 575 647 770 879 968 1115 1221 1380 1492 
1516 1510 1514 1395 1322 1253 1157 987 849 717 645 564 499 505 526 565 666 785 877 989 1156 1271 1359 1448 
1519 1537 1525 1383 1321 1303 1135 1000 885 720 650 575 494 490 497 548 663 772 878 959 1168 1254 1393 1378 
1425 1554 1413 1364 1405 1241 1076 1048 894 728 669 565 495 513 536 567 667 755 904 1032 1184 1240 1354 1498 
1444 1558 1531 1461 1356 1294 1144 1029 885 783 616 567 530 477 533 588 617 753 859 971 1122 1281 1370 1487 
1428 1560 1510 1438 1351 1212 1147 974 902 752 638 565 504 478 517 558 656 746 890 979 1164 1299 1354 1391 
1483 1537 1426 1469 1407 1298 1121 987 828 756 624 589 492 477 492 561 633 750 882 951 1088 1278 1342 1434 
1516 1448 1469 1381 1350 1244 1119 1029 872 742 621 585 491 490 526 574 637 767 892 983 1183 1254 1393 1451 
1509 1453 1441 1391 1309 1253 1084 1030 912 749 655 548 498 490 521 552 676 763 875 1001 1104 1218 1351 1377 
1482 1433 1424 1455 1388 1217 1170 1048 877 754 676 556 509 486 492 573 615 745 841 1037 1093 1200 1390 1367 
