5 2 20
3 50
1700 130 149 169 187 203 
100000 8705 9999 11294 12499 13535 
1129 1000 870 
849 737 
683 596 
732 614 
601 517 
720 642 
742 763 
650 544 
734 709 
898 534 
654 749 
860 554 
785 578 
880 691 
895 756 
789 774 
830 627 
676 684 
768 746 
651 673 
804 534 
720 629 
638 624 
829 692 
829 613 
703 605 
671 646 
746 730 
774 653 
604 546 
893 756 
872 675 
804 534 
650 627 
751 673 
624 640 
866 553 
774 581 
601 716 
890 655 
864 683 
797 531 
893 532 
665 574 
667 581 
715 764 
884 632 
690 740 
814 586 
800 685 
747 540 
