10 3 20
6 100
850 130 112 96 85 77 75 77 85 96 112 
850 174 150 129 113 103 100 103 113 129 149 
100000 8705 7500 6464 5669 5170 5000 5170 5669 6464 7499 
1129 1249 1353 1433 1482 1499 
1552 1486 1368 1306 
1551 1410 1412 1238 
1468 1395 1366 1248 
1509 1476 1295 1270 
1430 1366 1365 1310 
1550 1378 1328 1236 
1474 1365 1393 1223 
1536 1403 1303 1294 
1498 1383 1394 1244 
1510 1364 1387 1230 
1507 1439 1349 1207 
1524 1386 1390 1252 
1470 1428 1304 1304 
1523 1384 1290 1266 
1526 1375 1325 1226 
1435 1383 1414 1258 
1508 1390 1357 1293 
1456 1391 1314 1289 
1555 1457 1411 1309 
1516 1394 1394 1223 
1456 1494 1398 1289 
1523 1477 1350 1189 
1518 1399 1409 1283 
1536 1363 1359 1278 
1423 1499 1382 1195 
1527 1492 1293 1223 
1514 1410 1354 1201 
1512 1382 1336 1193 
1460 1463 1356 1286 
1433 1388 1295 1188 
1505 1380 1366 1259 
1541 1454 1326 1302 
1546 1373 1305 1253 
1501 1411 1340 1214 
1446 1367 1361 1217 
1482 1406 1292 1295 
1419 1481 1409 1253 
1521 1447 1366 1191 
1411 1363 1303 1201 
1536 1371 1413 1272 
1449 1498 1345 1202 
1542 1497 1380 1187 
1430 1494 1325 1245 
1481 1411 1386 1282 
1432 1366 1359 1202 
1550 1448 1308 1247 
1468 1498 1305 1217 
1547 1432 1362 1252 
1461 1455 1295 1210 
1457 1413 1384 1190 
1409 1493 1389 1236 
1505 1374 1382 1279 
1464 1470 1395 1208 
1520 1499 1319 1277 
1478 1463 1301 1223 
1540 1414 1364 1303 
1481 1362 1333 1254 
1438 1428 1370 1265 
1487 1450 1404 1197 
1489 1445 1359 1280 
1496 1387 1413 1277 
1517 1454 1373 1197 
1553 1470 1333 1194 
1420 1413 1390 1229 
1421 1439 1342 1247 
1468 1411 1404 1202 
1489 1415 1333 1194 
1459 1376 1309 1278 
1520 1390 1288 1224 
1421 1485 1355 1293 
1524 1404 1290 1287 
1478 1410 1317 1209 
1502 1434 1324 1281 
1470 1406 1326 1287 
1546 1396 1393 1227 
1524 1380 1406 1259 
1542 1421 1414 1299 
1496 1365 1332 1226 
1529 1396 1306 1220 
1499 1419 1343 1290 
1517 1486 1393 1262 
1455 1490 1293 1301 
1510 1502 1369 1229 
1441 1415 1329 1208 
1436 1385 1355 1308 
1499 1473 1416 1273 
1427 1393 1362 1267 
1504 1487 1306 1266 
1419 1408 1369 1274 
1522 1483 1374 1272 
1542 1376 1299 1193 
1496 1472 1345 1230 
1532 1432 1326 1242 
1426 1502 1363 1212 
1534 1446 1415 1262 
1454 1404 1360 1304 
1472 1402 1326 1214 
1413 1380 1415 1223 
1519 1477 1334 1294 
1474 1427 1360 1300 
