10 6 20
8 100
340 112 130 149 169 187 203 214 222 225 222 
340 149 174 199 225 249 270 286 296 300 296 
340 187 217 249 282 312 338 358 370 375 370 
340 224 261 299 338 374 406 429 444 450 444 
340 262 304 349 395 437 473 501 519 525 519 
100000 7499 8705 9999 11294 12499 13535 14330 14829 15000 14829 
1250 1129 1000 870 750 646 566 517 
497 515 
504 541 
484 539 
515 518 
505 499 
497 514 
523 539 
518 491 
522 505 
494 522 
490 509 
512 525 
516 510 
479 499 
515 497 
498 494 
490 494 
477 528 
487 540 
503 505 
512 524 
500 496 
513 542 
492 525 
498 529 
509 513 
488 502 
486 515 
477 525 
500 505 
496 541 
507 509 
515 534 
502 515 
515 495 
487 523 
515 538 
500 541 
502 496 
501 522 
479 536 
520 518 
492 506 
508 524 
494 493 
492 499 
515 516 
478 497 
486 531 
519 524 
488 536 
518 510 
489 507 
482 533 
515 523 
482 506 
487 501 
494 525 
515 511 
494 492 
524 535 
489 512 
516 530 
489 514 
481 536 
521 514 
517 512 
523 516 
522 500 
483 497 
516 508 
503 510 
510 497 
501 511 
516 532 
487 529 
491 513 
483 510 
486 506 
499 521 
498 493 
504 530 
506 501 
513 500 
523 533 
497 495 
515 516 
513 529 
503 494 
515 542 
495 505 
512 494 
485 492 
518 497 
505 495 
494 492 
501 500 
522 500 
500 502 
477 535 
