20 3 20
15 100
850 77 85 96 112 130 149 169 187 203 214 222 225 222 214 203 187 169 150 130 112 
850 103 113 129 149 174 199 225 249 270 286 296 300 296 286 270 250 225 200 174 150 
100000 5170 5669 6464 7499 8705 9999 11294 12499 13535 14330 14829 15000 14829 14330 13535 12500 11294 10000 8705 7500 
1482 1433 1353 1250 1129 1000 870 750 646 566 517 500 517 566 646 
1179 873 494 463 1108 
916 1253 974 479 791 
1166 586 1475 1094 1342 
868 917 1098 739 1045 
724 1282 1118 1043 1932 
435 634 845 970 1733 
691 610 1586 807 1008 
1059 711 1143 1063 1306 
702 1356 1503 844 1570 
863 834 789 1535 758 
566 1165 1006 499 674 
344 1042 673 1596 1984 
604 488 551 1503 750 
1051 590 1092 742 1898 
695 1160 596 946 1239 
1184 544 579 765 1261 
620 916 1574 1228 1866 
832 1180 1524 809 1264 
463 520 460 1670 967 
542 437 691 1037 1898 
820 1038 962 493 1136 
642 844 1219 1732 1873 
1191 908 1478 986 1879 
759 471 428 471 1588 
855 509 1073 1561 1252 
1118 721 859 1182 1786 
824 1111 1273 1379 1472 
950 1082 810 1300 1787 
596 1019 812 937 993 
987 1127 953 825 1450 
851 1015 1367 1350 843 
1171 762 1366 584 1044 
786 756 755 1652 1509 
955 927 1448 1387 1883 
908 422 884 1658 1040 
766 1153 445 525 1077 
526 940 1481 1118 699 
1093 763 1265 666 601 
1053 399 783 1670 729 
665 493 832 768 642 
568 493 786 1776 1926 
355 951 581 1215 1914 
668 701 1159 1554 1492 
925 470 399 790 920 
1135 372 816 1636 991 
1004 1082 869 1229 1989 
479 969 1188 931 846 
594 840 887 454 1982 
539 925 815 1085 1587 
486 496 703 1128 1324 
1143 1333 1079 1592 1802 
1079 591 1341 1080 556 
427 1268 922 685 670 
543 388 1555 700 522 
399 716 1189 833 1049 
313 924 911 531 1643 
511 775 1094 586 1476 
782 463 1173 1702 1990 
1131 1009 1270 619 1089 
500 595 1526 924 1734 
324 1207 1413 671 1603 
1101 1332 780 1611 1987 
839 780 1003 1531 894 
510 849 1557 794 1138 
753 1226 1045 1212 1892 
898 1386 1281 1550 1625 
961 1328 1190 1275 1428 
1136 1093 978 1147 1704 
389 628 903 1797 1546 
550 399 1507 546 1739 
1148 365 760 588 1596 
567 422 749 1300 932 
1056 809 1286 1038 1180 
1195 676 1309 487 1254 
739 1387 956 1080 1462 
1090 799 1312 1754 1760 
440 1045 753 1563 1784 
1103 1284 895 713 1449 
433 411 1061 575 1805 
772 877 939 834 1021 
595 1126 695 1144 1769 
869 1245 450 1184 1244 
1195 1131 630 1637 1841 
1048 1324 1215 987 1355 
347 520 1466 1563 1074 
411 984 1034 1307 922 
606 1383 988 913 698 
355 1252 1203 631 576 
366 432 536 1144 1025 
914 1179 1169 1150 901 
803 899 554 729 1461 
1137 1389 768 999 1773 
622 1023 1332 1230 1404 
993 830 941 1615 973 
1193 415 761 1065 875 
369 894 599 1156 1148 
1019 1191 1225 636 1423 
1123 1048 816 822 1627 
903 1377 1528 1183 1023 
821 1367 1426 1155 1366 
