50 2 20
36 10
1700 112 130 149 169 187 203 214 222 225 222 214 203 187 169 150 130 112 96 85 77 75 77 85 96 112 130 149 169 187 203 214 222 225 222 214 203 187 169 150 130 112 96 85 77 75 77 85 96 112 130 
100000 7499 8705 9999 11294 12499 13535 14330 14829 15000 14829 14330 13535 12500 11294 10000 8705 7500 6464 5669 5170 5000 5170 5669 6464 7499 8705 9999 11294 12499 13535 14330 14829 15000 14829 14330 13535 12500 11294 10000 8705 7500 6464 5669 5170 5000 5170 5669 6464 7499 8705 
1250 1129 1000 870 750 646 566 517 500 517 566 646 749 870 999 1129 1249 1353 1433 1482 1499 1482 1433 1353 1250 1129 1000 870 750 646 566 517 500 517 566 646 
720 853 1029 1077 1265 1297 1366 1500 1532 1423 1487 1323 1284 1183 
739 868 969 1172 1264 1359 1399 1487 1433 1410 1444 1293 1217 1172 
764 885 969 1127 1282 1399 1415 1490 1562 1543 1504 1290 1303 1183 
782 854 968 1179 1305 1337 1408 1458 1484 1493 1452 1312 1219 1124 
751 854 997 1124 1209 1312 1460 1538 1554 1435 1380 1383 1274 1167 
773 850 1001 1106 1309 1355 1465 1485 1508 1490 1458 1308 1192 1082 
742 839 966 1073 1229 1336 1498 1455 1555 1409 1444 1323 1223 1124 
746 838 1049 1140 1202 1312 1442 1489 1467 1523 1434 1308 1260 1134 
733 911 997 1075 1250 1328 1465 1506 1543 1516 1362 1311 1223 1106 
717 903 973 1157 1290 1294 1455 1461 1443 1546 1434 1308 1217 1150 
