50 3 20
26 50
850 112 96 85 77 75 77 85 96 112 130 149 169 187 203 214 222 225 222 214 203 187 169 150 130 112 96 85 77 75 77 85 96 112 130 149 169 187 203 214 222 225 222 214 203 187 169 150 130 112 96 
850 150 129 113 103 100 103 113 129 149 174 199 225 249 270 286 296 300 296 286 270 250 225 200 174 150 129 113 103 100 103 113 129 149 174 199 225 249 270 286 296 300 296 286 270 250 225 200 174 150 129 
100000 7500 6464 5669 5170 5000 5170 5669 6464 7499 8705 9999 11294 12499 13535 14330 14829 15000 14829 14330 13535 12500 11294 10000 8705 7500 6464 5669 5170 5000 5170 5669 6464 7499 8705 9999 11294 12499 13535 14330 14829 15000 14829 14330 13535 12500 11294 10000 8705 7500 6464 
1249 1353 1433 1482 1499 1482 1433 1353 1250 1129 1000 870 750 646 566 517 500 517 566 646 749 870 999 1129 1249 1353 
1595 1468 1529 1640 1510 1345 1003 1084 919 1043 707 644 490 469 407 538 543 706 748 943 1067 980 1244 1431 
1490 1622 1785 1674 1475 1594 1475 958 1167 851 613 627 486 564 451 582 511 652 796 990 1116 936 1193 1570 
1517 1221 1701 1235 1310 1260 1140 1172 972 758 871 548 642 503 496 441 504 772 777 910 803 936 1351 1168 
1624 1740 1799 1738 1489 1184 1113 1103 803 870 744 673 518 598 442 421 470 597 704 741 891 1241 1423 1487 
1406 1533 1499 1277 1443 1304 1203 909 816 1040 863 525 564 550 433 444 561 732 854 962 1171 1270 1097 1611 
1301 1591 1443 1361 1229 1341 1004 1265 1132 804 689 571 662 565 428 580 530 524 600 967 933 1189 1269 1508 
1434 1439 1546 1425 1408 1149 1431 1020 886 850 717 626 666 478 532 617 465 731 820 797 975 961 1198 1524 
1526 1186 1378 1266 1700 1266 1192 1336 808 782 756 698 470 612 514 533 586 600 852 923 1171 919 1103 1527 
1308 1425 1662 1334 1296 1503 1193 970 968 848 871 625 499 435 495 437 551 737 828 761 1182 1152 1194 1341 
1440 1576 1506 1465 1381 1362 1387 1213 860 1006 778 591 578 610 408 572 563 637 657 797 1123 1065 1147 1384 
1486 1421 1550 1614 1288 1197 1053 1052 1044 826 712 699 599 564 441 578 624 707 782 1023 973 910 1005 1338 
1260 1666 1645 1630 1453 1411 1022 1091 1138 912 751 653 466 487 446 488 670 772 787 882 1142 1233 1034 1199 
1529 1771 1460 1241 1148 1317 1331 1315 949 970 706 552 475 509 530 554 678 741 676 749 987 1129 1496 1432 
1200 1552 1601 1465 1289 1451 1320 1284 1170 793 873 770 528 570 416 532 519 595 616 748 869 1188 1376 1174 
1319 1229 1671 1482 1449 1209 1167 942 815 1032 642 615 677 584 585 501 462 733 629 753 976 1192 1037 1514 
1544 1701 1243 1670 1385 1573 1355 1155 1007 960 679 727 511 467 584 505 515 602 865 856 881 1136 1320 1386 
1705 1478 1365 1523 1344 1526 1083 1244 1122 896 862 650 555 450 520 487 646 529 623 934 1056 1067 1070 1254 
1574 1549 1783 1344 1149 1180 1111 1210 874 925 881 633 456 440 519 510 524 547 639 1032 1141 1098 1115 1584 
1707 1575 1699 1209 1511 1314 1045 970 1153 799 806 695 559 486 566 426 584 607 841 838 952 1131 1167 1516 
1356 1646 1644 1323 1255 1486 1052 1113 819 1006 706 557 491 502 518 460 583 636 759 1031 1050 1202 1172 1530 
1455 1285 1683 1422 1353 1604 1026 1113 1036 846 845 703 677 473 492 416 606 686 805 923 851 1101 1094 1449 
1243 1655 1340 1583 1430 1527 1177 1331 1165 805 628 699 641 543 430 415 472 661 807 761 1095 1053 1131 1337 
1686 1449 1254 1476 1364 1417 1068 1119 1001 886 820 706 465 547 434 461 459 666 614 1031 1053 1220 1376 1535 
1374 1317 1750 1615 1665 1206 1085 1156 962 816 614 769 624 460 482 506 651 670 657 841 900 922 1415 1262 
1524 1394 1350 1276 1484 1350 1345 984 1027 724 679 716 662 503 516 591 473 528 678 961 820 1182 1356 1218 
1166 1417 1792 1384 1147 1086 1041 1241 829 908 754 671 562 497 504 439 475 617 816 735 876 1126 1301 1509 
1420 1672 1587 1684 1166 1208 1226 1078 891 1039 815 631 497 544 479 583 678 757 860 1029 823 1319 1258 1408 
1687 1776 1497 1703 1191 1109 1033 1179 1014 884 702 659 555 540 553 456 488 523 661 708 1070 955 1479 1480 
1497 1470 1533 1332 1171 1425 1336 1075 1020 814 604 652 663 586 503 503 610 690 810 895 1197 1078 1251 1574 
1709 1628 1488 1637 1305 1475 1339 1137 1037 702 613 728 482 458 539 428 639 635 876 1002 816 1210 1113 1197 
1629 1345 1383 1737 1344 1237 1119 1139 940 1037 839 672 631 588 436 423 468 750 606 824 1188 1105 1013 1159 
1220 1765 1250 1244 1546 1354 1087 1235 941 1040 882 773 487 439 451 606 537 556 790 1004 1185 1326 1406 1101 
1510 1233 1432 1741 1261 1186 1402 1304 926 738 774 693 486 479 413 546 467 536 788 861 805 1276 1287 1550 
1499 1353 1609 1358 1456 1390 1316 923 946 729 678 751 546 498 580 508 611 699 814 861 1035 1011 1161 1307 
1297 1402 1554 1442 1446 1292 1456 1302 854 1039 854 732 502 494 485 512 634 538 896 700 867 972 1452 1538 
1172 1268 1205 1581 1272 1335 1044 1076 1095 799 684 585 504 603 543 496 553 637 679 999 1060 975 1346 1399 
1684 1646 1274 1377 1150 1394 1058 1297 1046 844 660 721 495 475 444 561 617 748 711 945 1055 1176 1078 1449 
1442 1496 1369 1252 1425 1468 1325 1108 904 868 735 581 551 603 513 460 481 559 673 948 1040 958 1152 1309 
1680 1647 1646 1704 1290 1485 1056 1267 1125 889 738 673 527 618 448 418 614 558 888 890 1163 1134 1495 1315 
1578 1511 1392 1593 1470 1311 1314 1065 1015 753 752 561 571 561 437 565 511 658 778 953 1094 914 1059 1121 
1547 1353 1723 1393 1652 1510 1428 1284 865 820 847 579 482 575 443 461 497 739 896 828 1145 1352 1350 1216 
1276 1233 1610 1337 1300 1590 1330 1002 843 1033 785 534 625 470 468 553 561 768 710 800 926 1294 1399 1399 
1151 1346 1636 1554 1536 1165 1346 1344 1035 812 885 576 550 609 591 607 519 752 856 873 1167 1167 1172 1614 
1308 1404 1670 1250 1219 1322 1415 1267 1029 831 746 609 528 589 584 495 605 535 853 726 1077 1070 1414 1369 
1183 1429 1470 1664 1552 1314 1242 1199 1058 733 637 586 572 490 496 439 666 724 676 833 859 1288 1435 1527 
1296 1579 1209 1538 1442 1411 1401 973 1086 818 748 629 553 539 419 504 475 607 798 944 975 1177 1326 1417 
1507 1600 1333 1709 1392 1085 1364 1092 1052 717 705 739 523 446 426 581 454 571 690 772 959 917 1121 1576 
1507 1691 1730 1619 1588 1186 1472 997 1053 993 843 598 554 465 482 452 569 728 884 817 984 1185 1391 1266 
1233 1224 1438 1378 1627 1450 1344 1132 1087 1030 748 761 542 469 537 549 546 681 798 882 970 1190 1278 1617 
1205 1230 1272 1687 1332 1454 1222 1094 1141 898 758 584 676 546 586 515 520 675 728 810 856 935 1467 1392 
