5 2 20
2 50
1700 96 85 77 75 77 
100000 6464 5669 5170 5000 5170 
1353 1433 
1655 684 2158 
1308 1634 2261 
1301 1113 1591 
926 1769 1721 
2161 769 1356 
1489 1592 1588 
1796 1725 964 
1794 1683 1338 
2280 1668 2270 
1646 1322 1763 
1396 668 2221 
1038 996 1055 
869 1217 2219 
646 603 951 
1520 1525 696 
996 1890 1601 
1711 1303 1336 
1356 1518 1029 
1734 1566 1369 
2310 1041 1781 
1511 1314 1762 
835 1538 1633 
902 1072 1221 
1905 2283 2074 
1554 794 875 
1953 802 1933 
1899 1869 1817 
1744 1978 1966 
807 788 882 
877 1599 597 
2135 2099 999 
1923 2065 626 
2122 1453 982 
1879 2367 1362 
1094 2374 679 
666 2237 764 
1774 1627 1558 
1456 2007 2236 
1808 1524 972 
1456 994 2154 
1104 1523 838 
2096 627 644 
1871 687 1642 
1812 2046 676 
1612 1645 1022 
1262 1709 1446 
750 1164 678 
1337 1808 711 
913 887 774 
1672 1821 1417 
