10 2 20
6 50
1700 130 112 96 85 77 75 77 85 96 112 
100000 8705 7500 6464 5669 5170 5000 5170 5669 6464 7499 
1129 1249 1353 1433 1482 1499 
1526 1436 1358 1227 
1508 1429 1296 1189 
1422 1405 1337 1221 
1553 1388 1391 1210 
1459 1448 1360 1197 
1433 1399 1315 1194 
1501 1462 1347 1266 
1418 1467 1387 1205 
1498 1371 1334 1216 
1503 1378 1379 1189 
1426 1437 1388 1219 
1410 1400 1374 1208 
1503 1485 1391 1207 
1469 1456 1400 1212 
1504 1460 1327 1302 
1548 1499 1313 1241 
1536 1475 1303 1282 
1450 1370 1337 1296 
1459 1482 1396 1231 
1436 1426 1374 1254 
1478 1415 1367 1224 
1546 1495 1378 1208 
1528 1405 1293 1197 
1496 1472 1307 1231 
1528 1461 1373 1224 
1443 1387 1322 1305 
1475 1495 1316 1229 
1547 1388 1306 1303 
1513 1405 1328 1238 
1514 1488 1298 1266 
1541 1496 1331 1302 
1452 1371 1383 1228 
1544 1375 1376 1223 
1533 1389 1416 1209 
1459 1483 1366 1196 
1470 1473 1419 1257 
1472 1384 1305 1249 
1477 1383 1408 1291 
1547 1404 1389 1232 
1419 1441 1349 1235 
1540 1457 1411 1227 
1431 1454 1358 1200 
1430 1500 1359 1253 
1480 1415 1350 1218 
1547 1472 1328 1273 
1498 1393 1344 1262 
1431 1424 1411 1238 
1503 1478 1347 1202 
1501 1423 1301 1191 
1552 1499 1356 1297 
