5 2 20
2 50
1700 96 85 77 75 77 
100000 6464 5669 5170 5000 5170 
1353 1433 
1480 1558 1429 
1519 1443 1432 
1533 1435 1433 
1441 1493 1507 
1465 1499 1421 
1523 1433 1499 
1534 1493 1424 
1554 1512 1484 
1524 1502 1414 
1515 1457 1538 
1492 1514 1490 
1556 1545 1448 
1523 1480 1457 
1471 1443 1529 
1505 1443 1428 
1426 1523 1467 
1431 1491 1536 
1457 1497 1511 
1485 1525 1543 
1543 1568 1501 
1520 1547 1442 
1526 1475 1485 
1477 1432 1536 
1494 1561 1442 
1493 1492 1429 
1466 1484 1476 
1466 1529 1517 
1449 1499 1478 
1504 1460 1471 
1485 1450 1448 
1523 1485 1552 
1530 1477 1506 
1412 1526 1438 
1499 1514 1539 
1416 1548 1440 
1525 1531 1532 
1526 1483 1458 
1448 1541 1547 
1409 1557 1461 
1418 1528 1502 
1493 1479 1549 
1469 1504 1505 
1469 1502 1464 
1544 1490 1472 
1453 1438 1417 
1413 1475 1511 
1484 1545 1412 
1490 1483 1434 
1533 1498 1553 
1487 1495 1461 
