10 2 20
4 100
1700 85 77 75 77 85 96 112 130 149 169 
100000 5669 5170 5000 5170 5669 6464 7499 8705 9999 11294 
1433 1482 1499 1482 
1335 1392 1444 1280 1094 718 
1597 1401 1234 1282 1034 891 
1212 1166 1032 1062 1039 886 
1217 1192 1424 1254 939 766 
1465 1293 1372 1330 1026 850 
1649 1096 1404 1158 842 746 
1311 1555 1087 1019 827 1007 
1634 1374 1367 927 1127 884 
1317 1533 1294 1070 805 764 
1485 1226 1037 1067 889 820 
1530 1383 1005 904 935 960 
1532 1377 1064 967 893 968 
1438 1197 1482 926 1000 792 
1335 1222 1498 1061 1075 924 
1583 1111 1467 1252 819 915 
1630 1240 1159 1201 912 784 
1159 1396 1028 1081 1174 896 
1488 1088 1492 1337 866 743 
1175 1433 1439 1091 1088 961 
1251 1366 1224 922 823 846 
1202 1130 1322 1083 931 717 
1442 1102 1408 1322 926 788 
1569 1541 1493 1137 1012 969 
1310 1105 1186 1337 1136 917 
1344 1190 1215 1201 1107 981 
1567 1446 1338 955 901 884 
1638 1101 1317 1058 1005 753 
1205 1598 1451 1174 890 902 
1164 1510 1376 1016 1119 1034 
1539 1226 1292 1020 951 1032 
1585 1090 1415 1195 835 889 
1659 1514 1204 1277 1062 1000 
1577 1153 1330 1115 856 852 
1278 1214 1103 1153 1033 852 
1718 1306 1486 1069 801 701 
1473 1386 1411 1003 922 772 
1422 1470 1190 1118 1130 924 
1540 1111 1006 959 1132 711 
1439 1607 1002 992 1050 738 
1370 1378 1495 1347 943 947 
1147 1084 1070 1260 1067 699 
1270 1612 1421 1074 849 728 
1316 1459 1464 913 1048 1016 
1173 1152 1205 1227 1060 1010 
1548 1085 1191 1209 854 816 
1487 1532 1414 1007 1128 770 
1360 1573 1354 1007 803 972 
1219 1292 1178 949 1073 918 
1577 1493 1168 1081 1035 767 
1354 1363 1344 990 943 762 
1227 1157 1262 1316 1030 756 
1683 1409 1177 1093 810 1043 
1522 1449 1494 1047 1152 1043 
1338 1345 1206 1061 927 948 
1219 1583 1215 1325 1075 742 
1555 1432 1027 1339 833 1013 
1248 1499 1201 1337 949 703 
1435 1095 1152 1000 1159 717 
1199 1333 1185 1290 985 1000 
1266 1204 1230 1051 895 957 
1514 1485 1218 1281 906 835 
1321 1339 1207 1102 1093 870 
1449 1163 1286 1251 928 718 
1514 1089 1276 1157 948 964 
1493 1609 1408 1004 945 989 
1295 1237 1168 1093 843 962 
1441 1614 1155 1347 1164 718 
1163 1438 1135 998 1101 842 
1670 1269 1298 1258 868 807 
1147 1602 1191 1250 1016 788 
1693 1548 1033 1166 961 703 
1664 1437 1438 1005 929 881 
1219 1618 1497 940 955 900 
1527 1551 1068 1198 1095 770 
1259 1477 1016 1302 872 989 
1365 1140 1348 1239 929 835 
1327 1551 1296 1330 1111 907 
1519 1587 1190 919 1168 922 
1157 1419 1007 1234 1153 713 
1507 1270 1114 1244 928 942 
1283 1217 1463 1234 958 983 
1595 1197 1196 1245 1015 801 
1712 1393 1350 1227 1128 868 
1542 1326 1319 1189 1044 819 
1658 1117 1216 1110 882 811 
1617 1260 1312 1133 943 816 
1263 1298 1151 1002 1118 1029 
1547 1408 1307 1149 1189 744 
1403 1146 1394 1260 827 1010 
1348 1508 1376 1216 1159 707 
1380 1275 1289 1063 905 910 
1406 1277 1306 1236 1129 811 
1451 1188 1311 1329 845 1011 
1182 1171 1051 964 915 766 
1420 1452 1113 1265 1155 838 
1363 1506 1232 1220 1093 736 
1672 1097 1292 1090 983 723 
1368 1183 1224 1210 982 920 
1308 1086 1327 1121 988 778 
1637 1314 1186 992 929 1007 
