5 11 20
2 100
170 77 85 96 112 130 
170 103 113 129 149 174 
170 129 141 161 187 217 
170 155 170 193 224 261 
170 180 198 226 262 304 
170 206 226 258 299 348 
170 232 255 290 337 391 
170 258 283 323 374 435 
170 284 311 355 412 478 
170 310 340 387 449 522 
100000 5170 5669 6464 7499 8705 
1482 1433 
1413 1291 1160 
1395 1253 1085 
1309 1308 1173 
1407 1307 1163 
1405 1204 1106 
1326 1265 1163 
1406 1199 1134 
1293 1224 1168 
1308 1234 1122 
1298 1232 1086 
1405 1293 1130 
1340 1306 1139 
1336 1299 1106 
1406 1190 1115 
1290 1247 1150 
1373 1311 1161 
1392 1265 1095 
1403 1209 1094 
1314 1292 1152 
1390 1231 1131 
1302 1191 1122 
1360 1261 1149 
1309 1275 1147 
1416 1275 1137 
1294 1265 1121 
1339 1205 1182 
1396 1209 1110 
1412 1194 1173 
1339 1258 1120 
1417 1301 1075 
1311 1280 1161 
1345 1303 1085 
1299 1276 1079 
1303 1216 1136 
1338 1285 1123 
1287 1279 1135 
1290 1258 1087 
1304 1190 1097 
1392 1303 1145 
1367 1235 1133 
1366 1241 1160 
1292 1214 1128 
1381 1216 1147 
1339 1268 1121 
1303 1224 1108 
1336 1234 1161 
1420 1255 1110 
1319 1220 1121 
1332 1286 1094 
1332 1259 1081 
1362 1306 1105 
1305 1237 1109 
1353 1269 1082 
1383 1261 1125 
1351 1284 1144 
1299 1239 1106 
1382 1189 1155 
1358 1218 1091 
1356 1301 1126 
1396 1252 1084 
1296 1198 1115 
1382 1217 1092 
1396 1193 1180 
1388 1231 1127 
1416 1251 1136 
1407 1215 1101 
1365 1263 1082 
1369 1305 1109 
1310 1288 1091 
1355 1229 1107 
1356 1281 1101 
1299 1211 1120 
1343 1232 1100 
1327 1199 1181 
1387 1250 1134 
1415 1230 1091 
1368 1235 1152 
1345 1289 1113 
1296 1221 1161 
1287 1242 1104 
1362 1198 1116 
1344 1238 1175 
1337 1281 1132 
1337 1235 1157 
1378 1284 1130 
1403 1290 1081 
1390 1251 1155 
1348 1263 1076 
1414 1294 1081 
1333 1301 1181 
1359 1231 1131 
1404 1286 1172 
1296 1269 1102 
1352 1306 1159 
1340 1269 1149 
1292 1289 1159 
1288 1309 1101 
1348 1276 1164 
1299 1275 1102 
1359 1228 1084 
