20 6 20
15 100
340 77 85 96 112 130 149 169 187 203 214 222 225 222 214 203 187 169 150 130 112 
340 103 113 129 149 174 199 225 249 270 286 296 300 296 286 270 250 225 200 174 150 
340 129 141 161 187 217 249 282 312 338 358 370 375 370 358 338 312 282 250 217 187 
340 155 170 193 224 261 299 338 374 406 429 444 450 444 429 406 375 338 300 261 225 
340 180 198 226 262 304 349 395 437 473 501 519 525 519 501 473 437 395 350 304 262 
100000 5170 5669 6464 7499 8705 9999 11294 12499 13535 14330 14829 15000 14829 14330 13535 12500 11294 10000 8705 7500 
1482 1433 1353 1250 1129 1000 870 750 646 566 517 500 517 566 646 
774 862 952 1164 1293 
785 907 1000 1152 1191 
751 860 962 1140 1270 
765 853 998 1089 1287 
761 909 968 1129 1266 
715 893 951 1152 1279 
757 904 1022 1122 1300 
749 909 952 1165 1284 
779 904 997 1170 1228 
728 879 1049 1121 1190 
782 869 1004 1184 1291 
737 884 1028 1165 1296 
768 912 973 1116 1235 
715 884 1043 1145 1252 
750 850 1017 1096 1216 
728 829 955 1156 1219 
718 888 972 1171 1268 
756 851 971 1090 1218 
733 885 992 1178 1307 
713 863 958 1112 1271 
719 898 1015 1151 1267 
713 872 951 1096 1306 
730 882 1004 1117 1207 
738 870 1036 1073 1248 
777 909 991 1114 1264 
763 850 955 1161 1242 
722 912 975 1158 1253 
713 887 977 1090 1260 
762 847 1043 1131 1243 
783 908 954 1128 1231 
717 887 1039 1111 1260 
759 831 1025 1100 1311 
771 909 978 1166 1306 
759 827 987 1085 1307 
715 910 955 1151 1209 
749 894 967 1169 1285 
777 836 963 1142 1271 
776 848 1036 1110 1214 
755 871 958 1118 1205 
780 900 969 1133 1206 
750 911 967 1173 1296 
755 911 985 1169 1294 
736 837 1022 1141 1244 
729 913 1038 1179 1208 
776 872 1002 1133 1270 
754 840 1013 1123 1273 
725 910 1033 1093 1269 
775 867 1011 1170 1205 
737 892 1033 1111 1308 
774 903 1024 1181 1289 
735 859 1037 1146 1309 
728 902 968 1170 1206 
719 897 1005 1141 1236 
747 884 950 1075 1187 
716 836 974 1137 1307 
744 860 970 1167 1260 
717 912 959 1076 1253 
713 861 1039 1115 1306 
779 853 1049 1156 1302 
721 898 1014 1127 1222 
754 861 978 1153 1303 
714 861 959 1139 1268 
741 862 962 1149 1201 
743 891 1003 1167 1206 
728 875 1048 1148 1209 
720 836 1027 1084 1250 
749 853 1046 1178 1302 
759 833 1025 1174 1285 
714 872 963 1080 1223 
727 852 998 1109 1257 
784 894 1024 1144 1305 
751 872 951 1133 1190 
755 897 965 1120 1305 
728 905 1027 1155 1236 
738 881 951 1149 1226 
761 832 1027 1144 1307 
780 907 950 1161 1274 
772 886 1038 1157 1194 
729 877 1041 1104 1191 
763 832 980 1159 1221 
734 873 1020 1129 1273 
744 890 995 1104 1266 
732 850 1047 1178 1287 
743 836 1012 1098 1247 
744 849 1029 1110 1203 
759 895 1037 1154 1280 
762 866 997 1157 1189 
786 831 1004 1164 1188 
722 909 989 1134 1293 
740 896 959 1116 1271 
762 892 1048 1090 1243 
744 877 1000 1091 1251 
725 874 982 1171 1231 
755 865 990 1176 1221 
753 830 967 1170 1224 
760 888 996 1074 1252 
733 866 968 1171 1269 
766 912 969 1183 1256 
712 896 1000 1092 1195 
736 856 999 1095 1282 
