5 3 20
3 50
850 130 149 169 187 203 
850 174 199 225 249 270 
100000 8705 9999 11294 12499 13535 
1129 1000 870 
751 635 
774 655 
750 620 
784 622 
768 664 
783 645 
757 616 
712 676 
778 617 
730 660 
730 628 
716 644 
735 647 
731 672 
720 630 
735 671 
758 626 
735 650 
787 663 
773 642 
750 628 
745 652 
742 661 
742 621 
714 617 
751 657 
740 658 
727 653 
726 651 
779 642 
783 663 
738 671 
785 629 
737 654 
767 656 
722 663 
764 664 
741 618 
785 643 
756 633 
769 620 
717 644 
717 636 
737 624 
768 671 
785 629 
731 626 
777 659 
785 619 
768 616 
