50 6 20
36 50
340 85 96 112 130 149 169 187 203 214 222 225 222 214 203 187 169 150 130 112 96 85 77 75 77 85 96 112 130 149 169 187 203 214 222 225 222 214 203 187 169 150 130 112 96 85 77 75 77 85 96 
340 113 129 149 174 199 225 249 270 286 296 300 296 286 270 250 225 200 174 150 129 113 103 100 103 113 129 149 174 199 225 249 270 286 296 300 296 286 270 250 225 200 174 150 129 113 103 100 103 113 129 
340 141 161 187 217 249 282 312 338 358 370 375 370 358 338 312 282 250 217 187 161 141 129 125 129 141 161 187 217 249 282 312 338 358 370 375 370 358 338 312 282 250 217 187 161 141 129 125 129 141 161 
340 170 193 224 261 299 338 374 406 429 444 450 444 429 406 375 338 300 261 225 193 170 155 150 155 170 193 224 261 299 338 374 406 429 444 450 444 429 406 375 338 300 261 225 193 170 155 150 155 170 193 
340 198 226 262 304 349 395 437 473 501 519 525 519 501 473 437 395 350 304 262 226 198 180 175 180 198 226 262 304 349 395 437 473 501 519 525 519 501 473 437 395 350 304 262 226 198 180 175 180 198 226 
100000 5669 6464 7499 8705 9999 11294 12499 13535 14330 14829 15000 14829 14330 13535 12500 11294 10000 8705 7500 6464 5669 5170 5000 5170 5669 6464 7499 8705 9999 11294 12499 13535 14330 14829 15000 14829 14330 13535 12500 11294 10000 8705 7500 6464 5669 5170 5000 5170 5669 6464 
1433 1353 1250 1129 1000 870 750 646 566 517 500 517 566 646 749 870 999 1129 1249 1353 1433 1482 1499 1482 1433 1353 1250 1129 1000 870 750 646 566 517 500 517 
616 553 807 992 1045 930 1331 1115 1518 1667 1343 1555 1567 1260 
481 630 791 823 936 904 1297 1391 1400 1624 1601 1321 1494 1355 
596 657 654 990 1009 1263 1302 1156 1529 1307 1301 1273 1324 1547 
591 559 792 889 1185 1018 1187 1560 1559 1630 1607 1415 1519 1389 
582 566 710 853 1031 1298 1013 1471 1659 1776 1302 1555 1511 1115 
490 751 768 808 876 1205 1433 1198 1332 1240 1410 1660 1461 1182 
587 531 690 720 968 1053 1215 1606 1374 1698 1247 1435 1405 1425 
554 749 748 857 1156 1054 1081 1438 1361 1610 1447 1225 1526 1250 
505 744 691 916 839 910 1410 1476 1460 1463 1264 1702 1364 1291 
560 594 870 812 928 917 1403 1332 1692 1420 1784 1208 1371 1277 
649 541 836 779 1105 1171 1150 1565 1470 1739 1784 1771 1345 1151 
578 633 723 881 1071 1205 1024 1313 1456 1509 1639 1380 1311 1093 
669 608 696 740 963 1127 1424 1180 1610 1269 1620 1318 1691 1451 
651 585 697 892 1102 1111 1486 1411 1448 1667 1675 1761 1539 1321 
459 658 653 734 855 1000 1038 1083 1615 1596 1402 1424 1325 1319 
569 610 840 823 1189 1331 1034 1485 1471 1263 1282 1271 1249 1613 
481 708 655 761 813 1280 1124 1372 1534 1749 1456 1452 1414 1254 
475 553 692 736 1032 1134 1132 1243 1187 1416 1362 1399 1530 1164 
583 746 644 835 852 1005 1156 1471 1547 1251 1482 1266 1604 1411 
675 619 695 777 920 1174 1466 1368 1492 1387 1246 1194 1324 1575 
614 727 777 935 1017 1266 1142 1222 1714 1568 1306 1447 1464 1364 
490 702 850 1028 871 1011 1466 1358 1421 1753 1445 1628 1213 1617 
583 587 653 977 904 1010 1354 1281 1662 1232 1671 1609 1707 1581 
622 575 819 846 1190 928 1103 1340 1333 1687 1475 1448 1433 1274 
467 661 749 717 1068 923 1251 1265 1659 1464 1340 1360 1201 1142 
497 748 737 942 1124 1093 1474 1312 1671 1718 1456 1407 1465 1379 
600 657 773 1011 919 1116 1487 1429 1661 1495 1475 1619 1530 1123 
505 526 651 879 956 1308 1447 1283 1160 1680 1514 1364 1334 1599 
478 664 856 749 1132 1148 1133 1455 1508 1611 1567 1345 1355 1145 
581 564 822 814 1038 1188 1381 1170 1495 1652 1702 1778 1649 1485 
537 538 870 1013 1180 1224 1022 1585 1690 1419 1480 1634 1524 1212 
527 765 832 855 1070 1295 1182 1222 1196 1534 1260 1233 1385 1405 
666 619 810 1010 1194 906 1334 1308 1577 1276 1677 1553 1447 1224 
549 548 624 941 1147 994 1217 1294 1147 1728 1728 1514 1313 1558 
455 661 819 811 1175 941 1337 1367 1416 1501 1203 1240 1376 1610 
594 629 804 883 1089 1255 1340 1349 1628 1745 1339 1771 1199 1314 
617 688 792 1026 1162 944 1405 1602 1531 1370 1691 1363 1443 1263 
597 652 865 1035 1152 926 1067 1527 1317 1589 1406 1606 1538 1408 
603 654 851 864 971 1239 1211 1467 1606 1422 1356 1438 1187 1101 
680 615 722 803 1046 1026 1139 1444 1590 1551 1314 1746 1388 1487 
464 562 806 720 1119 1141 1236 1146 1501 1585 1651 1510 1320 1305 
459 681 646 1022 1168 1079 1012 1391 1354 1697 1654 1360 1344 1487 
623 762 814 1002 1142 1096 1490 1465 1331 1601 1548 1392 1153 1106 
589 596 783 795 960 1113 1023 1308 1227 1436 1703 1453 1504 1509 
585 724 744 880 924 946 1070 1588 1685 1616 1523 1386 1434 1618 
472 555 726 755 1108 1043 1256 1292 1155 1639 1770 1537 1177 1103 
660 646 748 875 845 1293 1459 1360 1699 1700 1201 1627 1464 1109 
494 584 660 890 898 1116 1376 1126 1677 1390 1438 1371 1633 1270 
493 594 869 789 1164 1127 1208 1339 1609 1705 1337 1615 1370 1603 
669 545 615 728 1025 1009 1437 1508 1537 1322 1203 1501 1467 1443 
