5 3 20
2 100
850 130 149 169 187 203 
850 174 199 225 249 270 
100000 8705 9999 11294 12499 13535 
1129 1000 
896 776 616 
913 747 676 
853 739 648 
903 721 646 
908 773 634 
879 729 676 
840 716 640 
873 780 672 
840 744 656 
904 773 648 
864 745 621 
913 725 620 
904 752 658 
909 755 626 
852 739 674 
876 781 658 
899 784 658 
840 734 637 
887 770 675 
895 776 629 
897 714 658 
904 761 618 
902 755 618 
851 737 641 
832 782 673 
879 760 666 
850 775 629 
869 773 671 
833 734 667 
881 766 633 
846 723 665 
870 724 640 
904 739 675 
886 784 615 
872 760 622 
860 784 621 
834 727 625 
866 714 648 
858 752 651 
876 736 622 
849 742 627 
833 726 646 
901 763 647 
872 728 664 
850 743 615 
831 726 623 
853 779 614 
847 776 647 
829 741 620 
870 739 631 
886 752 649 
902 728 649 
833 746 632 
912 746 650 
865 735 640 
911 716 660 
898 725 670 
830 778 630 
833 756 630 
892 772 631 
887 737 671 
887 772 668 
879 729 632 
882 741 625 
900 773 636 
896 751 617 
857 734 669 
893 748 662 
904 745 678 
899 784 654 
842 746 652 
873 740 616 
864 770 660 
900 741 623 
880 767 616 
910 762 671 
865 774 617 
913 735 650 
912 734 675 
898 734 616 
879 738 673 
887 768 644 
829 758 619 
870 776 628 
881 783 668 
889 758 614 
832 735 662 
857 774 656 
866 753 624 
830 764 632 
836 751 670 
882 763 665 
878 758 630 
830 760 624 
854 732 614 
897 746 664 
859 738 624 
902 767 646 
893 766 663 
833 769 644 
