50 3 20
26 100
850 112 130 149 169 187 203 214 222 225 222 214 203 187 169 150 130 112 96 85 77 75 77 85 96 112 130 149 169 187 203 214 222 225 222 214 203 187 169 150 130 112 96 85 77 75 77 85 96 112 130 
850 149 174 199 225 249 270 286 296 300 296 286 270 250 225 200 174 150 129 113 103 100 103 113 129 149 174 199 225 249 270 286 296 300 296 286 270 250 225 200 174 150 129 113 103 100 103 113 129 149 174 
100000 7499 8705 9999 11294 12499 13535 14330 14829 15000 14829 14330 13535 12500 11294 10000 8705 7500 6464 5669 5170 5000 5170 5669 6464 7499 8705 9999 11294 12499 13535 14330 14829 15000 14829 14330 13535 12500 11294 10000 8705 7500 6464 5669 5170 5000 5170 5669 6464 7499 8705 
1250 1129 1000 870 750 646 566 517 500 517 566 646 749 870 999 1129 1249 1353 1433 1482 1499 1482 1433 1353 1250 1129 
1138 1202 615 912 271 752 658 393 303 1002 677 352 1558 1250 1599 750 1153 1311 2379 2011 1329 1413 1966 1178 
975 870 537 930 751 349 745 510 256 671 312 397 454 1322 1867 2020 645 813 1246 2346 1066 1853 1359 1783 
491 367 699 364 547 689 674 725 418 435 1180 488 893 1767 1632 1527 833 1594 1777 1548 1467 1962 1694 1632 
687 902 695 995 530 300 274 485 724 738 974 893 1106 568 1144 1509 2111 2267 1467 2039 1394 1260 1047 1202 
883 630 1149 292 254 620 739 509 590 597 874 1096 1288 1102 1322 1836 1003 786 2281 1673 1573 1915 1226 1529 
562 1331 850 369 228 397 506 683 383 340 547 498 1158 1402 1878 1210 1827 937 1769 2274 2177 953 836 1315 
1059 859 975 949 707 230 657 675 762 745 1129 566 979 1556 768 596 634 1691 1962 1051 1920 957 1664 1314 
1107 604 1101 368 401 530 650 779 577 921 901 1092 1224 770 943 770 1609 1469 1838 2261 2098 1867 1370 1099 
625 812 497 761 536 331 564 516 807 360 743 1034 895 1710 1917 2092 575 1287 2174 1055 1808 1527 991 1757 
764 474 1112 336 670 673 283 560 244 508 488 788 490 455 1654 1648 963 1456 1158 1809 1559 1699 1764 957 
1397 743 549 693 542 773 394 563 621 408 549 674 1217 1339 1252 743 2047 730 2387 1535 1503 1706 1754 734 
860 381 1121 458 483 644 619 309 768 408 751 857 465 1145 1958 1633 730 1450 1037 648 1173 793 1297 857 
1549 1008 800 853 375 825 561 485 885 717 831 620 1520 901 1979 1616 1701 1133 2205 1941 728 1107 758 854 
957 1240 1153 693 566 501 387 577 616 259 842 1155 1531 573 618 731 1591 733 1233 1333 1978 1535 1096 1176 
569 632 760 980 662 807 228 723 428 468 534 397 929 1035 716 1941 2147 1118 1597 642 601 1894 1248 813 
1402 871 1132 485 278 305 705 704 872 843 429 778 692 1138 1904 556 834 1991 1980 1446 2217 1243 1322 836 
601 1095 797 924 371 616 386 392 396 1002 979 663 666 693 1179 1879 1857 1483 1117 1390 2131 1668 1101 1668 
1078 920 996 795 425 506 358 452 554 692 713 803 1326 1266 777 2100 1175 1746 611 1838 986 1307 1363 867 
603 716 446 359 296 736 330 773 253 877 573 727 601 696 871 661 2253 980 2131 1964 1268 985 510 904 
1151 1243 807 713 622 475 666 391 785 452 937 761 1333 1677 1076 1867 648 2147 782 615 1894 1703 1515 1182 
1290 530 323 818 422 760 730 736 589 1009 325 1291 601 520 1768 851 1048 988 1644 631 1164 1122 674 1413 
425 560 864 263 736 748 768 427 794 263 301 1383 484 814 711 1020 1425 1408 1900 1371 1238 2013 1675 1429 
490 760 439 748 691 404 708 232 485 498 355 924 681 496 1507 1242 1054 1279 1522 808 2064 1842 982 1503 
1488 1285 916 895 293 315 689 807 722 1022 774 1070 575 1108 845 1516 1427 2033 1146 1844 1976 812 1525 476 
488 429 310 647 405 508 313 678 314 994 906 898 1153 1301 1074 1119 1803 1138 1517 1504 1520 785 706 1159 
1262 781 1175 534 604 728 220 648 348 989 905 728 773 1693 1583 625 1419 1253 903 2147 1901 1556 721 1334 
981 1147 870 451 353 331 596 383 472 979 663 609 1579 741 1991 1272 1481 2252 1295 1989 1492 983 684 1540 
756 363 626 276 767 284 792 806 534 925 436 1284 1369 612 660 1696 1789 1038 1774 2317 739 607 579 1153 
427 446 986 788 855 412 685 521 778 898 455 1373 915 1370 504 1767 580 922 658 1125 1677 2126 508 1760 
412 736 744 988 475 621 750 541 589 698 418 1208 1526 1082 1129 546 1039 2089 1016 1655 2083 1237 1265 1558 
993 794 1167 367 487 479 262 553 561 551 678 804 1268 504 1270 1333 2115 1636 1570 2038 1446 1577 1714 1088 
1460 551 1102 695 778 277 227 388 394 544 616 1342 630 1499 1049 1100 1161 1390 1758 1609 1567 1655 1982 1367 
1505 848 977 336 246 460 232 476 787 345 500 785 841 543 1043 1628 1520 2162 1183 777 1780 1890 1966 1153 
1263 1242 384 494 772 665 622 679 487 776 531 1374 838 1709 1168 1783 974 2221 630 1556 842 888 1153 1504 
1202 1327 952 889 235 244 404 591 738 1010 679 803 1284 1698 866 1755 621 1781 1062 1656 2043 2072 1247 1365 
670 364 1003 380 399 251 473 696 791 721 404 495 1233 1139 617 1413 1495 1032 2386 1686 910 1427 1116 1776 
1081 440 906 977 430 698 765 652 825 974 969 696 647 1474 1754 903 972 620 2005 2356 1920 1851 545 1124 
564 604 1105 514 538 532 334 295 693 748 433 1180 1567 1007 1594 1836 999 1013 2130 2341 620 2116 806 1724 
450 811 947 344 762 323 353 249 627 732 1140 1303 725 943 1883 986 630 759 677 2154 1628 1066 539 663 
815 1029 988 925 363 217 445 295 495 433 886 445 1216 1096 550 822 2109 746 1739 1566 2042 794 1944 1468 
676 730 691 787 521 611 332 443 337 1002 1084 939 1213 1523 1277 1164 1251 2012 627 1253 2135 684 1789 540 
427 878 512 451 834 576 214 386 815 594 409 940 531 605 1880 1199 1696 663 1092 1557 2085 1807 1725 1200 
537 1070 1170 433 487 229 470 424 851 882 933 1270 1051 1761 1999 2099 1422 1254 1717 1899 1931 561 1922 1132 
1290 1256 1011 317 699 246 686 756 633 670 645 1162 982 1705 1608 2127 1409 2370 1891 879 1307 780 505 674 
1173 718 449 434 288 363 409 387 445 662 1166 658 979 888 832 2105 2039 655 2147 2368 687 2090 1819 767 
1127 565 908 749 661 585 421 614 778 759 941 1326 513 900 1077 1735 1013 867 688 917 694 1874 1989 1412 
1431 365 936 795 530 774 346 674 311 757 926 1076 1285 1024 1473 1410 1360 1670 2277 1646 1189 1086 1305 642 
849 379 323 683 738 469 370 448 612 553 1162 886 893 717 1132 1383 2044 1677 1710 1647 1872 935 1417 770 
420 1065 494 856 840 796 503 304 551 644 832 406 752 1247 1216 1544 2103 818 1257 2313 948 1801 835 1601 
1100 874 1192 570 356 408 347 542 831 595 907 1280 659 1063 814 1807 1144 599 883 971 2167 1131 753 920 
1258 713 656 558 630 348 605 460 269 893 386 405 412 1153 1642 1483 1336 1467 846 984 1024 1696 1679 918 
1211 438 1073 542 468 451 306 749 837 441 515 1352 1275 1432 541 884 593 840 2259 1165 1693 965 1374 1565 
424 964 435 926 545 326 554 537 373 551 795 1091 1296 1699 1304 1914 1017 711 2042 1873 1073 574 1614 1274 
547 500 463 892 239 572 413 256 857 692 1182 1148 1275 1747 800 1146 1649 1669 2038 1097 1852 1795 1253 783 
1108 574 938 672 504 501 503 389 263 732 574 1391 981 631 1919 1377 1325 1161 1706 1893 1286 1601 1109 763 
1058 961 1106 1006 535 439 529 455 671 377 576 473 1218 501 831 1048 1318 1308 1394 898 2109 724 1151 1299 
1358 1274 978 562 469 534 333 714 632 444 1066 847 942 1465 1050 2150 880 1378 1783 663 884 943 512 515 
1429 848 713 630 605 421 273 367 379 546 1041 592 1432 1022 1818 856 1175 1604 1303 1289 1924 1362 1802 489 
1434 1115 788 798 528 358 325 347 833 954 1149 1303 702 778 1297 1522 2112 2325 2333 1625 1771 1786 1740 1478 
831 1053 1164 350 886 735 309 750 479 866 717 701 971 1478 1076 2039 691 2024 964 1143 969 1845 1100 713 
1556 1384 329 725 299 573 640 363 323 844 953 1301 1581 1253 1485 929 1160 1361 1751 693 1870 721 964 1198 
1470 810 532 523 368 597 611 767 600 892 850 675 1361 1149 1234 1786 894 767 1626 2149 1062 728 1790 675 
852 992 308 868 377 344 789 747 793 372 1068 904 847 1685 1348 2095 1846 2251 2397 1606 2220 1764 796 1442 
1537 436 386 993 764 462 546 236 261 544 506 668 749 1268 1429 2143 1145 1212 1413 1031 1224 1241 1151 1691 
1113 1304 487 314 378 277 310 778 805 408 861 1307 1467 538 1720 1550 2128 2040 1815 1022 2026 1121 1481 917 
1358 941 508 796 464 561 743 633 320 598 1178 731 1258 451 1989 1282 1067 2358 948 1334 1333 942 1687 1762 
938 524 697 301 385 322 643 662 641 588 384 1314 1453 860 1720 1394 1201 1066 1962 2089 601 1202 1078 1533 
1145 500 807 970 753 659 772 522 337 837 607 411 729 967 1621 1015 764 1711 1778 2082 616 849 812 484 
689 617 950 822 350 779 406 674 350 578 491 1120 1217 1638 1941 561 1424 2290 2234 1321 1014 1886 1653 1123 
1143 1375 526 391 445 451 416 283 700 543 987 454 1279 1447 602 1310 1037 1736 1201 670 1309 1582 1539 1251 
1434 650 651 336 864 212 267 310 510 559 1146 880 1317 1360 1639 713 1661 1733 1486 2164 1709 1541 1964 1062 
584 1164 1060 906 735 564 349 638 667 528 982 1368 1047 1801 961 1307 1876 2076 1490 1091 1989 1133 669 1262 
1504 575 512 907 515 789 623 531 274 932 640 1356 1410 1572 1916 752 933 2043 1862 1875 1879 1285 649 1698 
1435 772 666 843 521 466 408 560 497 517 337 940 1545 1356 672 1958 958 655 1115 817 1230 752 973 496 
1441 842 862 928 744 613 473 432 854 480 1101 397 400 947 1411 1090 2073 1154 1819 1531 1683 1128 913 483 
1348 879 875 920 571 713 271 759 849 411 890 1160 606 1055 1336 543 737 1920 2173 802 1256 1088 887 1207 
544 959 864 267 475 313 489 731 848 730 505 901 1388 1555 987 1411 1625 2290 1749 1800 738 989 1716 957 
1011 507 307 854 884 239 729 350 829 768 385 512 938 1595 874 1435 1785 1926 1610 1265 1280 1582 692 639 
624 1191 421 745 295 323 701 432 404 1008 893 1020 1025 1576 919 1687 2092 847 607 2279 1772 1709 960 1393 
694 805 1078 620 780 460 763 342 798 966 686 900 669 1564 1211 866 1286 1913 2246 1013 1155 1482 1208 1357 
1354 1124 1195 420 488 659 562 318 624 472 378 1087 455 1572 1078 1572 1838 1517 1535 823 2247 1196 1677 1070 
406 482 822 939 342 705 619 301 411 456 685 985 702 996 964 945 1845 2297 2202 2118 1591 857 977 1256 
413 1363 414 275 447 677 227 236 250 930 462 1128 676 1264 1124 1412 2178 1607 1288 1775 1447 1935 1718 1114 
1239 633 893 657 500 458 681 606 750 806 921 1016 1262 867 1630 918 1391 2002 2321 2131 931 1613 953 1181 
843 1048 890 824 793 710 630 723 511 339 746 474 1478 1737 689 1640 717 1046 1257 1063 695 633 1436 1285 
720 1220 1084 332 402 373 350 345 319 751 987 354 846 1227 1774 1440 1986 1353 999 2311 2241 2011 1688 1711 
1595 600 325 271 746 588 555 294 443 272 845 503 403 864 1066 542 1879 1724 2295 1551 1848 608 879 819 
1363 675 639 396 889 796 514 815 578 557 545 1251 1174 697 1714 710 1445 1410 1605 1618 1494 931 521 1292 
1282 1328 430 426 245 650 314 795 379 975 497 1113 1286 933 898 1767 1650 1479 1344 1692 634 1429 1474 636 
1216 732 1062 859 510 294 627 317 585 956 339 1153 1338 1375 713 1991 2146 1517 1906 1390 1534 2135 763 1155 
725 855 733 979 718 267 620 341 670 296 577 1377 1215 1358 863 727 1547 2329 655 1976 621 1558 1714 1471 
1211 817 833 1023 362 384 581 755 477 528 504 660 1555 1558 1663 1624 929 2197 1495 1108 1981 664 1389 737 
706 1091 494 768 401 718 265 530 414 381 512 1237 1471 884 862 1850 1955 911 818 712 1401 989 1848 658 
517 782 920 736 773 336 783 575 882 838 685 1050 912 652 771 1417 1348 926 2017 1294 1160 1719 1718 1240 
917 521 616 583 548 605 391 631 258 397 1089 1117 485 1143 1709 1735 622 2047 986 2249 2237 641 1069 1110 
1488 522 390 885 713 667 430 737 277 715 1041 749 1120 1373 1254 1539 1848 2140 1987 1063 1476 565 1611 1059 
1311 1131 1058 555 754 593 368 446 443 897 971 482 1186 727 815 1532 1474 2058 897 2079 2282 1746 698 1319 
1411 621 1022 770 594 424 584 760 520 619 566 1209 662 1109 1515 1532 1140 2335 623 1014 1034 1406 1648 693 
1049 700 947 637 400 689 266 704 892 429 408 583 1549 1454 1379 1461 1070 2339 1103 2181 794 1991 1372 1630 
1062 918 1120 923 316 671 644 351 808 796 795 1293 944 898 1343 1330 1854 1854 1667 782 729 541 1821 882 
