10 11 20
6 100
170 150 130 112 96 85 77 75 77 85 96 
170 200 174 150 129 113 103 100 103 113 129 
170 250 217 187 161 141 129 125 129 141 161 
170 300 261 225 193 170 155 150 155 170 193 
170 350 304 262 226 198 180 175 180 198 226 
170 400 348 300 258 226 206 200 206 226 258 
170 450 391 337 290 255 232 225 232 255 290 
170 500 435 375 323 283 258 250 258 283 323 
170 550 478 412 355 311 284 275 284 311 355 
170 600 522 450 387 340 310 300 310 340 387 
100000 10000 8705 7500 6464 5669 5170 5000 5170 5669 6464 
1000 1129 1249 1353 1433 1482 
1426 1405 1250 1586 
1774 1219 1565 1495 
1255 1511 1245 1537 
1309 1600 1317 1206 
1336 1432 1226 1120 
1547 1665 1372 1457 
1499 1696 1310 1298 
1592 1390 1549 1313 
1268 1295 1695 1106 
1774 1195 1159 1206 
1252 1259 1469 1583 
1401 1484 1508 1269 
1471 1338 1355 1224 
1250 1209 1437 1509 
1395 1648 1229 1401 
1764 1412 1398 1092 
1712 1574 1580 1147 
1791 1274 1149 1622 
1231 1274 1451 1347 
1438 1503 1392 1424 
1490 1614 1479 1559 
1254 1425 1324 1389 
1713 1372 1694 1365 
1337 1627 1277 1293 
1468 1775 1546 1381 
1564 1495 1277 1172 
1469 1769 1578 1226 
1752 1711 1244 1296 
1292 1227 1585 1487 
1738 1637 1697 1244 
1223 1407 1574 1543 
1383 1669 1524 1363 
1623 1483 1498 1396 
1710 1656 1412 1176 
1626 1233 1499 1533 
1756 1326 1465 1236 
1356 1572 1500 1365 
1358 1525 1627 1402 
1675 1752 1302 1121 
1456 1527 1457 1478 
1448 1529 1183 1239 
1327 1314 1547 1517 
1343 1769 1279 1411 
1745 1698 1436 1242 
1543 1726 1460 1467 
1456 1710 1459 1299 
1200 1277 1718 1368 
1391 1542 1665 1455 
1396 1611 1331 1410 
1598 1566 1228 1180 
1441 1386 1392 1544 
1694 1566 1235 1497 
1696 1415 1543 1441 
1252 1389 1660 1096 
1511 1279 1213 1301 
1306 1220 1716 1301 
1297 1484 1364 1246 
1583 1486 1273 1502 
1525 1703 1580 1450 
1261 1204 1640 1286 
1638 1609 1664 1391 
1449 1296 1677 1140 
1301 1331 1451 1477 
1597 1606 1303 1205 
1568 1550 1690 1620 
1225 1689 1479 1301 
1778 1434 1421 1101 
1583 1240 1261 1164 
1774 1551 1577 1337 
1230 1332 1658 1426 
1646 1656 1645 1286 
1743 1724 1393 1547 
1403 1675 1410 1157 
1349 1361 1194 1203 
1766 1718 1480 1469 
1681 1469 1699 1331 
1289 1728 1447 1215 
1261 1748 1298 1588 
1201 1346 1419 1115 
1506 1543 1357 1264 
1778 1187 1182 1102 
1261 1227 1612 1481 
1636 1378 1588 1275 
1456 1442 1241 1091 
1751 1496 1281 1417 
1287 1371 1570 1451 
1605 1326 1383 1269 
1525 1387 1264 1107 
1252 1249 1504 1536 
1746 1772 1187 1508 
1516 1665 1413 1323 
1689 1658 1167 1556 
1709 1452 1495 1168 
1336 1749 1275 1566 
1476 1393 1412 1424 
1525 1335 1309 1470 
1364 1300 1566 1370 
1474 1458 1363 1387 
1516 1513 1610 1247 
1643 1187 1161 1319 
