10 6 20
4 50
340 77 75 77 85 96 112 130 149 169 187 
340 103 100 103 113 129 149 174 199 225 249 
340 129 125 129 141 161 187 217 249 282 312 
340 155 150 155 170 193 224 261 299 338 374 
340 180 175 180 198 226 262 304 349 395 437 
100000 5170 5000 5170 5669 6464 7499 8705 9999 11294 12499 
1482 1499 1482 1433 
1407 1318 1224 958 961 748 
1619 1159 1214 1051 989 620 
1292 1080 1322 816 1031 723 
1586 1372 1233 946 888 797 
1108 1064 1115 880 949 754 
1622 1348 1159 930 907 785 
1608 1207 943 801 717 647 
1377 1185 1056 959 1017 890 
1244 1231 1051 1083 1039 704 
1534 1318 1342 1078 1040 684 
1467 1289 1240 1075 954 833 
1120 1284 1223 1036 998 687 
1449 1387 1146 870 936 817 
1515 1417 933 991 715 896 
1286 1326 1350 1011 902 859 
1423 1113 1069 1114 897 868 
1571 1197 1194 943 835 754 
1409 1053 1143 897 787 868 
1595 1183 1178 896 771 705 
1192 1029 1012 800 900 708 
1395 1190 1303 926 914 630 
1265 1258 984 1018 1035 845 
1245 1073 979 1032 1031 691 
1223 1333 1111 812 1042 600 
1109 1465 1336 841 964 775 
1513 1190 1326 1189 816 762 
1220 1484 1114 1194 711 771 
1510 1245 1140 1166 704 622 
1434 1330 976 935 843 866 
1186 1075 997 816 906 610 
1619 1036 1074 821 704 698 
1452 1308 1296 914 698 883 
1248 1389 1319 1058 704 815 
1208 1080 1183 1195 938 745 
1552 1286 920 1179 932 742 
1361 1236 1253 1037 935 619 
1370 1051 1209 1187 1020 729 
1395 1129 960 976 797 679 
1399 1458 1104 1053 780 879 
1449 1195 1211 879 1028 859 
1509 1494 974 1105 988 823 
1448 1157 1131 1171 762 824 
1482 1122 1087 804 699 841 
1575 1029 1289 940 1011 751 
1205 1051 915 828 899 701 
1603 1295 1000 927 729 892 
1486 1300 1301 1170 810 720 
1183 1410 1102 814 804 751 
1512 1042 1307 977 804 697 
1328 1003 1188 832 956 674 
