10 2 20
4 100
1700 150 130 112 96 85 77 75 77 85 96 
100000 10000 8705 7500 6464 5669 5170 5000 5170 5669 6464 
1000 1129 1249 1353 
2271 1044 710 851 2106 1512 
1126 735 850 767 2129 1603 
1850 1344 926 793 1250 1721 
1427 1463 1102 729 1030 856 
1779 1428 1131 2239 1806 1814 
1084 2370 1535 1507 687 1670 
1910 1707 1116 1858 1695 1161 
1328 1149 1884 1426 1911 1005 
1371 1108 2115 1076 1794 1756 
1385 1636 1445 1260 1964 735 
1717 846 999 1298 1088 1848 
1716 1322 1213 795 1263 1037 
642 1933 1651 1522 2101 1073 
1698 1432 2306 1056 613 1132 
1871 2268 627 1052 1500 2100 
1485 2273 2319 1978 1268 1749 
669 1813 2270 2057 1826 1137 
1431 793 1148 2286 2072 1245 
1546 2121 2362 2215 2071 1042 
1923 1100 1696 2057 830 853 
1795 1613 898 655 1312 2023 
2184 1511 804 2256 1041 1250 
889 1322 1063 2103 649 2058 
881 889 843 1735 1889 1053 
2043 1164 985 1522 1538 988 
2250 2087 1281 1984 1885 2157 
620 1450 1958 1763 1244 1433 
1358 1879 674 2346 913 1680 
1346 2155 1908 2034 712 2124 
2072 2124 806 1311 1849 1402 
2282 2196 1382 811 1485 1145 
1801 1302 2000 849 1667 1485 
1256 1917 1652 809 1830 1441 
1752 1170 1151 909 708 1225 
2259 2145 2395 940 1360 1973 
821 1900 1290 630 1115 1239 
1860 1212 1961 1993 1960 986 
926 892 1031 2291 750 609 
1907 1123 2272 2091 2279 1269 
818 640 1510 719 1757 1247 
1065 1126 1570 1532 1089 1638 
998 1694 974 2253 2238 1630 
1144 2313 2270 1961 1632 1893 
1953 2126 2027 798 2260 1917 
1399 1520 908 1697 1299 580 
1145 885 1674 1338 1244 984 
1274 1701 1869 624 1740 1466 
1904 1533 1800 656 769 871 
1983 1038 2073 2243 1421 1555 
1841 1306 1205 1391 1878 812 
1585 2202 891 1370 2255 899 
1438 1127 1435 1198 586 1225 
1472 2227 2293 2032 944 561 
2152 1941 1928 1124 1654 1440 
1743 880 2288 651 1812 1355 
2026 1657 2324 1665 1008 1800 
1630 2204 650 2210 1122 579 
1115 760 1856 2122 1570 2049 
1398 856 1209 931 2033 1007 
667 636 1055 1985 860 1746 
1238 891 1884 2043 1566 1727 
1476 895 1108 2179 1362 1138 
2155 1639 1743 1962 1870 1337 
824 1078 694 1326 944 1718 
966 1915 1073 1648 922 965 
2038 2366 1827 869 2275 1659 
1582 1687 1934 737 1180 1867 
1663 2219 1147 1779 1975 1595 
2011 822 1388 942 1639 1340 
978 693 1579 1329 1884 1321 
1633 754 1074 1895 1514 1177 
1682 691 997 1135 1449 1250 
1932 1548 1921 1932 1612 1535 
1519 1311 1826 1146 1601 576 
2230 2008 2268 1212 669 971 
1272 2153 1810 1451 1463 1115 
1463 629 2388 1882 1959 1460 
1054 1722 876 819 1062 637 
653 1475 1275 901 1642 1826 
765 665 2326 1390 1713 916 
1640 1448 1307 2268 1681 1137 
1557 1900 1900 1317 1764 1306 
1890 2165 1226 1553 1594 1973 
838 2330 2313 782 1729 1458 
1576 1558 2056 1508 1560 1019 
1708 2026 1834 1418 1023 1843 
2119 1294 1014 982 2091 758 
1853 666 1706 1414 2037 1333 
2048 1148 1599 1690 1834 2090 
1716 1760 753 1940 2059 1631 
2071 2190 2360 1732 1081 1900 
2116 1579 2214 2249 809 1542 
1117 597 1490 854 2226 902 
1902 1095 1112 859 650 639 
2119 1063 1359 2359 985 1916 
1939 1855 611 1552 1470 1798 
720 1374 1551 1063 904 645 
1921 963 2277 650 1660 1307 
1448 2030 2288 939 1963 1101 
1472 1228 689 2344 2042 1497 
