20 3 20
11 5
850 75 77 85 96 112 130 149 169 187 203 214 222 225 222 214 203 187 169 150 130 
850 100 103 113 129 149 174 199 225 249 270 286 296 300 296 286 270 250 225 200 174 
100000 5000 5170 5669 6464 7499 8705 9999 11294 12499 13535 14330 14829 15000 14829 14330 13535 12500 11294 10000 8705 
1499 1482 1433 1353 1250 1129 1000 870 750 646 566 
541 491 524 595 644 767 854 1027 1125 
517 508 496 551 640 722 828 955 1174 
530 509 536 553 619 767 902 1000 1073 
505 500 495 583 617 762 884 987 1085 
538 516 506 546 672 721 862 960 1166 
