10 2 20
6 100
1700 96 112 130 149 169 187 203 214 222 225 
100000 6464 7499 8705 9999 11294 12499 13535 14330 14829 15000 
1353 1250 1129 1000 870 750 
699 494 510 516 
633 517 561 497 
753 458 441 439 
570 653 487 422 
712 496 423 556 
730 669 476 407 
766 648 520 574 
581 672 450 460 
681 679 592 570 
588 624 595 599 
557 588 557 433 
746 554 578 526 
769 523 415 580 
640 630 593 586 
591 555 460 554 
772 631 524 597 
664 530 430 488 
738 643 532 556 
517 471 490 448 
746 476 574 416 
713 601 537 454 
769 526 525 548 
563 551 514 569 
705 459 480 464 
725 465 487 471 
756 471 609 427 
596 599 496 491 
743 588 580 533 
586 558 580 537 
689 518 611 461 
738 656 574 483 
582 478 421 507 
612 636 500 437 
631 531 437 491 
685 522 516 485 
709 457 492 533 
616 647 429 509 
547 617 562 512 
583 630 421 480 
661 632 444 596 
518 482 505 426 
668 647 449 444 
604 661 586 473 
672 633 611 493 
702 625 483 567 
546 457 496 508 
527 648 554 462 
738 492 434 414 
562 538 433 594 
710 494 450 402 
614 494 427 417 
714 613 610 509 
667 672 614 426 
687 660 525 474 
667 625 535 450 
667 612 476 468 
532 626 515 417 
657 505 444 499 
647 599 476 597 
718 649 571 494 
522 478 587 524 
770 563 549 454 
769 667 436 584 
618 491 439 480 
660 531 460 489 
726 509 431 489 
563 610 440 412 
623 620 569 582 
721 603 469 412 
649 489 459 509 
525 617 428 523 
557 614 604 593 
589 455 488 524 
669 642 610 542 
663 580 538 581 
682 483 465 523 
612 667 424 564 
756 612 555 521 
591 512 569 443 
766 636 415 568 
665 567 501 554 
559 662 554 451 
662 526 464 539 
689 497 528 488 
763 478 508 572 
540 504 509 590 
773 575 602 442 
549 515 551 584 
643 546 500 529 
520 635 449 423 
717 656 422 443 
752 549 607 467 
635 492 459 544 
546 495 609 435 
545 546 574 533 
560 517 444 439 
724 488 581 519 
736 476 474 487 
655 464 508 567 
518 601 544 466 
