50 6 20
26 5
340 112 96 85 77 75 77 85 96 112 130 149 169 187 203 214 222 225 222 214 203 187 169 150 130 112 96 85 77 75 77 85 96 112 130 149 169 187 203 214 222 225 222 214 203 187 169 150 130 112 96 
340 150 129 113 103 100 103 113 129 149 174 199 225 249 270 286 296 300 296 286 270 250 225 200 174 150 129 113 103 100 103 113 129 149 174 199 225 249 270 286 296 300 296 286 270 250 225 200 174 150 129 
340 187 161 141 129 125 129 141 161 187 217 249 282 312 338 358 370 375 370 358 338 312 282 250 217 187 161 141 129 125 129 141 161 187 217 249 282 312 338 358 370 375 370 358 338 312 282 250 217 187 161 
340 225 193 170 155 150 155 170 193 224 261 299 338 374 406 429 444 450 444 429 406 375 338 300 261 225 193 170 155 150 155 170 193 224 261 299 338 374 406 429 444 450 444 429 406 375 338 300 261 225 193 
340 262 226 198 180 175 180 198 226 262 304 349 395 437 473 501 519 525 519 501 473 437 395 350 304 262 226 198 180 175 180 198 226 262 304 349 395 437 473 501 519 525 519 501 473 437 395 350 304 262 226 
100000 7500 6464 5669 5170 5000 5170 5669 6464 7499 8705 9999 11294 12499 13535 14330 14829 15000 14829 14330 13535 12500 11294 10000 8705 7500 6464 5669 5170 5000 5170 5669 6464 7499 8705 9999 11294 12499 13535 14330 14829 15000 14829 14330 13535 12500 11294 10000 8705 7500 6464 
1249 1353 1433 1482 1499 1482 1433 1353 1250 1129 1000 870 750 646 566 517 500 517 566 646 749 870 999 1129 1249 1353 
1428 1545 1499 1463 1390 1289 1305 1123 996 880 763 678 589 493 478 538 547 672 744 893 1045 1131 1275 1313 
1494 1463 1534 1475 1491 1315 1213 1079 1025 849 752 634 576 502 521 529 541 660 775 896 1011 1144 1311 1355 
1368 1412 1461 1548 1504 1314 1248 1090 985 877 771 670 586 532 476 503 538 670 726 913 965 1159 1269 1337 
1489 1439 1498 1434 1428 1302 1213 1099 1003 864 714 659 587 529 522 517 550 644 775 846 974 1100 1272 1395 
1430 1515 1479 1481 1382 1412 1198 1099 963 856 757 676 580 515 506 494 562 643 756 859 981 1126 1279 1304 
