20 11 20
15 100
170 96 85 77 75 77 85 96 112 130 149 169 187 203 214 222 225 222 214 203 187 
170 129 113 103 100 103 113 129 149 174 199 225 249 270 286 296 300 296 286 270 250 
170 161 141 129 125 129 141 161 187 217 249 282 312 338 358 370 375 370 358 338 312 
170 193 170 155 150 155 170 193 224 261 299 338 374 406 429 444 450 444 429 406 375 
170 226 198 180 175 180 198 226 262 304 349 395 437 473 501 519 525 519 501 473 437 
170 258 226 206 200 206 226 258 299 348 399 451 499 541 573 593 600 593 573 541 500 
170 290 255 232 225 232 255 290 337 391 449 508 562 609 644 667 675 667 644 609 562 
170 323 283 258 250 258 283 323 374 435 499 564 624 676 716 741 750 741 716 676 625 
170 355 311 284 275 284 311 355 412 478 549 621 687 744 788 815 825 815 788 744 687 
170 387 340 310 300 310 340 387 449 522 599 677 749 812 859 889 900 889 859 812 750 
100000 6464 5669 5170 5000 5170 5669 6464 7499 8705 9999 11294 12499 13535 14330 14829 15000 14829 14330 13535 12500 
1353 1433 1482 1499 1482 1433 1353 1250 1129 1000 870 750 646 566 517 
524 515 544 652 769 
499 526 542 638 769 
478 538 589 638 752 
486 505 563 638 756 
494 531 550 648 728 
496 532 576 657 765 
485 500 575 630 721 
508 526 584 669 722 
504 497 593 672 774 
519 541 564 656 776 
479 532 542 630 762 
500 513 573 673 786 
507 540 581 615 733 
507 521 556 675 778 
495 491 569 667 741 
514 536 580 627 762 
522 541 558 629 754 
521 519 539 653 731 
501 495 566 627 752 
499 505 556 640 764 
519 512 541 638 785 
490 530 590 657 774 
495 498 541 666 784 
487 518 572 629 764 
503 525 570 616 758 
522 534 558 618 755 
488 510 566 633 771 
516 530 578 640 723 
496 502 541 622 787 
478 519 577 626 734 
497 499 551 667 763 
496 492 588 637 736 
487 516 581 642 731 
508 492 595 670 778 
498 532 593 628 713 
516 537 546 652 775 
495 503 550 677 757 
499 516 556 637 779 
480 497 565 668 731 
496 508 587 645 744 
492 513 592 654 766 
492 515 563 674 728 
495 515 572 671 783 
510 531 543 640 728 
516 497 564 639 748 
481 492 557 644 745 
487 525 557 657 762 
519 525 557 674 720 
496 496 550 668 772 
519 512 588 677 770 
507 496 550 674 719 
513 497 572 623 760 
523 499 579 626 720 
505 506 556 639 723 
490 539 581 641 784 
507 524 546 656 784 
497 514 559 641 780 
518 495 589 635 723 
503 506 581 616 762 
499 540 595 637 719 
480 540 584 616 743 
497 519 542 635 769 
481 512 573 660 746 
480 537 579 665 734 
481 515 541 660 738 
489 501 539 636 734 
487 535 572 624 712 
497 541 550 656 769 
508 494 574 657 781 
519 528 569 665 749 
524 518 575 672 730 
513 535 558 662 724 
514 525 546 661 730 
494 531 550 619 744 
517 533 542 652 730 
480 540 539 666 757 
512 513 580 622 722 
504 521 585 675 776 
480 507 588 616 719 
492 491 563 641 735 
502 520 566 670 750 
480 514 544 637 776 
484 521 568 674 747 
502 535 555 639 763 
522 527 562 665 740 
475 491 579 643 742 
499 528 549 665 774 
521 522 573 617 786 
521 536 547 633 749 
510 539 551 629 756 
516 523 580 676 724 
522 492 591 655 742 
512 517 592 637 787 
475 539 568 647 733 
484 493 566 631 778 
475 523 573 630 758 
513 526 589 642 771 
522 498 541 664 776 
502 510 575 632 717 
481 542 585 661 761 
