10 3 20
8 50
850 77 75 77 85 96 112 130 149 169 187 
850 103 100 103 113 129 149 174 199 225 249 
100000 5170 5000 5170 5669 6464 7499 8705 9999 11294 12499 
1482 1499 1482 1433 1353 1250 1129 1000 
842 771 
868 741 
869 776 
906 751 
833 739 
902 728 
912 751 
847 785 
902 735 
889 735 
887 776 
875 719 
878 715 
877 766 
841 718 
870 763 
894 724 
887 741 
889 786 
873 778 
846 745 
850 728 
834 785 
888 716 
877 717 
882 755 
908 747 
845 779 
888 733 
853 729 
851 776 
906 717 
836 744 
902 749 
887 756 
884 715 
830 738 
897 783 
869 779 
874 750 
885 722 
842 737 
886 759 
828 786 
909 737 
836 713 
909 764 
897 779 
868 745 
848 763 
