10 2 20
8 50
1700 112 130 149 169 187 203 214 222 225 222 
100000 7499 8705 9999 11294 12499 13535 14330 14829 15000 14829 
1250 1129 1000 870 750 646 566 517 
584 473 
560 481 
458 430 
459 499 
521 494 
510 482 
448 427 
502 440 
569 454 
483 450 
507 482 
472 491 
505 520 
536 596 
479 480 
430 486 
550 583 
498 478 
481 577 
424 577 
590 414 
526 568 
554 614 
593 505 
469 611 
548 479 
599 539 
541 512 
557 428 
567 488 
577 598 
584 566 
593 536 
455 533 
596 462 
475 598 
599 586 
410 446 
457 610 
405 501 
481 477 
495 553 
495 577 
474 524 
488 552 
449 610 
477 488 
444 599 
562 541 
573 566 
