20 3 20
7 50
850 130 149 169 187 203 214 222 225 222 214 203 187 169 150 130 112 96 85 77 75 
850 174 199 225 249 270 286 296 300 296 286 270 250 225 200 174 150 129 113 103 100 
100000 8705 9999 11294 12499 13535 14330 14829 15000 14829 14330 13535 12500 11294 10000 8705 7500 6464 5669 5170 5000 
1129 1000 870 750 646 566 517 
482 512 555 632 774 830 980 1096 1243 1301 1481 1461 1531 
504 524 554 677 766 854 1003 1172 1220 1302 1400 1538 1521 
518 504 571 671 753 903 1049 1141 1263 1334 1441 1421 1463 
500 537 569 671 744 857 1012 1077 1249 1321 1416 1537 1557 
515 522 568 623 762 893 1009 1184 1200 1368 1477 1518 1540 
501 505 582 615 762 870 978 1158 1204 1303 1467 1516 1438 
484 506 557 616 742 877 1033 1101 1221 1322 1499 1514 1565 
504 535 546 618 731 869 1034 1075 1205 1297 1487 1475 1436 
485 498 574 672 768 830 1021 1136 1223 1311 1367 1553 1519 
521 539 575 643 718 902 1040 1080 1267 1373 1406 1448 1569 
493 521 552 618 777 858 1002 1129 1220 1287 1489 1517 1508 
483 504 545 664 780 867 1007 1122 1221 1419 1385 1438 1462 
500 515 547 662 736 827 1024 1146 1253 1389 1480 1499 1432 
520 530 573 631 761 829 1045 1132 1287 1340 1457 1438 1477 
477 495 563 615 756 863 1004 1097 1258 1338 1497 1529 1479 
493 523 582 665 731 848 1022 1153 1278 1360 1433 1526 1530 
496 539 572 616 734 882 987 1183 1290 1339 1434 1507 1454 
509 503 538 649 782 854 973 1162 1193 1358 1461 1505 1436 
501 534 539 626 774 843 992 1176 1295 1314 1474 1412 1480 
518 503 581 635 765 827 1044 1162 1231 1370 1452 1489 1458 
517 533 548 634 781 895 996 1177 1253 1403 1430 1430 1431 
519 519 591 636 738 856 1009 1168 1222 1317 1469 1432 1454 
488 499 581 673 772 893 976 1130 1212 1343 1471 1470 1520 
495 520 588 641 733 906 1022 1168 1229 1311 1450 1546 1573 
522 536 551 643 743 907 950 1085 1263 1354 1462 1522 1434 
512 512 558 616 729 913 967 1094 1287 1380 1401 1521 1571 
514 495 547 621 720 900 1042 1095 1214 1413 1378 1528 1531 
518 541 584 661 757 902 993 1181 1234 1373 1388 1459 1515 
476 513 575 663 743 908 976 1105 1270 1327 1393 1543 1460 
502 537 585 628 768 863 955 1153 1310 1306 1378 1543 1517 
493 529 573 615 735 872 985 1160 1190 1335 1474 1499 1574 
500 529 588 675 781 865 952 1165 1208 1324 1486 1484 1466 
513 537 546 654 712 879 996 1144 1191 1304 1413 1443 1573 
478 534 576 671 767 874 1029 1074 1278 1324 1442 1438 1483 
495 517 562 647 766 834 973 1089 1272 1406 1440 1546 1492 
488 497 577 669 751 860 1027 1132 1211 1394 1466 1458 1525 
508 491 572 648 732 840 1040 1169 1234 1320 1379 1413 1459 
475 521 548 650 736 900 1028 1093 1253 1413 1448 1489 1507 
515 515 580 665 758 836 1000 1080 1264 1345 1428 1487 1485 
508 515 586 622 757 914 1005 1137 1212 1372 1466 1488 1470 
504 503 574 627 720 851 1028 1074 1311 1394 1430 1493 1563 
497 509 589 663 746 899 1042 1141 1224 1353 1400 1539 1497 
481 498 593 637 768 905 1032 1085 1288 1355 1400 1418 1557 
487 539 557 671 785 906 1046 1098 1247 1307 1446 1552 1426 
491 533 557 645 735 851 1012 1147 1228 1363 1365 1506 1498 
483 498 547 669 730 903 1010 1077 1280 1367 1461 1416 1515 
523 528 584 634 745 898 1020 1168 1197 1374 1476 1425 1467 
518 496 538 633 756 847 964 1094 1221 1322 1411 1540 1498 
519 493 554 653 751 879 1014 1089 1300 1383 1464 1510 1493 
476 518 547 677 779 840 988 1103 1247 1394 1459 1532 1498 
