50 6 20
26 5
340 85 96 112 130 149 169 187 203 214 222 225 222 214 203 187 169 150 130 112 96 85 77 75 77 85 96 112 130 149 169 187 203 214 222 225 222 214 203 187 169 150 130 112 96 85 77 75 77 85 96 
340 113 129 149 174 199 225 249 270 286 296 300 296 286 270 250 225 200 174 150 129 113 103 100 103 113 129 149 174 199 225 249 270 286 296 300 296 286 270 250 225 200 174 150 129 113 103 100 103 113 129 
340 141 161 187 217 249 282 312 338 358 370 375 370 358 338 312 282 250 217 187 161 141 129 125 129 141 161 187 217 249 282 312 338 358 370 375 370 358 338 312 282 250 217 187 161 141 129 125 129 141 161 
340 170 193 224 261 299 338 374 406 429 444 450 444 429 406 375 338 300 261 225 193 170 155 150 155 170 193 224 261 299 338 374 406 429 444 450 444 429 406 375 338 300 261 225 193 170 155 150 155 170 193 
340 198 226 262 304 349 395 437 473 501 519 525 519 501 473 437 395 350 304 262 226 198 180 175 180 198 226 262 304 349 395 437 473 501 519 525 519 501 473 437 395 350 304 262 226 198 180 175 180 198 226 
100000 5669 6464 7499 8705 9999 11294 12499 13535 14330 14829 15000 14829 14330 13535 12500 11294 10000 8705 7500 6464 5669 5170 5000 5170 5669 6464 7499 8705 9999 11294 12499 13535 14330 14829 15000 14829 14330 13535 12500 11294 10000 8705 7500 6464 5669 5170 5000 5170 5669 6464 
1433 1353 1250 1129 1000 870 750 646 566 517 500 517 566 646 749 870 999 1129 1249 1353 1433 1482 1499 1482 1433 1353 
1133 1317 1139 902 808 523 613 496 471 437 487 538 853 829 882 990 1026 1589 1527 1515 1504 1600 1564 1141 
1100 1259 907 727 718 769 635 603 474 479 454 672 774 883 1155 903 1105 1237 1399 1681 1527 1684 1660 1480 
1100 1057 949 766 783 565 475 581 555 546 662 653 828 797 954 1086 1413 1289 1715 1568 1684 1616 1693 1189 
1273 977 849 1005 890 584 521 478 541 471 609 627 834 712 1055 949 1131 1525 1431 1498 1457 1597 1535 1524 
1176 1225 1103 913 723 574 627 442 534 536 546 600 784 1007 973 1188 1103 1397 1635 1334 1637 1715 1304 1614 
