10 2 20
6 50
1700 150 130 112 96 85 77 75 77 85 96 
100000 10000 8705 7500 6464 5669 5170 5000 5170 5669 6464 
1000 1129 1249 1353 1433 1482 
962 2111 587 1596 
1674 710 1355 894 
1831 2172 1192 1393 
1148 1627 707 1464 
1998 1927 1655 1050 
1751 2340 791 993 
1068 2205 2281 1784 
1544 2361 2177 1869 
1196 2280 789 1371 
796 660 1638 1603 
724 948 1227 1374 
1361 1078 2250 1577 
1091 939 1180 1175 
1324 1502 1771 977 
1821 656 1966 1544 
1125 618 593 1884 
1583 1702 577 1514 
1360 877 1735 1175 
1732 1944 1164 1543 
1256 2344 1157 1703 
1515 827 1387 1607 
1417 1662 1091 546 
1162 887 1756 714 
1850 1470 1640 1410 
2045 1940 1862 1079 
666 1808 1641 840 
2118 2152 696 736 
650 1966 1874 1840 
1025 681 1044 563 
2114 2126 2052 1312 
2289 1863 779 1354 
1821 1207 1887 1639 
1773 1391 1988 692 
1580 1618 1083 963 
2016 732 1828 989 
1327 1321 1694 1124 
2047 1760 1229 1078 
1868 1700 808 771 
2271 1160 2196 599 
1106 956 1076 1272 
1026 618 607 928 
1742 1532 1242 1049 
828 792 1997 1036 
1643 1287 1086 1075 
876 2155 1890 1268 
1100 2247 1844 2057 
1043 2079 1161 2033 
1746 1344 2117 1401 
1133 2356 1404 687 
755 2275 1306 1361 
