20 6 20
7 50
340 75 77 85 96 112 130 149 169 187 203 214 222 225 222 214 203 187 169 150 130 
340 100 103 113 129 149 174 199 225 249 270 286 296 300 296 286 270 250 225 200 174 
340 125 129 141 161 187 217 249 282 312 338 358 370 375 370 358 338 312 282 250 217 
340 150 155 170 193 224 261 299 338 374 406 429 444 450 444 429 406 375 338 300 261 
340 175 180 198 226 262 304 349 395 437 473 501 519 525 519 501 473 437 395 350 304 
100000 5000 5170 5669 6464 7499 8705 9999 11294 12499 13535 14330 14829 15000 14829 14330 13535 12500 11294 10000 8705 
1499 1482 1433 1353 1250 1129 1000 
778 683 542 565 433 464 596 663 699 860 962 1116 1137 
886 720 748 490 587 538 610 623 532 680 1030 883 1003 
759 882 608 615 473 548 601 475 579 877 765 1146 1162 
815 833 650 649 523 525 571 556 648 664 795 1052 1347 
728 828 729 621 469 529 560 476 538 729 969 891 1254 
978 671 572 565 525 548 555 661 613 613 1009 925 1311 
980 607 541 594 578 524 567 481 684 889 773 1075 1122 
788 791 565 589 505 474 536 519 642 707 1029 922 1347 
976 654 734 455 615 500 537 645 612 867 981 1093 1301 
823 846 554 519 504 593 574 617 681 758 965 921 1062 
856 698 715 668 519 446 454 543 684 731 910 931 1022 
811 810 738 492 545 453 606 628 714 835 946 986 1109 
913 794 698 579 472 540 545 636 592 770 1029 956 1335 
759 807 582 638 488 524 580 646 771 651 743 909 1124 
787 679 545 464 442 518 461 524 671 633 739 1190 1158 
853 624 540 585 496 407 503 465 766 828 975 1129 1162 
927 744 771 563 589 581 496 468 716 807 1038 1177 914 
1024 611 704 615 461 564 466 656 774 799 749 993 1250 
923 771 577 468 488 580 432 511 674 727 889 916 1197 
888 705 674 643 565 415 426 497 683 614 781 1137 1215 
725 898 734 572 504 501 464 573 672 836 721 812 978 
1024 870 557 572 611 560 429 578 643 716 924 824 1093 
893 627 572 568 598 538 533 457 535 704 742 1078 1107 
964 847 732 484 447 405 598 579 606 749 848 801 1340 
744 822 560 651 461 596 416 512 617 668 729 1068 1322 
769 802 630 657 435 542 555 559 587 624 860 1158 986 
731 641 726 564 566 502 619 565 658 605 852 1173 1236 
804 853 606 543 515 449 605 523 662 646 773 929 969 
933 719 717 476 433 519 604 484 616 625 987 1187 945 
900 821 566 489 553 453 489 669 646 782 871 908 1248 
1036 742 624 509 501 497 456 617 628 650 710 1058 1015 
843 823 625 560 532 497 534 637 765 720 984 999 1139 
756 618 614 569 476 502 418 653 593 630 1044 1002 1080 
1037 781 710 506 528 428 524 679 749 648 877 934 1252 
925 709 728 506 548 569 425 480 565 840 789 878 964 
860 747 628 651 513 432 437 498 747 684 792 1005 1129 
993 647 715 674 597 429 421 659 682 886 802 951 1017 
862 711 547 601 425 469 597 635 670 814 749 821 1039 
853 785 743 559 439 558 539 463 644 622 868 970 1144 
894 806 586 537 436 500 550 479 693 770 886 814 1246 
737 799 526 618 450 584 610 661 725 754 894 944 978 
913 866 755 585 424 516 577 539 689 631 704 1058 1315 
848 653 697 532 604 533 501 554 568 866 784 1035 1191 
952 886 652 519 544 401 450 645 670 806 760 987 1123 
949 860 547 464 539 438 454 626 602 705 720 869 1263 
855 720 717 586 439 555 415 521 597 774 869 884 1003 
904 638 629 610 477 407 483 636 608 630 841 872 952 
715 703 690 654 579 481 604 609 520 624 895 1196 1184 
1013 724 663 523 509 493 564 575 656 651 722 916 1087 
918 630 531 495 471 544 445 501 683 637 713 1010 1268 
