50 11 20
16 5
170 85 77 75 77 85 96 112 130 149 169 187 203 214 222 225 222 214 203 187 169 150 130 112 96 85 77 75 77 85 96 112 130 149 169 187 203 214 222 225 222 214 203 187 169 150 130 112 96 85 77 
170 113 103 100 103 113 129 149 174 199 225 249 270 286 296 300 296 286 270 250 225 200 174 150 129 113 103 100 103 113 129 149 174 199 225 249 270 286 296 300 296 286 270 250 225 200 174 150 129 113 103 
170 141 129 125 129 141 161 187 217 249 282 312 338 358 370 375 370 358 338 312 282 250 217 187 161 141 129 125 129 141 161 187 217 249 282 312 338 358 370 375 370 358 338 312 282 250 217 187 161 141 129 
170 170 155 150 155 170 193 224 261 299 338 374 406 429 444 450 444 429 406 375 338 300 261 225 193 170 155 150 155 170 193 224 261 299 338 374 406 429 444 450 444 429 406 375 338 300 261 225 193 170 155 
170 198 180 175 180 198 226 262 304 349 395 437 473 501 519 525 519 501 473 437 395 350 304 262 226 198 180 175 180 198 226 262 304 349 395 437 473 501 519 525 519 501 473 437 395 350 304 262 226 198 180 
170 226 206 200 206 226 258 299 348 399 451 499 541 573 593 600 593 573 541 500 451 400 348 300 258 226 206 200 206 226 258 299 348 399 451 499 541 573 593 600 593 573 541 500 451 400 348 300 258 226 206 
170 255 232 225 232 255 290 337 391 449 508 562 609 644 667 675 667 644 609 562 508 450 391 337 290 255 232 225 232 255 290 337 391 449 508 562 609 644 667 675 667 644 609 562 508 450 391 337 290 255 232 
170 283 258 250 258 283 323 374 435 499 564 624 676 716 741 750 741 716 676 625 564 500 435 375 323 283 258 250 258 283 323 374 435 499 564 624 676 716 741 750 741 716 676 625 564 500 435 375 323 283 258 
170 311 284 275 284 311 355 412 478 549 621 687 744 788 815 825 815 788 744 687 621 550 478 412 355 311 284 275 284 311 355 412 478 549 621 687 744 788 815 825 815 788 744 687 621 550 478 412 355 311 284 
170 340 310 300 310 340 387 449 522 599 677 749 812 859 889 900 889 859 812 750 677 600 522 450 387 340 310 300 310 340 387 449 522 599 677 749 812 859 889 900 889 859 812 750 677 600 522 450 387 340 310 
100000 5669 5170 5000 5170 5669 6464 7499 8705 9999 11294 12499 13535 14330 14829 15000 14829 14330 13535 12500 11294 10000 8705 7500 6464 5669 5170 5000 5170 5669 6464 7499 8705 9999 11294 12499 13535 14330 14829 15000 14829 14330 13535 12500 11294 10000 8705 7500 6464 5669 5170 
1433 1482 1499 1482 1433 1353 1250 1129 1000 870 750 646 566 517 500 517 
519 711 825 815 851 1165 1408 1487 1310 1438 1796 1226 1600 1304 1401 1159 1156 769 741 590 633 557 477 527 569 589 734 979 1117 917 1018 1404 1460 1320 
637 771 844 814 826 1105 1343 1156 1634 1373 1318 1729 1483 1532 1296 1146 960 709 602 592 648 498 594 459 539 652 827 698 1195 1197 1498 1595 1535 1530 
578 578 613 889 847 907 1229 1415 1458 1379 1497 1337 1291 1456 1391 1207 1143 746 621 648 529 535 531 489 633 613 888 710 901 1269 1210 1444 1413 1560 
549 720 649 714 1014 1154 1399 1346 1559 1773 1297 1507 1568 1401 1447 1060 997 758 706 741 578 475 556 459 556 524 685 931 880 1131 1268 1270 1416 1242 
622 580 868 855 1108 1228 1030 1304 1692 1743 1482 1722 1442 1333 1098 1342 849 878 724 773 558 434 509 432 542 613 682 720 1032 1211 1027 1424 1217 1504 
