20 3 20
11 10
850 150 130 112 96 85 77 75 77 85 96 112 130 149 169 187 203 214 222 225 222 
850 200 174 150 129 113 103 100 103 113 129 149 174 199 225 249 270 286 296 300 296 
100000 10000 8705 7500 6464 5669 5170 5000 5170 5669 6464 7499 8705 9999 11294 12499 13535 14330 14829 15000 14829 
1000 1129 1249 1353 1433 1482 1499 1482 1433 1353 1250 
488 1191 540 1191 262 531 703 669 792 
1715 1194 922 915 511 556 584 424 419 
555 563 501 405 1030 301 619 424 448 
1275 1106 1346 1015 523 469 398 230 665 
881 410 460 694 736 856 761 512 747 
613 412 713 340 312 512 409 514 402 
1673 933 1248 399 603 874 296 317 414 
1792 957 617 415 673 535 327 344 520 
942 1318 743 617 752 715 524 201 505 
457 1151 852 611 376 883 254 710 461 
