20 6 20
11 50
340 130 149 169 187 203 214 222 225 222 214 203 187 169 150 130 112 96 85 77 75 
340 174 199 225 249 270 286 296 300 296 286 270 250 225 200 174 150 129 113 103 100 
340 217 249 282 312 338 358 370 375 370 358 338 312 282 250 217 187 161 141 129 125 
340 261 299 338 374 406 429 444 450 444 429 406 375 338 300 261 225 193 170 155 150 
340 304 349 395 437 473 501 519 525 519 501 473 437 395 350 304 262 226 198 180 175 
100000 8705 9999 11294 12499 13535 14330 14829 15000 14829 14330 13535 12500 11294 10000 8705 7500 6464 5669 5170 5000 
1129 1000 870 750 646 566 517 500 517 566 646 
839 1101 406 455 1363 1033 2054 1006 1811 
409 1046 662 1653 1656 1225 846 1633 1995 
435 1011 999 1804 1379 2158 1374 2013 1606 
780 1135 896 1428 1541 1077 1501 1818 625 
1117 940 646 485 670 1273 1267 2078 1716 
914 1151 1122 1260 990 2010 1653 1133 1674 
911 645 633 1717 1790 1335 1184 708 2081 
1161 1003 1599 1027 1911 971 1337 1754 1823 
714 964 542 824 1386 1769 593 976 1542 
1065 968 718 1564 671 1894 2180 957 831 
543 618 518 1181 1569 687 1635 1434 2123 
874 1214 559 941 1202 1586 1431 1816 1801 
446 1026 1511 1023 1775 1580 719 1836 1224 
678 548 719 839 1646 1184 1893 2296 1795 
885 411 574 689 580 1445 583 898 1427 
982 674 1575 1064 1603 2033 1199 1051 1924 
1003 1218 1255 1365 1088 1722 2062 1826 2305 
358 677 1042 618 1424 1948 2177 1969 903 
853 1118 898 1057 566 559 2010 1800 1004 
1014 1037 695 1426 1650 931 1284 1091 1557 
919 964 1526 1431 1124 699 1559 1795 612 
1121 929 1433 1514 1032 1465 1978 2193 935 
461 1163 758 568 926 1766 1272 2344 2386 
496 1253 647 531 806 844 2139 1408 2321 
874 1157 621 1663 858 1212 2101 765 920 
735 788 432 1150 1942 2003 1802 1496 1562 
642 472 877 1279 1595 1980 608 2162 2024 
497 404 1518 1051 633 992 2039 1719 1485 
900 685 1598 1782 1512 778 828 930 1578 
919 565 1066 1789 805 1728 2269 756 1506 
795 1038 1338 1742 1529 1673 1740 1024 2183 
1118 1099 1515 1629 1045 1123 901 2355 2317 
941 1160 632 1432 1219 1560 702 839 2361 
401 370 456 675 1073 613 1477 2280 1996 
680 716 1200 1499 1587 1029 683 1393 1166 
1196 973 1491 1721 1317 1270 1701 1429 1752 
335 745 930 985 1167 748 1272 1635 1521 
580 1149 1072 499 1329 780 1422 2094 2037 
1112 596 561 1399 1787 1309 2109 1864 2183 
640 1140 1486 938 1316 795 2113 979 1219 
359 1347 1012 1103 870 1677 994 2257 1100 
595 845 427 794 1906 1039 1935 1428 2055 
1072 837 1558 702 1744 823 979 1468 1880 
872 1377 955 828 659 933 836 1351 970 
932 659 1568 1693 1447 2151 1423 1370 881 
438 1182 553 895 1629 772 1006 1938 1043 
989 1123 634 758 1769 1688 2114 1869 1447 
1102 441 534 1420 1739 1242 918 1334 2151 
990 633 1305 1568 553 1765 933 1484 1834 
614 353 1224 1031 746 1574 2277 1782 1970 
