20 3 20
11 5
850 130 149 169 187 203 214 222 225 222 214 203 187 169 150 130 112 96 85 77 75 
850 174 199 225 249 270 286 296 300 296 286 270 250 225 200 174 150 129 113 103 100 
100000 8705 9999 11294 12499 13535 14330 14829 15000 14829 14330 13535 12500 11294 10000 8705 7500 6464 5669 5170 5000 
1129 1000 870 750 646 566 517 500 517 566 646 
736 908 1035 1142 1306 1419 1432 1459 1503 
766 882 1016 1180 1251 1340 1361 1546 1546 
730 830 1043 1081 1264 1337 1454 1465 1498 
717 889 1044 1092 1287 1345 1366 1539 1470 
727 872 1009 1127 1210 1348 1439 1542 1494 
