50 2 20
36 100
1700 77 85 96 112 130 149 169 187 203 214 222 225 222 214 203 187 169 150 130 112 96 85 77 75 77 85 96 112 130 149 169 187 203 214 222 225 222 214 203 187 169 150 130 112 96 85 77 75 77 85 
100000 5170 5669 6464 7499 8705 9999 11294 12499 13535 14330 14829 15000 14829 14330 13535 12500 11294 10000 8705 7500 6464 5669 5170 5000 5170 5669 6464 7499 8705 9999 11294 12499 13535 14330 14829 15000 14829 14330 13535 12500 11294 10000 8705 7500 6464 5669 5170 5000 5170 5669 
1482 1433 1353 1250 1129 1000 870 750 646 566 517 500 517 566 646 749 870 999 1129 1249 1353 1433 1482 1499 1482 1433 1353 1250 1129 1000 870 750 646 566 517 500 
313 462 325 680 554 1209 1648 1549 1105 1151 1323 696 690 881 
313 457 378 1199 744 1153 1569 1381 845 1200 1462 2217 1603 1665 
450 351 473 415 439 926 1667 1852 1378 580 1313 1545 2261 1709 
366 717 578 365 816 478 515 1862 1359 2070 1897 1503 2182 1993 
579 480 898 747 1280 972 1648 914 1332 1448 1467 2181 1998 763 
614 889 415 596 1368 470 1668 754 1126 815 809 1631 1400 1193 
656 693 431 400 514 1295 1351 1663 1607 1320 807 1785 2002 645 
308 376 392 558 881 628 1074 698 2082 1734 1366 1400 1904 1996 
422 796 604 479 607 1053 1421 1023 1406 1721 2171 2062 1320 1670 
822 240 659 517 403 711 1008 568 828 1065 816 1639 1301 1686 
543 287 842 618 1169 718 1184 1931 1105 1775 1049 1743 913 1442 
294 512 618 1100 1228 487 818 544 771 1953 2093 812 971 1160 
644 833 562 769 698 1018 1703 1876 1506 810 1736 1796 1764 2275 
252 250 768 611 1305 1451 1445 813 1130 1435 1941 688 1047 778 
456 535 660 665 1187 426 1594 966 1385 1176 792 1835 630 1357 
515 795 577 728 1122 1098 1279 1992 1427 2176 1873 2104 1631 2217 
686 675 308 1156 993 666 908 1247 723 1662 1496 1499 1296 1339 
530 767 576 1145 1079 933 1034 1153 820 1053 1988 2357 960 1956 
529 381 943 351 566 1526 560 1264 1527 1967 1050 1690 1343 759 
817 253 923 1079 1083 816 722 540 1650 2178 828 1259 1707 741 
214 589 972 460 1212 472 1781 1088 618 1751 1771 1447 748 1991 
336 692 734 794 1095 820 984 1846 1430 1290 2229 2174 1885 945 
535 895 807 1180 583 1152 1201 816 2044 968 2270 1535 1246 1287 
213 895 542 380 839 1188 1353 1668 2146 1127 744 683 1109 652 
327 470 997 906 585 664 945 1745 1264 2186 2039 1544 1825 2035 
314 883 522 627 525 1194 919 1474 1608 1293 1742 1202 2256 1112 
584 250 655 520 1126 487 897 737 1231 970 2168 1554 1999 2063 
362 371 725 529 796 668 765 1227 586 1592 1520 1980 1897 2003 
653 551 667 435 590 1365 635 1987 1159 1143 1776 2375 2219 1238 
768 856 623 775 626 1402 1425 1990 1843 1878 1306 1412 1158 1137 
816 854 262 952 499 617 1245 693 1872 1463 1357 1023 608 858 
588 871 321 550 770 1396 1522 1643 697 1301 1845 2107 1895 578 
393 672 735 1101 780 1378 618 1849 981 823 1965 625 2065 1523 
209 834 746 594 1055 757 1682 1573 1681 623 855 821 2062 1391 
709 754 260 621 846 644 911 1658 690 1202 735 823 1563 1919 
572 252 496 758 1198 1418 904 926 853 1883 2314 1907 1422 1046 
228 828 554 1163 1273 419 1453 787 1468 2169 1935 2276 2171 1795 
340 318 650 505 754 1483 1673 804 799 2221 1149 1007 1209 1493 
471 605 805 560 387 446 1178 966 1144 2267 1329 2120 1156 1220 
806 768 463 485 565 1164 1513 1000 1132 1914 2104 1807 1802 648 
730 267 388 551 398 1208 1497 1641 1898 1087 2201 1383 1130 1137 
728 650 678 1032 1318 718 833 1140 680 1099 782 1804 1574 1102 
816 340 540 1107 667 891 1170 691 845 1879 1240 1231 951 737 
791 707 496 1118 531 1365 678 837 1244 1784 1645 900 977 1923 
389 584 903 835 1106 598 1182 919 806 1641 859 1821 2002 1810 
531 692 260 818 1347 1560 1274 1715 2040 1660 966 1167 805 2202 
479 525 500 917 620 1493 1708 827 703 1187 2161 2255 2337 1875 
570 227 573 906 1008 832 721 1415 688 1480 627 1200 2242 1125 
689 571 623 568 1043 968 1032 1385 563 1523 1321 1003 1868 1698 
459 577 578 840 603 1162 675 1946 1223 2195 2098 2011 1189 863 
799 906 550 347 426 1527 1550 1293 1681 1813 2316 684 1757 2115 
633 312 866 467 846 1279 736 1477 1145 1580 2015 868 2299 2234 
263 500 665 425 782 1055 1543 1967 1185 1389 1145 2184 1621 2036 
624 617 551 397 367 1488 587 950 1834 932 978 832 699 1138 
599 231 774 1138 533 988 905 734 2165 2177 752 991 831 1762 
816 269 966 974 1008 1191 1091 606 1356 606 703 1617 1328 1513 
435 888 448 1026 958 1041 853 969 1254 1932 1107 1332 2191 1148 
486 811 856 1098 1064 705 1699 1283 989 1877 1164 1295 735 1233 
614 747 817 587 1076 1404 1405 1153 808 2202 2298 1586 1138 1887 
672 597 953 432 819 1554 1651 617 736 749 1324 1492 1268 1081 
455 482 677 650 834 1488 1067 605 1073 746 701 770 1444 1742 
266 259 492 832 1318 1234 956 1977 541 1519 857 600 2070 1815 
694 372 306 897 640 494 1146 1842 1619 937 1827 1154 1443 2045 
692 318 433 647 872 625 511 759 1965 1347 1124 1824 1214 1639 
409 298 416 929 390 924 1517 838 1554 1011 1433 1008 632 784 
742 575 615 1125 536 850 1397 1903 1043 1117 1023 826 1464 2070 
356 420 331 420 638 1081 1094 630 1783 828 1231 1161 929 1228 
663 350 958 571 1110 557 1375 1724 1199 751 1985 1357 2366 1860 
641 761 653 738 725 482 685 536 2094 1052 1869 1333 845 1514 
783 378 900 887 836 426 806 1438 1198 1573 1733 2046 1407 704 
801 329 557 990 680 651 1151 946 1209 1470 2139 948 1318 2030 
735 670 995 347 1384 669 1109 1976 1632 1401 1752 952 1202 1001 
785 804 396 767 664 1182 1323 1437 682 867 2267 1986 1907 1176 
709 573 857 843 1018 735 1207 951 1164 1530 947 619 944 1886 
339 449 523 738 600 1168 793 688 1320 1732 1088 1580 756 853 
239 799 479 733 1357 1376 837 1391 1669 949 2251 868 1104 1301 
270 283 830 783 1068 1069 1189 1430 1112 1577 964 707 1932 883 
295 713 656 657 1360 1498 1243 592 1597 2140 1078 1654 1413 2064 
597 684 434 300 789 728 1576 1915 1204 1674 1372 2290 834 1961 
467 874 1015 620 804 755 1296 1705 1590 2064 1956 1416 1521 1568 
304 270 440 381 1187 596 548 1144 1317 1211 2114 1659 1121 1517 
734 705 695 438 457 1483 1263 1406 1675 1286 1998 656 2171 639 
549 390 710 805 824 678 663 836 865 808 652 2084 1808 2094 
229 601 936 728 1348 573 1395 780 1062 1402 1776 1584 2040 862 
500 532 521 516 620 667 690 1358 1800 595 959 727 871 1125 
622 407 681 336 811 850 792 1748 986 1362 1821 938 2324 1822 
709 242 265 858 586 572 1116 1630 1838 1299 2361 1129 2050 655 
337 841 730 901 1268 1361 1355 1679 2143 704 839 1045 1773 1973 
700 334 886 429 623 513 1614 1710 1682 2154 1797 1187 1788 705 
248 484 556 926 1225 953 563 1018 2019 1348 1913 2014 1344 810 
724 614 513 610 719 1381 1023 1562 1922 638 1085 1912 1728 1090 
252 346 1015 880 1157 933 941 557 1525 2216 1837 1934 1206 918 
554 514 529 759 592 1438 1562 733 1853 1612 1028 2157 2350 1175 
531 471 934 778 1084 1587 999 1705 1897 712 1898 2167 2137 684 
314 540 349 307 351 1360 739 1424 1879 1298 642 1175 1808 1733 
552 584 791 972 559 1164 899 1358 1245 2158 1019 1404 1149 2026 
566 710 898 1142 1197 797 1131 1694 617 1841 1120 1218 1815 1851 
324 824 728 1114 853 488 1204 744 963 1383 663 788 2316 1598 
431 695 736 537 422 1350 1161 777 1386 1250 802 1425 1950 1907 
661 261 645 797 1272 1411 850 1833 2147 1187 1997 1951 2349 1845 
