20 3 20
7 5
850 150 130 112 96 85 77 75 77 85 96 112 130 149 169 187 203 214 222 225 222 
850 200 174 150 129 113 103 100 103 113 129 149 174 199 225 249 270 286 296 300 296 
100000 10000 8705 7500 6464 5669 5170 5000 5170 5669 6464 7499 8705 9999 11294 12499 13535 14330 14829 15000 14829 
1000 1129 1249 1353 1433 1482 1499 
602 2211 2051 1200 688 912 379 453 506 505 375 526 758 
1756 1606 1583 1329 688 854 1015 746 843 749 237 607 531 
2061 1983 1199 1456 979 456 401 720 532 587 383 385 468 
2145 1664 643 1918 938 1281 1246 1133 506 300 265 667 331 
2057 2023 2100 610 1605 558 392 998 653 239 415 457 696 
