10 3 20
6 100
850 75 77 85 96 112 130 149 169 187 203 
850 100 103 113 129 149 174 199 225 249 270 
100000 5000 5170 5669 6464 7499 8705 9999 11294 12499 13535 
1499 1482 1433 1353 1250 1129 
1039 885 739 675 
1013 866 723 615 
1037 837 770 666 
1029 902 717 631 
1008 866 729 670 
968 857 734 641 
1034 879 759 626 
990 828 782 674 
974 835 751 663 
1003 855 739 627 
1033 910 741 656 
1029 845 787 641 
1022 908 773 649 
957 871 780 661 
997 845 750 646 
979 896 731 666 
999 861 730 636 
1018 881 765 664 
968 909 763 623 
1041 837 757 648 
952 907 785 635 
958 904 721 638 
1005 842 737 676 
1015 865 727 626 
965 899 748 652 
968 900 746 660 
1026 848 780 630 
1046 899 775 646 
997 845 714 616 
1002 851 737 678 
1042 886 731 677 
954 828 737 623 
1018 893 781 629 
1008 832 718 634 
993 836 714 664 
975 847 777 653 
950 889 786 635 
970 832 721 649 
989 832 718 664 
999 841 742 622 
1001 883 781 670 
1040 911 734 628 
1046 905 769 641 
1004 894 716 644 
1005 863 759 660 
985 846 734 638 
1025 886 740 642 
999 841 744 673 
955 829 759 672 
1014 900 712 643 
964 831 750 656 
957 870 713 616 
1048 865 743 647 
1021 856 779 623 
1025 832 744 671 
952 901 756 655 
1016 873 775 651 
1024 875 739 634 
1021 836 743 668 
1003 833 753 653 
967 909 751 673 
998 877 723 669 
961 894 727 673 
1002 885 735 664 
1019 907 722 616 
1015 876 764 647 
985 888 736 625 
959 888 764 667 
1042 846 776 676 
981 886 752 669 
1002 870 745 622 
1037 883 732 622 
993 827 768 626 
975 908 758 618 
1026 876 772 658 
990 848 766 657 
954 883 717 647 
984 830 767 669 
1015 827 753 676 
997 863 734 670 
967 888 763 670 
1041 854 779 635 
1007 871 722 630 
1006 837 719 645 
977 887 747 633 
966 877 761 671 
961 842 763 663 
966 844 749 645 
965 830 760 659 
998 910 753 616 
990 865 738 653 
965 856 750 673 
986 906 723 669 
1035 899 743 635 
1001 910 766 655 
973 898 723 667 
1008 837 715 625 
974 887 772 628 
1032 861 725 634 
972 871 776 615 
