50 3 20
26 10
850 85 77 75 77 85 96 112 130 149 169 187 203 214 222 225 222 214 203 187 169 150 130 112 96 85 77 75 77 85 96 112 130 149 169 187 203 214 222 225 222 214 203 187 169 150 130 112 96 85 77 
850 113 103 100 103 113 129 149 174 199 225 249 270 286 296 300 296 286 270 250 225 200 174 150 129 113 103 100 103 113 129 149 174 199 225 249 270 286 296 300 296 286 270 250 225 200 174 150 129 113 103 
100000 5669 5170 5000 5170 5669 6464 7499 8705 9999 11294 12499 13535 14330 14829 15000 14829 14330 13535 12500 11294 10000 8705 7500 6464 5669 5170 5000 5170 5669 6464 7499 8705 9999 11294 12499 13535 14330 14829 15000 14829 14330 13535 12500 11294 10000 8705 7500 6464 5669 5170 
1433 1482 1499 1482 1433 1353 1250 1129 1000 870 750 646 566 517 500 517 566 646 749 870 999 1129 1249 1353 1433 1482 
1444 1519 1425 1370 1300 1084 1002 855 774 665 557 511 513 521 591 673 729 834 1039 1163 1210 1413 1463 1472 
1454 1500 1388 1349 1269 1119 1006 853 764 651 571 524 513 517 554 619 733 887 1017 1079 1230 1327 1501 1524 
1431 1470 1472 1397 1208 1126 1015 829 785 614 575 491 518 511 549 632 754 868 1018 1098 1238 1419 1454 1519 
1560 1471 1416 1290 1276 1128 954 846 723 659 556 503 518 497 560 670 733 831 987 1081 1264 1358 1381 1526 
1466 1479 1418 1313 1209 1101 962 874 768 654 553 526 501 537 575 641 771 912 971 1154 1194 1337 1387 1526 
1472 1540 1460 1338 1245 1166 974 836 771 651 565 496 486 519 583 674 726 908 969 1081 1229 1386 1494 1524 
1505 1441 1396 1373 1227 1093 1046 903 760 654 541 510 518 527 591 660 736 893 1025 1088 1265 1358 1414 1495 
1565 1547 1387 1288 1245 1150 1008 904 737 638 556 497 480 541 550 639 723 856 1049 1096 1198 1294 1390 1459 
1501 1549 1383 1325 1211 1116 962 862 717 625 554 492 481 536 591 651 746 861 986 1179 1273 1368 1363 1535 
1435 1416 1378 1387 1220 1107 1016 906 734 618 578 503 507 528 592 646 786 843 1018 1108 1232 1414 1486 1539 
