20 2 20
7 10
1700 77 85 96 112 130 149 169 187 203 214 222 225 222 214 203 187 169 150 130 112 
100000 5170 5669 6464 7499 8705 9999 11294 12499 13535 14330 14829 15000 14829 14330 13535 12500 11294 10000 8705 7500 
1482 1433 1353 1250 1129 1000 870 
754 671 557 495 486 501 584 655 765 872 1011 1140 1264 
712 675 591 513 491 535 572 661 780 856 1031 1156 1203 
746 659 574 501 512 536 551 628 787 840 974 1175 1275 
772 677 585 514 501 515 565 633 784 905 961 1143 1214 
761 641 559 536 491 507 544 664 746 891 955 1137 1196 
762 637 551 542 492 527 578 665 719 874 971 1128 1219 
732 656 586 492 491 541 552 658 776 873 981 1163 1239 
728 672 542 538 523 526 549 622 783 849 1035 1139 1283 
761 655 578 492 489 508 570 650 740 864 1011 1156 1263 
722 629 549 503 512 523 547 638 769 848 957 1159 1259 
