20 11 20
15 50
170 130 149 169 187 203 214 222 225 222 214 203 187 169 150 130 112 96 85 77 75 
170 174 199 225 249 270 286 296 300 296 286 270 250 225 200 174 150 129 113 103 100 
170 217 249 282 312 338 358 370 375 370 358 338 312 282 250 217 187 161 141 129 125 
170 261 299 338 374 406 429 444 450 444 429 406 375 338 300 261 225 193 170 155 150 
170 304 349 395 437 473 501 519 525 519 501 473 437 395 350 304 262 226 198 180 175 
170 348 399 451 499 541 573 593 600 593 573 541 500 451 400 348 300 258 226 206 200 
170 391 449 508 562 609 644 667 675 667 644 609 562 508 450 391 337 290 255 232 225 
170 435 499 564 624 676 716 741 750 741 716 676 625 564 500 435 375 323 283 258 250 
170 478 549 621 687 744 788 815 825 815 788 744 687 621 550 478 412 355 311 284 275 
170 522 599 677 749 812 859 889 900 889 859 812 750 677 600 522 450 387 340 310 300 
100000 8705 9999 11294 12499 13535 14330 14829 15000 14829 14330 13535 12500 11294 10000 8705 7500 6464 5669 5170 5000 
1129 1000 870 750 646 566 517 500 517 566 646 749 870 999 1129 
1251 1364 1383 1461 1525 
1239 1333 1463 1483 1568 
1230 1386 1365 1519 1452 
1261 1324 1465 1470 1444 
1277 1414 1387 1478 1568 
1205 1288 1413 1552 1431 
1206 1334 1379 1445 1479 
1303 1417 1440 1447 1514 
1237 1355 1380 1444 1574 
1205 1300 1437 1431 1497 
1286 1394 1486 1427 1458 
1208 1382 1386 1438 1468 
1299 1404 1486 1500 1567 
1239 1374 1420 1413 1431 
1225 1348 1384 1416 1469 
1281 1363 1467 1454 1425 
1241 1286 1488 1467 1442 
1252 1313 1408 1450 1461 
1305 1356 1494 1448 1451 
1230 1385 1445 1454 1538 
1277 1417 1501 1494 1538 
1240 1419 1438 1517 1481 
1192 1413 1369 1447 1499 
1215 1320 1424 1544 1474 
1223 1311 1427 1433 1497 
1284 1302 1374 1493 1458 
1271 1371 1473 1541 1481 
1239 1350 1427 1478 1511 
1224 1331 1386 1484 1467 
1212 1359 1405 1548 1527 
1279 1386 1461 1533 1433 
1197 1392 1424 1464 1520 
1300 1388 1390 1473 1543 
1291 1311 1458 1554 1571 
1198 1361 1493 1467 1450 
1198 1384 1466 1411 1486 
1272 1353 1455 1467 1553 
1308 1303 1476 1546 1539 
1210 1416 1435 1495 1493 
1220 1307 1401 1509 1468 
1220 1383 1403 1542 1443 
1284 1295 1400 1461 1539 
1188 1421 1477 1500 1462 
1226 1342 1408 1433 1516 
1291 1380 1418 1449 1505 
1198 1293 1499 1432 1453 
1278 1336 1456 1474 1518 
1280 1318 1388 1487 1557 
1243 1303 1464 1446 1502 
1216 1378 1465 1466 1522 
