10 11 20
8 100
170 96 85 77 75 77 85 96 112 130 149 
170 129 113 103 100 103 113 129 149 174 199 
170 161 141 129 125 129 141 161 187 217 249 
170 193 170 155 150 155 170 193 224 261 299 
170 226 198 180 175 180 198 226 262 304 349 
170 258 226 206 200 206 226 258 299 348 399 
170 290 255 232 225 232 255 290 337 391 449 
170 323 283 258 250 258 283 323 374 435 499 
170 355 311 284 275 284 311 355 412 478 549 
170 387 340 310 300 310 340 387 449 522 599 
100000 6464 5669 5170 5000 5170 5669 6464 7499 8705 9999 
1353 1433 1482 1499 1482 1433 1353 1250 
1124 1048 
1083 1016 
1160 1040 
1172 959 
1155 967 
1140 968 
1179 980 
1107 1022 
1162 984 
1143 1028 
1132 1007 
1102 972 
1096 990 
1132 1040 
1111 1001 
1118 988 
1104 992 
1090 1049 
1094 992 
1166 960 
1168 974 
1165 996 
1164 966 
1154 986 
1120 958 
1147 1011 
1093 970 
1120 951 
1155 1040 
1118 984 
1105 990 
1171 1000 
1139 1024 
1126 1035 
1093 1031 
1121 994 
1096 1035 
1128 959 
1123 971 
1074 955 
1165 1025 
1091 971 
1078 1016 
1154 1001 
1156 965 
1128 1025 
1134 1028 
1151 961 
1154 1024 
1120 1033 
1148 954 
1129 986 
1162 1035 
1168 967 
1108 1035 
1156 1043 
1112 951 
1178 1041 
1169 1002 
1091 997 
1155 985 
1177 995 
1168 965 
1083 983 
1082 1041 
1099 953 
1093 981 
1097 959 
1147 1030 
1177 977 
1124 1020 
1158 957 
1126 972 
1142 1004 
1174 1010 
1083 1010 
1109 993 
1152 976 
1134 974 
1142 973 
1092 1000 
1183 1048 
1164 952 
1083 1035 
1182 1049 
1146 992 
1129 1009 
1109 1006 
1158 998 
1152 987 
1085 1041 
1095 1008 
1097 954 
1143 994 
1136 952 
1092 1037 
1141 994 
1135 1019 
1105 1030 
1185 1028 
