10 6 20
6 100
340 112 96 85 77 75 77 85 96 112 130 
340 150 129 113 103 100 103 113 129 149 174 
340 187 161 141 129 125 129 141 161 187 217 
340 225 193 170 155 150 155 170 193 224 261 
340 262 226 198 180 175 180 198 226 262 304 
100000 7500 6464 5669 5170 5000 5170 5669 6464 7499 8705 
1249 1353 1433 1482 1499 1482 
1378 1274 1279 983 
1713 1603 1036 1078 
1607 1111 1282 1113 
1339 1560 1325 1328 
1351 1362 1229 1316 
1488 1203 1185 1009 
1174 1557 1316 912 
1319 1298 1476 1006 
1540 1431 1344 1131 
1508 1492 1343 912 
1158 1305 1197 1129 
1693 1599 1164 997 
1551 1566 1247 926 
1288 1458 1427 1165 
1248 1284 1212 917 
1371 1541 1054 1003 
1355 1355 1435 1090 
1338 1602 1152 1342 
1321 1352 1116 1323 
1224 1143 1205 1025 
1505 1449 1467 941 
1655 1173 1213 1065 
1657 1309 1318 1164 
1433 1298 1251 1306 
1630 1325 1150 930 
1365 1340 1480 1299 
1433 1375 1072 1040 
1702 1540 1090 920 
1224 1386 1230 1227 
1235 1338 1180 1133 
1229 1577 1160 1019 
1475 1602 1074 1330 
1581 1267 1073 1216 
1590 1109 1083 1340 
1527 1142 1083 1026 
1296 1346 1193 909 
1420 1394 1361 1241 
1383 1232 1197 1155 
1204 1137 1246 1248 
1304 1239 1264 1211 
1693 1290 1272 1198 
1277 1230 1447 932 
1189 1151 1149 1165 
1451 1199 1121 1038 
1208 1135 1171 931 
1569 1132 1369 1184 
1234 1391 1070 1305 
1713 1616 1298 1354 
1432 1152 1298 1076 
1253 1398 1294 1168 
1278 1540 1256 929 
1162 1111 1219 1165 
1549 1542 1454 1196 
1679 1233 1037 1092 
1664 1219 1110 1135 
1615 1348 1385 1075 
1536 1334 1188 1087 
1606 1223 1081 1151 
1630 1553 1375 1191 
1552 1549 1063 969 
1236 1565 1488 1167 
1434 1102 1272 1019 
1248 1310 1327 1182 
1481 1133 1471 1315 
1146 1423 1463 1064 
1693 1311 1499 1152 
1635 1163 1460 1057 
1292 1274 1466 1297 
1482 1426 1037 921 
1543 1304 1385 920 
1158 1459 1170 1023 
1619 1583 1234 1023 
1251 1192 1129 1331 
1280 1104 1473 1263 
1380 1609 1449 1033 
1184 1125 1475 1009 
1331 1533 1347 1030 
1406 1237 1416 1019 
1544 1104 1068 1185 
1604 1600 1089 1225 
1245 1141 1174 1351 
1694 1582 1161 937 
1652 1611 1266 1213 
1296 1317 1368 1036 
1671 1394 1152 1204 
1408 1299 1142 905 
1536 1493 1438 1332 
1424 1086 1182 955 
1219 1414 1073 1081 
1233 1474 1460 1253 
1643 1156 1319 1283 
1533 1440 1163 1226 
1226 1248 1166 1196 
1201 1258 1075 1339 
1534 1355 1178 1172 
1478 1483 1396 1323 
1391 1260 1284 974 
1475 1591 1495 1298 
1243 1503 1499 971 
1642 1537 1107 1242 
