50 6 20
26 50
340 130 112 96 85 77 75 77 85 96 112 130 149 169 187 203 214 222 225 222 214 203 187 169 150 130 112 96 85 77 75 77 85 96 112 130 149 169 187 203 214 222 225 222 214 203 187 169 150 130 112 
340 174 150 129 113 103 100 103 113 129 149 174 199 225 249 270 286 296 300 296 286 270 250 225 200 174 150 129 113 103 100 103 113 129 149 174 199 225 249 270 286 296 300 296 286 270 250 225 200 174 150 
340 217 187 161 141 129 125 129 141 161 187 217 249 282 312 338 358 370 375 370 358 338 312 282 250 217 187 161 141 129 125 129 141 161 187 217 249 282 312 338 358 370 375 370 358 338 312 282 250 217 187 
340 261 225 193 170 155 150 155 170 193 224 261 299 338 374 406 429 444 450 444 429 406 375 338 300 261 225 193 170 155 150 155 170 193 224 261 299 338 374 406 429 444 450 444 429 406 375 338 300 261 225 
340 304 262 226 198 180 175 180 198 226 262 304 349 395 437 473 501 519 525 519 501 473 437 395 350 304 262 226 198 180 175 180 198 226 262 304 349 395 437 473 501 519 525 519 501 473 437 395 350 304 262 
100000 8705 7500 6464 5669 5170 5000 5170 5669 6464 7499 8705 9999 11294 12499 13535 14330 14829 15000 14829 14330 13535 12500 11294 10000 8705 7500 6464 5669 5170 5000 5170 5669 6464 7499 8705 9999 11294 12499 13535 14330 14829 15000 14829 14330 13535 12500 11294 10000 8705 7500 
1129 1249 1353 1433 1482 1499 1482 1433 1353 1250 1129 1000 870 750 646 566 517 500 517 566 646 749 870 999 1129 1249 
550 1270 2131 1191 1404 2091 1466 1899 577 1364 1163 1179 357 629 550 688 478 443 297 591 1182 1468 952 913 
867 2229 861 1329 2316 1380 1183 1743 1667 480 845 1090 367 481 714 764 234 447 418 671 1043 984 709 1036 
849 1789 1589 2306 2292 2093 1127 963 882 715 775 1048 312 268 694 546 593 756 473 1049 1068 453 742 1172 
1620 1136 1859 640 1385 1208 1743 1307 1657 1217 377 791 755 862 357 492 542 641 593 524 704 1277 710 1310 
2057 646 1512 953 2074 1354 1890 1985 589 543 483 349 622 891 664 503 723 295 742 622 1272 1251 1480 996 
648 858 1442 1751 1625 1996 1051 1034 1360 492 646 702 951 485 257 241 578 719 365 505 698 720 533 1073 
1208 1513 1237 771 1137 741 2162 989 697 1381 1019 709 400 851 332 576 686 784 661 774 1174 1383 1438 735 
1337 2096 1053 1912 1010 1290 2047 882 596 777 451 1141 351 366 448 757 373 339 934 854 492 1346 792 1891 
979 2170 2367 2131 656 2272 1959 1539 730 477 1242 489 997 785 767 308 516 513 674 772 488 827 1416 1344 
1850 1488 2286 1522 638 1335 857 1698 841 1335 705 568 827 444 804 252 373 526 366 1018 1253 513 1666 780 
962 1608 979 2364 1930 736 672 1434 942 1547 884 301 275 298 276 650 234 544 273 498 956 962 1521 1573 
1022 2145 877 751 2283 691 798 902 659 773 903 1098 1009 351 802 481 579 360 281 670 1284 660 1034 895 
1925 1954 1199 1387 2151 1099 1330 1888 1805 523 1199 416 854 768 383 432 231 716 810 568 737 1124 662 1152 
997 1828 2052 1567 614 1330 2023 1677 610 785 828 512 646 853 536 219 318 460 913 717 852 1056 741 1215 
1954 1814 2072 1923 858 1527 1871 1726 793 1303 396 878 510 671 623 638 416 411 548 635 1325 1150 1464 981 
1744 1760 2071 756 2097 1965 913 1157 1391 1510 1196 471 316 537 481 731 492 349 812 716 752 1546 672 1232 
721 1643 2239 731 1049 2199 1029 563 1359 1502 560 719 417 425 801 285 609 675 582 409 891 1533 1623 1816 
2076 1684 1788 954 1200 1713 840 1115 615 476 1182 328 359 654 640 450 240 581 438 782 872 1506 953 1138 
2117 2244 1045 1427 1392 2081 974 1997 1586 1002 989 766 977 439 751 691 299 228 664 668 1201 1169 1533 1459 
662 1795 652 1867 1074 2023 1808 645 1788 1155 1155 840 585 449 314 453 433 783 317 807 843 1191 1443 514 
656 1541 1434 2113 903 859 1830 1796 454 898 938 1058 755 512 731 759 280 306 467 668 962 1108 1067 939 
1916 1238 1374 2298 2213 1734 1471 858 1609 1108 1249 682 762 640 346 332 333 421 746 565 697 682 1223 1514 
1974 1671 2159 1000 1830 879 1064 1584 1396 1257 1317 960 843 603 564 642 555 668 842 956 647 1104 1779 1709 
772 1759 2145 2169 1781 730 1020 563 1652 539 963 1057 322 785 412 675 469 246 732 731 470 1244 803 1557 
1110 605 679 2030 1875 2197 1002 1526 953 1256 1168 1068 685 231 649 628 723 357 429 786 1063 964 974 1325 
1561 1047 1303 953 1852 1875 1325 958 1086 1242 867 413 400 730 647 734 539 338 801 1189 856 667 1611 1010 
1385 960 1387 708 639 1079 1720 523 458 545 398 629 899 608 487 605 367 511 793 928 867 701 687 1138 
1164 1540 2009 1490 1614 908 704 1314 1586 754 1161 848 436 689 790 305 419 871 381 1148 730 620 1420 1880 
803 1612 704 2320 736 2250 2060 893 1462 584 445 352 648 635 310 745 684 362 703 1079 357 680 1755 1980 
1393 2047 899 1219 2046 2137 808 666 1407 902 1282 1030 992 654 577 404 550 839 613 1050 930 802 615 1997 
1180 1356 653 2363 1790 1916 645 1058 1165 1205 740 715 459 393 229 374 526 727 496 883 1075 571 596 1353 
1889 1399 1654 1401 1692 1456 1139 1001 1646 755 561 807 353 475 744 335 466 859 957 888 733 1493 1684 1205 
1045 834 1070 1166 1541 1732 1767 1738 1389 753 414 1187 379 544 617 448 516 687 1011 934 1242 697 900 1115 
1135 2107 1877 1942 1330 2037 1693 1441 1674 1574 961 417 450 629 315 774 423 540 456 314 597 1297 583 1548 
1524 1037 715 2319 2302 2141 1784 1633 1296 1041 1033 330 460 381 642 626 329 395 971 1095 584 986 922 1667 
717 1975 1322 1619 1526 789 724 1434 1335 959 423 603 352 264 714 236 544 602 542 554 727 900 1128 1457 
860 1797 1948 2095 1392 870 1504 610 947 1496 988 421 466 628 512 551 323 483 569 608 989 1119 1108 643 
1473 1195 1227 1907 1967 608 631 940 1795 1406 823 927 639 684 564 556 587 247 872 921 679 818 942 1939 
1924 2000 1160 2275 1143 1741 706 1395 790 515 1369 358 361 807 622 519 684 782 403 908 891 680 871 595 
1253 843 1867 1802 791 1997 855 622 963 847 1322 776 780 670 424 361 334 639 586 723 1061 1544 1784 765 
1862 1525 2343 1376 1119 1129 776 756 1155 408 350 1176 791 685 702 355 575 412 408 333 1145 510 800 1682 
812 1374 1887 1647 1044 1559 2138 528 1123 1210 1100 385 394 652 689 545 596 233 342 1182 1050 1299 909 1652 
1228 1457 2188 2074 1005 1938 850 1695 1744 1554 1156 756 469 354 826 691 384 584 345 539 459 451 791 1855 
1571 1114 1194 1554 1108 809 1047 1781 1643 1361 1058 938 510 750 741 744 504 298 479 1040 1136 985 1406 960 
1756 861 1873 625 1719 1772 2080 1630 1124 1348 1222 1142 534 322 557 638 251 605 278 311 1268 700 897 1550 
1766 1642 2070 1636 1158 1235 730 769 1177 860 1337 1089 949 859 577 613 374 241 719 1179 639 732 843 1369 
872 2156 1054 1500 1187 1753 2151 1588 1639 1549 1205 551 387 233 576 262 454 685 290 1076 984 758 819 869 
707 1116 1382 2223 708 1068 564 1328 1226 1306 923 672 810 734 574 500 233 416 655 1125 453 1250 1602 1576 
836 1018 764 1399 795 1575 1166 1887 772 1236 415 685 498 315 590 661 558 660 967 716 1011 779 752 1271 
1420 1376 599 2293 1510 658 2041 1433 1564 491 395 810 507 757 640 319 211 843 1015 967 562 1575 889 976 
