5 6 20
3 50
340 150 130 112 96 85 
340 200 174 150 129 113 
340 250 217 187 161 141 
340 300 261 225 193 170 
340 350 304 262 226 198 
100000 10000 8705 7500 6464 5669 
1000 1129 1249 
1924 827 
551 1685 
877 915 
1119 1506 
1080 1347 
1421 1793 
576 1792 
646 1229 
1956 1975 
601 1986 
1804 1440 
1309 2013 
1008 1849 
783 1529 
749 1448 
774 917 
1790 1412 
1567 688 
1117 1675 
608 1320 
1933 794 
803 1637 
1816 1526 
1015 2108 
1031 2276 
599 1414 
680 1885 
1872 1274 
1823 1365 
1753 991 
1236 806 
1937 1870 
1436 863 
1239 1242 
1411 1889 
1098 1419 
1912 1514 
853 1268 
1512 949 
804 881 
1032 1888 
1037 808 
649 842 
1031 2227 
820 630 
1006 1576 
1061 1133 
1933 1499 
1214 1076 
1906 648 
