5 6 20
3 100
340 130 149 169 187 203 
340 174 199 225 249 270 
340 217 249 282 312 338 
340 261 299 338 374 406 
340 304 349 395 437 473 
100000 8705 9999 11294 12499 13535 
1129 1000 870 
758 623 
740 647 
783 634 
717 628 
718 645 
720 616 
754 632 
718 669 
721 663 
745 632 
763 645 
734 676 
773 659 
745 648 
732 664 
736 635 
718 664 
766 654 
747 654 
768 625 
737 643 
778 614 
749 666 
718 628 
743 632 
718 658 
765 677 
730 648 
782 670 
724 619 
726 615 
724 636 
784 665 
714 658 
759 637 
787 655 
725 628 
751 656 
755 626 
759 657 
731 656 
754 631 
723 644 
748 637 
771 633 
766 628 
786 666 
771 651 
744 643 
722 670 
768 635 
729 629 
752 664 
775 631 
770 631 
782 635 
720 634 
744 623 
739 653 
773 665 
720 651 
723 657 
725 638 
738 637 
729 634 
733 631 
730 616 
761 615 
783 632 
713 618 
724 653 
717 661 
786 669 
754 640 
774 662 
780 656 
726 645 
770 625 
739 653 
774 644 
763 618 
714 677 
758 659 
738 650 
749 624 
754 629 
779 645 
781 674 
754 622 
726 622 
718 677 
730 626 
784 617 
733 638 
731 625 
716 627 
767 657 
730 616 
748 631 
728 669 
