50 6 20
36 100
340 77 85 96 112 130 149 169 187 203 214 222 225 222 214 203 187 169 150 130 112 96 85 77 75 77 85 96 112 130 149 169 187 203 214 222 225 222 214 203 187 169 150 130 112 96 85 77 75 77 85 
340 103 113 129 149 174 199 225 249 270 286 296 300 296 286 270 250 225 200 174 150 129 113 103 100 103 113 129 149 174 199 225 249 270 286 296 300 296 286 270 250 225 200 174 150 129 113 103 100 103 113 
340 129 141 161 187 217 249 282 312 338 358 370 375 370 358 338 312 282 250 217 187 161 141 129 125 129 141 161 187 217 249 282 312 338 358 370 375 370 358 338 312 282 250 217 187 161 141 129 125 129 141 
340 155 170 193 224 261 299 338 374 406 429 444 450 444 429 406 375 338 300 261 225 193 170 155 150 155 170 193 224 261 299 338 374 406 429 444 450 444 429 406 375 338 300 261 225 193 170 155 150 155 170 
340 180 198 226 262 304 349 395 437 473 501 519 525 519 501 473 437 395 350 304 262 226 198 180 175 180 198 226 262 304 349 395 437 473 501 519 525 519 501 473 437 395 350 304 262 226 198 180 175 180 198 
100000 5170 5669 6464 7499 8705 9999 11294 12499 13535 14330 14829 15000 14829 14330 13535 12500 11294 10000 8705 7500 6464 5669 5170 5000 5170 5669 6464 7499 8705 9999 11294 12499 13535 14330 14829 15000 14829 14330 13535 12500 11294 10000 8705 7500 6464 5669 5170 5000 5170 5669 
1482 1433 1353 1250 1129 1000 870 750 646 566 517 500 517 566 646 749 870 999 1129 1249 1353 1433 1482 1499 1482 1433 1353 1250 1129 1000 870 750 646 566 517 500 
545 551 757 745 737 981 1304 1176 1552 1393 1404 1388 1661 1183 
518 631 708 651 859 1151 905 1158 1339 1558 1386 1461 1637 1698 
458 506 593 893 769 1001 1194 1319 1315 1245 1660 1351 1589 1255 
474 570 623 620 876 814 929 1122 1334 1349 1687 1797 1719 1677 
558 482 553 620 807 859 1095 1153 1611 1238 1246 1259 1326 1246 
533 548 536 618 807 860 1160 1446 1471 1592 1611 1702 1345 1330 
515 540 719 899 949 826 940 1295 1570 1403 1735 1775 1466 1461 
538 612 720 737 1033 953 994 1170 1242 1371 1489 1537 1647 1580 
462 486 527 610 1022 910 1119 1319 1108 1201 1661 1570 1447 1407 
532 532 568 873 757 846 1263 1312 1582 1161 1294 1450 1663 1290 
609 612 667 617 732 982 1202 1298 1420 1188 1512 1738 1347 1234 
462 472 744 626 826 893 1189 1290 1387 1646 1456 1717 1554 1469 
435 630 554 775 715 1006 1010 1058 1501 1235 1625 1769 1470 1582 
575 491 767 681 712 1109 1189 1428 1371 1559 1309 1793 1320 1335 
499 670 634 768 705 1199 1052 1048 1345 1619 1228 1623 1584 1557 
536 652 746 876 760 873 1211 1287 1410 1321 1530 1720 1476 1291 
483 603 605 810 975 915 921 1465 1609 1576 1244 1397 1394 1160 
542 667 565 813 788 806 1225 1364 1611 1162 1733 1367 1191 1231 
428 639 748 786 834 883 1272 1018 1194 1620 1311 1750 1742 1604 
600 605 578 633 926 916 1214 1402 1357 1625 1349 1771 1542 1215 
448 612 535 782 1020 801 1183 1482 1479 1344 1341 1339 1596 1226 
417 480 746 601 1014 941 993 1339 1169 1466 1484 1650 1661 1522 
491 670 702 669 998 896 1047 1422 1320 1322 1635 1654 1577 1649 
417 460 720 716 950 991 1244 1160 1096 1407 1635 1742 1379 1659 
605 545 606 791 792 1079 997 1235 1320 1378 1191 1712 1397 1268 
540 640 637 810 744 804 1123 1161 1535 1303 1445 1674 1689 1658 
600 582 665 837 778 1082 925 1394 1467 1564 1287 1375 1343 1594 
435 561 751 837 948 930 1083 1403 1297 1492 1344 1376 1213 1224 
580 580 700 729 730 816 1147 1045 1441 1548 1511 1773 1708 1255 
604 566 698 618 802 958 1259 1355 1530 1591 1590 1370 1357 1192 
425 508 590 609 941 1142 1199 1339 1226 1311 1236 1782 1431 1442 
454 642 635 846 1044 890 935 1011 1085 1229 1280 1341 1715 1163 
517 523 523 766 789 1080 1218 1138 1587 1154 1455 1250 1666 1643 
471 670 688 714 718 1182 1165 1476 1165 1699 1580 1524 1385 1200 
548 503 543 683 705 862 1143 1493 1497 1605 1571 1517 1346 1404 
535 667 669 878 842 1167 1153 1307 1591 1552 1693 1507 1400 1457 
567 586 554 737 824 843 1293 1033 1286 1256 1461 1306 1720 1296 
563 632 636 804 790 957 1330 1110 1091 1185 1303 1578 1383 1326 
488 457 727 640 884 887 1349 1151 1557 1690 1656 1368 1572 1649 
452 629 640 720 947 962 1003 1158 1306 1387 1589 1248 1662 1697 
553 666 638 851 921 1033 1319 1129 1216 1488 1276 1517 1313 1361 
565 486 752 830 971 907 1256 1066 1440 1183 1323 1236 1579 1630 
426 554 705 750 711 854 1038 1097 1471 1670 1373 1664 1206 1701 
545 654 747 786 956 892 992 1254 1122 1713 1518 1772 1650 1605 
443 614 614 702 986 1134 1337 1464 1250 1673 1472 1283 1225 1325 
587 654 526 803 753 1183 1298 1252 1141 1408 1486 1707 1521 1214 
419 672 657 896 896 860 1190 1209 1194 1364 1712 1699 1463 1192 
497 514 682 801 895 858 1065 1080 1173 1256 1552 1469 1373 1194 
581 592 648 802 1001 1142 1184 1176 1145 1359 1326 1461 1695 1599 
437 485 638 749 755 812 1292 1240 1507 1399 1228 1770 1664 1639 
419 558 538 813 715 1095 1293 1263 1220 1670 1727 1771 1378 1403 
557 588 759 711 859 854 1013 1074 1406 1553 1552 1691 1774 1152 
458 605 764 625 866 860 1060 1144 1160 1287 1370 1427 1654 1155 
522 498 704 765 783 1176 928 1015 1620 1394 1589 1263 1321 1396 
468 536 752 730 978 815 1000 1417 1543 1556 1340 1263 1753 1291 
465 631 665 790 975 1137 1271 1475 1543 1353 1365 1355 1749 1714 
546 573 599 655 918 954 1124 1318 1530 1644 1714 1752 1442 1688 
453 634 604 891 973 856 979 1418 1237 1708 1219 1201 1287 1483 
460 487 728 636 1030 1072 1285 1386 1096 1574 1711 1729 1313 1184 
417 679 522 668 952 936 951 1352 1511 1541 1543 1369 1630 1175 
595 489 673 658 994 954 1039 1236 1318 1667 1487 1718 1301 1663 
512 631 747 789 816 1022 1298 1273 1460 1180 1211 1710 1653 1440 
491 504 564 850 937 1186 1019 1303 1449 1284 1372 1223 1680 1523 
562 671 614 871 998 918 1237 1327 1268 1687 1611 1483 1251 1501 
599 657 532 760 855 1003 1262 1231 1546 1185 1756 1250 1573 1484 
620 489 748 740 909 967 1028 1197 1552 1557 1552 1397 1306 1345 
567 492 573 608 836 976 1174 1266 1234 1478 1190 1441 1610 1258 
468 619 571 868 942 1003 1048 1485 1104 1389 1223 1569 1493 1542 
485 664 731 837 910 964 1122 1320 1210 1233 1258 1271 1632 1416 
510 559 666 653 846 1002 1013 1108 1092 1214 1655 1737 1526 1155 
491 543 535 660 946 1133 1285 1077 1334 1456 1540 1293 1223 1608 
424 623 580 842 712 1127 1225 1467 1324 1259 1258 1323 1614 1351 
608 467 647 622 808 865 905 1289 1350 1439 1541 1288 1716 1439 
508 591 648 681 886 1092 1175 1410 1525 1693 1406 1490 1196 1401 
554 478 732 881 834 950 1281 1163 1342 1681 1188 1499 1425 1446 
444 529 768 860 762 955 981 1252 1334 1266 1265 1390 1237 1561 
572 665 662 819 773 1104 1165 1456 1474 1636 1365 1403 1716 1331 
616 675 553 757 796 846 1008 1370 1153 1274 1552 1539 1422 1244 
542 615 613 693 723 995 1004 1192 1363 1492 1433 1611 1471 1488 
484 572 537 761 721 949 1074 1133 1356 1571 1593 1720 1686 1251 
491 589 686 735 805 803 1090 1128 1332 1399 1699 1542 1666 1523 
415 680 564 838 741 853 912 1188 1418 1372 1629 1555 1200 1320 
580 582 543 805 1029 1139 1017 1365 1585 1606 1287 1458 1204 1252 
426 522 725 763 782 1176 1047 1370 1375 1302 1285 1341 1299 1197 
590 553 719 821 883 1104 1312 1244 1528 1517 1742 1516 1571 1310 
582 466 744 661 735 977 1214 1241 1209 1687 1388 1688 1292 1651 
504 476 665 854 790 1134 1102 1410 1242 1694 1465 1617 1436 1391 
449 500 552 673 957 1078 931 1037 1100 1542 1247 1366 1362 1593 
553 565 611 824 776 1023 1252 1204 1374 1668 1406 1306 1753 1296 
460 624 558 813 743 1191 1132 1027 1398 1295 1546 1482 1517 1482 
447 528 770 771 947 939 968 1249 1296 1593 1192 1710 1287 1651 
552 515 743 712 987 982 1089 1058 1476 1659 1398 1615 1274 1718 
518 488 554 756 855 1055 922 1389 1533 1171 1345 1568 1341 1453 
564 589 683 617 747 967 1295 1294 1170 1681 1499 1411 1521 1633 
568 616 646 752 949 1195 1337 1364 1101 1600 1463 1326 1390 1338 
458 546 678 656 902 966 1087 1424 1266 1587 1318 1673 1363 1529 
583 504 772 776 770 919 1311 1363 1190 1675 1720 1370 1435 1703 
507 456 660 622 761 818 1242 1347 1338 1386 1705 1651 1478 1329 
558 557 660 743 897 1052 924 1343 1486 1251 1690 1762 1675 1150 
532 477 673 887 843 1073 1234 1103 1132 1449 1405 1564 1468 1179 
