50 6 20
36 50
340 96 85 77 75 77 85 96 112 130 149 169 187 203 214 222 225 222 214 203 187 169 150 130 112 96 85 77 75 77 85 96 112 130 149 169 187 203 214 222 225 222 214 203 187 169 150 130 112 96 85 
340 129 113 103 100 103 113 129 149 174 199 225 249 270 286 296 300 296 286 270 250 225 200 174 150 129 113 103 100 103 113 129 149 174 199 225 249 270 286 296 300 296 286 270 250 225 200 174 150 129 113 
340 161 141 129 125 129 141 161 187 217 249 282 312 338 358 370 375 370 358 338 312 282 250 217 187 161 141 129 125 129 141 161 187 217 249 282 312 338 358 370 375 370 358 338 312 282 250 217 187 161 141 
340 193 170 155 150 155 170 193 224 261 299 338 374 406 429 444 450 444 429 406 375 338 300 261 225 193 170 155 150 155 170 193 224 261 299 338 374 406 429 444 450 444 429 406 375 338 300 261 225 193 170 
340 226 198 180 175 180 198 226 262 304 349 395 437 473 501 519 525 519 501 473 437 395 350 304 262 226 198 180 175 180 198 226 262 304 349 395 437 473 501 519 525 519 501 473 437 395 350 304 262 226 198 
100000 6464 5669 5170 5000 5170 5669 6464 7499 8705 9999 11294 12499 13535 14330 14829 15000 14829 14330 13535 12500 11294 10000 8705 7500 6464 5669 5170 5000 5170 5669 6464 7499 8705 9999 11294 12499 13535 14330 14829 15000 14829 14330 13535 12500 11294 10000 8705 7500 6464 5669 
1353 1433 1482 1499 1482 1433 1353 1250 1129 1000 870 750 646 566 517 500 517 566 646 749 870 999 1129 1249 1353 1433 1482 1499 1482 1433 1353 1250 1129 1000 870 750 
678 571 495 500 521 553 621 759 857 1013 1110 1225 1348 1401 
666 547 498 484 514 576 674 714 892 963 1073 1272 1321 1474 
647 573 510 513 522 553 669 779 828 981 1076 1251 1318 1363 
664 580 538 478 518 551 635 764 832 1004 1176 1217 1370 1473 
656 578 496 481 493 590 643 786 880 999 1137 1266 1405 1422 
654 586 507 492 539 563 650 740 866 979 1123 1257 1299 1451 
657 590 535 488 500 590 666 759 908 1001 1101 1195 1400 1453 
672 561 540 476 505 551 644 760 872 1040 1147 1208 1342 1460 
632 548 498 475 527 555 640 739 827 1037 1126 1274 1382 1463 
659 538 494 482 505 577 645 727 880 1011 1142 1309 1289 1428 
673 540 514 478 522 539 642 759 910 972 1131 1211 1352 1390 
673 573 507 492 539 546 677 754 898 1037 1090 1259 1341 1407 
652 569 523 491 519 546 665 747 838 1020 1074 1216 1406 1383 
652 551 541 507 528 565 626 781 855 967 1109 1248 1339 1378 
622 560 529 523 502 574 630 748 843 972 1176 1211 1358 1488 
649 564 511 480 505 555 663 714 837 972 1096 1243 1342 1376 
663 577 520 499 495 565 667 754 853 1010 1128 1292 1420 1458 
646 594 516 492 516 580 669 767 866 1005 1088 1221 1301 1457 
663 573 492 490 540 592 655 775 834 974 1090 1239 1365 1495 
660 544 520 496 514 586 653 784 913 989 1086 1217 1311 1431 
635 560 512 497 525 575 624 750 869 969 1139 1300 1384 1467 
641 550 533 484 542 585 675 714 904 970 1130 1271 1408 1444 
644 563 531 522 520 567 640 715 847 991 1078 1281 1414 1425 
625 553 494 503 519 592 657 713 834 992 1152 1264 1306 1468 
662 569 533 488 528 580 663 723 829 1029 1104 1283 1318 1405 
623 563 537 515 533 555 652 781 882 952 1166 1208 1353 1381 
667 589 532 503 535 580 617 734 835 966 1171 1260 1403 1444 
669 584 538 494 497 556 669 745 888 980 1108 1264 1294 1378 
674 566 515 478 532 551 654 719 855 997 1143 1231 1331 1403 
618 547 501 487 529 547 678 731 900 996 1105 1271 1382 1411 
657 540 510 488 520 591 672 722 876 1000 1141 1194 1374 1375 
631 592 522 491 517 542 620 732 847 1019 1142 1204 1345 1408 
657 587 513 494 521 548 637 780 855 999 1128 1202 1359 1397 
676 570 504 476 515 563 650 715 879 1039 1146 1215 1329 1377 
643 585 503 508 512 566 626 728 864 1012 1077 1278 1386 1407 
652 576 521 503 497 543 650 773 859 955 1111 1289 1417 1440 
670 583 530 522 523 581 662 759 907 964 1077 1243 1298 1439 
653 585 507 506 506 550 619 723 893 989 1178 1194 1409 1481 
648 574 513 488 529 580 614 757 888 1038 1160 1267 1361 1427 
661 570 537 510 519 575 649 768 864 958 1166 1224 1385 1451 
660 564 526 509 500 541 617 762 848 1041 1097 1225 1387 1479 
632 568 524 485 529 588 653 748 868 1042 1170 1193 1355 1424 
621 589 498 488 503 586 615 737 900 973 1083 1271 1326 1402 
633 545 506 512 515 562 645 731 848 1007 1131 1290 1327 1473 
659 541 532 488 527 561 631 721 894 958 1073 1234 1354 1494 
616 570 533 519 535 594 633 746 891 1035 1112 1252 1311 1452 
636 554 497 508 513 558 631 743 898 1043 1148 1234 1365 1388 
638 551 523 499 522 594 656 777 846 1013 1100 1222 1388 1451 
644 541 501 520 507 594 629 743 862 1012 1141 1256 1306 1379 
619 568 537 487 525 548 624 776 890 1037 1148 1243 1344 1463 
