20 2 20
11 100
1700 112 130 149 169 187 203 214 222 225 222 214 203 187 169 150 130 112 96 85 77 
100000 7499 8705 9999 11294 12499 13535 14330 14829 15000 14829 14330 13535 12500 11294 10000 8705 7500 6464 5669 5170 
1250 1129 1000 870 750 646 566 517 500 517 566 
662 743 906 1021 1135 1231 1323 1406 1540 
632 768 894 1018 1170 1250 1386 1499 1509 
640 723 907 1022 1082 1290 1335 1387 1538 
652 780 867 961 1094 1245 1393 1469 1463 
647 728 895 998 1130 1220 1336 1496 1411 
639 732 906 1043 1092 1226 1346 1427 1462 
666 764 911 956 1100 1199 1365 1486 1462 
640 764 854 966 1120 1311 1345 1430 1431 
643 782 833 994 1157 1254 1373 1458 1493 
628 780 884 983 1158 1303 1322 1447 1459 
676 782 828 1026 1080 1264 1390 1466 1496 
631 752 837 1039 1128 1301 1334 1414 1470 
627 717 840 984 1158 1304 1361 1421 1467 
620 762 889 1004 1179 1312 1420 1406 1479 
671 758 836 1003 1110 1284 1326 1437 1541 
656 730 857 1015 1124 1230 1412 1448 1433 
642 726 869 1032 1084 1286 1359 1385 1432 
647 724 880 971 1142 1292 1303 1394 1545 
648 733 829 970 1151 1278 1397 1419 1432 
656 761 857 968 1115 1276 1355 1469 1474 
646 745 866 1021 1175 1239 1296 1445 1413 
677 730 904 1024 1165 1206 1364 1368 1537 
668 773 843 1024 1178 1256 1320 1464 1469 
625 765 845 976 1107 1213 1408 1451 1470 
636 768 849 971 1147 1259 1394 1443 1459 
670 715 910 981 1125 1218 1415 1493 1457 
672 724 902 1016 1087 1277 1376 1400 1521 
674 747 847 1013 1108 1203 1328 1364 1444 
654 761 874 1033 1166 1242 1401 1381 1460 
624 723 842 1023 1165 1290 1416 1471 1416 
650 723 910 992 1167 1224 1300 1464 1467 
640 785 881 1005 1171 1188 1375 1484 1450 
620 757 837 984 1102 1231 1304 1426 1468 
652 734 906 1036 1177 1217 1363 1363 1423 
674 774 873 1033 1091 1271 1386 1496 1537 
666 750 852 994 1130 1203 1305 1386 1446 
664 760 839 1025 1164 1280 1386 1423 1505 
652 717 832 985 1124 1226 1348 1472 1455 
648 716 858 971 1167 1212 1341 1422 1466 
619 787 879 973 1074 1211 1401 1424 1555 
675 721 868 991 1095 1254 1324 1455 1499 
638 721 875 991 1082 1246 1345 1481 1427 
625 762 878 968 1082 1251 1405 1388 1458 
629 744 829 1014 1080 1295 1317 1448 1439 
626 750 866 986 1129 1242 1327 1502 1508 
633 731 890 979 1081 1240 1327 1436 1541 
632 735 830 1037 1115 1187 1416 1423 1516 
668 767 858 962 1145 1299 1342 1436 1434 
668 785 886 954 1110 1228 1356 1469 1550 
625 785 885 977 1086 1198 1410 1482 1457 
619 777 905 1005 1184 1204 1396 1428 1534 
615 724 865 1023 1075 1253 1287 1492 1489 
664 770 849 983 1085 1222 1297 1477 1482 
653 782 896 1023 1179 1190 1402 1491 1420 
619 769 866 975 1120 1199 1349 1500 1515 
667 754 852 999 1154 1310 1343 1471 1447 
624 782 898 970 1124 1234 1367 1408 1446 
667 759 868 977 1178 1312 1351 1376 1430 
638 720 901 1008 1120 1248 1292 1402 1521 
634 752 855 1023 1104 1263 1340 1379 1531 
677 758 846 1038 1079 1287 1307 1455 1537 
630 718 830 980 1102 1191 1388 1499 1425 
623 775 841 969 1174 1251 1367 1464 1431 
621 714 887 1026 1085 1255 1387 1399 1528 
670 744 890 1034 1090 1237 1420 1381 1508 
643 757 846 953 1139 1253 1383 1388 1544 
674 785 908 957 1117 1244 1298 1433 1459 
676 723 865 1004 1118 1252 1415 1400 1547 
626 783 895 995 1180 1225 1302 1380 1542 
630 753 906 1000 1080 1281 1399 1489 1418 
623 784 878 977 1110 1283 1345 1437 1441 
675 782 860 1009 1105 1266 1377 1477 1500 
675 720 867 1009 1184 1263 1361 1387 1494 
614 716 888 993 1141 1241 1320 1416 1431 
615 739 882 961 1162 1272 1301 1420 1458 
662 766 880 1028 1101 1261 1400 1413 1437 
634 736 845 975 1182 1287 1342 1453 1422 
666 762 908 993 1073 1259 1291 1441 1482 
620 774 843 996 1182 1263 1324 1502 1522 
674 778 850 988 1182 1248 1327 1438 1531 
635 728 847 968 1185 1190 1361 1443 1526 
641 785 879 1010 1094 1229 1362 1411 1510 
668 760 894 974 1090 1215 1408 1477 1546 
642 766 888 1039 1137 1241 1388 1468 1459 
671 772 843 1019 1141 1275 1292 1402 1526 
674 715 830 1039 1177 1199 1299 1392 1416 
659 759 903 1014 1102 1260 1397 1483 1553 
622 719 884 956 1138 1199 1411 1500 1529 
622 778 868 1031 1153 1274 1297 1415 1440 
664 769 886 972 1107 1246 1371 1373 1506 
645 777 842 982 1168 1198 1319 1481 1424 
669 752 861 1016 1116 1272 1378 1474 1464 
650 760 887 1016 1162 1252 1378 1442 1411 
620 781 887 1040 1122 1254 1310 1470 1543 
671 714 909 1046 1147 1260 1380 1420 1463 
670 764 877 984 1143 1200 1308 1421 1550 
627 726 877 991 1118 1283 1395 1397 1528 
634 727 909 968 1140 1292 1352 1406 1469 
636 760 888 993 1133 1269 1380 1470 1459 
658 768 904 968 1104 1204 1352 1502 1456 
