20 11 20
15 100
170 85 96 112 130 149 169 187 203 214 222 225 222 214 203 187 169 150 130 112 96 
170 113 129 149 174 199 225 249 270 286 296 300 296 286 270 250 225 200 174 150 129 
170 141 161 187 217 249 282 312 338 358 370 375 370 358 338 312 282 250 217 187 161 
170 170 193 224 261 299 338 374 406 429 444 450 444 429 406 375 338 300 261 225 193 
170 198 226 262 304 349 395 437 473 501 519 525 519 501 473 437 395 350 304 262 226 
170 226 258 299 348 399 451 499 541 573 593 600 593 573 541 500 451 400 348 300 258 
170 255 290 337 391 449 508 562 609 644 667 675 667 644 609 562 508 450 391 337 290 
170 283 323 374 435 499 564 624 676 716 741 750 741 716 676 625 564 500 435 375 323 
170 311 355 412 478 549 621 687 744 788 815 825 815 788 744 687 621 550 478 412 355 
170 340 387 449 522 599 677 749 812 859 889 900 889 859 812 750 677 600 522 450 387 
100000 5669 6464 7499 8705 9999 11294 12499 13535 14330 14829 15000 14829 14330 13535 12500 11294 10000 8705 7500 6464 
1433 1353 1250 1129 1000 870 750 646 566 517 500 517 566 646 749 
873 987 1136 1309 1415 
860 994 1123 1279 1406 
833 957 1139 1241 1329 
842 969 1134 1232 1366 
873 966 1088 1251 1342 
868 1042 1110 1255 1418 
895 1001 1075 1242 1389 
866 1007 1130 1289 1302 
863 1013 1181 1289 1417 
837 1048 1137 1242 1403 
833 1007 1128 1284 1367 
848 1033 1089 1256 1317 
848 978 1166 1305 1365 
875 1036 1077 1247 1413 
895 988 1092 1265 1366 
894 973 1126 1259 1316 
884 1047 1118 1298 1409 
868 967 1120 1273 1338 
900 953 1149 1200 1312 
902 981 1101 1191 1416 
890 972 1129 1256 1390 
857 978 1166 1252 1406 
891 951 1076 1193 1354 
897 1025 1100 1280 1304 
856 1037 1135 1206 1330 
890 1024 1121 1249 1341 
862 1004 1086 1279 1361 
876 967 1146 1222 1414 
884 1007 1137 1233 1416 
883 1000 1153 1268 1403 
882 963 1113 1261 1346 
835 990 1106 1289 1339 
882 972 1086 1212 1308 
887 954 1179 1260 1378 
897 970 1097 1260 1373 
856 957 1145 1249 1293 
910 950 1148 1278 1362 
904 972 1129 1291 1392 
845 959 1127 1220 1316 
864 958 1093 1251 1392 
862 1047 1080 1279 1350 
899 1048 1135 1212 1321 
874 989 1161 1204 1302 
898 1047 1124 1258 1291 
848 953 1094 1244 1417 
864 1028 1168 1291 1299 
910 1031 1103 1236 1316 
896 994 1078 1201 1320 
862 958 1151 1234 1411 
878 1024 1177 1290 1329 
839 1002 1073 1274 1355 
828 977 1180 1290 1304 
832 971 1171 1228 1289 
837 991 1156 1291 1400 
913 976 1181 1189 1412 
890 1041 1136 1281 1303 
876 1037 1134 1293 1312 
853 988 1172 1285 1343 
855 958 1092 1201 1313 
845 1024 1155 1281 1420 
834 1015 1082 1311 1337 
856 973 1108 1309 1294 
899 962 1173 1290 1338 
912 1010 1094 1246 1392 
835 1028 1099 1260 1319 
848 988 1181 1275 1300 
853 959 1112 1280 1323 
866 986 1143 1256 1291 
834 1045 1088 1213 1377 
847 971 1074 1282 1364 
908 952 1078 1226 1351 
880 962 1173 1224 1374 
863 997 1084 1271 1355 
848 1047 1101 1293 1399 
895 1043 1177 1306 1326 
848 954 1132 1257 1301 
905 1000 1116 1250 1377 
880 1047 1098 1229 1311 
852 1046 1140 1241 1308 
864 966 1087 1189 1366 
913 977 1163 1203 1405 
880 990 1153 1229 1345 
905 1004 1181 1293 1409 
889 974 1146 1257 1367 
839 960 1096 1208 1312 
904 997 1093 1265 1311 
889 976 1091 1257 1349 
897 958 1108 1189 1377 
835 957 1154 1271 1370 
858 955 1157 1216 1385 
832 1049 1130 1246 1330 
837 986 1086 1310 1400 
906 959 1172 1269 1415 
885 1008 1107 1233 1328 
841 1029 1083 1295 1347 
908 978 1140 1294 1326 
856 1002 1107 1280 1306 
908 993 1105 1249 1384 
878 992 1160 1230 1386 
891 967 1179 1305 1421 
