50 11 20
36 100
170 112 96 85 77 75 77 85 96 112 130 149 169 187 203 214 222 225 222 214 203 187 169 150 130 112 96 85 77 75 77 85 96 112 130 149 169 187 203 214 222 225 222 214 203 187 169 150 130 112 96 
170 150 129 113 103 100 103 113 129 149 174 199 225 249 270 286 296 300 296 286 270 250 225 200 174 150 129 113 103 100 103 113 129 149 174 199 225 249 270 286 296 300 296 286 270 250 225 200 174 150 129 
170 187 161 141 129 125 129 141 161 187 217 249 282 312 338 358 370 375 370 358 338 312 282 250 217 187 161 141 129 125 129 141 161 187 217 249 282 312 338 358 370 375 370 358 338 312 282 250 217 187 161 
170 225 193 170 155 150 155 170 193 224 261 299 338 374 406 429 444 450 444 429 406 375 338 300 261 225 193 170 155 150 155 170 193 224 261 299 338 374 406 429 444 450 444 429 406 375 338 300 261 225 193 
170 262 226 198 180 175 180 198 226 262 304 349 395 437 473 501 519 525 519 501 473 437 395 350 304 262 226 198 180 175 180 198 226 262 304 349 395 437 473 501 519 525 519 501 473 437 395 350 304 262 226 
170 300 258 226 206 200 206 226 258 299 348 399 451 499 541 573 593 600 593 573 541 500 451 400 348 300 258 226 206 200 206 226 258 299 348 399 451 499 541 573 593 600 593 573 541 500 451 400 348 300 258 
170 337 290 255 232 225 232 255 290 337 391 449 508 562 609 644 667 675 667 644 609 562 508 450 391 337 290 255 232 225 232 255 290 337 391 449 508 562 609 644 667 675 667 644 609 562 508 450 391 337 290 
170 375 323 283 258 250 258 283 323 374 435 499 564 624 676 716 741 750 741 716 676 625 564 500 435 375 323 283 258 250 258 283 323 374 435 499 564 624 676 716 741 750 741 716 676 625 564 500 435 375 323 
170 412 355 311 284 275 284 311 355 412 478 549 621 687 744 788 815 825 815 788 744 687 621 550 478 412 355 311 284 275 284 311 355 412 478 549 621 687 744 788 815 825 815 788 744 687 621 550 478 412 355 
170 450 387 340 310 300 310 340 387 449 522 599 677 749 812 859 889 900 889 859 812 750 677 600 522 450 387 340 310 300 310 340 387 449 522 599 677 749 812 859 889 900 889 859 812 750 677 600 522 450 387 
100000 7500 6464 5669 5170 5000 5170 5669 6464 7499 8705 9999 11294 12499 13535 14330 14829 15000 14829 14330 13535 12500 11294 10000 8705 7500 6464 5669 5170 5000 5170 5669 6464 7499 8705 9999 11294 12499 13535 14330 14829 15000 14829 14330 13535 12500 11294 10000 8705 7500 6464 
1249 1353 1433 1482 1499 1482 1433 1353 1250 1129 1000 870 750 646 566 517 500 517 566 646 749 870 999 1129 1249 1353 1433 1482 1499 1482 1433 1353 1250 1129 1000 870 
831 735 497 573 538 595 510 646 821 812 900 1354 1494 1410 
779 712 544 423 418 483 655 663 741 923 1154 1317 1457 1234 
823 582 634 443 416 418 527 626 737 988 944 1354 1174 1278 
623 601 667 591 543 424 604 638 645 773 1170 1266 1226 1305 
631 763 503 548 424 526 646 640 817 996 997 1321 1400 1454 
872 742 636 610 585 513 615 708 825 773 985 1275 1406 1150 
722 572 543 586 532 608 624 547 873 890 1167 1016 1283 1360 
894 561 632 617 593 544 523 580 631 800 1027 981 1336 1127 
626 773 490 527 513 587 663 725 805 787 845 1178 1027 1189 
608 555 525 538 534 469 641 583 813 876 1161 1293 1257 1525 
640 530 580 450 533 483 651 574 896 938 1105 1315 1069 1496 
752 589 645 484 458 531 573 574 610 892 1068 1354 1202 1344 
744 747 601 475 474 462 582 714 651 934 887 941 1295 1490 
814 637 642 572 545 517 661 733 876 915 1039 1324 1069 1404 
724 690 545 454 554 595 591 574 774 890 1183 1274 1213 1261 
616 592 600 612 538 517 549 532 645 998 898 1127 1111 1173 
829 715 598 442 499 560 492 532 704 992 825 1035 1211 1524 
624 528 473 421 569 461 626 580 808 966 962 1307 1384 1181 
646 545 588 566 421 458 633 564 809 876 897 980 1317 1242 
689 626 653 574 476 588 603 527 792 868 1158 1120 1405 1487 
637 517 487 512 462 500 572 677 769 786 979 1325 1075 1331 
679 611 655 449 435 570 522 565 721 822 1000 921 1039 1572 
703 652 506 540 552 532 558 517 818 752 1041 1263 1448 1258 
613 729 526 594 593 452 505 754 652 922 944 1238 1386 1322 
838 570 545 515 550 455 507 587 704 791 987 1000 1375 1090 
752 772 618 479 523 514 458 536 654 1012 1038 1093 1170 1445 
625 548 503 550 516 451 554 650 630 802 881 1065 1378 1208 
756 725 471 546 402 541 568 675 838 975 966 1053 1414 1356 
836 529 528 541 568 613 580 596 823 722 1050 1106 1363 1402 
779 571 612 424 514 553 625 690 894 990 1016 928 1400 1536 
601 747 663 556 488 545 542 647 704 1005 1084 1078 1002 1330 
891 771 521 577 596 598 623 723 649 1026 866 1217 1189 1367 
894 764 555 600 525 614 584 744 612 867 944 1155 1328 1337 
804 680 664 492 417 418 643 673 604 762 918 909 1216 1602 
610 590 512 466 561 432 487 651 743 956 1194 1003 1456 1288 
802 576 491 467 513 513 665 608 656 943 1079 1217 1220 1408 
778 698 477 470 487 613 627 603 859 944 1164 1094 1045 1285 
736 664 504 526 470 453 595 718 771 734 909 1067 1034 1290 
777 698 478 484 547 483 569 689 836 784 858 1260 1411 1373 
697 664 530 614 473 518 678 698 608 811 847 1134 1487 1295 
613 739 481 540 512 460 669 610 796 997 1026 965 1422 1412 
819 610 500 568 516 442 554 679 664 810 826 911 1451 1487 
623 753 490 607 438 572 531 564 601 989 802 1040 1063 1460 
834 749 615 511 591 520 539 519 741 880 1189 1083 1283 1109 
647 555 633 573 455 498 593 532 751 860 924 949 1328 1130 
717 659 630 562 452 493 643 584 702 846 1019 1099 1186 1270 
848 598 476 497 560 456 476 761 852 833 1159 1265 1304 1531 
659 670 588 513 465 454 471 588 811 783 804 1059 1250 1085 
830 677 510 502 453 489 585 738 718 969 1126 918 1112 1205 
803 755 676 449 555 432 509 645 638 716 934 989 1201 1281 
710 536 487 590 587 543 608 731 864 877 1146 1161 1082 1582 
760 521 507 463 541 599 666 592 722 789 948 1166 1099 1439 
810 710 509 584 477 571 474 600 836 1040 1127 1269 1306 1464 
872 630 496 444 487 432 460 707 853 1020 1058 1108 1025 1621 
626 557 462 466 434 560 615 758 867 937 888 1109 1456 1462 
724 741 621 584 551 427 540 636 689 932 838 1345 1015 1583 
632 618 511 490 570 538 508 728 779 798 1151 1003 1020 1147 
760 526 620 461 564 560 657 711 764 972 1007 1043 1247 1307 
681 570 522 521 434 477 490 703 736 792 997 916 1327 1190 
722 629 533 468 422 527 573 650 893 786 819 1046 1259 1440 
658 678 677 446 548 543 634 535 759 1001 1005 1161 1021 1354 
772 595 652 535 513 524 606 598 642 770 961 1336 1210 1442 
752 603 679 503 573 580 529 771 608 840 1096 1195 1362 1206 
791 693 477 531 473 570 597 541 661 946 881 1099 1445 1600 
696 629 516 472 587 533 544 672 848 947 1075 985 999 1466 
735 525 483 615 493 418 559 708 848 782 858 1270 1387 1286 
745 710 618 501 417 473 514 700 701 972 900 1066 1108 1461 
839 586 651 542 468 566 675 568 754 972 920 1011 1014 1260 
741 598 525 441 479 485 478 774 702 810 1083 1235 1026 1458 
646 683 457 527 599 614 498 579 875 1044 931 1102 1446 1296 
638 587 481 471 502 545 560 733 652 803 1038 1238 1289 1535 
754 616 628 612 562 430 465 656 667 781 1152 1180 1394 1490 
629 701 524 509 562 620 534 546 606 798 986 1145 1194 1438 
850 641 483 529 437 598 573 580 607 712 1196 1089 1002 1220 
649 711 599 551 408 517 469 735 764 891 832 1146 1292 1218 
637 650 669 495 512 564 493 702 845 949 1080 980 1338 1410 
705 614 557 493 526 548 514 549 826 962 826 1176 1447 1113 
817 774 599 611 572 469 481 647 786 951 1094 1351 1054 1381 
601 600 625 530 497 437 521 582 666 786 1021 1006 1344 1575 
834 525 621 529 564 546 560 600 809 875 1002 1315 1469 1328 
802 657 529 469 502 466 531 629 780 964 1135 1207 1101 1357 
740 723 481 586 460 544 525 548 600 821 876 1234 1115 1182 
615 655 575 531 540 619 540 773 786 870 1042 1108 1367 1601 
893 696 498 472 417 491 497 748 691 739 884 1237 1488 1480 
832 525 603 502 409 464 573 642 710 848 1086 928 1045 1380 
843 665 630 571 442 532 491 635 772 772 1147 1318 1026 1328 
703 620 580 430 405 526 631 679 638 1008 853 1045 1035 1315 
722 518 457 593 463 511 559 709 788 975 966 1287 1092 1248 
891 569 547 575 596 423 603 630 781 717 1192 1069 1137 1243 
795 748 465 414 423 541 642 747 772 882 949 1318 1457 1119 
779 586 515 481 432 518 645 642 821 906 911 1150 1003 1532 
670 635 636 462 495 575 542 688 628 1001 930 909 1066 1555 
875 718 531 475 541 512 516 700 883 721 958 978 1281 1595 
751 745 583 533 424 604 541 636 633 782 807 1070 1096 1620 
786 674 597 478 472 471 633 678 623 771 1097 1162 1336 1403 
813 682 625 607 504 544 564 648 842 701 812 1219 1065 1238 
811 661 645 494 438 416 637 623 845 995 1087 1088 1197 1183 
690 718 575 463 405 607 673 619 786 942 1112 1027 1026 1189 
626 681 503 540 413 442 475 703 854 883 994 1096 1116 1304 
655 574 608 427 535 598 583 688 653 808 870 956 1086 1474 
