10 3 20
4 50
850 75 77 85 96 112 130 149 169 187 203 
850 100 103 113 129 149 174 199 225 249 270 
100000 5000 5170 5669 6464 7499 8705 9999 11294 12499 13535 
1499 1482 1433 1353 
1391 1214 826 841 622 761 
1206 1106 983 790 670 743 
1334 1207 953 1035 857 585 
1157 1148 1077 819 796 648 
1202 1215 946 999 859 663 
1148 1082 931 701 743 546 
1442 1266 805 1040 674 630 
1462 1274 1183 1023 821 725 
1304 1146 892 939 650 536 
1058 956 805 798 619 742 
1374 1236 1142 996 726 645 
1023 1120 886 866 890 766 
1111 1141 966 943 714 742 
1432 906 873 870 769 550 
1118 1253 937 801 682 724 
1235 1111 1086 736 731 599 
1182 1345 1189 934 700 764 
1077 1124 1122 707 886 657 
1349 1334 829 836 861 530 
1188 1091 1159 769 847 606 
1042 1021 879 891 825 640 
1232 1020 968 838 651 704 
1484 1245 1069 704 713 658 
1256 976 854 785 866 558 
1460 986 973 1040 785 705 
1135 1300 927 980 771 757 
1161 992 1027 877 849 730 
1138 1108 929 710 851 609 
1146 1246 1111 783 715 632 
1029 1257 1021 1038 670 546 
1168 1025 1041 998 843 697 
1321 985 941 778 782 590 
1399 1067 1055 893 620 655 
1093 1192 1150 854 647 604 
1303 1258 1019 742 888 678 
1493 1314 983 825 891 678 
1185 1009 870 962 672 557 
1329 939 1000 781 698 671 
1172 1166 990 819 726 647 
1388 1265 975 742 763 620 
1152 1079 1049 812 856 557 
1368 1271 1109 992 796 768 
1426 950 806 964 623 722 
1067 1323 1103 732 802 602 
1091 1298 992 993 892 758 
1225 962 1083 918 837 566 
1433 1062 993 847 830 531 
1142 1329 1008 984 656 664 
1322 1093 1028 969 716 676 
1490 1238 958 915 849 659 
