10 6 20
8 50
340 77 75 77 85 96 112 130 149 169 187 
340 103 100 103 113 129 149 174 199 225 249 
340 129 125 129 141 161 187 217 249 282 312 
340 155 150 155 170 193 224 261 299 338 374 
340 180 175 180 198 226 262 304 349 395 437 
100000 5170 5000 5170 5669 6464 7499 8705 9999 11294 12499 
1482 1499 1482 1433 1353 1250 1129 1000 
844 779 
856 750 
903 755 
853 739 
898 761 
888 774 
856 758 
879 712 
898 760 
894 785 
833 758 
839 752 
869 742 
870 779 
866 754 
873 735 
875 752 
887 750 
906 758 
894 768 
853 742 
892 729 
850 734 
896 781 
828 765 
906 744 
852 744 
853 780 
900 785 
891 769 
900 723 
830 716 
909 782 
837 740 
841 762 
864 721 
844 768 
873 782 
890 780 
871 732 
830 719 
894 761 
861 721 
858 785 
904 724 
910 715 
903 729 
900 772 
899 751 
827 761 
