10 3 20
4 50
850 77 75 77 85 96 112 130 149 169 187 
850 103 100 103 113 129 149 174 199 225 249 
100000 5170 5000 5170 5669 6464 7499 8705 9999 11294 12499 
1482 1499 1482 1433 
1525 1028 1287 1180 933 747 
1235 1033 1010 1049 992 684 
1263 1310 1124 817 820 780 
1343 1013 996 1039 700 707 
1612 1205 1332 852 970 895 
1130 1274 1233 958 899 758 
1330 1016 1247 842 800 622 
1115 1255 1100 1149 798 670 
1118 1141 1347 1176 720 781 
1591 1275 943 869 994 711 
1373 1115 947 1038 864 637 
1309 1007 1305 998 988 684 
1170 1240 1067 1043 868 771 
1520 1084 1337 879 842 640 
1539 1319 1131 1051 743 707 
1530 1221 1233 936 1020 872 
1204 1275 980 1083 981 627 
1417 1011 1041 856 904 840 
1390 1147 920 1026 908 718 
1300 1260 1147 962 823 712 
1364 1250 1353 1074 729 863 
1431 1034 1329 983 783 639 
1319 1002 1042 985 715 848 
1189 1273 928 1038 725 863 
1310 1191 966 891 879 769 
1229 1146 1125 1043 730 798 
1464 1191 1077 954 861 627 
1439 1009 1028 954 766 741 
1397 1393 989 1003 940 897 
1160 1135 1197 860 846 780 
1354 1379 932 1038 744 646 
1327 1072 1342 941 834 865 
1349 1084 1353 933 771 706 
1457 1309 1309 1089 765 772 
1402 1482 1131 1049 836 645 
1447 1106 1137 1034 934 667 
1300 1044 1345 853 925 678 
1090 1152 1139 1152 853 675 
1337 1498 1021 882 997 845 
1318 1426 975 1191 887 761 
1415 1149 1289 1138 1033 787 
1168 1418 928 1128 762 853 
1550 1273 1205 843 1019 863 
1522 1081 1178 950 865 675 
1178 1359 1223 1066 759 735 
1490 1170 938 1195 888 751 
1398 1205 1181 1123 949 669 
1184 1355 921 1048 1002 743 
1578 1142 1109 1074 883 753 
1105 1242 1076 1015 842 768 
