20 2 20
11 50
1700 112 96 85 77 75 77 85 96 112 130 149 169 187 203 214 222 225 222 214 203 
100000 7500 6464 5669 5170 5000 5170 5669 6464 7499 8705 9999 11294 12499 13535 14330 14829 15000 14829 14330 13535 
1249 1353 1433 1482 1499 1482 1433 1353 1250 1129 1000 
878 816 579 533 513 568 542 644 657 
940 894 720 501 528 547 584 521 584 
1033 714 553 569 618 540 586 671 638 
861 840 641 668 433 455 513 515 580 
717 782 758 628 449 522 563 579 684 
988 823 623 501 431 434 543 463 571 
975 671 597 529 575 526 574 455 674 
888 626 539 613 442 413 583 605 537 
933 851 683 551 591 492 557 515 772 
770 837 701 499 568 448 500 507 568 
743 654 532 492 559 534 613 511 552 
1033 731 633 612 603 471 470 634 769 
1019 883 719 580 607 492 432 583 671 
1026 779 552 611 424 551 447 514 735 
822 853 652 661 520 528 452 492 706 
1015 622 527 589 561 404 521 466 747 
1031 865 695 475 474 470 414 623 609 
913 671 670 483 542 508 603 670 575 
745 612 630 540 479 432 477 558 723 
745 724 555 546 485 511 566 579 554 
857 664 629 471 516 569 515 554 634 
983 617 571 465 528 527 415 543 570 
994 664 550 475 515 543 508 565 663 
865 844 648 677 527 470 520 612 628 
1035 868 722 604 443 494 529 568 569 
870 895 610 538 511 516 436 497 700 
736 863 673 668 434 464 500 655 683 
734 696 763 560 529 449 441 623 563 
766 697 659 469 493 572 518 654 713 
954 775 606 623 473 490 418 545 678 
850 707 683 635 520 518 582 665 581 
941 709 561 525 592 543 588 537 678 
759 801 742 528 424 457 576 655 686 
713 790 652 566 486 569 525 534 616 
1022 822 612 590 493 512 614 640 722 
897 864 576 499 488 549 450 473 624 
987 630 766 492 484 482 440 616 677 
932 728 597 460 618 518 466 592 725 
720 693 597 481 583 428 615 539 537 
1025 856 735 567 586 557 598 619 544 
992 606 711 661 536 573 440 579 703 
766 752 726 516 436 468 534 500 600 
830 705 613 661 593 501 589 533 729 
783 805 543 576 425 561 568 602 617 
816 872 711 599 429 560 424 464 564 
980 624 644 474 600 563 612 576 567 
798 794 695 592 430 456 494 650 698 
1001 730 689 532 493 577 517 664 624 
816 843 759 586 464 584 416 591 770 
888 837 700 463 469 581 503 660 709 
