10 6 20
4 10
340 96 112 130 149 169 187 203 214 222 225 
340 129 149 174 199 225 249 270 286 296 300 
340 161 187 217 249 282 312 338 358 370 375 
340 193 224 261 299 338 374 406 429 444 450 
340 226 262 304 349 395 437 473 501 519 525 
100000 6464 7499 8705 9999 11294 12499 13535 14330 14829 15000 
1353 1250 1129 1000 
832 762 624 590 497 486 
910 737 670 561 507 476 
859 776 640 560 540 481 
856 761 677 569 527 519 
840 773 618 568 502 479 
864 780 665 555 510 501 
894 755 632 572 519 512 
833 728 625 575 493 487 
887 786 619 545 537 515 
911 717 661 564 492 475 
