10 3 20
4 100
850 77 85 96 112 130 149 169 187 203 214 
850 103 113 129 149 174 199 225 249 270 286 
100000 5170 5669 6464 7499 8705 9999 11294 12499 13535 14330 
1482 1433 1353 1250 
1273 825 704 793 532 493 
1177 1139 843 779 632 466 
1094 912 947 657 632 464 
1124 1170 826 635 526 474 
980 1071 703 775 536 619 
1265 1083 851 873 735 550 
1291 1022 851 752 669 600 
1216 1196 707 886 518 455 
969 1198 714 709 669 479 
1096 1157 876 704 755 457 
1256 927 946 756 641 648 
1081 1189 895 782 518 631 
1160 911 753 710 762 637 
1100 943 814 648 739 540 
961 1169 1041 698 648 561 
1030 1028 920 877 552 494 
1338 1016 874 751 585 655 
1071 866 919 717 746 651 
1290 1017 923 621 594 562 
1292 1154 712 644 691 522 
975 1106 951 630 730 634 
927 970 835 656 581 589 
1343 818 818 897 659 566 
945 1016 838 886 520 637 
1250 990 773 633 610 563 
969 1032 1027 756 548 637 
1113 912 762 856 714 595 
1307 865 940 845 638 551 
1139 1076 781 824 574 665 
1173 839 1028 681 603 600 
928 1087 969 826 732 598 
1137 902 927 844 771 657 
1129 907 1023 739 624 464 
1340 1004 778 799 521 502 
1305 985 768 686 655 584 
1265 970 726 820 696 514 
1008 1041 767 697 646 663 
1172 1137 879 639 542 477 
930 1062 977 628 737 612 
1041 801 1033 787 607 584 
1201 1083 853 817 616 568 
1217 965 707 748 694 510 
908 896 1009 841 572 638 
1042 812 885 801 689 655 
1351 1072 774 758 770 586 
1025 805 1024 768 600 490 
1280 843 810 694 670 678 
1214 1048 769 743 642 623 
1095 1010 947 759 708 501 
1332 981 956 623 544 574 
1093 1046 1015 745 638 598 
1211 1079 801 810 737 668 
1240 946 749 705 536 556 
1206 997 860 615 700 508 
1129 993 965 653 692 669 
1131 847 959 621 765 618 
1261 808 699 792 677 576 
1013 854 967 742 578 615 
1152 826 865 805 553 629 
1293 857 918 838 767 522 
1272 1188 761 816 625 545 
1264 923 1022 719 518 599 
1167 1193 765 760 636 629 
1050 926 891 695 693 641 
1216 1074 1041 766 758 576 
947 1165 927 715 554 482 
1267 865 883 796 618 463 
1168 1077 1033 741 551 601 
914 929 701 634 771 523 
1234 902 993 704 549 485 
970 887 847 881 564 462 
1166 983 798 897 518 459 
955 1132 1007 639 647 576 
983 1134 756 828 548 546 
1210 886 981 648 726 666 
1131 1166 1042 722 766 486 
1270 951 1019 656 572 593 
1242 1013 883 667 589 598 
1308 1133 762 684 536 527 
1211 1137 859 698 737 582 
1009 884 906 668 560 632 
1088 860 855 731 731 483 
1301 1147 710 637 661 517 
1047 897 984 619 707 459 
1069 1138 1026 719 553 457 
1110 941 784 757 542 629 
1050 855 763 724 643 644 
968 978 893 801 739 588 
1146 1060 978 693 758 467 
951 1179 753 825 620 546 
1111 1099 1037 669 637 641 
1309 1040 729 696 637 508 
1244 1126 1031 789 649 462 
1315 1032 805 775 714 579 
1277 1093 804 832 526 467 
1229 1018 750 627 641 626 
1330 1066 739 626 536 521 
947 1108 892 652 667 575 
1328 832 911 770 566 662 
1086 812 728 627 536 469 
