20 3 20
11 5
850 130 112 96 85 77 75 77 85 96 112 130 149 169 187 203 214 222 225 222 214 
850 174 150 129 113 103 100 103 113 129 149 174 199 225 249 270 286 296 300 296 286 
100000 8705 7500 6464 5669 5170 5000 5170 5669 6464 7499 8705 9999 11294 12499 13535 14330 14829 15000 14829 14330 
1129 1249 1353 1433 1482 1499 1482 1433 1353 1250 1129 
766 529 984 580 735 668 578 375 324 
1033 1091 886 534 359 673 531 295 687 
1385 1041 536 838 881 373 265 814 692 
1191 1245 471 1033 832 568 781 352 370 
775 721 605 289 577 400 735 702 867 
