5 6 20
4 50
340 130 112 96 85 77 
340 174 150 129 113 103 
340 217 187 161 141 129 
340 261 225 193 170 155 
340 304 262 226 198 180 
100000 8705 7500 6464 5669 5170 
1129 1249 1353 1433 
1012 
1092 
2053 
2181 
2277 
1355 
924 
1306 
1469 
2218 
1241 
2330 
1342 
981 
624 
1991 
1059 
870 
600 
2141 
1561 
1828 
1070 
1217 
1564 
1600 
1289 
1745 
623 
2371 
1970 
2030 
1598 
1328 
2225 
1546 
2279 
1358 
1976 
619 
2330 
652 
1744 
805 
1042 
1007 
1578 
792 
1416 
702 
