20 11 20
11 100
170 75 77 85 96 112 130 149 169 187 203 214 222 225 222 214 203 187 169 150 130 
170 100 103 113 129 149 174 199 225 249 270 286 296 300 296 286 270 250 225 200 174 
170 125 129 141 161 187 217 249 282 312 338 358 370 375 370 358 338 312 282 250 217 
170 150 155 170 193 224 261 299 338 374 406 429 444 450 444 429 406 375 338 300 261 
170 175 180 198 226 262 304 349 395 437 473 501 519 525 519 501 473 437 395 350 304 
170 200 206 226 258 299 348 399 451 499 541 573 593 600 593 573 541 500 451 400 348 
170 225 232 255 290 337 391 449 508 562 609 644 667 675 667 644 609 562 508 450 391 
170 250 258 283 323 374 435 499 564 624 676 716 741 750 741 716 676 625 564 500 435 
170 275 284 311 355 412 478 549 621 687 744 788 815 825 815 788 744 687 621 550 478 
170 300 310 340 387 449 522 599 677 749 812 859 889 900 889 859 812 750 677 600 522 
100000 5000 5170 5669 6464 7499 8705 9999 11294 12499 13535 14330 14829 15000 14829 14330 13535 12500 11294 10000 8705 
1499 1482 1433 1353 1250 1129 1000 870 750 646 566 
509 482 541 577 673 772 885 971 1146 
540 485 518 545 658 740 894 1032 1107 
500 493 521 574 623 756 888 1007 1099 
540 515 511 592 642 787 859 981 1178 
501 476 492 542 673 759 897 1012 1131 
504 480 527 579 618 722 838 988 1082 
514 516 495 541 624 786 883 1030 1156 
519 491 529 575 616 751 867 1038 1086 
525 513 511 583 656 755 887 1048 1075 
499 496 494 548 633 743 841 964 1147 
536 476 509 594 625 783 843 997 1183 
527 498 492 551 619 746 859 1014 1154 
505 485 499 549 667 718 841 1002 1129 
505 520 527 552 628 764 906 963 1076 
526 480 536 563 649 786 883 1022 1163 
517 492 494 564 642 718 895 979 1151 
525 475 528 554 676 714 869 994 1087 
499 480 534 548 623 742 857 966 1080 
532 488 521 575 617 775 901 955 1184 
505 510 495 573 663 751 883 1014 1114 
495 511 516 551 618 746 904 984 1143 
524 484 534 555 637 741 855 1032 1185 
497 490 541 546 650 785 899 1042 1110 
516 519 508 578 627 740 880 1043 1155 
531 511 541 555 653 778 881 1009 1182 
541 486 502 586 618 782 829 962 1151 
530 502 492 553 638 773 890 1047 1174 
521 489 492 570 644 745 840 1003 1176 
502 493 491 565 638 719 861 990 1082 
502 477 539 553 662 738 863 1036 1085 
513 499 513 543 643 755 851 987 1166 
532 509 518 594 664 750 886 986 1093 
498 502 504 574 677 784 898 1031 1157 
535 492 506 590 653 774 842 1037 1161 
532 507 529 549 673 783 887 971 1176 
531 499 516 562 631 743 890 980 1077 
539 517 505 555 643 726 913 979 1147 
541 509 507 562 663 755 876 958 1085 
528 522 491 550 625 724 843 1005 1142 
496 513 523 558 619 734 873 965 1171 
528 501 527 583 652 750 900 971 1173 
506 508 516 573 667 778 890 1021 1078 
533 502 519 580 623 781 847 1034 1110 
520 495 531 593 668 735 847 966 1140 
499 506 531 540 650 734 842 1037 1149 
498 510 542 557 673 721 901 999 1184 
537 515 510 569 645 760 875 995 1173 
510 500 504 551 665 771 899 1029 1161 
501 486 511 570 649 785 849 984 1170 
520 502 510 591 636 746 886 963 1133 
501 514 491 566 668 746 831 966 1073 
535 517 528 585 633 714 841 1033 1154 
515 489 508 550 664 736 898 1023 1158 
541 484 507 538 624 722 903 952 1177 
514 523 497 543 666 755 886 1045 1137 
504 512 532 554 668 763 843 989 1169 
491 482 535 589 664 719 837 979 1175 
512 482 494 583 671 718 878 991 1158 
501 479 524 557 642 726 870 984 1149 
532 492 534 576 639 783 876 1032 1094 
532 476 492 543 629 773 852 1038 1126 
523 515 535 542 648 779 903 950 1156 
519 498 539 578 627 769 884 1003 1082 
531 499 528 542 631 759 844 987 1183 
535 501 536 550 629 744 861 964 1147 
506 519 532 540 622 769 854 963 1106 
505 489 528 573 632 775 912 981 1092 
497 523 498 560 621 720 855 990 1099 
500 511 510 577 633 758 859 1048 1180 
520 506 531 577 626 751 850 1013 1137 
525 484 502 577 674 719 877 993 1184 
515 514 518 573 648 742 829 1046 1134 
517 503 529 594 676 728 864 1029 1144 
542 513 538 565 674 732 857 997 1153 
511 519 497 583 666 777 842 956 1125 
542 520 539 544 654 736 902 1015 1146 
503 490 499 542 644 783 833 1032 1101 
510 521 523 568 674 770 874 972 1076 
501 524 491 564 621 777 894 963 1126 
527 485 534 591 626 780 845 1006 1098 
499 519 528 588 678 757 841 971 1136 
512 501 512 569 615 732 856 999 1169 
540 512 540 562 643 740 838 983 1147 
498 478 509 541 658 725 845 969 1114 
525 498 502 545 632 778 858 973 1145 
529 514 505 556 674 755 875 990 1150 
498 477 517 588 621 743 898 974 1163 
528 495 540 551 670 726 907 955 1098 
534 504 498 542 619 733 852 951 1142 
493 515 520 541 671 738 832 971 1133 
532 486 500 569 657 747 848 1020 1158 
509 499 540 558 629 776 863 1047 1109 
512 515 542 571 615 716 889 990 1163 
496 506 517 574 677 745 841 964 1179 
505 519 518 576 673 720 866 1021 1128 
526 496 535 551 662 719 879 1037 1170 
522 498 519 540 646 750 848 988 1136 
516 524 499 579 631 780 895 1010 1143 
496 512 538 560 654 787 837 1047 1120 
513 506 491 571 653 780 860 1028 1157 
