20 3 20
11 50
850 112 130 149 169 187 203 214 222 225 222 214 203 187 169 150 130 112 96 85 77 
850 149 174 199 225 249 270 286 296 300 296 286 270 250 225 200 174 150 129 113 103 
100000 7499 8705 9999 11294 12499 13535 14330 14829 15000 14829 14330 13535 12500 11294 10000 8705 7500 6464 5669 5170 
1250 1129 1000 870 750 646 566 517 500 517 566 
620 768 834 1027 1136 1228 1293 1493 1455 
631 732 878 1009 1098 1190 1314 1411 1434 
652 739 865 964 1120 1208 1335 1420 1538 
659 714 885 980 1081 1206 1285 1379 1489 
673 744 829 977 1134 1256 1404 1367 1434 
635 744 866 1036 1101 1236 1297 1389 1437 
615 724 833 960 1156 1310 1336 1467 1555 
668 782 887 1026 1150 1266 1415 1372 1430 
675 726 900 977 1167 1296 1330 1450 1446 
663 763 902 962 1142 1283 1399 1405 1481 
665 781 828 1048 1170 1294 1357 1420 1413 
669 750 850 1045 1075 1284 1311 1480 1420 
676 752 869 973 1150 1309 1351 1421 1541 
625 723 871 1040 1159 1209 1404 1460 1556 
673 781 845 956 1178 1286 1296 1438 1541 
615 748 909 994 1112 1263 1396 1376 1472 
649 746 895 1001 1173 1245 1302 1369 1547 
645 786 851 1032 1096 1260 1350 1428 1545 
642 736 878 1027 1136 1288 1384 1385 1449 
618 755 835 1035 1175 1242 1304 1440 1414 
627 782 835 1047 1150 1255 1325 1454 1494 
673 770 872 951 1137 1249 1339 1503 1536 
622 764 863 1042 1173 1227 1339 1441 1541 
677 727 853 1018 1182 1272 1402 1499 1460 
657 725 839 1013 1166 1214 1404 1456 1527 
676 712 828 1046 1128 1213 1358 1458 1501 
665 732 852 975 1167 1256 1401 1442 1423 
638 775 861 958 1169 1262 1414 1440 1546 
624 719 891 959 1182 1237 1400 1405 1545 
628 779 898 1032 1075 1250 1310 1392 1419 
663 721 886 1038 1146 1240 1412 1431 1452 
662 743 896 999 1113 1301 1332 1458 1501 
671 749 902 998 1182 1243 1387 1448 1471 
627 748 863 1034 1156 1215 1389 1383 1494 
624 739 910 1046 1171 1301 1324 1504 1544 
668 719 882 998 1143 1206 1320 1487 1534 
675 743 897 1006 1098 1265 1304 1424 1493 
668 731 842 1047 1105 1242 1361 1446 1483 
652 771 878 964 1155 1230 1347 1428 1470 
619 755 912 1017 1162 1239 1312 1441 1548 
629 716 905 1028 1129 1286 1331 1452 1418 
614 731 865 976 1139 1273 1344 1493 1437 
668 786 868 966 1095 1258 1309 1410 1557 
667 760 891 1047 1138 1270 1369 1378 1421 
644 776 864 950 1135 1197 1330 1442 1424 
651 776 869 960 1124 1197 1414 1409 1546 
615 731 845 984 1138 1250 1370 1474 1483 
674 781 896 964 1082 1190 1304 1498 1520 
666 725 860 1004 1182 1270 1322 1389 1433 
650 733 871 1045 1161 1256 1407 1380 1461 
