10 11 20
6 50
170 96 85 77 75 77 85 96 112 130 149 
170 129 113 103 100 103 113 129 149 174 199 
170 161 141 129 125 129 141 161 187 217 249 
170 193 170 155 150 155 170 193 224 261 299 
170 226 198 180 175 180 198 226 262 304 349 
170 258 226 206 200 206 226 258 299 348 399 
170 290 255 232 225 232 255 290 337 391 449 
170 323 283 258 250 258 283 323 374 435 499 
170 355 311 284 275 284 311 355 412 478 549 
170 387 340 310 300 310 340 387 449 522 599 
100000 6464 5669 5170 5000 5170 5669 6464 7499 8705 9999 
1353 1433 1482 1499 1482 1433 
1706 1973 1054 769 
1191 918 559 576 
1672 1715 1301 1439 
695 544 1096 1066 
629 1811 946 1406 
1631 1466 627 1026 
731 1344 967 887 
1459 1810 1277 1445 
1884 1699 1351 768 
1219 844 560 408 
972 1188 760 1116 
1823 1755 1458 1132 
1446 1492 752 745 
949 748 1312 656 
784 1910 1040 1430 
1923 1453 1567 1179 
1289 927 667 1167 
2082 645 1745 852 
2019 586 1054 492 
1247 779 716 1211 
1059 1682 1418 1444 
1062 1333 1176 1275 
1664 1763 1476 1578 
1677 1971 1093 1075 
1126 1943 598 1026 
689 1007 559 1452 
1386 1527 1525 1020 
790 1196 1022 1290 
749 1458 1045 1046 
1796 1821 962 609 
833 1561 1510 664 
1400 1108 1562 1099 
1129 610 1173 1171 
1413 1446 688 516 
674 708 1301 1113 
1611 916 927 1315 
1950 972 1590 1254 
696 1140 524 1144 
777 1538 1519 984 
1110 1439 1082 1178 
1182 1373 854 585 
1467 1804 864 1111 
1631 1904 654 949 
963 1176 804 1196 
1373 1457 731 737 
1143 1548 1537 532 
888 1508 1671 595 
1789 1365 934 1203 
1324 750 600 1219 
654 752 1640 1469 
