5 2 20
2 50
1700 150 130 112 96 85 
100000 10000 8705 7500 6464 5669 
1000 1129 
1196 1380 1385 
1224 1418 1389 
1285 1382 1383 
1281 1408 1495 
1306 1336 1467 
1199 1305 1480 
1220 1286 1449 
1300 1321 1404 
1303 1298 1389 
1231 1332 1496 
1311 1295 1412 
1280 1406 1499 
1239 1397 1421 
1241 1400 1379 
1251 1396 1446 
1227 1296 1383 
1301 1309 1476 
1190 1360 1407 
1262 1372 1440 
1222 1359 1420 
1215 1396 1445 
1210 1351 1428 
1305 1345 1502 
1230 1348 1442 
1227 1289 1482 
1254 1386 1466 
1197 1295 1443 
1243 1399 1466 
1296 1323 1407 
1293 1352 1469 
1218 1393 1367 
1218 1350 1454 
1300 1320 1500 
1258 1410 1477 
1255 1417 1473 
1264 1315 1487 
1281 1325 1422 
1255 1394 1404 
1203 1372 1474 
1293 1411 1387 
1275 1347 1394 
1244 1371 1426 
1274 1295 1440 
1196 1396 1437 
1241 1332 1366 
1229 1408 1450 
1207 1286 1496 
1286 1357 1374 
1284 1288 1450 
1262 1353 1392 
