10 6 20
4 10
340 77 75 77 85 96 112 130 149 169 187 
340 103 100 103 113 129 149 174 199 225 249 
340 129 125 129 141 161 187 217 249 282 312 
340 155 150 155 170 193 224 261 299 338 374 
340 180 175 180 198 226 262 304 349 395 437 
100000 5170 5000 5170 5669 6464 7499 8705 9999 11294 12499 
1482 1499 1482 1433 
1345 1297 1165 968 842 754 
1406 1204 1081 1017 893 783 
1322 1259 1147 998 908 773 
1290 1259 1139 979 867 720 
1325 1231 1164 987 888 756 
1294 1272 1076 1036 887 771 
1375 1218 1100 978 889 734 
1410 1266 1094 990 888 758 
1415 1288 1077 979 852 767 
1337 1190 1094 993 900 762 
