10 6 20
6 10
340 112 96 85 77 75 77 85 96 112 130 
340 150 129 113 103 100 103 113 129 149 174 
340 187 161 141 129 125 129 141 161 187 217 
340 225 193 170 155 150 155 170 193 224 261 
340 262 226 198 180 175 180 198 226 262 304 
100000 7500 6464 5669 5170 5000 5170 5669 6464 7499 8705 
1249 1353 1433 1482 1499 1482 
938 931 1418 1774 
1255 920 543 1028 
1073 1881 1152 1322 
1226 828 505 1326 
1457 1397 697 985 
2064 1694 1657 680 
1712 1075 1667 1696 
635 1456 1039 814 
2040 670 848 1045 
2025 542 1351 1500 
