5 3 20
4 100
850 77 75 77 85 96 
850 103 100 103 113 129 
100000 5170 5000 5170 5669 6464 
1482 1499 1482 1433 
1085 
1269 
1309 
1622 
1148 
1567 
1333 
1418 
1346 
1405 
1321 
1621 
1503 
1332 
1472 
1244 
1152 
1388 
1140 
1371 
1492 
1129 
1124 
1478 
1475 
1560 
1325 
1501 
1538 
1433 
1219 
1455 
1170 
1246 
1619 
1488 
1116 
1429 
1624 
1208 
1266 
1571 
1173 
1172 
1259 
1249 
1454 
1588 
1342 
1171 
1130 
1112 
1304 
1439 
1226 
1619 
1525 
1574 
1461 
1263 
1261 
1274 
1417 
1192 
1438 
1153 
1246 
1197 
1134 
1333 
1222 
1530 
1515 
1462 
1334 
1347 
1526 
1140 
1317 
1249 
1277 
1587 
1239 
1471 
1204 
1604 
1399 
1562 
1592 
1099 
1123 
1222 
1355 
1441 
1181 
1122 
1195 
1310 
1265 
1180 
