20 11 20
15 50
170 130 149 169 187 203 214 222 225 222 214 203 187 169 150 130 112 96 85 77 75 
170 174 199 225 249 270 286 296 300 296 286 270 250 225 200 174 150 129 113 103 100 
170 217 249 282 312 338 358 370 375 370 358 338 312 282 250 217 187 161 141 129 125 
170 261 299 338 374 406 429 444 450 444 429 406 375 338 300 261 225 193 170 155 150 
170 304 349 395 437 473 501 519 525 519 501 473 437 395 350 304 262 226 198 180 175 
170 348 399 451 499 541 573 593 600 593 573 541 500 451 400 348 300 258 226 206 200 
170 391 449 508 562 609 644 667 675 667 644 609 562 508 450 391 337 290 255 232 225 
170 435 499 564 624 676 716 741 750 741 716 676 625 564 500 435 375 323 283 258 250 
170 478 549 621 687 744 788 815 825 815 788 744 687 621 550 478 412 355 311 284 275 
170 522 599 677 749 812 859 889 900 889 859 812 750 677 600 522 450 387 340 310 300 
100000 8705 9999 11294 12499 13535 14330 14829 15000 14829 14330 13535 12500 11294 10000 8705 7500 6464 5669 5170 5000 
1129 1000 870 750 646 566 517 500 517 566 646 749 870 999 1129 
620 799 1897 2042 1133 
1628 2061 1375 2230 697 
1664 2031 609 1070 2286 
1932 1469 2260 1767 1219 
930 1356 813 1747 1582 
1993 1330 927 2074 625 
1289 1516 1773 1479 885 
1214 1661 2054 1440 672 
834 940 1233 755 2164 
1306 2037 2157 635 1033 
519 2062 1293 2025 2166 
1003 1291 1418 1931 1853 
1782 1171 1113 2029 1455 
1470 959 1587 2326 1594 
1252 1290 703 1503 1674 
1957 596 1521 1647 718 
830 1240 727 2043 1164 
1923 1651 2209 692 1593 
1285 650 653 2058 980 
1703 1421 2229 1915 2182 
1594 1900 1830 1169 1402 
1551 1537 1795 2026 936 
602 1822 1800 1736 1253 
969 1716 1313 2096 1412 
825 968 1082 1627 1265 
774 1160 2024 2147 1092 
1825 1006 2085 1826 2358 
1911 773 803 996 1827 
1728 1013 1534 960 2219 
1157 2002 2262 1915 1880 
1569 1364 1736 908 887 
1578 753 1084 737 2236 
929 1961 1506 2323 1845 
604 775 1166 2054 1675 
1735 1312 663 1799 1264 
734 571 2030 1230 1666 
1718 907 1848 1500 618 
975 1836 884 2336 2339 
1494 1670 1337 1535 918 
974 1802 2091 1007 1116 
1967 1108 1232 2192 2089 
699 1998 906 866 1265 
1989 757 1801 1255 1458 
1355 1578 872 1457 2195 
1865 2097 1556 1688 2133 
1208 1900 2151 752 634 
1005 924 2217 795 1465 
1972 1858 1274 1721 1667 
849 2119 1693 2036 1635 
1284 1449 1462 2061 1872 
