10 6 20
6 100
340 112 130 149 169 187 203 214 222 225 222 
340 149 174 199 225 249 270 286 296 300 296 
340 187 217 249 282 312 338 358 370 375 370 
340 224 261 299 338 374 406 429 444 450 444 
340 262 304 349 395 437 473 501 519 525 519 
100000 7499 8705 9999 11294 12499 13535 14330 14829 15000 14829 
1250 1129 1000 870 750 646 
554 522 484 537 
581 532 501 534 
574 493 480 505 
559 526 489 511 
549 516 523 513 
591 518 511 523 
559 515 523 506 
583 511 482 501 
578 541 491 524 
559 496 521 506 
560 536 522 499 
570 537 506 522 
575 535 513 496 
541 515 514 515 
540 518 490 498 
571 506 520 518 
567 492 509 529 
591 519 522 531 
568 495 521 531 
593 497 521 536 
586 504 512 525 
559 501 494 536 
556 524 504 530 
560 500 506 511 
569 494 485 496 
562 541 518 496 
561 515 495 530 
564 519 493 521 
558 528 495 503 
557 495 486 521 
582 539 488 513 
541 506 489 521 
543 540 477 492 
583 503 512 538 
582 511 476 497 
584 516 511 491 
549 539 503 502 
560 520 508 500 
563 494 478 534 
560 541 504 532 
590 497 504 496 
591 511 492 528 
590 535 502 498 
586 508 505 501 
588 498 485 513 
590 501 515 495 
583 507 519 540 
545 526 521 517 
553 524 495 506 
581 516 479 535 
568 513 476 516 
555 521 488 495 
559 501 500 542 
555 524 501 519 
584 519 519 497 
540 540 497 495 
585 499 493 537 
544 530 485 516 
586 505 510 501 
589 534 509 513 
544 519 520 509 
588 522 491 526 
589 504 496 492 
584 512 475 527 
582 537 497 519 
584 513 504 526 
567 499 477 523 
557 530 504 537 
594 501 478 509 
593 538 500 514 
593 515 477 526 
545 532 483 512 
580 527 522 503 
575 538 517 505 
574 513 511 513 
553 497 494 536 
560 533 516 497 
585 517 476 523 
559 535 503 515 
574 538 486 495 
586 542 490 505 
561 526 493 491 
587 493 507 526 
555 532 488 528 
546 521 489 500 
578 511 504 535 
593 524 524 496 
591 526 484 514 
576 531 488 510 
583 505 483 513 
550 519 522 530 
542 529 478 520 
572 509 512 510 
585 525 507 524 
541 527 503 523 
572 497 513 494 
552 526 509 518 
566 509 478 540 
553 494 522 512 
544 542 493 511 
