50 2 20
16 100
1700 77 85 96 112 130 149 169 187 203 214 222 225 222 214 203 187 169 150 130 112 96 85 77 75 77 85 96 112 130 149 169 187 203 214 222 225 222 214 203 187 169 150 130 112 96 85 77 75 77 85 
100000 5170 5669 6464 7499 8705 9999 11294 12499 13535 14330 14829 15000 14829 14330 13535 12500 11294 10000 8705 7500 6464 5669 5170 5000 5170 5669 6464 7499 8705 9999 11294 12499 13535 14330 14829 15000 14829 14330 13535 12500 11294 10000 8705 7500 6464 5669 5170 5000 5170 5669 
1482 1433 1353 1250 1129 1000 870 750 646 566 517 500 517 566 646 749 
591 743 865 1144 1920 1782 2076 2005 903 632 1495 899 1137 1110 894 1058 1034 444 248 771 620 693 897 549 837 718 687 1726 1315 812 1474 798 1620 1705 
566 1546 1363 1559 1170 1396 2134 654 813 2093 1486 1618 996 1279 456 842 777 292 511 266 725 514 526 402 1314 967 986 1866 686 826 1243 1528 953 1564 
465 577 1488 932 1302 1518 1164 2079 1999 963 744 1422 1358 634 619 765 853 461 786 659 365 903 402 1001 1207 1302 1369 1400 1707 1005 2116 1200 2015 2095 
496 920 534 655 1187 872 1656 1294 1286 817 1330 1215 1067 535 918 1182 331 320 485 742 652 357 374 521 614 677 581 840 1894 2266 962 1043 1104 1188 
419 605 1354 1630 1051 645 1464 932 1819 1936 2109 1252 1434 494 1266 831 664 774 446 730 583 531 577 319 667 1329 1659 511 1605 618 1597 1896 1048 917 
903 511 578 1224 1045 2008 1939 1425 1653 607 612 753 1061 874 782 865 365 734 374 728 411 343 645 473 1269 1118 863 1235 2052 1263 1904 1693 1474 1334 
1324 958 903 1101 1371 1877 1029 1903 746 1005 1452 560 1008 733 372 649 305 588 695 259 311 736 840 904 514 844 1719 1249 2108 1912 860 1989 1799 942 
1008 894 610 1916 2011 1239 1090 2026 1586 973 759 1433 698 567 1122 1078 379 527 300 609 538 812 313 1081 1103 798 1453 601 838 1895 608 1365 2149 1629 
437 686 1346 1254 1995 1825 1276 2221 1584 1432 1917 570 1695 1367 765 351 747 361 435 511 660 673 283 690 558 1357 959 1761 1283 1018 1165 2351 1071 2002 
1070 739 517 1197 1471 896 2360 1892 1210 2081 610 1629 555 421 483 722 629 713 628 723 327 607 908 535 975 536 986 1022 1887 1730 2130 2185 1074 1702 
1076 1450 794 1189 704 665 777 808 1323 1557 1091 1430 1154 1169 538 517 485 311 291 610 503 715 902 688 389 1352 1596 676 1210 1458 1955 1094 1741 1092 
502 757 1645 875 1568 2235 875 1676 2252 1217 556 1737 1665 1126 1182 742 550 906 391 437 283 470 607 447 779 1513 1532 1745 1576 1439 1549 1601 1611 1439 
1057 427 1186 1027 980 1663 942 624 876 747 745 551 808 1020 375 1123 887 564 602 304 536 564 389 1150 608 1471 1046 1146 1946 2153 1371 777 923 665 
907 1495 1225 1928 646 1409 2136 1535 1436 1388 1513 823 1528 473 1268 464 740 827 226 378 419 381 520 961 1204 1434 1753 707 941 1125 1363 2387 1322 589 
1111 752 539 1942 1155 743 1723 1661 1591 696 2134 929 1416 1110 787 481 678 596 678 232 814 471 663 588 350 917 582 1442 1836 1366 691 1899 1060 2066 
678 1392 830 1738 1189 1888 1927 665 1446 1703 1925 1743 1089 1082 866 910 908 854 476 643 442 261 267 736 1057 1237 1806 570 1280 2028 1524 1237 1544 1757 
872 1187 1328 652 1528 1485 1979 1429 939 2233 1033 712 690 1138 961 792 496 780 407 207 735 535 474 681 456 769 1384 1848 1702 2119 643 1268 1165 1458 
719 905 1023 1164 2102 918 2328 679 1558 1942 1683 1602 1283 1434 913 743 551 830 352 777 687 853 660 992 1315 539 1646 677 1676 2154 1228 1129 1652 1025 
685 559 1402 1401 1798 701 2207 828 670 2099 728 531 1034 1182 1034 365 809 296 602 513 823 857 595 706 1299 516 509 1391 1467 2047 1535 2194 1098 1306 
628 1124 1147 555 882 1341 607 1307 2169 1252 1528 708 957 1227 1053 692 985 756 595 345 561 619 674 649 504 1454 815 551 1217 1033 816 1714 1529 1207 
830 1454 935 1681 948 640 1147 1636 685 1895 1890 1358 952 1590 693 714 922 329 696 730 413 237 802 723 454 1150 1273 654 1365 1391 2249 1098 1003 1461 
710 1481 816 622 1146 1213 744 1185 1353 1050 1967 905 548 1068 833 347 752 555 654 480 813 424 307 658 917 1369 1720 844 1407 2165 1969 2105 1081 1012 
771 696 1322 1718 1146 1539 1759 741 819 981 554 913 1237 780 1135 482 1006 707 731 485 511 288 857 764 1143 1098 1776 700 1174 1763 1173 671 2094 1825 
651 571 1704 798 705 2238 2174 1195 1628 647 1631 924 1635 1108 524 443 859 485 248 444 776 280 394 934 872 1522 1430 1860 1813 849 1686 940 727 1999 
445 1512 1051 1488 1803 1354 2065 1509 1576 1015 1879 1869 838 1268 1203 823 892 243 648 240 340 387 985 827 1137 727 479 865 1498 1880 1224 1601 1619 1271 
822 1097 792 1974 1146 1475 1275 1530 1531 840 720 1647 1309 1447 460 826 1011 752 679 370 647 606 895 794 876 1160 1110 564 666 962 1332 1071 597 2092 
989 1309 1049 778 1620 1099 2370 639 1092 777 1290 898 1336 1238 985 481 677 516 728 527 573 544 881 654 1250 527 1515 1943 2156 732 678 1381 613 730 
1233 1346 778 1757 1105 2179 1090 757 850 2278 1368 1923 1315 498 470 937 987 538 259 633 558 435 356 738 989 524 506 1193 1588 1982 1364 1973 599 2043 
664 756 1503 551 1242 1337 798 1501 729 2094 791 1791 1678 1173 573 681 771 896 545 723 531 358 487 489 1003 1486 1728 1017 1700 611 2215 820 1273 2004 
955 618 1681 1145 1192 1367 768 642 1224 1781 800 827 1085 1353 374 1097 713 437 296 619 301 267 389 1131 537 442 1170 1378 817 1518 1227 1615 865 2218 
1101 1305 1294 1643 1619 2040 1534 1481 2337 2087 690 702 759 439 1000 801 976 872 271 590 471 901 800 869 769 1167 1764 968 1266 1573 2330 1779 1888 1598 
1386 1009 725 1743 636 1992 1144 1595 726 972 1610 1997 1387 727 1023 619 771 359 519 527 778 634 800 1056 446 1368 743 1913 1563 1079 1714 1682 1170 615 
860 851 1020 545 2060 1647 2370 761 689 1128 2019 1748 1711 1360 1317 418 914 904 440 269 594 437 975 881 944 1205 1511 1413 2121 2098 620 2139 1742 2099 
539 574 1112 1930 605 2175 1475 1531 1484 1138 932 1452 1270 532 602 948 783 281 352 585 473 678 853 988 558 463 645 555 643 1883 829 1905 615 2167 
808 1440 1760 800 1200 680 1973 1637 2178 1738 2138 505 1579 479 908 400 586 837 318 746 452 352 837 1019 738 527 528 1590 1769 951 1776 2138 793 848 
495 1066 1200 1106 769 757 654 987 2284 2125 688 1021 1478 1055 1321 846 516 674 454 719 435 729 833 853 536 1540 1355 1507 2153 784 1778 776 1523 2083 
396 1552 580 756 1626 583 2349 809 2087 2033 930 1159 916 1322 1019 653 304 707 278 489 308 605 421 1064 723 818 1724 1470 712 1283 1767 1079 1201 773 
591 1286 1311 911 811 870 1031 2081 2326 1546 680 1775 1069 1390 351 820 357 470 459 432 528 269 778 738 917 473 832 960 1674 636 1016 1007 1021 1428 
993 1257 663 1729 1871 1417 676 1352 1358 1928 1702 1821 723 783 1016 673 318 253 249 467 691 426 989 944 1273 941 958 1588 1966 1627 2194 2138 857 1414 
575 425 1009 563 1575 929 1467 2375 2290 1784 2109 1606 1777 900 999 1117 583 277 341 765 427 692 612 1186 369 505 1462 1353 680 2182 1657 1014 961 2227 
579 1164 475 1796 912 1123 1130 1788 2295 1619 1460 1776 916 1431 1101 517 915 620 273 653 438 578 695 386 1051 824 1490 1378 840 639 1612 683 1995 1266 
929 446 1053 696 1323 1142 905 1818 2225 2155 1147 842 1431 952 1271 579 732 524 741 273 529 868 904 477 352 841 1760 1222 1121 2111 2367 1384 1863 741 
1167 677 1547 1278 2113 1703 1735 1585 1831 1980 1778 1191 1650 666 738 1162 1024 464 210 223 667 428 998 806 1234 1118 718 1021 664 1950 670 831 1906 2120 
549 692 481 846 1260 1216 837 2223 1967 907 1756 1043 1801 716 1043 488 823 236 369 692 744 344 707 1106 685 958 1261 1298 857 2183 1733 2194 837 1852 
737 459 609 1640 1138 950 1094 2091 1872 1860 823 526 1332 625 1376 944 722 840 260 750 671 464 691 773 847 1159 1683 568 1627 1273 1912 1460 1294 1834 
926 1341 1670 1971 1207 1865 1278 1262 1830 1613 1418 854 1360 656 659 882 296 385 699 440 405 244 1014 366 370 1238 1595 724 1669 783 2031 2166 1905 994 
442 1437 1634 1354 1641 878 1383 828 1978 1905 986 1687 797 553 647 551 1029 884 592 608 636 767 617 1072 380 722 834 1358 1644 603 1922 1783 844 604 
1368 528 1632 650 1183 1270 1755 1846 2155 2214 1686 1079 1025 1516 839 682 311 515 566 623 364 365 986 648 748 1529 1014 1553 1764 1015 765 703 1707 1273 
959 437 1292 1969 1019 1172 871 1366 997 1317 829 1670 708 1153 1243 668 975 692 526 280 280 634 622 806 1149 902 480 1997 1914 687 1153 1921 1985 2002 
642 530 1368 1353 1158 827 1919 1044 1237 819 2105 1842 1510 411 727 817 611 749 808 479 583 899 903 867 1299 1064 613 1399 759 1549 1961 1195 1728 1896 
993 1180 1008 921 1397 1909 2163 691 1383 594 911 1721 1634 635 742 1147 824 237 490 792 235 750 936 582 864 1215 1490 1412 857 1141 664 1783 1979 1185 
1085 647 700 1908 1741 1009 826 1029 908 1662 1801 994 1376 652 851 973 470 600 327 342 491 491 561 1015 858 1329 525 1397 2056 897 1780 2255 1154 1467 
1047 1142 484 831 1133 1084 954 1489 1907 1825 1939 1774 661 1156 1289 1094 572 502 395 565 250 844 392 483 1063 1445 1610 1244 1565 647 2166 673 1096 1725 
1315 570 900 1075 1309 1680 1963 805 1479 2036 1385 650 1512 895 499 848 371 580 605 467 381 399 854 1069 807 918 1621 1846 1597 1956 1779 2249 1884 2160 
409 592 1466 1322 904 877 1080 2267 934 678 2089 1678 765 590 1194 650 302 435 749 497 410 379 578 810 767 545 1055 597 1852 830 2011 941 1341 1877 
750 1469 1530 1363 2103 1444 1713 2198 667 2061 1874 992 748 642 461 1070 727 721 663 573 575 357 356 1041 1074 755 497 695 1532 1066 830 2002 1182 1563 
900 1525 1032 1610 760 1299 1072 1921 1332 1199 1171 1493 1041 1513 1095 1163 803 676 764 388 679 621 582 471 369 1104 1435 916 1771 1073 825 1904 2026 2053 
1011 995 1610 1963 1278 1766 2124 1462 1352 902 1386 1738 517 906 645 1128 517 677 750 463 348 674 866 496 1184 1532 1395 1747 2033 1738 1225 2235 1723 1191 
1161 794 456 896 1102 2045 1549 2278 1817 1128 601 1350 1647 1542 1392 912 941 846 412 697 631 696 711 1007 555 889 1028 1991 946 1632 1621 1747 1911 1827 
1312 622 997 1468 569 1852 788 1787 1851 680 930 910 575 1042 381 1183 668 262 473 584 777 243 534 745 1368 942 1677 1227 1685 1179 1338 2213 2034 1285 
1298 1561 798 808 1837 1512 1803 2031 1383 1211 2001 665 1033 523 572 1104 310 682 669 558 270 252 637 344 430 1584 926 873 1082 597 2114 828 746 2141 
1119 1138 1278 740 818 2073 2243 1861 2023 583 565 792 963 567 1379 619 329 335 341 468 499 226 938 807 1336 1345 1602 1609 1910 1811 1477 1561 667 2273 
606 579 1789 1427 1295 1756 1096 1581 1618 1685 1512 1692 1708 681 434 381 510 639 227 643 669 650 269 434 531 634 658 1709 621 2054 2084 710 1044 1655 
903 1091 687 1587 2013 1892 1916 1170 686 716 2113 1730 1723 977 1278 1079 935 852 501 524 313 385 542 1176 1138 663 1801 1832 1991 1066 625 934 2015 1450 
890 609 909 1145 2152 1489 1500 1403 1538 1591 2115 720 755 454 640 672 413 680 286 594 401 320 429 309 1321 1094 539 1756 1796 2070 1270 1319 1137 1204 
698 413 1317 633 1083 1510 1280 2394 1630 1637 1322 1145 646 774 764 582 794 742 679 329 644 532 875 1078 669 1126 1255 811 1287 1340 1811 1684 1926 1790 
1232 700 1102 889 1585 1350 1088 865 1763 1912 2073 1884 1662 1319 1137 831 486 367 804 215 746 667 775 480 765 624 1551 600 784 828 1527 1379 1697 1863 
870 1224 1476 1013 1595 1782 1654 1169 1933 1907 1921 916 878 1515 698 820 525 531 693 678 382 874 999 541 1192 1480 1180 864 1680 1985 2034 2023 1549 824 
895 427 969 1960 2137 1839 1021 1709 1976 691 1279 902 666 720 1169 876 650 330 449 743 744 485 579 1021 379 509 1009 837 716 645 1181 909 754 1977 
619 839 919 803 1625 1279 1534 1194 1223 1978 1967 1517 1570 1299 714 768 505 791 570 752 323 803 377 1080 1268 1257 521 1465 884 1465 2266 627 868 583 
407 814 1656 1014 1032 951 1102 1513 1399 1751 1501 710 1773 1212 856 488 574 739 381 397 687 713 592 372 370 644 594 741 2009 2084 659 1928 1188 1029 
717 1379 1316 1800 1546 2272 1814 1735 2026 1250 1163 1050 1008 696 837 494 600 745 273 648 500 792 446 1019 903 748 661 1454 2114 788 1016 1558 778 1352 
787 840 1551 1441 904 1133 1988 1163 2227 1097 1679 1799 1470 532 353 1087 808 257 527 315 691 891 726 585 567 984 594 1174 1631 890 1977 767 2155 1923 
786 1014 1204 575 1252 2151 1075 909 698 1792 678 1562 1682 1143 847 889 385 303 548 649 223 819 980 836 1075 1254 970 1590 1523 1941 1629 880 755 1341 
363 1064 816 1169 1310 1639 1095 840 833 1866 1640 744 1345 1118 461 530 496 634 270 680 530 295 325 868 1354 563 1004 1758 1271 1400 1602 2321 1979 663 
741 828 1675 903 964 952 1335 1410 1361 2109 1906 1792 639 406 1025 733 821 345 536 262 648 667 916 1070 981 1264 1453 1599 1653 1060 2142 1021 1394 1134 
639 1248 1778 1650 1008 1402 2173 1350 2287 1260 765 1194 476 1376 749 548 920 688 271 749 403 770 421 439 405 1421 956 1083 790 1008 1974 1050 1780 1418 
885 746 1736 1992 1115 1534 1073 848 739 1347 1684 1230 668 1134 1101 1080 947 439 512 408 718 279 524 970 1031 1546 907 1599 918 988 1437 868 661 609 
811 1124 1441 1043 1212 2239 667 1512 2079 2051 1722 1857 1424 1216 1165 688 523 465 610 584 761 425 759 641 1364 1319 846 1449 1276 873 2047 2253 1769 1250 
886 508 917 1633 835 2106 1281 1963 1227 738 1782 644 1261 1105 1052 415 630 373 419 403 553 758 613 1123 367 1572 1396 546 881 1696 1186 2253 2011 958 
732 794 1476 1372 830 1392 2213 1226 823 682 934 1717 646 962 1076 655 776 702 639 797 226 368 317 339 1024 581 1356 1424 601 917 1053 1432 837 1410 
473 727 1629 1671 1914 640 1346 1499 1863 2041 944 1441 837 1583 548 443 614 621 689 287 650 785 325 1142 1120 1501 710 1595 830 1821 1739 2398 1867 1226 
1357 1485 740 1652 1518 1070 784 933 1180 1141 1866 526 1237 965 700 1025 744 698 693 511 294 741 308 649 409 961 1028 725 910 1608 743 666 2049 1518 
1034 823 1756 929 1531 2280 1614 1989 1409 1840 1906 1032 1693 1202 708 560 820 609 381 769 440 616 839 1056 835 511 1220 503 1934 737 1696 2193 1330 1997 
503 777 1131 775 555 1629 2327 1695 1177 1437 1965 1818 1197 1405 943 836 508 786 519 643 336 735 536 414 1068 1448 1483 691 1201 1522 1159 1408 852 857 
513 860 1139 1984 1707 1119 1910 1628 2357 2064 1679 1569 1740 981 787 888 544 820 354 532 674 260 1005 1074 991 906 531 1487 1831 1758 1097 1678 677 2186 
1170 997 1317 1651 730 900 818 2009 768 1874 685 967 558 1223 1378 908 623 290 763 721 269 616 518 1188 663 1335 1618 860 924 1167 1896 2236 1317 930 
639 494 1592 1932 937 1421 2178 1104 2016 1222 772 700 1081 1086 757 904 747 784 305 556 781 602 804 1166 485 416 478 653 1951 709 1967 1784 1973 1593 
1021 917 989 1378 650 683 1472 965 2016 880 554 1555 893 470 751 615 675 547 511 536 625 718 889 424 1389 1043 729 1923 752 2043 2121 2165 1654 835 
1115 838 1076 1035 825 1479 1634 2350 2216 2171 1260 1244 710 556 1371 951 432 348 500 224 644 882 934 554 961 1285 1227 910 1926 1753 795 1719 1480 2045 
1132 1451 1048 961 1149 1665 1603 2091 1938 1767 1622 568 1229 1407 781 561 411 478 333 233 636 870 995 646 383 1430 1365 559 2093 1106 636 2041 1404 1964 
850 1265 977 883 1286 1774 812 2096 637 923 1762 910 1056 997 1171 868 487 364 735 259 409 597 486 319 1221 575 757 1487 1746 1711 2271 2055 738 852 
547 1467 673 1334 938 1526 730 2271 1105 1348 1829 680 499 656 935 664 326 420 727 557 812 666 601 695 735 489 687 1429 1224 573 1699 1042 1820 1545 
717 564 1353 1969 906 1888 1129 1974 640 916 1464 1963 696 1467 846 310 808 656 545 248 326 615 399 1143 1327 1086 1726 1963 660 1956 837 1097 2005 2109 
1156 1229 1079 1212 956 1561 2034 1488 2126 991 2034 645 1053 1312 606 718 501 325 442 449 698 629 834 425 765 1356 454 1833 750 2270 1203 2398 2020 1851 
747 447 1746 822 2005 1397 1008 2062 843 1758 1770 1967 1616 1154 800 414 948 269 629 413 452 672 674 1194 941 1324 1269 1443 2092 1166 2062 1783 887 1705 
925 1580 657 1029 1915 2203 2021 1580 1529 714 615 1058 1675 1341 559 1039 779 573 698 306 788 610 666 1143 1229 524 1368 1312 1784 1304 1642 1952 1553 830 
877 435 1405 1074 1280 1885 961 1423 1304 1718 1459 1010 983 664 1317 577 977 552 223 785 344 293 628 552 1024 1500 971 1259 582 2214 1936 2309 601 818 
1034 783 779 1490 1512 1362 1675 957 777 1416 748 507 1752 1567 1271 348 320 340 577 307 500 906 337 768 648 1394 1045 687 1157 1586 1977 679 1302 1308 
1290 1327 1591 1113 1276 1219 679 1314 1784 817 1550 1540 1593 535 565 786 403 447 298 240 434 305 978 1010 750 804 1724 864 627 1957 1421 2124 1958 2043 
