5 2 20
2 100
1700 130 149 169 187 203 
100000 8705 9999 11294 12499 13535 
1129 1000 
715 757 700 
929 860 680 
1024 801 687 
780 627 644 
940 761 543 
817 848 549 
797 696 538 
870 856 600 
950 699 733 
888 831 605 
841 875 654 
1012 883 627 
832 657 633 
1026 699 764 
715 719 593 
983 624 711 
699 649 580 
1000 706 612 
949 793 747 
936 755 604 
898 719 733 
946 707 634 
1040 854 680 
838 751 525 
790 836 751 
1014 665 682 
1022 647 595 
857 776 703 
816 688 727 
740 642 539 
765 834 634 
748 755 706 
890 865 629 
1011 734 642 
784 664 609 
994 613 669 
892 736 774 
808 662 592 
792 825 550 
968 713 706 
813 805 553 
994 666 739 
837 865 542 
700 778 622 
750 663 534 
743 729 611 
902 848 746 
813 843 604 
761 601 770 
940 680 752 
1010 831 597 
956 694 615 
757 717 686 
849 879 708 
872 602 657 
1037 761 715 
806 787 615 
998 667 762 
749 794 690 
717 628 553 
967 711 539 
1005 858 676 
842 604 538 
768 795 519 
1037 620 753 
767 859 714 
863 729 721 
707 890 721 
722 761 520 
706 618 775 
949 746 557 
847 855 537 
960 823 742 
790 653 607 
1040 764 548 
728 686 604 
992 641 753 
973 782 537 
915 756 621 
1030 778 675 
950 740 699 
701 707 769 
812 804 708 
929 840 643 
752 740 642 
820 663 775 
982 778 695 
792 627 741 
867 704 609 
988 793 684 
811 861 520 
764 774 729 
979 737 745 
828 752 522 
718 859 569 
974 653 537 
723 620 625 
697 613 758 
862 601 550 
878 857 608 
