10 11 20
8 100
170 150 130 112 96 85 77 75 77 85 96 
170 200 174 150 129 113 103 100 103 113 129 
170 250 217 187 161 141 129 125 129 141 161 
170 300 261 225 193 170 155 150 155 170 193 
170 350 304 262 226 198 180 175 180 198 226 
170 400 348 300 258 226 206 200 206 226 258 
170 450 391 337 290 255 232 225 232 255 290 
170 500 435 375 323 283 258 250 258 283 323 
170 550 478 412 355 311 284 275 284 311 355 
170 600 522 450 387 340 310 300 310 340 387 
100000 10000 8705 7500 6464 5669 5170 5000 5170 5669 6464 
1000 1129 1249 1353 1433 1482 1499 1482 
1699 1515 
1230 1212 
1702 1104 
1549 1416 
1210 1396 
1614 1168 
1486 1394 
1291 1287 
1675 1532 
1185 1194 
1459 1529 
1669 1585 
1372 1571 
1626 1435 
1641 1202 
1608 1430 
1243 1393 
1510 1292 
1461 1433 
1476 1469 
1311 1528 
1299 1517 
1157 1157 
1304 1334 
1318 1328 
1678 1355 
1662 1331 
1528 1356 
1590 1412 
1523 1581 
1274 1379 
1631 1499 
1236 1172 
1255 1512 
1706 1538 
1315 1324 
1158 1617 
1238 1363 
1170 1341 
1299 1497 
1543 1118 
1549 1291 
1431 1282 
1475 1443 
1285 1370 
1378 1450 
1322 1162 
1567 1265 
1636 1374 
1523 1443 
1364 1619 
1433 1432 
1478 1099 
1356 1322 
1146 1261 
1584 1306 
1404 1283 
1168 1444 
1510 1303 
1619 1407 
1708 1550 
1288 1176 
1216 1483 
1180 1266 
1165 1153 
1423 1316 
1277 1319 
1679 1545 
1185 1288 
1347 1587 
1475 1299 
1375 1222 
1585 1375 
1245 1293 
1695 1299 
1548 1199 
1157 1228 
1690 1550 
1160 1093 
1433 1345 
1322 1542 
1546 1481 
1338 1346 
1380 1268 
1397 1590 
1243 1386 
1600 1280 
1662 1556 
1533 1197 
1683 1518 
1405 1156 
1476 1156 
1278 1559 
1640 1321 
1553 1430 
1621 1193 
1223 1117 
1680 1321 
1639 1306 
1638 1134 
