50 3 20
36 10
850 130 149 169 187 203 214 222 225 222 214 203 187 169 150 130 112 96 85 77 75 77 85 96 112 130 149 169 187 203 214 222 225 222 214 203 187 169 150 130 112 96 85 77 75 77 85 96 112 130 149 
850 174 199 225 249 270 286 296 300 296 286 270 250 225 200 174 150 129 113 103 100 103 113 129 149 174 199 225 249 270 286 296 300 296 286 270 250 225 200 174 150 129 113 103 100 103 113 129 149 174 199 
100000 8705 9999 11294 12499 13535 14330 14829 15000 14829 14330 13535 12500 11294 10000 8705 7500 6464 5669 5170 5000 5170 5669 6464 7499 8705 9999 11294 12499 13535 14330 14829 15000 14829 14330 13535 12500 11294 10000 8705 7500 6464 5669 5170 5000 5170 5669 6464 7499 8705 9999 
1129 1000 870 750 646 566 517 500 517 566 646 749 870 999 1129 1249 1353 1433 1482 1499 1482 1433 1353 1250 1129 1000 870 750 646 566 517 500 517 566 646 749 
1351 1072 661 1634 1497 1092 1791 781 1413 815 951 1512 461 518 
769 1262 1378 1637 552 910 1080 1058 1873 1364 964 518 628 1177 
362 494 648 1110 2146 1235 1599 673 1785 1944 1066 1492 1101 737 
720 952 920 557 1470 1724 934 2311 2180 1132 568 773 1565 901 
1214 732 1173 1284 738 1599 2231 1520 807 1345 1517 1138 1166 1286 
683 547 1763 1250 1766 1902 2139 846 837 1970 2132 1595 1445 923 
623 695 1233 850 1140 2284 1446 696 1310 881 1764 1550 766 1452 
1010 1050 471 965 1945 1677 950 1909 1316 1409 1683 1637 1477 1509 
838 1097 1569 1094 811 1844 2114 691 947 2217 1110 1771 1513 1358 
841 680 846 1272 1972 1418 1627 2248 1470 1170 1425 1418 608 1531 
