50 3 20
26 100
850 130 112 96 85 77 75 77 85 96 112 130 149 169 187 203 214 222 225 222 214 203 187 169 150 130 112 96 85 77 75 77 85 96 112 130 149 169 187 203 214 222 225 222 214 203 187 169 150 130 112 
850 174 150 129 113 103 100 103 113 129 149 174 199 225 249 270 286 296 300 296 286 270 250 225 200 174 150 129 113 103 100 103 113 129 149 174 199 225 249 270 286 296 300 296 286 270 250 225 200 174 150 
100000 8705 7500 6464 5669 5170 5000 5170 5669 6464 7499 8705 9999 11294 12499 13535 14330 14829 15000 14829 14330 13535 12500 11294 10000 8705 7500 6464 5669 5170 5000 5170 5669 6464 7499 8705 9999 11294 12499 13535 14330 14829 15000 14829 14330 13535 12500 11294 10000 8705 7500 
1129 1249 1353 1433 1482 1499 1482 1433 1353 1250 1129 1000 870 750 646 566 517 500 517 566 646 749 870 999 1129 1249 
1476 1634 1269 1391 1220 1308 1612 1095 1318 939 896 831 722 605 489 467 532 657 747 707 767 1085 961 1119 
1497 1352 1381 1718 1381 1168 1162 1471 991 815 931 855 720 659 469 400 606 576 692 702 933 1006 1091 1056 
1347 1438 1702 1439 1700 1239 1129 1314 1037 887 954 770 675 518 459 588 524 468 596 665 913 956 1106 1371 
1269 1673 1207 1629 1453 1622 1470 1085 1100 940 751 757 583 563 470 561 420 622 607 641 1035 917 926 1288 
1200 1300 1656 1747 1680 1540 1302 1251 1201 1098 909 826 586 650 463 468 555 536 691 814 760 1194 1127 1048 
1494 1320 1650 1451 1554 1246 1101 1207 1045 878 774 719 716 560 594 566 612 566 700 687 831 1045 1267 1458 
1139 1554 1595 1751 1517 1552 1306 1142 1297 995 703 667 740 627 499 497 513 594 527 633 1007 851 1095 1377 
1591 1652 1769 1275 1282 1580 1125 1332 969 1109 980 615 614 543 520 525 485 479 617 702 729 1050 1024 1141 
1609 1450 1199 1468 1628 1591 1343 1380 1294 1125 844 607 527 615 529 563 591 486 517 899 952 1008 974 1425 
1491 1260 1512 1511 1667 1162 1369 1390 1190 852 801 834 767 507 477 562 540 551 613 817 889 1048 1176 1039 
1568 1515 1514 1569 1672 1301 1359 1074 1024 1198 875 744 671 672 613 481 602 646 606 734 799 826 908 1167 
1431 1196 1485 1760 1387 1333 1300 1308 1123 923 734 816 752 578 539 436 546 673 681 874 740 858 991 1038 
1536 1339 1762 1653 1516 1445 1374 1112 912 944 992 697 549 545 618 414 509 542 686 634 830 1196 1052 1042 
1213 1606 1548 1491 1293 1148 1446 1078 921 980 812 894 690 588 556 570 494 463 717 762 949 857 1014 1275 
1222 1358 1495 1529 1605 1681 1290 1228 907 960 863 844 678 609 558 498 566 515 759 711 924 1193 948 1024 
1083 1231 1776 1316 1221 1462 1569 1315 1303 1172 829 827 631 553 482 473 514 654 678 750 840 826 1098 1197 
1492 1210 1555 1282 1553 1212 1219 1059 1217 1163 893 859 551 534 519 472 611 677 582 731 781 918 1166 1176 
1524 1487 1649 1265 1546 1560 1542 1320 1128 993 899 738 714 483 511 567 599 628 745 631 712 802 1131 1125 
1451 1529 1482 1353 1700 1718 1287 1210 1229 835 701 652 608 672 576 496 614 482 607 748 830 1155 1324 1218 
1434 1378 1600 1460 1777 1525 1150 1143 1292 929 982 854 556 627 581 409 523 487 709 659 1007 1127 1323 1319 
1497 1718 1662 1415 1706 1701 1429 1318 1156 1079 729 700 587 501 512 583 596 571 586 845 708 1018 1275 1088 
1169 1586 1616 1590 1518 1160 1510 1145 940 910 751 641 703 604 508 521 589 625 647 678 784 900 1130 1034 
1487 1170 1326 1642 1509 1710 1183 1109 958 864 719 892 720 463 566 419 558 534 771 869 868 801 941 1002 
1256 1668 1601 1587 1434 1208 1616 1063 916 1158 855 645 727 558 522 411 520 627 571 773 729 824 1345 1091 
1622 1634 1294 1593 1703 1552 1117 1469 1075 1078 976 863 604 639 529 589 599 522 520 770 714 828 1042 1022 
1111 1281 1750 1702 1247 1701 1390 1068 1332 1038 700 723 676 507 576 598 418 652 588 694 930 856 1220 1432 
1156 1552 1379 1479 1529 1507 1538 1498 910 976 843 630 651 542 496 404 438 598 533 638 901 1107 1122 1113 
1538 1398 1735 1377 1295 1465 1475 1333 947 1108 753 688 723 604 472 440 474 560 543 805 748 1063 1002 1185 
1446 1291 1351 1641 1624 1252 1208 1078 909 1031 1010 634 703 512 577 524 566 537 682 740 767 971 1187 1208 
1281 1510 1666 1721 1716 1623 1408 1089 1064 1170 1023 641 547 476 610 555 479 615 697 612 776 863 1315 1230 
1415 1494 1307 1426 1422 1657 1473 1434 1043 985 945 873 708 608 616 582 521 536 690 660 995 1138 1084 1272 
1152 1423 1276 1388 1630 1660 1586 1193 1295 1117 926 711 533 621 464 449 577 612 601 608 966 1082 1186 1256 
1141 1432 1452 1662 1307 1412 1187 1195 1087 1097 851 640 623 639 525 414 462 560 555 833 1038 953 1233 1361 
1120 1326 1479 1446 1294 1210 1435 1190 1198 988 898 794 640 618 574 542 561 582 543 805 850 801 1032 1327 
1110 1371 1277 1730 1203 1689 1380 1460 904 995 842 666 576 642 417 478 471 599 705 783 731 845 1105 1186 
1189 1291 1775 1260 1281 1279 1373 1370 1010 1011 872 885 561 515 603 588 421 595 682 775 796 1004 1140 1443 
1472 1493 1716 1442 1536 1623 1267 1355 1177 923 810 749 771 457 522 482 479 470 615 663 860 1170 1308 1178 
1200 1344 1212 1559 1669 1446 1527 1339 1030 860 842 822 660 635 505 505 471 559 689 887 841 1035 1045 1104 
1299 1398 1361 1716 1238 1255 1294 1102 985 996 994 698 611 669 495 409 594 523 775 692 939 1068 1164 1046 
1165 1536 1725 1515 1222 1655 1527 1074 991 902 734 619 586 467 443 597 445 481 685 841 902 1040 1167 1371 
1087 1322 1579 1649 1668 1600 1307 1076 1242 845 799 667 675 585 578 542 414 536 524 888 819 905 1244 1343 
1606 1442 1388 1220 1322 1718 1386 1490 1254 1044 970 806 722 509 510 582 453 488 625 612 996 822 1284 1429 
1470 1630 1542 1593 1653 1280 1436 1371 918 868 761 896 547 540 485 489 593 656 540 814 913 1132 945 1027 
1189 1382 1307 1757 1593 1380 1300 1499 1275 1189 946 664 541 482 438 413 488 635 722 781 761 1089 1270 1148 
1394 1178 1567 1430 1411 1184 1350 1361 934 1083 1021 843 534 558 570 405 497 511 676 806 1011 1129 1029 1023 
1389 1340 1251 1675 1459 1542 1440 1078 1251 882 991 666 577 494 561 507 560 473 573 776 721 1103 925 1151 
1160 1387 1707 1248 1740 1669 1133 1263 1281 1175 843 729 530 610 506 423 605 607 635 817 854 854 1192 1287 
1419 1614 1203 1268 1699 1464 1214 1324 1039 961 844 712 774 614 491 565 614 674 612 709 757 1135 1159 1368 
1143 1161 1524 1415 1420 1488 1085 1198 1304 948 928 667 699 641 446 472 566 537 652 754 1042 898 1255 1368 
1274 1166 1733 1447 1264 1704 1222 1024 1348 806 912 765 649 671 493 404 453 556 719 814 1024 909 1112 1105 
1582 1545 1652 1452 1736 1303 1518 1256 1339 1171 839 706 600 600 539 510 579 599 619 811 818 933 994 1471 
1525 1707 1406 1415 1198 1322 1437 1212 1308 1192 754 893 748 513 576 576 492 609 645 883 778 854 1148 1107 
1302 1208 1197 1314 1514 1459 1469 1058 1187 836 964 867 641 467 431 541 476 464 766 611 723 959 1319 1016 
1496 1463 1299 1743 1461 1395 1534 1235 1011 1136 1032 703 737 486 420 595 432 485 687 604 1029 956 1333 1113 
1292 1675 1673 1457 1638 1484 1206 1316 1301 1197 990 877 692 510 433 445 484 564 528 743 722 959 953 1206 
1225 1551 1225 1444 1287 1643 1237 1311 1344 1146 948 881 599 558 534 562 431 611 558 799 926 806 1258 1426 
1264 1667 1432 1720 1272 1312 1481 1398 1264 1031 821 813 761 629 614 401 515 533 517 698 772 944 1222 1086 
1260 1465 1288 1650 1346 1652 1195 1099 1104 876 898 825 537 572 528 592 609 629 581 762 764 850 1233 1476 
1604 1186 1380 1395 1199 1347 1164 1390 970 1081 789 833 639 615 519 513 514 597 616 705 1038 1009 922 1105 
1373 1444 1658 1483 1734 1518 1155 1253 1353 1172 947 789 617 500 481 435 555 561 562 694 807 840 1210 1374 
1556 1582 1197 1705 1220 1392 1368 1158 909 907 834 617 578 632 536 436 579 468 657 873 718 975 1119 1182 
1443 1392 1759 1736 1755 1344 1381 1491 1177 922 701 714 673 476 451 504 495 609 722 845 811 1083 1066 1483 
1176 1619 1479 1679 1715 1295 1461 1411 1092 938 716 605 681 561 579 597 472 505 581 625 700 847 910 1265 
1249 1527 1233 1341 1475 1314 1373 1153 1134 1108 914 870 727 591 604 498 591 504 570 646 934 891 1335 1478 
1133 1553 1744 1225 1640 1592 1563 1263 1339 922 934 830 541 486 427 425 579 610 603 837 994 858 1324 1394 
1351 1302 1494 1651 1501 1187 1285 1269 1275 855 925 693 631 475 516 431 449 665 614 852 914 1034 1237 1407 
1423 1487 1392 1205 1271 1287 1269 1296 1101 1172 850 664 699 494 468 571 589 483 595 875 944 1124 1081 1267 
1265 1203 1355 1709 1575 1520 1179 1114 978 1079 958 620 749 453 543 450 493 647 714 875 981 984 1213 1255 
1165 1444 1265 1714 1388 1360 1603 1122 1107 1023 998 645 735 478 592 539 451 555 767 732 846 890 947 1296 
1422 1666 1553 1326 1532 1446 1369 1277 1033 943 954 628 566 670 502 468 435 520 757 623 1027 970 954 1005 
1104 1435 1640 1550 1273 1405 1571 1447 926 874 866 722 725 614 524 504 500 660 534 767 769 980 1302 1176 
1343 1436 1556 1758 1675 1608 1128 1219 1219 1098 784 872 658 664 422 583 442 679 566 838 828 828 1033 1203 
1247 1534 1419 1290 1453 1415 1209 1130 1065 1044 850 893 623 489 576 542 559 515 746 840 774 1052 1065 1444 
1603 1646 1718 1574 1365 1367 1200 1341 1032 942 816 823 529 530 464 505 436 510 575 736 958 847 935 1018 
1196 1374 1461 1570 1698 1285 1372 1249 988 1021 735 634 686 486 535 456 476 652 748 652 779 842 1143 1042 
1458 1307 1274 1540 1765 1170 1422 1039 1329 1064 741 803 581 492 434 582 430 455 695 737 912 1024 1140 1306 
1570 1367 1398 1351 1394 1455 1374 1164 1207 1109 955 748 597 679 618 595 463 639 611 683 785 1016 1099 1381 
1352 1390 1679 1688 1464 1468 1612 1273 992 897 832 825 725 481 529 424 454 458 743 712 724 1108 1150 1172 
1099 1626 1189 1604 1690 1261 1485 1074 1302 880 721 692 664 634 569 485 603 462 774 725 737 823 1235 1401 
1090 1457 1635 1391 1596 1647 1362 1127 1277 1166 773 629 541 614 432 527 471 671 594 611 830 1056 1128 1032 
1290 1470 1491 1777 1718 1302 1109 1086 1113 825 1026 724 686 575 614 450 568 558 654 824 747 940 1078 1134 
1259 1457 1623 1243 1461 1245 1461 1370 1128 1139 919 620 735 545 480 500 512 575 606 811 896 1080 1272 1177 
1351 1207 1658 1673 1337 1218 1285 1274 1017 803 1032 731 635 498 557 440 572 482 622 717 961 1126 1008 1269 
1399 1220 1300 1326 1271 1166 1524 1021 1071 1078 772 707 714 624 546 490 596 598 747 642 734 898 1200 1333 
1238 1638 1297 1527 1503 1480 1236 1243 1312 891 723 875 555 662 529 453 470 521 607 767 734 1069 1188 1213 
1425 1675 1650 1294 1336 1465 1413 1411 1243 1087 941 637 555 568 587 405 444 553 758 835 862 983 1130 1227 
1454 1262 1235 1478 1673 1169 1417 1190 1136 1032 778 726 728 474 500 564 505 590 523 803 933 838 948 1151 
1426 1486 1207 1641 1245 1416 1581 1244 1216 1163 923 634 653 619 563 539 442 578 569 852 985 1012 1262 1146 
1215 1504 1512 1645 1366 1488 1141 1467 1019 1090 697 798 540 566 610 545 613 486 681 757 1026 935 1318 1113 
1459 1706 1762 1379 1425 1304 1237 1161 1185 847 709 841 590 670 569 401 519 477 722 727 908 1120 1158 1001 
1504 1631 1756 1602 1713 1248 1088 1145 1347 895 758 791 710 553 473 495 547 597 666 699 1036 1138 1250 1034 
1348 1265 1613 1713 1731 1348 1397 1303 1352 871 1007 749 584 517 548 534 493 662 723 802 755 1146 925 1391 
1613 1686 1551 1653 1683 1526 1475 1073 1299 1095 846 827 612 646 550 460 427 572 528 878 717 960 1059 1315 
1562 1627 1278 1316 1227 1206 1430 1370 1296 813 1020 742 624 569 423 546 609 592 753 868 836 1084 1045 1163 
1107 1418 1403 1707 1415 1147 1314 1446 929 806 1015 884 758 551 413 463 447 479 684 859 816 890 904 1390 
1391 1701 1492 1203 1516 1184 1562 1189 1165 1140 752 631 625 515 431 529 426 613 540 796 819 1136 1307 1475 
1249 1495 1330 1355 1403 1345 1455 1361 1000 864 1014 839 638 627 531 526 600 610 535 757 851 850 1062 1282 
1446 1353 1204 1206 1188 1170 1591 1271 1054 866 879 890 595 487 426 491 607 628 551 882 997 955 1085 1360 
1543 1286 1233 1740 1683 1251 1134 1385 1009 1071 847 801 687 559 536 494 593 600 686 679 724 1044 1316 1174 
1293 1480 1507 1251 1519 1271 1226 1378 1285 1195 877 898 533 632 420 573 558 579 604 678 762 905 975 1286 
