5 3 20
4 100
850 77 75 77 85 96 
850 103 100 103 113 129 
100000 5170 5000 5170 5669 6464 
1482 1499 1482 1433 
1137 
1614 
1177 
1564 
1590 
1353 
1275 
1464 
1513 
1584 
1280 
1589 
1573 
1315 
1404 
1226 
1170 
1095 
1333 
1372 
1220 
1341 
1404 
1397 
1102 
1436 
1444 
1122 
1560 
1495 
1366 
1384 
1323 
1354 
1428 
1312 
1411 
1371 
1374 
1096 
1093 
1245 
1225 
1440 
1092 
1410 
1340 
1428 
1244 
1602 
1238 
1162 
1190 
1169 
1316 
1164 
1561 
1109 
1533 
1086 
1269 
1592 
1195 
1121 
1350 
1452 
1502 
1600 
1212 
1519 
1429 
1459 
1555 
1492 
1091 
1366 
1410 
1438 
1511 
1351 
1404 
1393 
1416 
1429 
1264 
1492 
1100 
1575 
1470 
1534 
1517 
1406 
1412 
1302 
1615 
1346 
1264 
1093 
1549 
1298 
