50 2 20
16 5
1700 130 112 96 85 77 75 77 85 96 112 130 149 169 187 203 214 222 225 222 214 203 187 169 150 130 112 96 85 77 75 77 85 96 112 130 149 169 187 203 214 222 225 222 214 203 187 169 150 130 112 
100000 8705 7500 6464 5669 5170 5000 5170 5669 6464 7499 8705 9999 11294 12499 13535 14330 14829 15000 14829 14330 13535 12500 11294 10000 8705 7500 6464 5669 5170 5000 5170 5669 6464 7499 8705 9999 11294 12499 13535 14330 14829 15000 14829 14330 13535 12500 11294 10000 8705 7500 
1129 1249 1353 1433 1482 1499 1482 1433 1353 1250 1129 1000 870 750 646 566 
471 507 473 577 617 622 961 1135 1160 1431 1592 1197 1320 1428 1656 1541 1526 1421 1081 1113 798 837 644 557 597 504 548 501 538 645 833 936 1287 1339 
497 454 414 656 557 750 964 992 914 1092 1288 1221 1345 1203 1696 1170 1591 1192 1246 1054 730 796 518 641 491 455 547 614 599 807 926 1186 1121 1445 
534 580 566 533 553 717 983 943 1187 1308 1337 1343 1339 1746 1336 1341 1176 1297 1120 858 821 631 559 512 449 454 525 503 703 638 728 977 1240 1003 
523 417 483 539 708 644 734 872 959 1133 1118 1168 1380 1459 1746 1255 1532 1054 971 995 813 876 543 519 508 497 440 591 685 734 937 935 1306 1188 
436 587 419 580 659 714 801 924 1099 1363 1620 1666 1231 1294 1593 1544 1450 1421 935 1004 853 729 727 680 430 514 497 654 575 673 878 1141 1041 1146 
