20 6 20
11 100
340 150 130 112 96 85 77 75 77 85 96 112 130 149 169 187 203 214 222 225 222 
340 200 174 150 129 113 103 100 103 113 129 149 174 199 225 249 270 286 296 300 296 
340 250 217 187 161 141 129 125 129 141 161 187 217 249 282 312 338 358 370 375 370 
340 300 261 225 193 170 155 150 155 170 193 224 261 299 338 374 406 429 444 450 444 
340 350 304 262 226 198 180 175 180 198 226 262 304 349 395 437 473 501 519 525 519 
100000 10000 8705 7500 6464 5669 5170 5000 5170 5669 6464 7499 8705 9999 11294 12499 13535 14330 14829 15000 14829 
1000 1129 1249 1353 1433 1482 1499 1482 1433 1353 1250 
1271 933 697 649 535 673 528 414 585 
1250 989 972 601 755 641 547 506 514 
1093 1148 814 688 618 590 565 534 503 
992 1166 992 606 615 630 475 524 504 
1278 1197 852 883 598 633 532 432 493 
1301 813 950 732 668 623 557 485 494 
1280 990 784 761 573 660 429 598 420 
1314 1087 771 837 738 635 509 550 482 
1348 827 871 679 746 564 458 413 414 
1116 996 1021 683 563 531 574 516 546 
1012 802 974 711 688 605 570 487 455 
942 1090 1013 782 662 593 414 558 468 
1252 1087 776 856 619 534 571 599 500 
1261 894 807 614 712 669 595 525 425 
1096 1132 742 609 617 514 606 418 518 
1320 835 950 843 722 657 568 455 464 
1305 869 879 828 771 590 447 575 429 
1068 1059 836 817 606 498 525 430 577 
1236 803 816 896 589 606 489 417 575 
1332 1086 1038 866 612 647 531 515 529 
1215 875 743 658 564 605 510 580 585 
1240 875 1015 672 575 559 493 497 575 
947 819 875 790 713 523 467 408 611 
1048 1100 1013 769 572 648 487 498 617 
1344 1039 833 655 592 678 611 405 599 
1157 1059 1026 740 747 561 463 537 550 
1197 1159 757 831 700 491 441 457 616 
903 958 739 876 758 488 576 449 522 
917 812 835 879 705 622 453 540 620 
1326 910 842 641 559 499 461 537 461 
1227 1178 921 751 558 604 580 545 508 
1213 1008 904 811 688 586 420 552 547 
1095 975 995 642 614 629 559 543 455 
1294 802 796 787 695 656 548 407 431 
1026 970 761 788 641 650 612 421 470 
1266 827 832 788 556 630 419 448 457 
1128 988 805 672 601 498 516 500 496 
1198 1000 788 641 587 532 614 446 517 
1223 826 857 635 599 596 454 540 607 
1090 1069 910 835 603 645 477 598 427 
920 930 1028 837 523 642 442 543 595 
915 898 855 666 579 499 586 420 442 
919 916 795 839 765 533 430 404 574 
1084 1004 972 891 576 671 438 500 524 
952 866 962 877 591 460 553 500 421 
1339 951 943 615 624 559 496 445 561 
1046 1143 723 835 607 627 446 530 587 
1239 1125 757 631 669 645 579 531 571 
1117 1073 764 662 556 454 616 434 532 
1307 1002 710 756 704 672 578 564 448 
1117 903 720 846 649 586 498 561 532 
1025 813 737 736 536 601 434 438 439 
1188 1163 733 808 524 509 596 553 467 
1041 887 696 771 553 673 449 419 509 
1023 1083 923 613 662 535 424 539 441 
1209 850 738 874 592 483 506 439 560 
1297 1148 756 781 548 488 563 452 554 
1088 999 792 809 765 612 418 508 545 
1161 850 1006 706 523 534 474 459 504 
994 1165 910 610 675 600 593 559 421 
1079 875 861 707 670 539 531 559 606 
1314 1112 843 653 533 666 472 423 437 
1257 1144 922 872 698 640 583 522 567 
1255 1199 723 604 525 664 527 561 417 
1287 875 879 733 629 482 579 550 566 
1130 1139 708 869 576 549 603 555 608 
1113 1039 798 862 723 577 549 407 607 
910 882 903 722 764 471 556 512 492 
1105 1061 837 852 649 649 483 407 620 
975 920 771 705 546 532 501 473 421 
908 886 853 605 651 653 471 578 475 
1282 803 854 815 582 635 565 515 513 
1296 1109 789 726 717 587 436 481 445 
1289 1123 933 800 768 575 428 460 414 
1150 1199 976 673 735 524 509 553 594 
978 1168 993 794 628 517 532 472 577 
979 970 1005 638 529 523 444 441 501 
1245 1153 820 667 698 603 455 404 549 
1249 1196 817 792 711 611 585 539 474 
1091 922 813 655 573 619 576 405 614 
1352 939 877 693 633 611 597 456 481 
1143 939 973 831 611 479 507 535 580 
1319 1154 743 651 652 485 538 566 440 
1008 1037 702 674 647 463 529 581 575 
972 923 957 610 729 597 606 509 515 
1273 915 783 765 698 633 466 409 499 
1223 906 1018 770 634 645 514 534 543 
1018 940 781 642 739 575 482 599 570 
1351 1147 898 811 570 608 421 579 447 
1127 1049 970 710 717 577 503 421 571 
1014 1013 953 759 666 619 445 486 600 
1024 880 949 751 667 506 582 461 614 
1144 1139 851 864 724 470 519 586 514 
1271 836 781 628 607 552 463 452 535 
1293 962 971 858 703 496 483 533 515 
1167 813 967 891 653 610 500 589 551 
1289 813 837 781 619 526 564 453 602 
1353 1124 826 771 534 585 561 537 619 
1331 911 949 766 654 642 613 552 470 
914 995 948 693 689 632 558 416 456 
