50 2 20
16 50
1700 112 130 149 169 187 203 214 222 225 222 214 203 187 169 150 130 112 96 85 77 75 77 85 96 112 130 149 169 187 203 214 222 225 222 214 203 187 169 150 130 112 96 85 77 75 77 85 96 112 130 
100000 7499 8705 9999 11294 12499 13535 14330 14829 15000 14829 14330 13535 12500 11294 10000 8705 7500 6464 5669 5170 5000 5170 5669 6464 7499 8705 9999 11294 12499 13535 14330 14829 15000 14829 14330 13535 12500 11294 10000 8705 7500 6464 5669 5170 5000 5170 5669 6464 7499 8705 
1250 1129 1000 870 750 646 566 517 500 517 566 646 749 870 999 1129 
1197 1405 1376 734 617 1232 686 1577 1203 1769 477 1076 678 912 858 653 438 273 604 709 814 734 702 1153 887 689 2165 1348 1363 2234 1390 1447 1917 1548 
1763 952 1984 989 1854 1938 690 1124 819 1466 1011 1022 1134 781 346 458 270 484 599 270 935 1031 810 1008 677 1866 708 1076 781 2080 798 1743 1912 721 
1229 562 704 662 2287 1739 1501 1590 1876 1692 689 899 931 343 581 583 313 222 886 759 1198 970 1555 1139 597 2047 2115 1174 1505 1722 1582 867 1856 1515 
1683 1329 2001 1155 1190 1109 1764 967 1688 824 1300 1015 535 511 529 402 230 346 755 835 1122 1272 1572 1617 1557 958 805 629 2298 1502 688 1050 893 1213 
642 676 924 1574 2355 620 1160 1148 1542 1305 610 1230 614 660 768 576 695 314 750 492 751 1139 652 884 1542 1587 1470 1218 708 755 1892 876 1508 1633 
708 976 2291 987 1495 1933 1430 2068 1165 948 445 1378 1111 590 824 467 604 257 512 279 1147 1056 932 1091 760 2021 681 1179 1353 2056 739 1884 1170 786 
638 1593 1795 2035 1894 1738 1590 650 1604 1523 1482 1245 541 443 303 526 563 699 412 1005 513 1066 517 926 1023 2100 874 1099 1494 1150 1922 970 1515 1507 
913 1210 1450 654 1479 751 1886 1712 767 1128 1506 975 1122 930 246 766 451 378 583 796 1050 1179 742 1305 1760 2059 1598 2217 879 710 1032 1871 997 1660 
1424 1556 1170 1562 1563 1101 2216 1232 1036 1400 702 724 976 969 527 322 408 277 408 526 598 1088 470 1244 1564 1235 2127 1242 1451 1821 2051 628 1067 650 
1585 1378 1532 1861 1142 917 1758 2080 1467 718 1515 471 520 825 460 694 574 245 256 477 589 885 1297 1641 1578 1911 2288 654 1834 894 1825 1432 1277 519 
1149 2079 792 1989 1720 2324 2212 1422 1717 1139 1089 782 968 857 552 815 240 303 882 625 492 872 1161 658 1454 884 1399 2338 949 593 2250 813 1783 1338 
785 1703 1362 1702 1288 1541 1850 1847 536 746 841 713 972 340 327 737 295 626 366 847 323 1302 737 858 1635 1672 2115 2175 1826 2112 1629 895 631 1708 
637 2112 1399 1077 886 1387 623 1483 1457 470 1224 772 406 740 861 711 448 407 645 811 1123 450 1446 1801 1325 1874 1550 710 1666 1910 1028 1905 515 845 
709 1895 1592 1646 2161 1332 1543 1324 1853 1567 1492 784 432 287 312 264 479 274 646 353 323 375 955 1293 1867 1723 1889 667 612 1203 1080 698 1394 802 
1501 728 1711 782 1953 1816 1159 973 1317 1702 1014 1364 494 398 898 596 534 583 407 570 783 695 796 1445 805 1618 1338 2008 1720 788 1312 1447 653 1281 
1069 1357 1260 1988 1126 1681 813 1413 1369 1415 591 1306 1135 851 227 520 486 337 409 428 1007 1333 484 1620 1330 579 1022 1077 1616 1856 1792 1182 1746 1702 
950 773 1247 1850 2231 1265 1856 1864 533 1613 862 1374 578 640 494 208 648 678 625 405 862 992 581 888 612 1750 1033 1775 1309 1474 1725 793 1761 932 
1426 1137 828 1095 1053 1150 1370 1791 1698 1419 1520 1348 832 880 673 614 428 375 374 741 1108 826 1024 1680 724 1087 843 1776 1309 1405 574 913 937 960 
896 1849 883 1848 1927 1737 2208 1126 1132 467 987 451 546 901 337 801 375 389 432 771 882 720 599 1281 637 1147 1165 1575 1237 2005 710 1330 1618 751 
1189 2098 1762 1814 2342 1111 1282 1325 1027 1609 962 778 544 1022 491 681 627 601 295 965 853 709 861 1546 1561 1574 692 1119 2384 1338 880 1391 1789 1142 
1649 1068 1125 2098 1753 2229 1063 1345 1560 1484 864 410 426 947 444 549 270 583 321 537 586 1262 1014 954 1860 868 1225 2132 1036 1345 2287 969 1995 728 
1737 1078 2180 1639 1033 2229 651 1281 1302 1610 726 593 446 296 588 640 634 484 407 415 866 1276 667 713 1912 1325 1794 1217 1192 1648 595 848 1454 482 
823 1309 595 1470 848 1100 717 565 1407 578 546 593 990 770 702 434 617 289 756 871 1169 532 1261 1672 1173 1281 846 1201 663 1236 1015 811 1248 829 
860 624 968 1062 1944 862 663 1310 1882 1382 1412 538 965 918 343 660 510 295 688 468 384 1094 903 1272 1449 1874 2088 634 1560 2328 2109 1235 1108 1666 
740 1552 1570 2098 1720 775 796 1272 1061 690 1433 968 613 862 398 507 498 714 769 637 909 752 1288 1549 1940 1669 1698 1717 1684 700 2006 1841 1044 1551 
1975 1592 1288 1351 884 663 1545 1794 1139 809 1572 1158 506 898 330 441 739 677 477 340 584 930 731 606 728 1007 2160 660 1850 603 2060 1351 1552 552 
1441 1530 1025 1372 991 1158 812 1347 1848 1728 1048 1012 1172 823 782 223 641 694 251 865 683 599 1485 534 866 2066 576 987 1115 1612 1985 1538 1320 1176 
1314 699 1821 1270 686 2188 665 890 681 1621 1435 1251 578 851 304 312 454 622 636 452 417 392 461 534 1420 1558 2023 839 1993 1876 1530 1850 1911 1724 
615 1754 1512 657 1446 1043 1863 2034 1020 457 975 777 1141 818 800 749 552 539 496 482 1130 788 674 1626 1014 1389 1151 2055 838 1916 994 1111 1781 1022 
1052 1284 1046 1359 691 1813 1476 1483 1662 962 1265 994 751 662 745 650 564 718 585 842 654 410 625 813 1437 1042 2025 1281 752 935 972 1558 1393 1360 
1528 1911 1414 1506 776 1031 2268 602 631 1482 944 559 388 739 239 608 580 524 564 870 636 488 525 1188 1034 1345 2180 1999 2364 2024 1692 793 521 863 
1064 899 1186 2148 1045 1913 1858 1786 1390 1777 594 661 500 816 294 746 661 274 560 341 821 1244 911 1191 669 2068 1367 1691 1142 1233 1721 1099 1798 581 
783 1441 637 2023 1505 2324 1713 1158 669 488 592 1363 1090 815 421 542 632 445 364 685 1114 1114 1338 1679 1449 2073 1705 1838 861 974 2215 1994 611 1259 
766 1364 1010 1365 1041 1314 1785 1012 670 869 418 1043 1173 317 799 445 478 759 729 1014 1151 787 454 1647 766 1453 641 2168 1474 2094 722 1398 1751 593 
1987 2044 1892 1523 1113 2010 1793 1511 1477 510 1099 530 502 838 366 277 778 766 537 791 1058 1131 1187 857 559 613 820 1725 2209 763 1462 1870 1703 1725 
1251 1626 1941 1434 2254 1798 611 2000 1596 1487 1401 688 844 590 714 745 202 439 745 323 513 594 1510 585 1186 1248 1877 1066 741 2083 2059 1658 1341 786 
1655 1295 669 1226 1417 2366 2062 935 843 717 628 353 498 990 314 594 282 601 503 773 814 530 1360 1634 1301 902 1805 1165 1413 772 2130 755 1008 634 
1667 1206 1207 2057 1109 1440 1537 1600 1743 1794 1354 1308 486 292 833 444 796 729 870 347 649 398 1204 951 1956 1189 2174 2065 1208 1779 955 651 630 1240 
923 1485 779 2015 1634 960 1834 1346 1785 860 960 1089 791 657 344 207 267 507 418 671 489 689 1272 675 1645 925 1441 1770 1928 706 1138 1497 1705 715 
1038 566 1625 1643 1429 1663 2140 1061 1963 677 655 810 716 520 381 557 431 430 764 984 491 1064 1003 1012 1842 1187 1941 848 946 789 1665 1035 1739 988 
1406 1764 2139 1228 1608 2230 1680 1241 1398 1531 1265 368 783 534 530 232 583 366 227 1029 1018 520 1411 1295 1847 1428 1794 2015 1632 1074 902 1651 619 1622 
991 1810 1431 1956 1010 2344 582 1231 732 698 867 953 351 685 623 558 203 264 492 269 772 928 572 1440 890 987 1450 898 2342 746 845 1045 947 1618 
1274 934 1135 1979 1186 1295 1111 2052 827 1360 1181 692 334 540 559 798 269 333 883 941 501 734 1073 621 1141 1849 1454 1097 1600 1835 1871 1437 1242 1060 
1077 925 656 2358 755 1190 1530 1821 1264 849 420 725 345 660 841 639 214 674 513 539 911 1297 886 1385 540 1227 1570 2110 2350 1979 1279 882 1531 784 
882 1712 1798 1377 651 2031 1868 1879 686 1123 1168 1073 999 392 509 703 570 716 240 375 852 406 1066 612 698 1868 1553 1366 1201 706 1203 807 1431 865 
1655 956 1179 1169 1230 1963 1534 2034 1322 937 1424 380 919 344 420 256 402 421 443 926 1187 825 1251 1609 1264 1161 1310 1070 1311 2050 1288 1658 774 1482 
1011 1596 763 1396 804 599 1276 1123 1015 979 688 605 737 792 720 801 727 689 261 1027 660 814 517 1063 1928 1844 1591 1493 1504 643 950 2006 1850 1558 
1531 1607 874 1196 960 1499 1520 678 965 775 1461 784 862 585 736 328 396 667 832 484 1186 809 706 940 1429 2149 1154 1850 1480 1657 623 1477 1369 1320 
1585 1736 993 1651 2174 1789 2264 1492 1598 800 1380 489 726 434 385 333 472 398 339 353 1006 722 1578 1134 1958 1063 2203 1898 2079 1300 794 752 998 752 
811 1137 1959 1351 935 1045 2081 1214 1144 1087 1232 1077 329 517 881 601 785 349 279 979 327 1131 460 1386 1841 806 1373 1426 1533 1160 866 611 648 1195 
