20 6 20
15 50
340 96 85 77 75 77 85 96 112 130 149 169 187 203 214 222 225 222 214 203 187 
340 129 113 103 100 103 113 129 149 174 199 225 249 270 286 296 300 296 286 270 250 
340 161 141 129 125 129 141 161 187 217 249 282 312 338 358 370 375 370 358 338 312 
340 193 170 155 150 155 170 193 224 261 299 338 374 406 429 444 450 444 429 406 375 
340 226 198 180 175 180 198 226 262 304 349 395 437 473 501 519 525 519 501 473 437 
100000 6464 5669 5170 5000 5170 5669 6464 7499 8705 9999 11294 12499 13535 14330 14829 15000 14829 14330 13535 12500 
1353 1433 1482 1499 1482 1433 1353 1250 1129 1000 870 750 646 566 517 
409 578 547 566 827 
504 599 475 771 887 
487 488 524 615 780 
516 511 583 682 815 
595 466 472 674 753 
468 587 478 605 608 
557 538 602 562 770 
422 447 660 657 803 
548 417 599 596 770 
588 430 478 644 608 
524 608 468 736 729 
436 619 484 551 884 
494 475 491 618 620 
593 422 533 702 759 
511 423 561 561 774 
408 516 528 663 666 
408 431 509 758 849 
484 568 477 683 844 
529 512 559 567 605 
542 421 598 570 775 
433 588 512 769 784 
567 564 654 753 856 
572 456 679 745 853 
480 600 650 543 882 
501 615 532 659 748 
589 496 487 659 897 
477 529 454 562 736 
564 584 632 654 673 
469 551 514 763 729 
579 566 489 674 880 
403 589 646 661 650 
425 507 597 731 865 
561 450 653 551 723 
536 496 577 773 640 
481 540 464 715 759 
587 552 668 572 629 
402 454 565 670 651 
568 415 509 763 651 
459 558 504 696 887 
449 477 538 733 810 
441 481 622 668 895 
599 596 507 578 659 
504 456 652 540 899 
501 449 557 709 616 
463 480 514 767 731 
475 591 666 603 629 
591 502 631 561 867 
569 589 462 522 756 
575 448 653 667 811 
576 510 576 718 711 
