50 2 20
16 5
1700 112 96 85 77 75 77 85 96 112 130 149 169 187 203 214 222 225 222 214 203 187 169 150 130 112 96 85 77 75 77 85 96 112 130 149 169 187 203 214 222 225 222 214 203 187 169 150 130 112 96 
100000 7500 6464 5669 5170 5000 5170 5669 6464 7499 8705 9999 11294 12499 13535 14330 14829 15000 14829 14330 13535 12500 11294 10000 8705 7500 6464 5669 5170 5000 5170 5669 6464 7499 8705 9999 11294 12499 13535 14330 14829 15000 14829 14330 13535 12500 11294 10000 8705 7500 6464 
1249 1353 1433 1482 1499 1482 1433 1353 1250 1129 1000 870 750 646 566 517 
240 378 906 583 1181 978 401 1712 1227 816 1358 2229 642 1185 1853 1150 1603 1599 1103 1074 525 928 843 495 326 663 425 627 409 1241 856 1690 1423 878 
216 353 731 964 845 1036 819 1010 895 1763 892 1657 1486 786 1903 1357 1784 1177 1234 1248 489 854 459 342 361 295 739 873 1070 586 1141 1606 1524 1933 
222 692 227 679 441 964 1568 1467 855 625 751 2321 1091 994 1551 720 1636 1199 1365 452 902 452 348 367 376 357 293 521 1160 679 880 1437 916 1750 
420 698 248 322 480 1202 645 946 967 1366 1174 1339 1081 1548 2002 1358 1596 577 461 356 519 960 396 469 319 648 893 491 1050 1015 1405 1012 1407 1288 
538 740 755 421 374 666 1085 597 1381 669 1801 1089 1100 1268 1856 900 1721 805 1489 874 392 761 888 615 504 266 807 821 359 870 796 1049 1727 1339 
