50 6 20
16 10
340 130 149 169 187 203 214 222 225 222 214 203 187 169 150 130 112 96 85 77 75 77 85 96 112 130 149 169 187 203 214 222 225 222 214 203 187 169 150 130 112 96 85 77 75 77 85 96 112 130 149 
340 174 199 225 249 270 286 296 300 296 286 270 250 225 200 174 150 129 113 103 100 103 113 129 149 174 199 225 249 270 286 296 300 296 286 270 250 225 200 174 150 129 113 103 100 103 113 129 149 174 199 
340 217 249 282 312 338 358 370 375 370 358 338 312 282 250 217 187 161 141 129 125 129 141 161 187 217 249 282 312 338 358 370 375 370 358 338 312 282 250 217 187 161 141 129 125 129 141 161 187 217 249 
340 261 299 338 374 406 429 444 450 444 429 406 375 338 300 261 225 193 170 155 150 155 170 193 224 261 299 338 374 406 429 444 450 444 429 406 375 338 300 261 225 193 170 155 150 155 170 193 224 261 299 
340 304 349 395 437 473 501 519 525 519 501 473 437 395 350 304 262 226 198 180 175 180 198 226 262 304 349 395 437 473 501 519 525 519 501 473 437 395 350 304 262 226 198 180 175 180 198 226 262 304 349 
100000 8705 9999 11294 12499 13535 14330 14829 15000 14829 14330 13535 12500 11294 10000 8705 7500 6464 5669 5170 5000 5170 5669 6464 7499 8705 9999 11294 12499 13535 14330 14829 15000 14829 14330 13535 12500 11294 10000 8705 7500 6464 5669 5170 5000 5170 5669 6464 7499 8705 9999 
1129 1000 870 750 646 566 517 500 517 566 646 749 870 999 1129 1249 
1311 1444 1524 1567 1545 1464 1301 1227 1153 989 890 735 621 578 512 510 520 560 650 728 909 976 1128 1271 1391 1397 1503 1571 1447 1442 1358 1250 1182 1039 
1318 1374 1513 1480 1463 1427 1308 1285 1096 966 909 721 619 587 520 514 520 548 672 749 876 1010 1083 1235 1415 1381 1522 1456 1532 1490 1418 1209 1177 966 
1404 1405 1461 1515 1557 1484 1313 1285 1140 1025 840 767 664 567 526 514 537 566 669 746 904 976 1125 1236 1420 1461 1483 1489 1525 1422 1365 1272 1146 1017 
1340 1433 1515 1549 1529 1445 1361 1291 1152 1032 864 764 622 547 516 489 539 555 664 771 849 968 1108 1272 1335 1420 1437 1574 1547 1396 1412 1243 1109 999 
1293 1398 1427 1437 1420 1419 1321 1217 1176 1037 836 743 675 584 533 511 522 547 640 719 898 1014 1151 1281 1316 1442 1504 1509 1465 1426 1337 1250 1181 954 
1311 1485 1421 1485 1535 1461 1403 1300 1161 1031 852 771 617 539 514 523 540 580 634 781 847 1046 1086 1209 1337 1424 1461 1481 1457 1372 1367 1240 1075 1013 
1321 1443 1552 1499 1428 1503 1324 1275 1098 1033 877 784 650 546 537 519 508 578 627 722 855 969 1157 1282 1410 1463 1462 1472 1463 1504 1369 1209 1183 1001 
1359 1437 1523 1528 1517 1434 1311 1233 1169 1049 865 780 626 558 495 524 507 593 649 738 856 1000 1173 1290 1308 1497 1537 1528 1545 1414 1331 1271 1074 978 
1297 1488 1435 1541 1460 1457 1392 1202 1165 1039 896 719 650 575 526 511 524 578 660 769 893 1041 1173 1222 1410 1471 1537 1455 1433 1409 1320 1293 1137 1031 
1378 1378 1493 1555 1522 1495 1370 1193 1142 959 865 742 675 556 529 508 512 577 665 714 840 970 1137 1295 1332 1466 1408 1519 1503 1488 1413 1195 1101 975 
