5 3 20
3 100
850 96 112 130 149 169 
850 129 149 174 199 225 
100000 6464 7499 8705 9999 11294 
1353 1250 1129 
1546 1133 
932 483 
717 697 
436 1125 
588 1267 
934 550 
609 743 
827 413 
767 489 
1043 821 
975 511 
514 522 
879 892 
1264 1249 
913 982 
858 1188 
1289 868 
996 622 
972 783 
1583 550 
508 905 
678 627 
1162 1388 
843 1237 
632 882 
1486 381 
606 703 
544 649 
1217 381 
674 1270 
1256 1140 
1314 962 
821 951 
574 1217 
1244 847 
1524 1238 
1379 925 
1238 1354 
692 480 
1557 896 
1039 564 
734 1075 
772 436 
1327 968 
648 792 
693 1307 
809 1098 
655 1043 
1078 760 
1503 350 
646 856 
1283 1299 
1013 505 
1552 1065 
1043 1305 
946 1278 
1184 1383 
529 1228 
941 833 
1095 616 
644 1154 
765 462 
1171 600 
665 689 
710 429 
628 770 
1404 1000 
1095 898 
941 615 
1571 671 
1167 1110 
1000 1105 
1570 709 
1225 700 
1298 1156 
889 789 
1589 1249 
1346 414 
1051 664 
1139 1218 
880 838 
610 492 
458 657 
410 1215 
402 891 
1057 531 
734 502 
521 1155 
417 846 
587 886 
1536 896 
966 557 
1578 561 
1507 1243 
1073 444 
1086 779 
462 487 
1522 1156 
1458 475 
1490 1305 
