50 11 20
36 100
170 130 112 96 85 77 75 77 85 96 112 130 149 169 187 203 214 222 225 222 214 203 187 169 150 130 112 96 85 77 75 77 85 96 112 130 149 169 187 203 214 222 225 222 214 203 187 169 150 130 112 
170 174 150 129 113 103 100 103 113 129 149 174 199 225 249 270 286 296 300 296 286 270 250 225 200 174 150 129 113 103 100 103 113 129 149 174 199 225 249 270 286 296 300 296 286 270 250 225 200 174 150 
170 217 187 161 141 129 125 129 141 161 187 217 249 282 312 338 358 370 375 370 358 338 312 282 250 217 187 161 141 129 125 129 141 161 187 217 249 282 312 338 358 370 375 370 358 338 312 282 250 217 187 
170 261 225 193 170 155 150 155 170 193 224 261 299 338 374 406 429 444 450 444 429 406 375 338 300 261 225 193 170 155 150 155 170 193 224 261 299 338 374 406 429 444 450 444 429 406 375 338 300 261 225 
170 304 262 226 198 180 175 180 198 226 262 304 349 395 437 473 501 519 525 519 501 473 437 395 350 304 262 226 198 180 175 180 198 226 262 304 349 395 437 473 501 519 525 519 501 473 437 395 350 304 262 
170 348 300 258 226 206 200 206 226 258 299 348 399 451 499 541 573 593 600 593 573 541 500 451 400 348 300 258 226 206 200 206 226 258 299 348 399 451 499 541 573 593 600 593 573 541 500 451 400 348 300 
170 391 337 290 255 232 225 232 255 290 337 391 449 508 562 609 644 667 675 667 644 609 562 508 450 391 337 290 255 232 225 232 255 290 337 391 449 508 562 609 644 667 675 667 644 609 562 508 450 391 337 
170 435 375 323 283 258 250 258 283 323 374 435 499 564 624 676 716 741 750 741 716 676 625 564 500 435 375 323 283 258 250 258 283 323 374 435 499 564 624 676 716 741 750 741 716 676 625 564 500 435 375 
170 478 412 355 311 284 275 284 311 355 412 478 549 621 687 744 788 815 825 815 788 744 687 621 550 478 412 355 311 284 275 284 311 355 412 478 549 621 687 744 788 815 825 815 788 744 687 621 550 478 412 
170 522 450 387 340 310 300 310 340 387 449 522 599 677 749 812 859 889 900 889 859 812 750 677 600 522 450 387 340 310 300 310 340 387 449 522 599 677 749 812 859 889 900 889 859 812 750 677 600 522 450 
100000 8705 7500 6464 5669 5170 5000 5170 5669 6464 7499 8705 9999 11294 12499 13535 14330 14829 15000 14829 14330 13535 12500 11294 10000 8705 7500 6464 5669 5170 5000 5170 5669 6464 7499 8705 9999 11294 12499 13535 14330 14829 15000 14829 14330 13535 12500 11294 10000 8705 7500 
1129 1249 1353 1433 1482 1499 1482 1433 1353 1250 1129 1000 870 750 646 566 517 500 517 566 646 749 870 999 1129 1249 1353 1433 1482 1499 1482 1433 1353 1250 1129 1000 
834 721 628 579 494 495 497 561 661 737 897 965 1134 1211 
908 769 639 586 535 522 499 591 627 757 862 1024 1158 1187 
906 746 618 584 504 479 537 575 638 722 898 961 1169 1191 
837 724 629 567 499 500 498 591 654 722 834 1028 1149 1255 
844 731 629 580 522 483 535 573 650 734 912 1037 1098 1197 
855 783 619 593 495 483 492 556 651 757 914 972 1113 1295 
838 785 615 554 518 504 541 572 638 735 861 1048 1154 1228 
872 713 642 568 522 509 532 581 651 734 849 981 1173 1277 
890 722 646 568 539 492 511 541 633 766 890 1045 1171 1273 
831 755 649 565 512 484 514 591 678 721 867 1022 1109 1206 
904 741 623 565 500 515 509 591 659 713 851 961 1135 1234 
841 760 635 555 519 523 540 579 636 786 849 1049 1092 1307 
882 785 671 584 514 508 527 565 636 722 833 992 1103 1220 
875 764 639 593 530 522 522 561 674 770 910 1030 1175 1241 
869 758 623 589 542 487 524 583 620 749 854 978 1103 1271 
883 769 616 573 511 523 491 574 667 763 836 991 1140 1252 
883 726 647 541 509 522 505 572 630 718 903 961 1134 1241 
830 744 620 581 538 485 492 584 634 718 887 973 1135 1192 
904 714 633 580 502 476 512 584 656 735 851 1021 1104 1272 
885 731 622 552 506 495 494 560 648 748 896 1030 1097 1207 
901 739 675 581 520 480 497 590 677 727 887 968 1160 1223 
844 775 615 593 539 482 529 592 669 765 871 980 1077 1280 
876 770 634 554 541 489 535 539 635 771 870 1001 1105 1226 
855 718 659 575 513 502 515 573 645 729 907 1024 1164 1282 
902 786 666 577 497 480 499 568 654 717 913 993 1074 1234 
844 782 655 577 495 519 492 563 659 740 896 950 1175 1231 
894 717 653 593 525 505 492 561 667 745 886 1039 1127 1238 
905 724 614 562 509 504 521 558 652 748 907 1033 1082 1293 
843 728 659 588 541 503 493 579 646 718 892 999 1148 1260 
836 742 633 581 540 513 507 576 640 775 897 957 1110 1208 
841 735 615 563 541 478 499 575 668 723 847 986 1085 1188 
904 714 627 572 494 524 540 556 640 735 872 963 1093 1189 
832 738 653 581 496 499 505 571 649 720 864 1041 1101 1294 
886 727 632 579 500 501 521 581 643 757 861 1044 1109 1225 
897 786 667 561 500 492 522 566 659 734 910 1020 1119 1256 
872 745 657 539 501 501 538 555 626 713 878 1004 1139 1206 
883 732 654 581 540 507 533 555 622 786 854 962 1129 1288 
872 727 624 561 505 498 501 548 675 757 913 998 1114 1301 
875 762 619 566 536 505 494 544 635 771 828 1040 1179 1300 
878 776 656 557 530 495 516 557 638 764 869 955 1123 1264 
881 771 676 549 512 477 538 565 634 715 850 978 1175 1215 
878 746 662 564 497 492 538 563 666 762 842 1024 1112 1219 
896 759 649 583 541 496 497 552 659 776 860 1038 1103 1224 
885 765 629 541 494 480 531 579 642 768 878 1033 1092 1219 
834 770 651 584 542 479 513 554 634 736 894 1045 1135 1239 
841 751 626 588 520 485 515 569 634 713 857 997 1178 1270 
880 751 658 563 501 488 504 563 647 774 884 969 1075 1202 
891 761 658 558 504 481 520 594 621 725 857 974 1134 1222 
902 729 668 547 517 509 516 563 650 771 867 1021 1118 1246 
835 760 649 549 524 483 513 562 677 742 829 1003 1105 1231 
846 777 634 594 535 485 501 584 638 769 838 997 1111 1262 
836 764 634 587 542 509 514 574 614 768 885 1018 1079 1192 
849 726 672 541 492 492 518 549 671 740 909 1009 1178 1229 
867 764 665 579 538 517 514 541 672 740 860 974 1088 1209 
908 739 646 577 495 488 523 595 631 778 865 1041 1151 1233 
898 713 645 554 526 486 504 588 646 727 884 983 1158 1273 
833 752 628 575 507 520 527 593 637 780 913 989 1084 1293 
880 722 617 572 513 476 538 576 636 728 841 998 1106 1206 
856 727 665 573 510 513 505 587 645 713 859 996 1082 1293 
856 783 627 586 542 515 534 546 628 715 889 1027 1113 1273 
830 766 650 574 517 492 524 543 626 780 843 1046 1157 1257 
877 767 636 575 536 513 538 578 669 776 828 1032 1126 1305 
911 720 674 578 518 497 513 539 665 767 847 950 1137 1263 
882 755 677 576 528 490 506 567 655 749 837 996 1164 1210 
886 728 634 544 509 494 524 554 635 731 903 967 1113 1249 
902 731 654 555 500 515 524 576 650 763 846 991 1132 1214 
854 741 667 575 542 501 529 558 623 754 865 987 1104 1247 
888 742 615 539 499 509 520 542 629 727 898 961 1095 1227 
867 714 631 565 522 523 502 542 626 771 874 1046 1093 1284 
877 784 630 546 520 499 499 588 621 721 886 1027 1075 1286 
840 770 618 575 516 511 513 554 655 779 880 976 1145 1268 
861 767 675 563 526 522 505 593 676 766 891 1040 1076 1229 
860 784 654 543 538 506 539 542 668 760 866 965 1155 1197 
829 786 665 569 532 518 515 545 657 728 864 997 1100 1286 
858 720 652 542 499 520 542 541 674 780 909 1045 1090 1260 
878 715 661 576 532 524 499 573 621 717 862 1015 1172 1264 
905 773 651 589 500 512 532 542 653 759 901 961 1148 1189 
876 760 624 544 539 492 497 540 652 784 862 1020 1131 1252 
827 717 674 594 541 520 542 579 675 733 913 1049 1117 1286 
902 725 623 573 522 497 527 566 644 713 908 1021 1122 1260 
848 740 617 587 495 505 533 544 615 740 860 987 1078 1235 
905 752 633 587 515 506 541 570 629 759 886 1019 1180 1235 
900 752 660 566 516 521 523 549 617 771 902 1022 1130 1257 
865 747 639 593 518 489 500 593 677 735 863 1042 1179 1243 
838 745 617 554 495 499 497 556 618 740 906 960 1181 1218 
893 757 614 568 529 478 519 548 633 779 827 1049 1131 1251 
849 714 651 544 499 482 502 540 647 773 891 1013 1182 1242 
871 759 640 591 517 495 499 542 658 765 884 980 1176 1296 
899 751 620 540 538 494 508 583 675 784 897 988 1133 1308 
908 786 633 570 534 488 522 593 644 774 890 1017 1132 1238 
864 784 643 582 532 517 518 545 640 767 891 1016 1165 1278 
912 757 627 573 515 519 505 590 622 715 856 1017 1112 1248 
875 755 636 574 501 519 507 545 624 787 872 999 1108 1191 
886 775 624 540 529 494 497 574 642 774 841 986 1128 1233 
829 761 627 595 521 509 495 557 671 718 852 984 1099 1277 
876 737 667 564 509 494 513 549 676 780 871 964 1102 1222 
857 753 671 549 524 508 512 590 667 763 872 1040 1185 1285 
868 781 643 565 493 489 529 560 636 741 847 968 1110 1289 
842 746 660 575 507 512 494 588 663 768 890 1031 1119 1304 
851 730 655 562 506 487 510 564 625 749 864 996 1136 1294 
