50 11 20
16 100
170 130 149 169 187 203 214 222 225 222 214 203 187 169 150 130 112 96 85 77 75 77 85 96 112 130 149 169 187 203 214 222 225 222 214 203 187 169 150 130 112 96 85 77 75 77 85 96 112 130 149 
170 174 199 225 249 270 286 296 300 296 286 270 250 225 200 174 150 129 113 103 100 103 113 129 149 174 199 225 249 270 286 296 300 296 286 270 250 225 200 174 150 129 113 103 100 103 113 129 149 174 199 
170 217 249 282 312 338 358 370 375 370 358 338 312 282 250 217 187 161 141 129 125 129 141 161 187 217 249 282 312 338 358 370 375 370 358 338 312 282 250 217 187 161 141 129 125 129 141 161 187 217 249 
170 261 299 338 374 406 429 444 450 444 429 406 375 338 300 261 225 193 170 155 150 155 170 193 224 261 299 338 374 406 429 444 450 444 429 406 375 338 300 261 225 193 170 155 150 155 170 193 224 261 299 
170 304 349 395 437 473 501 519 525 519 501 473 437 395 350 304 262 226 198 180 175 180 198 226 262 304 349 395 437 473 501 519 525 519 501 473 437 395 350 304 262 226 198 180 175 180 198 226 262 304 349 
170 348 399 451 499 541 573 593 600 593 573 541 500 451 400 348 300 258 226 206 200 206 226 258 299 348 399 451 499 541 573 593 600 593 573 541 500 451 400 348 300 258 226 206 200 206 226 258 299 348 399 
170 391 449 508 562 609 644 667 675 667 644 609 562 508 450 391 337 290 255 232 225 232 255 290 337 391 449 508 562 609 644 667 675 667 644 609 562 508 450 391 337 290 255 232 225 232 255 290 337 391 449 
170 435 499 564 624 676 716 741 750 741 716 676 625 564 500 435 375 323 283 258 250 258 283 323 374 435 499 564 624 676 716 741 750 741 716 676 625 564 500 435 375 323 283 258 250 258 283 323 374 435 499 
170 478 549 621 687 744 788 815 825 815 788 744 687 621 550 478 412 355 311 284 275 284 311 355 412 478 549 621 687 744 788 815 825 815 788 744 687 621 550 478 412 355 311 284 275 284 311 355 412 478 549 
170 522 599 677 749 812 859 889 900 889 859 812 750 677 600 522 450 387 340 310 300 310 340 387 449 522 599 677 749 812 859 889 900 889 859 812 750 677 600 522 450 387 340 310 300 310 340 387 449 522 599 
100000 8705 9999 11294 12499 13535 14330 14829 15000 14829 14330 13535 12500 11294 10000 8705 7500 6464 5669 5170 5000 5170 5669 6464 7499 8705 9999 11294 12499 13535 14330 14829 15000 14829 14330 13535 12500 11294 10000 8705 7500 6464 5669 5170 5000 5170 5669 6464 7499 8705 9999 
1129 1000 870 750 646 566 517 500 517 566 646 749 870 999 1129 1249 
1355 1336 1673 1678 1733 1540 1381 1134 1055 1004 780 785 603 572 572 513 439 554 628 727 966 1072 1221 1045 1620 1320 1329 1524 1552 1151 1540 1101 1059 911 
1542 1270 1676 1487 1608 1168 1464 1053 973 951 944 867 704 660 495 596 431 623 664 886 1019 855 959 1408 1500 1343 1305 1660 1541 1267 1318 1453 1160 936 
1233 1513 1616 1421 1200 1693 1621 1162 1189 930 822 755 761 559 520 583 490 590 740 764 932 1018 998 1382 1571 1283 1769 1208 1236 1160 1254 1454 1269 931 
1550 1259 1322 1201 1574 1452 1418 1009 1302 1013 723 826 752 475 505 516 494 550 535 897 977 1121 1122 1452 1248 1394 1529 1516 1274 1435 1308 1149 1181 1123 
1201 1319 1627 1753 1579 1571 1464 1228 930 1113 760 684 651 554 538 447 556 621 654 689 754 1135 948 1316 1175 1379 1683 1534 1524 1662 1455 1413 1294 1196 
1401 1293 1318 1719 1462 1218 1152 1298 1343 931 973 699 731 628 596 497 428 665 684 812 733 849 940 1374 1558 1338 1307 1241 1192 1274 1086 1152 1011 856 
1205 1351 1199 1630 1477 1333 1424 1465 1332 1192 904 651 771 456 586 448 431 629 592 828 871 1094 1121 1478 1474 1344 1617 1388 1452 1473 1332 1014 936 1110 
1325 1581 1376 1319 1320 1503 1146 1363 1203 1171 792 656 762 588 438 578 588 621 669 791 897 951 905 1427 1190 1579 1761 1325 1625 1269 1422 1135 920 848 
1495 1452 1511 1672 1724 1428 1083 1434 914 1193 785 663 734 570 447 520 511 639 727 721 830 927 908 1274 1251 1569 1351 1701 1318 1484 1247 1007 1321 1098 
1139 1517 1422 1679 1662 1241 1328 1229 1048 858 983 803 742 505 465 549 530 607 693 617 1032 816 990 1382 1083 1647 1581 1242 1766 1717 1565 1170 960 908 
1154 1581 1469 1402 1640 1590 1312 1153 951 809 978 855 771 674 601 538 449 675 538 876 797 1196 1150 1078 1205 1518 1191 1780 1609 1674 1384 1285 960 831 
1438 1287 1261 1305 1521 1398 1188 1390 921 816 942 643 686 630 538 516 537 503 583 665 793 940 1195 1425 1389 1243 1426 1309 1223 1319 1550 1029 988 837 
1445 1152 1463 1283 1223 1587 1534 1357 1095 802 810 634 568 674 615 463 561 528 587 892 743 1118 920 1096 1599 1668 1202 1238 1361 1486 1158 1216 1130 1084 
1389 1626 1277 1447 1598 1222 1142 1194 979 1090 917 851 746 665 465 463 481 540 613 660 706 1186 1048 1496 1380 1318 1686 1302 1659 1233 1458 1406 911 1126 
1290 1558 1384 1736 1601 1275 1158 1236 937 984 775 638 626 510 612 554 517 538 611 829 844 961 1108 1148 1296 1646 1580 1493 1358 1684 1462 1097 963 917 
1455 1690 1247 1522 1734 1183 1159 1362 954 926 960 693 621 497 443 442 431 501 558 663 793 874 1043 1187 1334 1160 1363 1684 1310 1686 1218 1169 1314 1035 
1190 1400 1730 1233 1734 1202 1557 1121 1242 1102 910 760 615 503 509 452 494 585 590 881 840 1178 967 1340 1461 1279 1692 1721 1220 1514 1283 1222 1280 861 
1213 1627 1771 1587 1226 1150 1548 1473 1023 1009 963 744 767 506 609 553 505 539 518 735 993 1089 1102 1058 1444 1506 1388 1556 1578 1432 1528 1486 1232 1063 
1276 1164 1458 1228 1497 1339 1485 1370 1050 1072 803 829 679 482 508 432 588 531 771 830 849 984 1085 1359 1276 1245 1536 1243 1749 1316 1589 1298 1145 1003 
1103 1230 1270 1484 1284 1491 1376 1048 1082 1142 766 631 709 634 447 535 439 627 667 708 880 992 1278 1477 1183 1621 1759 1572 1268 1478 1348 1461 908 972 
1127 1717 1396 1424 1413 1489 1284 1421 1085 894 844 789 691 475 434 403 562 454 577 630 1029 841 1217 1389 1405 1449 1380 1427 1575 1556 1520 1185 1213 1055 
1548 1238 1349 1589 1539 1380 1593 1076 1067 1144 883 850 761 491 553 533 500 591 620 715 900 910 1141 1350 1200 1496 1743 1753 1229 1595 1223 1114 1332 1166 
1143 1324 1563 1545 1478 1481 1149 1260 1081 1091 1012 658 581 618 562 574 473 487 656 605 842 1163 1009 1366 1468 1244 1583 1693 1233 1542 1411 1216 1022 892 
1239 1555 1599 1409 1779 1429 1274 1101 1115 973 762 796 639 592 459 470 508 463 749 606 881 818 1272 1343 1450 1715 1417 1221 1504 1347 1387 1330 1160 1014 
1172 1353 1778 1500 1777 1303 1254 1278 1009 803 956 717 588 574 510 548 530 679 769 810 893 912 1086 1068 1301 1362 1281 1290 1372 1396 1464 1050 1120 1051 
1541 1210 1401 1534 1401 1480 1125 1224 1048 1043 1037 847 751 642 616 578 445 609 708 710 824 979 1041 1457 1419 1238 1357 1795 1274 1607 1187 1126 1351 1095 
1607 1295 1624 1723 1416 1559 1458 1256 1060 1184 812 719 693 647 490 566 535 668 596 736 781 1178 1254 1273 1476 1349 1522 1435 1672 1391 1405 1318 1264 872 
1510 1220 1660 1602 1239 1260 1542 1133 1141 1138 755 638 684 639 584 524 450 462 605 858 769 930 1057 1072 1541 1693 1689 1465 1510 1666 1247 1358 942 961 
1578 1281 1450 1559 1442 1523 1344 1469 1316 818 951 650 682 584 445 482 555 486 572 706 803 1030 947 1459 1480 1536 1449 1493 1425 1634 1305 1043 1044 978 
1307 1428 1486 1588 1435 1594 1277 1018 942 897 935 780 682 487 482 475 580 529 588 738 919 824 1310 1309 1412 1245 1476 1302 1643 1671 1368 1213 1073 1001 
1600 1340 1642 1691 1726 1504 1562 1127 943 828 781 645 596 504 563 561 487 498 522 751 955 1129 940 1293 1309 1633 1416 1780 1231 1373 1313 1048 962 972 
1183 1628 1748 1456 1206 1292 1320 1481 1263 1069 908 736 625 489 442 556 414 613 678 889 912 883 1137 1327 1464 1530 1444 1600 1407 1480 1542 1109 1147 1194 
1524 1235 1272 1282 1660 1626 1275 1155 993 1171 719 789 692 636 530 494 594 633 699 705 899 1181 1076 1393 1110 1516 1632 1271 1423 1483 1582 1364 1279 1045 
1386 1516 1600 1714 1296 1719 1088 1299 1153 916 868 735 752 670 576 433 522 494 744 809 801 972 1058 1414 1523 1547 1505 1210 1568 1657 1233 1349 1053 944 
1156 1592 1648 1214 1745 1438 1349 1032 1163 999 854 796 682 459 414 540 442 553 661 617 938 1125 1141 1083 1348 1480 1324 1585 1427 1377 1209 1356 1165 1177 
1538 1154 1700 1681 1312 1553 1290 1155 1280 959 928 722 715 626 529 465 511 558 637 686 898 882 1332 1474 1317 1426 1448 1688 1637 1702 1604 1148 1039 1174 
1419 1554 1638 1702 1689 1639 1574 1186 934 981 755 617 729 474 532 558 614 460 615 703 724 952 999 1142 1391 1208 1259 1349 1599 1360 1246 1052 909 1026 
1573 1661 1403 1620 1632 1205 1097 1190 1033 849 716 622 679 573 517 582 424 671 650 819 959 890 1334 1280 1219 1438 1571 1379 1310 1249 1526 1393 962 873 
1517 1712 1576 1473 1590 1440 1572 1170 1299 876 904 751 602 659 504 453 485 556 637 857 946 1015 1263 1276 1172 1604 1545 1298 1651 1655 1427 1418 1125 985 
1157 1516 1271 1358 1500 1682 1275 1482 1211 1157 931 624 545 527 446 516 612 466 765 750 739 809 929 1094 1240 1375 1554 1487 1394 1626 1212 1235 1320 891 
1351 1227 1419 1782 1210 1439 1238 1106 1236 1032 815 610 768 626 431 411 568 455 600 724 906 951 1033 1288 1089 1297 1728 1205 1373 1685 1605 1051 1259 1098 
1320 1354 1748 1519 1213 1330 1452 1331 964 860 803 665 749 551 436 539 453 466 660 861 986 1091 1179 1019 1452 1161 1459 1441 1442 1442 1102 1386 1053 1146 
1384 1337 1663 1454 1571 1528 1198 1129 962 1110 932 628 531 526 469 426 439 627 616 670 707 1077 1237 1199 1562 1704 1607 1232 1322 1152 1330 1039 1274 1122 
1425 1187 1624 1218 1192 1603 1565 1427 1319 921 888 812 719 603 413 550 542 637 742 664 1003 994 1026 1186 1303 1517 1378 1405 1730 1401 1171 1218 1270 862 
1097 1311 1593 1227 1482 1411 1267 1330 1146 1116 941 750 605 479 503 504 554 606 677 746 961 1162 1060 1285 1213 1573 1500 1351 1465 1324 1544 1456 1152 824 
1145 1217 1386 1324 1704 1214 1583 1296 1223 947 963 818 761 630 617 450 454 555 768 742 896 978 1300 1144 1536 1508 1246 1261 1468 1674 1259 1034 1306 800 
1221 1311 1584 1778 1535 1278 1188 1407 1071 829 862 700 591 500 530 451 618 584 607 669 730 854 948 1278 1561 1192 1554 1263 1381 1217 1261 1243 1162 998 
1141 1623 1411 1748 1355 1280 1471 1106 1169 911 711 870 619 599 489 460 445 507 704 763 797 1137 953 1053 1327 1566 1488 1279 1459 1280 1125 1109 1252 1080 
1141 1689 1669 1720 1679 1608 1107 1027 1213 1114 723 656 549 528 556 422 530 649 544 647 887 1056 1060 1207 1506 1200 1207 1645 1202 1397 1339 1446 1157 1092 
1264 1604 1313 1264 1685 1401 1419 1205 1231 923 960 882 744 647 492 508 613 453 628 819 1011 842 918 1050 1366 1348 1272 1634 1329 1189 1348 1376 960 1182 
1534 1697 1292 1544 1314 1382 1171 1133 1004 803 992 837 753 481 619 545 508 459 761 631 737 937 954 1124 1422 1287 1376 1353 1553 1492 1178 1054 960 1125 
1347 1670 1665 1515 1746 1245 1597 1495 1339 1045 999 668 531 572 580 551 516 465 738 629 944 985 964 1383 1178 1597 1562 1775 1305 1647 1622 1347 1090 912 
1465 1479 1382 1784 1681 1690 1514 1171 1320 1035 945 729 544 625 583 587 423 622 761 859 974 1056 1127 1183 1188 1487 1558 1625 1671 1282 1526 1414 987 998 
1249 1415 1330 1522 1270 1345 1470 1013 1021 932 860 737 618 473 504 549 445 492 574 844 759 815 1324 1187 1411 1672 1443 1596 1654 1182 1349 1145 1166 917 
1088 1719 1192 1404 1695 1406 1463 1473 1118 1149 1008 653 717 606 498 589 511 643 608 654 849 905 905 1322 1165 1595 1554 1695 1684 1187 1392 1464 1102 869 
1426 1364 1741 1726 1641 1631 1173 1308 1016 890 955 651 642 587 431 567 486 573 590 693 839 1152 1246 1007 1536 1323 1429 1224 1437 1550 1248 1248 1112 1146 
1350 1375 1721 1464 1222 1660 1396 1295 909 1199 1005 705 536 578 566 430 620 605 550 737 869 942 984 1022 1274 1431 1776 1672 1688 1716 1172 1269 927 886 
1230 1711 1268 1508 1324 1706 1203 1497 1280 928 1012 689 592 558 431 515 451 466 539 722 905 1163 1260 1414 1550 1256 1643 1371 1558 1427 1136 1307 1246 1032 
1544 1639 1648 1462 1763 1202 1225 1218 1144 800 698 666 521 538 479 439 561 535 589 636 978 1009 1051 1387 1224 1483 1755 1289 1238 1707 1606 1084 958 1170 
1085 1352 1683 1402 1679 1418 1278 1083 947 1014 778 746 773 509 421 599 540 510 638 646 837 894 1337 1353 1343 1313 1450 1670 1314 1454 1265 1146 1315 992 
1277 1628 1728 1235 1350 1664 1083 1424 968 976 831 721 562 611 457 439 577 543 731 636 1040 819 1238 1018 1388 1490 1510 1391 1398 1223 1475 1441 925 1129 
1411 1523 1557 1745 1405 1693 1150 1425 1085 1094 948 730 753 503 574 402 425 640 757 781 870 1138 1267 1046 1470 1710 1488 1332 1712 1713 1290 1300 1230 1031 
1207 1418 1230 1790 1496 1390 1439 1064 1237 1109 963 874 617 649 466 513 585 672 707 758 871 806 995 1426 1401 1671 1220 1538 1669 1477 1512 1488 1074 995 
1194 1385 1574 1784 1476 1333 1493 1438 920 885 889 870 600 551 460 463 548 506 763 667 766 834 1290 1088 1146 1559 1634 1352 1227 1633 1529 1216 937 830 
1516 1371 1749 1746 1645 1430 1203 1202 984 870 997 700 541 551 551 490 501 604 680 807 714 1021 978 1457 1403 1273 1495 1224 1658 1363 1195 1063 1002 1068 
1523 1324 1339 1786 1200 1210 1153 1411 998 818 1011 805 625 458 445 473 438 570 613 656 876 1177 1211 1084 1534 1279 1771 1795 1396 1191 1151 1449 1164 1119 
1161 1297 1406 1385 1334 1191 1303 1082 1164 816 962 638 607 561 418 451 514 640 700 884 815 1151 1093 1477 1384 1455 1468 1669 1610 1291 1326 1242 1282 1156 
1304 1323 1388 1363 1318 1230 1362 1027 1252 917 760 662 622 554 525 557 515 548 742 666 835 1033 967 1436 1494 1398 1271 1204 1400 1337 1199 1492 1129 1107 
1181 1617 1270 1371 1533 1651 1485 1194 1265 1155 720 739 553 454 589 436 522 492 677 699 989 976 1178 1293 1375 1449 1757 1286 1552 1301 1206 1344 1137 898 
1282 1558 1256 1359 1297 1504 1252 1464 1136 1016 821 899 766 546 524 557 547 512 574 686 920 845 903 1139 1418 1469 1692 1237 1421 1386 1117 1076 1276 972 
1580 1460 1682 1535 1661 1626 1607 1369 1239 1151 783 787 542 504 570 454 480 465 699 672 902 1124 1093 1040 1193 1301 1199 1586 1481 1287 1165 1122 1021 1064 
1428 1197 1371 1330 1412 1703 1251 1176 1056 1072 828 819 763 479 548 591 590 577 605 831 756 812 1094 1200 1269 1375 1468 1392 1608 1622 1560 1065 1248 984 
1553 1582 1431 1798 1509 1561 1123 1395 1137 1062 1029 715 564 643 489 589 467 659 619 777 947 1018 1275 1030 1414 1299 1530 1622 1776 1192 1407 1132 1109 902 
1326 1382 1419 1729 1499 1432 1416 1217 995 1005 821 629 708 611 479 409 482 631 720 720 743 939 1130 1035 1384 1272 1351 1333 1632 1391 1098 1294 1172 1063 
1233 1329 1769 1618 1629 1487 1543 1390 946 1103 936 721 633 482 610 494 574 510 562 698 939 1123 974 1290 1557 1643 1214 1335 1489 1567 1443 1013 944 845 
1595 1503 1751 1659 1646 1323 1501 1212 971 804 895 650 756 536 478 595 424 546 705 795 911 1132 1087 1457 1367 1306 1660 1657 1309 1517 1184 1472 966 1141 
1214 1526 1526 1239 1329 1313 1232 1406 1154 915 925 605 643 463 435 467 431 650 747 857 1029 1144 1108 1274 1490 1626 1467 1494 1422 1191 1356 1158 1173 839 
1382 1639 1673 1292 1445 1400 1217 1347 1023 1128 998 756 746 502 462 563 548 543 536 839 804 937 995 1107 1322 1363 1194 1427 1307 1306 1605 1490 1242 938 
1244 1374 1320 1726 1464 1544 1399 1010 1118 828 753 742 675 668 472 403 576 545 722 693 1028 899 1270 1485 1516 1320 1551 1409 1342 1323 1578 1011 1323 801 
1326 1398 1778 1610 1288 1545 1523 1472 1320 1161 910 841 752 486 534 593 584 555 714 714 1043 1109 1352 1450 1266 1422 1408 1305 1493 1278 1322 1272 965 1118 
1402 1237 1364 1666 1689 1714 1286 1314 1180 814 817 612 626 531 526 418 492 488 550 641 798 1127 989 1488 1166 1585 1627 1292 1203 1255 1372 1478 1340 1080 
1603 1165 1196 1590 1749 1214 1593 1186 971 1126 951 602 595 662 517 439 426 511 741 687 768 991 1095 1182 1354 1619 1394 1620 1252 1302 1524 1495 1296 832 
1204 1695 1355 1313 1729 1513 1399 1207 1090 806 932 887 725 507 489 432 488 488 683 890 1038 938 1092 1057 1377 1394 1510 1465 1660 1605 1329 1190 1284 1017 
1218 1717 1665 1657 1561 1510 1532 1010 1112 1032 1022 629 603 621 595 565 614 630 667 652 987 1095 995 1165 1486 1436 1508 1200 1699 1278 1471 1313 1322 817 
1548 1578 1778 1269 1670 1298 1445 1248 1131 1076 1033 813 517 530 596 517 610 548 729 677 836 1177 1278 1424 1430 1461 1761 1668 1280 1161 1416 1087 1034 1090 
1141 1340 1586 1554 1500 1582 1131 1011 1354 1059 964 687 592 545 578 546 444 471 692 721 745 879 1204 1250 1274 1156 1746 1290 1683 1479 1233 1438 948 1051 
1180 1393 1479 1665 1331 1258 1556 1479 1219 1160 809 778 718 648 481 488 421 554 578 788 746 801 1049 1389 1259 1148 1382 1677 1764 1437 1534 1078 1161 1124 
1207 1309 1474 1441 1635 1662 1501 1480 1052 1145 882 795 666 555 610 476 599 578 667 690 1010 1095 912 1092 1112 1542 1484 1204 1714 1683 1385 1177 1186 950 
1245 1682 1501 1543 1450 1645 1558 1128 1205 816 985 609 612 486 438 545 506 618 733 726 770 1152 987 1246 1596 1638 1522 1694 1376 1304 1509 1239 968 869 
1516 1672 1562 1569 1632 1243 1490 1031 1240 1185 940 672 547 513 452 542 534 496 661 864 737 1104 1070 1320 1557 1445 1486 1429 1210 1359 1321 1298 1302 1088 
1478 1592 1754 1401 1382 1626 1461 1436 1277 1108 809 781 569 630 480 450 451 581 637 722 972 810 1156 1286 1206 1189 1736 1302 1533 1589 1527 1308 1171 1013 
1470 1625 1726 1551 1653 1275 1138 1218 1081 1016 1002 763 765 603 553 579 425 608 571 833 720 946 936 1175 1197 1341 1743 1420 1406 1191 1378 1325 1117 837 
1609 1501 1673 1397 1390 1452 1190 1103 1154 1087 733 694 543 556 611 435 535 625 665 639 729 1120 1298 1342 1533 1224 1193 1453 1416 1430 1563 1438 1339 937 
1262 1342 1683 1766 1678 1193 1382 1053 949 1180 1040 715 625 644 592 583 613 669 727 781 736 942 1159 1465 1591 1611 1412 1212 1683 1317 1247 1130 1162 903 
1268 1232 1540 1791 1276 1494 1084 1077 1054 981 1025 883 757 521 591 547 459 577 607 854 838 1079 934 1124 1223 1593 1439 1685 1410 1697 1360 1460 941 890 
1096 1195 1546 1327 1530 1349 1411 1001 1010 849 926 615 667 512 574 597 459 679 670 742 707 1035 1005 1457 1605 1266 1504 1281 1683 1155 1490 1419 1294 1156 
1157 1150 1382 1691 1628 1703 1202 1172 1306 961 757 636 624 657 534 596 481 543 564 756 1027 866 1352 1321 1139 1468 1755 1242 1492 1290 1126 1128 1326 867 
1333 1527 1276 1739 1212 1675 1317 1343 1090 1110 879 850 649 529 577 536 535 585 664 858 789 1037 1073 1057 1623 1410 1188 1389 1694 1362 1169 1487 1313 1140 
1462 1668 1227 1510 1221 1328 1503 1258 1344 1181 799 876 548 603 423 431 557 665 712 867 908 1106 1265 1199 1252 1424 1538 1676 1742 1599 1253 1089 1236 1092 
1560 1219 1493 1688 1466 1422 1138 1497 1109 1181 847 822 532 558 497 578 548 615 525 772 1020 1179 911 1399 1579 1371 1403 1245 1217 1316 1120 1337 1030 839 
