20 6 20
7 50
340 85 96 112 130 149 169 187 203 214 222 225 222 214 203 187 169 150 130 112 96 
340 113 129 149 174 199 225 249 270 286 296 300 296 286 270 250 225 200 174 150 129 
340 141 161 187 217 249 282 312 338 358 370 375 370 358 338 312 282 250 217 187 161 
340 170 193 224 261 299 338 374 406 429 444 450 444 429 406 375 338 300 261 225 193 
340 198 226 262 304 349 395 437 473 501 519 525 519 501 473 437 395 350 304 262 226 
100000 5669 6464 7499 8705 9999 11294 12499 13535 14330 14829 15000 14829 14330 13535 12500 11294 10000 8705 7500 6464 
1433 1353 1250 1129 1000 870 750 
671 594 534 487 517 567 665 779 913 1002 1160 1285 1286 
646 561 517 487 527 557 630 725 857 1009 1105 1225 1302 
614 541 499 505 529 590 651 784 836 951 1096 1247 1386 
636 545 511 483 499 559 642 781 845 975 1137 1223 1388 
628 562 528 509 502 587 626 782 855 970 1106 1258 1361 
646 562 513 506 507 540 673 749 883 960 1174 1275 1315 
669 595 495 514 535 570 675 778 873 1000 1111 1241 1339 
622 568 531 510 508 546 640 720 846 977 1095 1301 1363 
616 552 514 480 517 539 640 713 830 967 1100 1289 1367 
657 591 536 479 509 587 655 750 895 979 1076 1261 1364 
629 594 500 518 536 571 656 728 899 1018 1162 1260 1417 
662 560 526 493 518 590 637 785 847 1036 1098 1256 1325 
646 557 520 516 500 539 651 724 895 1017 1147 1258 1315 
660 570 512 475 507 550 618 738 859 1035 1133 1200 1297 
615 560 542 511 499 583 628 717 852 974 1088 1286 1369 
614 540 519 482 516 570 676 765 903 956 1093 1307 1301 
623 559 494 502 534 571 651 749 898 1012 1083 1269 1394 
630 562 497 506 496 570 655 737 831 1002 1151 1251 1326 
615 569 511 511 507 563 675 777 832 960 1100 1208 1340 
614 574 533 498 504 589 663 722 885 1034 1096 1233 1288 
650 554 497 515 533 546 614 765 900 961 1136 1299 1408 
628 574 520 521 532 566 664 763 849 965 1165 1261 1288 
669 562 537 498 525 592 617 786 874 1034 1099 1189 1399 
645 580 495 485 527 545 668 734 842 1048 1181 1187 1419 
627 539 527 494 515 543 625 731 902 987 1164 1195 1369 
644 571 499 498 517 564 671 780 910 1049 1121 1272 1315 
631 595 540 514 510 546 640 730 859 1039 1135 1260 1416 
639 585 514 520 536 569 655 731 864 972 1111 1251 1385 
652 578 535 523 523 593 647 782 900 1049 1098 1199 1344 
626 549 494 492 530 553 642 774 858 1026 1151 1259 1286 
666 577 498 490 508 577 650 773 911 1004 1185 1284 1377 
662 546 535 495 494 563 627 777 869 1035 1119 1232 1323 
670 585 537 510 539 576 658 735 899 978 1077 1219 1288 
642 580 530 512 514 547 617 771 852 1048 1138 1252 1382 
669 573 516 524 529 548 672 766 875 1045 1107 1225 1366 
615 588 505 495 533 574 631 767 875 1036 1167 1192 1320 
628 582 503 503 530 553 632 765 842 998 1088 1280 1405 
674 577 505 516 501 561 671 777 857 1044 1134 1256 1372 
666 550 504 522 499 576 635 741 886 972 1093 1245 1292 
671 555 517 498 539 579 647 786 860 965 1102 1215 1327 
633 576 537 500 511 562 614 735 898 1033 1078 1241 1347 
666 540 499 515 493 580 623 765 848 1039 1074 1223 1363 
668 586 510 521 512 540 657 751 845 1007 1102 1204 1363 
668 562 526 523 516 563 634 731 851 1011 1164 1271 1324 
660 567 531 506 513 556 639 714 828 978 1128 1210 1348 
629 571 516 508 535 595 621 778 888 1039 1150 1258 1387 
644 587 519 508 536 591 621 763 890 1028 1182 1193 1346 
627 546 542 487 500 543 633 740 898 1017 1105 1310 1390 
614 555 518 508 523 571 619 751 873 1011 1084 1265 1306 
661 569 530 509 499 571 642 729 851 1018 1162 1307 1317 
