50 3 20
16 5
850 75 77 85 96 112 130 149 169 187 203 214 222 225 222 214 203 187 169 150 130 112 96 85 77 75 77 85 96 112 130 149 169 187 203 214 222 225 222 214 203 187 169 150 130 112 96 85 77 75 77 
850 100 103 113 129 149 174 199 225 249 270 286 296 300 296 286 270 250 225 200 174 150 129 113 103 100 103 113 129 149 174 199 225 249 270 286 296 300 296 286 270 250 225 200 174 150 129 113 103 100 103 
100000 5000 5170 5669 6464 7499 8705 9999 11294 12499 13535 14330 14829 15000 14829 14330 13535 12500 11294 10000 8705 7500 6464 5669 5170 5000 5170 5669 6464 7499 8705 9999 11294 12499 13535 14330 14829 15000 14829 14330 13535 12500 11294 10000 8705 7500 6464 5669 5170 5000 5170 
1499 1482 1433 1353 1250 1129 1000 870 750 646 566 517 500 517 566 646 
718 917 1100 1198 1231 1182 1692 1280 1534 1274 1156 1622 1134 1086 1143 780 713 543 473 500 544 602 589 674 700 880 990 1168 1141 1613 1377 1458 1337 1700 
703 885 849 955 1325 1559 1177 1388 1420 1312 1538 1296 1459 1253 900 777 879 707 593 548 474 546 524 520 820 942 830 1154 1268 1225 1605 1396 1647 1354 
727 893 988 1007 1348 1089 1457 1281 1364 1625 1299 1281 1081 1172 811 846 877 635 675 418 531 455 573 596 652 1035 1151 1016 1211 1579 1289 1626 1503 1705 
636 984 951 1005 1054 1566 1510 1427 1659 1299 1345 1215 1485 1124 982 928 655 577 607 596 444 424 531 693 849 1026 899 1285 1369 1089 1628 1402 1443 1189 
852 873 891 1210 1352 1257 1355 1269 1726 1602 1686 1141 1181 1161 1135 856 761 602 627 582 539 433 657 675 683 1006 1078 1084 1126 1253 1275 1674 1601 1696 
