5 11 20
3 50
170 85 96 112 130 149 
170 113 129 149 174 199 
170 141 161 187 217 249 
170 170 193 224 261 299 
170 198 226 262 304 349 
170 226 258 299 348 399 
170 255 290 337 391 449 
170 283 323 374 435 499 
170 311 355 412 478 549 
170 340 387 449 522 599 
100000 5669 6464 7499 8705 9999 
1433 1353 1250 
1087 978 
1079 1041 
1142 1018 
1133 1020 
1178 1034 
1128 986 
1168 1028 
1103 960 
1147 1004 
1137 952 
1179 975 
1178 955 
1145 969 
1139 1034 
1122 964 
1100 1016 
1147 953 
1179 986 
1134 994 
1129 973 
1108 1032 
1159 1029 
1166 1041 
1086 1005 
1086 990 
1123 997 
1165 972 
1085 1001 
1138 998 
1073 1020 
1135 1002 
1114 971 
1086 1048 
1110 1048 
1168 992 
1175 976 
1168 1004 
1117 1008 
1137 973 
1177 1012 
1099 1014 
1091 1000 
1159 1018 
1157 1026 
1149 1036 
1138 1033 
1140 1048 
1145 963 
1173 1020 
1101 997 
