10 6 20
6 10
340 112 96 85 77 75 77 85 96 112 130 
340 150 129 113 103 100 103 113 129 149 174 
340 187 161 141 129 125 129 141 161 187 217 
340 225 193 170 155 150 155 170 193 224 261 
340 262 226 198 180 175 180 198 226 262 304 
100000 7500 6464 5669 5170 5000 5170 5669 6464 7499 8705 
1249 1353 1433 1482 1499 1482 
1476 1362 1256 1096 
1441 1362 1299 1163 
1366 1291 1275 1162 
1437 1293 1245 1084 
1443 1366 1191 1121 
1490 1357 1303 1090 
1504 1414 1298 1138 
1491 1352 1210 1171 
1447 1303 1262 1078 
1448 1323 1256 1113 
