5 6 20
4 50
340 85 77 75 77 85 
340 113 103 100 103 113 
340 141 129 125 129 141 
340 170 155 150 155 170 
340 198 180 175 180 198 
100000 5669 5170 5000 5170 5669 
1433 1482 1499 1482 
1391 
1609 
1581 
1943 
1301 
644 
1224 
986 
902 
1881 
908 
1835 
1063 
1507 
1084 
850 
1521 
2040 
1901 
1130 
2101 
1588 
1673 
1444 
2162 
2167 
1814 
1824 
1672 
1102 
593 
1465 
1271 
950 
1858 
1565 
1266 
1973 
2140 
807 
2088 
2265 
1231 
1250 
1003 
2266 
1339 
2033 
1349 
898 
