20 3 20
7 100
850 96 112 130 149 169 187 203 214 222 225 222 214 203 187 169 150 130 112 96 85 
850 129 149 174 199 225 249 270 286 296 300 296 286 270 250 225 200 174 150 129 113 
100000 6464 7499 8705 9999 11294 12499 13535 14330 14829 15000 14829 14330 13535 12500 11294 10000 8705 7500 6464 5669 
1353 1250 1129 1000 870 750 646 
602 765 466 797 789 317 1190 1305 1210 1360 1530 1637 2264 
619 655 530 601 280 982 754 1233 1297 1064 594 1761 1513 
774 773 790 796 847 855 733 805 1574 1245 792 885 1814 
720 803 481 784 349 439 373 1193 899 1669 522 643 2235 
835 428 337 415 807 463 467 702 975 1393 1005 1251 2106 
409 459 319 601 285 537 705 983 1435 945 833 1470 943 
442 262 519 486 805 1026 881 1068 804 615 1861 1646 1972 
229 412 285 417 441 908 1184 1101 1087 1212 830 689 1042 
783 821 386 563 521 591 879 472 1168 1577 1564 685 1102 
820 292 249 617 428 982 1123 631 1423 1794 1908 1301 2091 
737 799 783 426 533 525 1101 1091 1526 1098 1764 1179 1494 
243 465 392 761 394 786 531 700 1426 1755 997 1575 1517 
648 581 624 709 243 1030 459 416 962 1051 971 1815 942 
639 370 583 469 901 320 563 505 1363 1135 1874 800 1274 
895 235 645 655 811 916 567 756 697 996 1765 640 1466 
286 355 598 766 690 470 1176 497 690 977 999 1688 1224 
379 753 489 217 724 345 719 585 444 628 1072 910 1973 
519 651 291 426 596 369 909 422 897 1507 640 1591 1995 
414 783 527 667 357 807 403 1262 1139 1725 1969 1148 1476 
866 807 756 718 611 472 440 934 964 559 1432 959 2221 
458 396 711 235 229 959 487 1204 758 1484 1481 1635 1245 
788 539 524 255 510 443 924 1138 651 1341 823 1161 956 
615 663 581 328 848 664 320 529 848 1176 667 1607 1137 
564 605 293 552 660 815 740 1096 578 1531 1524 590 2240 
711 696 311 824 515 647 1093 654 1281 1649 514 1247 1746 
272 789 513 721 402 932 311 522 1484 1409 1894 1925 1169 
549 552 499 723 680 425 518 555 1081 712 933 674 2241 
538 318 212 382 377 630 531 858 1530 600 1400 2009 2107 
264 334 351 734 666 717 1176 382 569 1465 891 1915 2029 
695 702 538 490 413 769 763 1257 1197 886 1822 812 972 
432 637 799 388 468 355 376 852 1227 1358 564 767 948 
436 376 514 371 396 350 505 1103 801 456 1408 727 1804 
769 571 528 755 290 802 309 1025 1165 1352 1977 818 1650 
478 736 572 258 650 303 825 391 976 1103 1666 1751 1443 
242 330 556 718 802 478 342 643 684 673 798 1500 1572 
665 368 658 455 878 758 950 1317 1495 1671 1093 844 1488 
350 300 228 675 572 979 507 683 989 1664 1560 1201 1946 
881 518 276 219 257 513 740 550 826 524 1825 1674 1638 
523 653 630 534 322 484 324 653 944 1093 920 1555 1803 
451 548 201 761 392 511 801 663 1176 1378 1142 2023 2222 
812 781 342 712 864 530 524 539 1429 1549 949 1305 1438 
823 534 315 227 522 798 595 577 1058 1735 1886 2156 1804 
525 248 747 407 453 877 998 1057 510 566 664 1240 1566 
510 661 649 758 325 357 386 811 571 1571 1884 918 2094 
596 304 651 544 407 883 804 553 429 1174 1904 1711 1517 
591 578 498 550 627 1017 751 1238 1089 1777 1794 566 1196 
715 530 690 437 382 286 439 1044 1044 679 1543 2027 841 
442 782 245 461 504 943 426 958 791 730 1666 1113 1408 
782 350 485 601 820 494 492 864 705 1513 1148 1010 1069 
320 748 697 783 803 692 459 479 629 1522 1269 1472 2035 
714 399 553 308 868 559 587 749 568 1738 1999 1792 804 
361 506 724 476 648 852 1063 1055 1039 1416 692 2079 2282 
714 416 470 612 574 837 759 1038 1391 635 1006 860 833 
509 560 652 387 790 280 962 1329 502 1362 1207 547 1080 
368 360 725 207 458 611 653 547 536 1022 1521 1554 1128 
264 598 379 497 815 409 687 565 965 768 1644 1822 888 
332 562 453 676 237 408 362 1304 824 1027 1409 1699 1324 
666 729 422 306 227 533 877 675 974 1278 981 1230 999 
458 821 746 256 669 707 978 569 1370 1617 1109 1318 931 
529 310 249 487 494 823 1036 395 434 615 668 1598 633 
753 652 428 489 847 574 389 1046 1597 1132 791 2060 1355 
632 702 577 438 432 968 941 800 846 1034 1382 1743 640 
549 759 696 772 294 507 758 642 1293 629 1731 816 1360 
453 680 783 420 383 312 337 558 858 1416 555 1880 1546 
473 462 762 740 592 926 501 785 1168 550 1148 625 1621 
667 210 307 460 573 440 552 422 1181 948 1120 1363 1566 
683 770 683 376 848 894 533 389 654 771 1672 627 1835 
259 214 790 346 397 845 767 1202 877 488 686 691 1044 
483 775 723 455 745 1000 935 835 1165 1563 1261 962 1470 
776 417 330 656 638 869 459 858 1311 1670 1113 912 1969 
343 552 272 472 591 683 959 734 1381 556 1897 1591 1685 
756 691 623 373 658 757 1194 607 1325 744 1588 1372 877 
710 346 630 508 836 774 665 759 673 1205 1870 1845 1916 
789 517 378 332 796 786 335 767 613 735 1505 878 1586 
708 413 616 727 482 557 671 1319 1342 1684 834 1247 921 
643 815 415 467 369 849 589 935 1461 1609 1150 1895 2141 
405 641 608 240 835 495 599 1193 636 1255 791 722 1298 
321 241 546 373 699 713 1099 461 890 575 1114 1361 765 
900 598 358 246 894 668 946 1351 856 1056 1218 1471 1575 
616 424 710 285 655 770 1054 684 1426 1380 861 2043 2061 
518 823 685 522 524 777 402 657 1477 548 1758 1336 1809 
810 423 484 719 594 848 718 744 1232 1362 779 774 1830 
378 565 630 258 861 378 1069 477 755 567 1366 1656 1615 
641 404 511 806 814 884 764 1364 1279 1666 615 561 1946 
293 470 606 823 893 445 517 400 648 1068 1498 1090 1255 
584 282 310 541 277 635 541 541 626 1495 781 731 1047 
892 696 647 683 449 532 1124 937 799 769 1060 1368 1782 
255 569 682 531 882 377 881 1076 784 1168 1942 723 2191 
392 567 497 498 486 798 693 533 1026 1700 1309 1155 2016 
804 312 236 591 495 861 1016 1266 1362 790 1327 1063 1690 
416 502 408 639 356 461 604 1307 681 702 1885 1441 1890 
498 495 535 409 628 618 516 417 1108 601 1216 1317 609 
710 413 760 571 355 583 1168 456 865 1603 1656 1899 1273 
318 779 366 617 803 820 1132 1303 908 737 764 2134 2142 
390 773 397 240 676 953 565 877 406 1167 706 1447 1776 
311 603 321 358 387 631 1100 702 590 595 1689 1216 913 
428 813 533 697 345 460 533 440 1422 645 543 650 1327 
665 355 678 607 489 467 1133 1062 1315 922 505 1653 1531 
299 648 417 717 421 742 421 768 1084 1208 1138 2003 623 
321 425 486 284 670 681 562 1138 1345 834 1914 1035 1207 
