50 11 20
26 50
170 96 112 130 149 169 187 203 214 222 225 222 214 203 187 169 150 130 112 96 85 77 75 77 85 96 112 130 149 169 187 203 214 222 225 222 214 203 187 169 150 130 112 96 85 77 75 77 85 96 112 
170 129 149 174 199 225 249 270 286 296 300 296 286 270 250 225 200 174 150 129 113 103 100 103 113 129 149 174 199 225 249 270 286 296 300 296 286 270 250 225 200 174 150 129 113 103 100 103 113 129 149 
170 161 187 217 249 282 312 338 358 370 375 370 358 338 312 282 250 217 187 161 141 129 125 129 141 161 187 217 249 282 312 338 358 370 375 370 358 338 312 282 250 217 187 161 141 129 125 129 141 161 187 
170 193 224 261 299 338 374 406 429 444 450 444 429 406 375 338 300 261 225 193 170 155 150 155 170 193 224 261 299 338 374 406 429 444 450 444 429 406 375 338 300 261 225 193 170 155 150 155 170 193 224 
170 226 262 304 349 395 437 473 501 519 525 519 501 473 437 395 350 304 262 226 198 180 175 180 198 226 262 304 349 395 437 473 501 519 525 519 501 473 437 395 350 304 262 226 198 180 175 180 198 226 262 
170 258 299 348 399 451 499 541 573 593 600 593 573 541 500 451 400 348 300 258 226 206 200 206 226 258 299 348 399 451 499 541 573 593 600 593 573 541 500 451 400 348 300 258 226 206 200 206 226 258 299 
170 290 337 391 449 508 562 609 644 667 675 667 644 609 562 508 450 391 337 290 255 232 225 232 255 290 337 391 449 508 562 609 644 667 675 667 644 609 562 508 450 391 337 290 255 232 225 232 255 290 337 
170 323 374 435 499 564 624 676 716 741 750 741 716 676 625 564 500 435 375 323 283 258 250 258 283 323 374 435 499 564 624 676 716 741 750 741 716 676 625 564 500 435 375 323 283 258 250 258 283 323 374 
170 355 412 478 549 621 687 744 788 815 825 815 788 744 687 621 550 478 412 355 311 284 275 284 311 355 412 478 549 621 687 744 788 815 825 815 788 744 687 621 550 478 412 355 311 284 275 284 311 355 412 
170 387 449 522 599 677 749 812 859 889 900 889 859 812 750 677 600 522 450 387 340 310 300 310 340 387 449 522 599 677 749 812 859 889 900 889 859 812 750 677 600 522 450 387 340 310 300 310 340 387 449 
100000 6464 7499 8705 9999 11294 12499 13535 14330 14829 15000 14829 14330 13535 12500 11294 10000 8705 7500 6464 5669 5170 5000 5170 5669 6464 7499 8705 9999 11294 12499 13535 14330 14829 15000 14829 14330 13535 12500 11294 10000 8705 7500 6464 5669 5170 5000 5170 5669 6464 7499 
1353 1250 1129 1000 870 750 646 566 517 500 517 566 646 749 870 999 1129 1249 1353 1433 1482 1499 1482 1433 1353 1250 
1088 987 877 753 646 581 491 489 524 588 640 715 829 987 1171 1287 1311 1490 1488 1499 1548 1427 1332 1292 
1176 992 908 729 658 563 528 507 528 594 630 737 888 1020 1173 1265 1338 1407 1417 1433 1478 1409 1416 1222 
1146 971 911 742 645 554 534 509 493 593 652 729 832 1036 1141 1212 1373 1503 1470 1526 1416 1466 1405 1251 
1159 952 869 787 639 544 538 487 512 565 620 763 877 987 1150 1281 1384 1410 1436 1438 1555 1396 1389 1239 
1092 990 892 736 618 541 499 485 529 583 616 755 863 1001 1183 1283 1414 1362 1509 1541 1514 1364 1410 1273 
1150 967 884 764 651 595 530 490 491 586 623 739 848 1041 1141 1290 1392 1367 1450 1548 1431 1437 1293 1288 
1094 1022 890 743 637 568 505 476 496 574 625 732 907 1008 1174 1279 1330 1437 1513 1455 1415 1466 1395 1223 
1164 1023 913 723 625 547 533 481 520 546 642 767 911 984 1098 1203 1371 1435 1430 1477 1420 1447 1313 1238 
1161 976 892 761 671 594 496 494 501 564 626 734 830 1003 1146 1230 1413 1412 1448 1446 1548 1502 1413 1212 
1118 969 842 777 618 579 511 517 516 564 668 772 839 972 1132 1283 1395 1418 1421 1471 1442 1488 1372 1304 
1149 958 901 747 656 542 508 490 491 575 621 717 905 1018 1178 1248 1288 1375 1514 1444 1440 1380 1399 1298 
1182 982 838 761 629 567 521 485 521 572 619 773 867 979 1185 1228 1352 1424 1556 1506 1486 1414 1286 1251 
1122 1027 858 745 639 564 517 478 516 571 677 717 872 1031 1078 1228 1416 1476 1412 1527 1508 1429 1324 1190 
1119 1022 835 730 670 580 515 476 505 577 678 778 828 954 1157 1246 1369 1381 1484 1526 1479 1404 1321 1221 
1136 966 827 778 651 567 504 522 529 553 672 745 901 1031 1183 1304 1354 1445 1411 1566 1456 1482 1347 1201 
1082 1005 899 782 647 570 501 519 522 582 649 756 863 990 1149 1258 1417 1417 1427 1539 1458 1468 1397 1188 
1140 1036 833 747 650 589 505 516 496 592 630 759 910 979 1133 1298 1393 1400 1468 1469 1470 1393 1291 1203 
1075 956 886 726 623 582 494 517 516 565 615 760 908 983 1135 1227 1333 1374 1454 1562 1432 1400 1379 1282 
1104 1044 872 777 663 547 520 512 506 584 661 713 837 973 1127 1301 1359 1502 1547 1572 1501 1416 1334 1201 
1180 979 892 733 639 559 532 519 527 574 621 750 882 996 1091 1235 1378 1470 1503 1563 1408 1436 1360 1249 
1148 1003 835 739 663 559 516 505 517 566 650 752 907 1005 1149 1252 1308 1475 1490 1536 1430 1437 1354 1292 
1130 1013 912 779 649 548 515 511 499 588 616 786 868 1019 1123 1188 1302 1387 1548 1555 1555 1488 1410 1272 
1098 997 868 747 639 584 540 513 522 581 649 734 869 1029 1091 1262 1402 1412 1479 1488 1531 1487 1349 1236 
1109 1000 851 772 664 568 532 488 539 555 661 779 864 1035 1140 1269 1315 1364 1464 1542 1479 1373 1323 1304 
1075 1039 859 754 671 567 516 508 497 547 628 726 866 1022 1106 1196 1392 1432 1462 1518 1454 1406 1316 1291 
1087 1044 887 744 626 586 499 494 510 540 670 762 883 979 1092 1263 1287 1423 1497 1459 1432 1479 1307 1269 
1159 1040 884 753 615 591 510 498 519 573 676 755 846 1045 1176 1251 1306 1487 1467 1468 1426 1363 1410 1285 
1178 973 870 748 678 553 532 497 507 591 621 782 875 1003 1106 1264 1306 1466 1538 1569 1437 1419 1328 1265 
1074 965 872 742 630 570 533 508 507 541 626 775 830 1006 1118 1280 1332 1446 1473 1482 1531 1371 1412 1201 
1084 1007 853 761 655 554 537 522 497 547 620 730 910 1039 1149 1251 1293 1499 1436 1504 1457 1413 1397 1270 
1099 999 877 775 663 569 541 508 492 540 637 716 834 1024 1171 1251 1295 1477 1430 1493 1430 1375 1294 1247 
1128 1013 845 722 670 559 525 483 534 585 657 758 846 958 1166 1292 1285 1441 1468 1561 1413 1370 1314 1214 
1182 1009 909 787 657 557 502 501 515 558 627 755 884 990 1099 1195 1350 1417 1423 1471 1420 1489 1367 1191 
1141 973 910 736 675 572 521 514 509 572 676 724 858 1035 1087 1246 1322 1500 1459 1444 1500 1413 1362 1189 
1178 1007 866 782 622 554 497 498 535 579 666 767 849 1029 1115 1288 1320 1435 1544 1518 1413 1364 1351 1311 
1148 1044 911 742 658 553 512 500 515 558 648 771 840 1014 1183 1218 1321 1399 1548 1562 1463 1392 1381 1273 
1091 1011 888 738 641 553 527 503 537 557 660 738 891 966 1100 1300 1394 1404 1465 1505 1545 1429 1341 1223 
1162 1021 876 712 655 566 511 509 493 581 645 764 853 964 1175 1259 1372 1470 1466 1464 1503 1403 1319 1234 
1087 1008 847 728 623 558 512 493 536 567 620 747 863 984 1073 1305 1327 1423 1496 1476 1461 1399 1416 1212 
1083 999 828 772 626 590 508 522 497 593 650 723 871 1047 1155 1199 1342 1459 1439 1443 1411 1450 1391 1234 
1170 1018 880 735 630 560 514 498 536 557 670 781 845 988 1086 1249 1408 1477 1415 1431 1509 1374 1388 1304 
1162 1037 890 721 659 552 528 514 495 547 636 784 884 979 1143 1220 1301 1467 1468 1572 1473 1390 1415 1280 
1081 955 878 783 632 571 525 484 534 555 663 785 889 970 1133 1289 1392 1378 1527 1428 1435 1493 1357 1226 
1115 1020 855 761 653 590 538 487 527 552 634 730 906 991 1107 1311 1405 1471 1499 1503 1451 1453 1371 1306 
1105 988 844 752 638 554 536 484 527 586 648 782 864 968 1157 1238 1331 1434 1493 1521 1430 1451 1322 1230 
1151 1020 895 783 651 580 499 500 509 561 614 781 899 994 1084 1224 1369 1416 1433 1455 1491 1469 1419 1246 
1182 1009 905 730 646 560 536 479 518 544 615 771 893 1030 1182 1271 1318 1390 1538 1559 1413 1453 1339 1298 
1083 960 876 724 654 565 534 501 495 585 620 745 869 1040 1088 1297 1296 1440 1452 1564 1548 1392 1375 1242 
1144 989 888 754 645 547 523 478 522 561 634 775 848 976 1100 1254 1369 1375 1430 1425 1493 1440 1393 1219 
1136 976 893 756 628 565 517 508 528 549 652 739 881 984 1116 1287 1290 1401 1434 1524 1556 1386 1402 1218 
