20 6 20
7 1
340 77 85 96 112 130 149 169 187 203 214 222 225 222 214 203 187 169 150 130 112 
340 103 113 129 149 174 199 225 249 270 286 296 300 296 286 270 250 225 200 174 150 
340 129 141 161 187 217 249 282 312 338 358 370 375 370 358 338 312 282 250 217 187 
340 155 170 193 224 261 299 338 374 406 429 444 450 444 429 406 375 338 300 261 225 
340 180 198 226 262 304 349 395 437 473 501 519 525 519 501 473 437 395 350 304 262 
100000 5170 5669 6464 7499 8705 9999 11294 12499 13535 14330 14829 15000 14829 14330 13535 12500 11294 10000 8705 7500 
1482 1433 1353 1250 1129 1000 870 
880 430 350 612 444 481 597 903 352 362 439 1058 1870 
