50 6 20
26 100
340 150 130 112 96 85 77 75 77 85 96 112 130 149 169 187 203 214 222 225 222 214 203 187 169 150 130 112 96 85 77 75 77 85 96 112 130 149 169 187 203 214 222 225 222 214 203 187 169 150 130 
340 200 174 150 129 113 103 100 103 113 129 149 174 199 225 249 270 286 296 300 296 286 270 250 225 200 174 150 129 113 103 100 103 113 129 149 174 199 225 249 270 286 296 300 296 286 270 250 225 200 174 
340 250 217 187 161 141 129 125 129 141 161 187 217 249 282 312 338 358 370 375 370 358 338 312 282 250 217 187 161 141 129 125 129 141 161 187 217 249 282 312 338 358 370 375 370 358 338 312 282 250 217 
340 300 261 225 193 170 155 150 155 170 193 224 261 299 338 374 406 429 444 450 444 429 406 375 338 300 261 225 193 170 155 150 155 170 193 224 261 299 338 374 406 429 444 450 444 429 406 375 338 300 261 
340 350 304 262 226 198 180 175 180 198 226 262 304 349 395 437 473 501 519 525 519 501 473 437 395 350 304 262 226 198 180 175 180 198 226 262 304 349 395 437 473 501 519 525 519 501 473 437 395 350 304 
100000 10000 8705 7500 6464 5669 5170 5000 5170 5669 6464 7499 8705 9999 11294 12499 13535 14330 14829 15000 14829 14330 13535 12500 11294 10000 8705 7500 6464 5669 5170 5000 5170 5669 6464 7499 8705 9999 11294 12499 13535 14330 14829 15000 14829 14330 13535 12500 11294 10000 8705 
1000 1129 1249 1353 1433 1482 1499 1482 1433 1353 1250 1129 1000 870 750 646 566 517 500 517 566 646 749 870 999 1129 
690 645 1318 1709 820 2317 990 622 561 1034 1446 489 1040 331 557 570 361 408 344 318 334 980 1173 1169 
1546 1731 1400 1925 1834 1178 1463 1592 1277 1245 949 1153 379 836 444 418 439 372 767 685 823 524 552 855 
1290 1322 1599 811 2389 1152 925 1381 1285 1121 1180 729 303 431 365 649 345 679 603 713 631 949 684 576 
1147 2042 1832 1471 646 1256 1992 1366 922 685 787 899 375 1032 719 817 704 826 864 710 900 1022 1150 1291 
961 1058 1088 763 1777 833 1819 1946 802 1754 1306 878 549 328 347 315 441 546 676 341 846 870 901 504 
606 1728 1680 1022 2230 1753 1195 1150 1163 1565 1286 1299 1072 600 554 402 494 692 499 825 909 399 1297 935 
1212 1508 1248 1075 754 612 1374 1978 1034 472 1051 1155 452 757 882 256 255 631 490 442 398 1238 606 713 
1699 1572 1736 2178 2012 1163 697 863 1707 655 1319 372 532 307 241 714 534 220 822 417 414 726 1538 1713 
1131 806 964 2154 1959 729 1318 1097 1022 1278 467 675 639 508 670 791 449 758 566 1004 374 905 643 763 
876 1781 1177 877 1800 2191 1955 891 970 934 1253 582 627 383 818 641 244 606 556 968 707 1196 1550 1706 
579 1082 1909 1085 1923 1736 743 1521 1604 583 578 1236 1104 786 897 403 422 334 743 465 949 868 464 854 
1453 1380 1219 964 1006 2183 1318 1477 763 1601 706 1135 849 998 749 527 217 656 849 324 420 856 1500 1415 
1874 1354 1884 1634 2096 2059 1479 960 1110 1602 1131 659 417 270 556 466 778 605 266 856 591 742 683 1322 
1797 852 1891 1068 2273 1363 2280 2113 1981 1630 1092 721 1126 428 771 703 489 274 591 944 1038 1357 986 545 
979 1789 1912 1129 1873 881 1428 1751 1546 1650 744 756 340 1021 618 673 406 696 587 530 681 458 823 776 
1516 1525 2252 1050 902 2160 1937 928 1788 617 972 1299 1031 960 577 630 619 229 587 295 713 1335 1592 1562 
1192 1475 1293 2245 615 1040 1660 2131 1283 1120 660 666 536 443 712 660 750 482 691 847 1118 917 667 1008 
1643 1715 606 1340 1274 1425 1517 579 1307 981 1006 398 797 854 264 528 360 685 236 652 673 1247 1040 1054 
1330 1057 1256 1662 1478 1242 1470 2123 1243 1622 1293 645 487 292 573 397 493 356 584 460 438 464 410 1065 
1826 994 1595 2264 873 2219 1442 1145 1308 682 502 1165 529 1028 417 525 337 345 339 268 837 884 533 1416 
1917 2128 1739 1854 834 731 2027 1301 587 1404 1181 627 498 961 805 577 420 376 692 448 423 762 805 807 
513 1202 936 1604 1319 691 1537 1138 890 844 1163 485 315 887 831 421 319 562 462 843 828 1071 1312 862 
874 1747 1602 1524 1102 2180 1437 1434 1404 1626 733 882 920 410 248 518 503 651 593 926 812 1179 916 1753 
1145 962 1113 1043 1384 1426 1248 1774 676 1177 1243 1128 341 364 600 701 497 763 384 1028 983 1189 1203 1041 
1206 1577 2281 2055 1967 2130 1831 998 1395 1781 1182 572 451 860 822 414 571 488 457 752 318 487 668 1154 
1836 1576 1277 1940 821 760 1577 1484 1496 830 492 905 1002 403 240 436 358 701 860 786 667 868 765 1114 
685 780 1122 1503 607 995 984 1069 1566 544 1134 501 760 739 809 483 388 645 455 343 339 645 994 969 
1566 1535 896 1107 2391 2131 1856 1804 1575 590 1507 639 314 339 415 776 558 217 303 330 1086 643 1045 1308 
1046 1898 1920 1050 920 620 1129 1463 1909 687 1515 628 1189 604 385 733 322 612 838 602 567 1186 1589 580 
1866 788 1693 814 1284 1172 1682 1897 1222 1018 1484 635 328 712 662 375 601 252 316 602 900 515 1323 1051 
664 2133 1370 774 1146 1830 2291 1753 1595 1790 927 724 675 520 339 729 229 241 667 304 905 916 1058 1710 
1009 1754 982 1006 1547 1064 1133 1185 1515 588 766 1336 940 649 832 737 711 753 332 659 831 607 465 1180 
752 849 1325 766 1293 1984 785 657 658 1091 593 1022 554 541 799 603 720 754 619 461 676 654 666 1131 
1690 593 2197 2196 1908 1188 982 1997 1491 598 593 840 908 674 502 408 706 438 419 482 1084 771 673 716 
1040 595 2129 2238 1565 1429 1467 1929 1684 1111 908 782 1081 425 640 821 240 791 347 922 540 751 887 1003 
723 1217 1354 1236 1398 1798 1193 833 1334 595 855 776 658 868 416 318 676 289 688 690 549 1237 432 1781 
1467 1620 1112 1520 781 1048 750 752 1000 1008 1592 1033 635 892 285 705 543 514 609 866 801 702 1556 1589 
1219 1682 1023 1328 1384 1573 1134 748 1057 579 1437 692 604 578 529 454 458 214 695 691 523 1185 665 957 
869 1262 1407 1845 2006 1599 582 1000 856 1498 635 1046 339 1005 434 691 766 761 631 831 623 836 819 744 
783 1706 1943 679 2184 2288 1515 1003 698 497 1173 793 355 451 775 242 306 678 887 724 317 434 1277 974 
1662 1463 1842 2012 1972 1260 1779 1634 620 1628 451 1081 566 984 784 225 503 325 232 876 843 888 1282 1543 
694 2055 1516 734 1500 1030 1160 1323 500 1083 1594 507 627 595 468 800 375 609 648 789 969 1145 1310 718 
1036 1663 598 1050 2104 2088 798 962 1461 985 826 943 1058 363 800 641 482 691 593 289 480 647 559 925 
1596 689 905 1945 1838 1989 665 1292 1102 648 1080 1227 662 283 431 360 786 266 423 359 859 1159 1491 1494 
1637 1437 583 1112 1547 2228 1995 908 534 540 1470 642 1031 800 475 579 240 214 253 398 451 609 1026 1388 
684 1896 1804 1328 1735 1548 890 1364 727 1340 1007 698 1033 771 361 239 507 386 443 412 319 919 783 1101 
1255 1511 1044 1473 988 2367 639 1525 1675 784 964 1041 1094 359 417 720 596 715 645 403 982 543 1570 987 
893 1064 1501 691 1386 1860 1456 635 1369 512 1099 976 1061 349 270 269 428 711 809 818 847 988 1332 1455 
518 1533 1228 1416 1082 1505 2047 2014 583 1222 514 1378 658 975 575 449 728 420 733 964 821 1185 1337 965 
586 1944 1683 629 1064 1276 959 1102 1477 1048 778 731 725 258 573 416 435 378 901 818 718 613 1421 1303 
1568 1079 591 1346 879 1628 1158 1738 1507 1217 495 962 749 404 323 726 646 557 501 803 949 718 1082 1174 
1236 1415 1781 1639 1349 801 626 558 649 1375 515 1121 778 518 813 557 681 785 816 292 499 467 417 1136 
761 678 738 2125 1646 1702 1670 1237 937 841 608 870 523 471 583 748 670 776 354 298 1095 641 922 923 
1623 1875 895 1665 1553 1645 1089 1730 1313 1726 776 1218 1054 413 424 240 470 395 782 1011 458 1213 1324 1326 
844 1196 2193 844 1694 2344 773 1617 1289 1717 1225 425 974 565 513 823 302 778 530 412 746 1204 483 1181 
1014 884 1459 780 1742 994 880 1925 1421 923 977 754 586 532 860 319 722 712 555 924 680 1023 1328 1619 
649 1606 1179 830 2002 1595 1405 697 595 1095 1141 977 549 458 313 274 703 705 497 853 1062 1016 1452 1358 
851 1924 848 2290 1165 2027 1807 2161 629 1291 829 774 416 920 235 232 455 458 869 844 1177 409 1553 622 
1279 1626 1869 2088 1043 1372 2147 2140 1686 826 1324 1338 663 786 624 305 565 287 403 556 486 826 526 1507 
1943 796 1917 1391 2074 784 2288 1692 1992 1372 494 1153 1007 792 892 257 458 310 796 277 1102 787 1207 722 
1795 1111 1124 627 2207 1461 879 1856 1883 1437 1464 520 406 433 579 675 391 468 479 499 1158 1052 1563 461 
1649 1256 1175 2303 954 1518 1007 644 1646 839 729 1250 555 567 645 657 365 801 557 1016 661 951 1334 800 
901 1068 745 2031 1428 630 1872 2004 686 1620 1324 482 1161 891 607 695 767 693 447 306 929 1379 1328 746 
1569 1410 1042 1577 1346 1794 2288 1029 998 1340 640 561 507 801 347 824 531 230 244 639 324 860 1361 1139 
1638 1420 812 1218 1810 1299 2247 642 1457 1788 891 509 411 545 476 247 634 537 279 284 667 374 449 1294 
1727 1224 1458 1672 1470 715 831 1267 913 575 1430 415 1163 346 572 291 306 632 586 751 941 1247 452 1567 
1063 2025 1614 1348 1248 1756 786 866 1109 862 521 1004 857 583 737 782 371 713 289 357 780 1359 1164 1006 
765 1919 1827 1387 1653 1814 844 2071 1901 1266 551 452 901 715 342 358 512 718 309 492 1151 1135 1257 943 
946 2067 2148 695 1657 828 1588 2071 798 1178 1097 1005 626 826 774 754 661 356 533 550 419 530 1471 948 
624 2111 1223 2312 954 1714 783 963 1307 1170 1450 1360 777 355 611 759 514 611 310 895 1097 585 458 721 
1948 1066 2052 882 1994 773 2249 974 1602 1204 572 927 588 994 243 343 772 517 896 700 1194 1190 1276 1135 
734 2074 2052 1041 986 1913 2164 1417 994 698 523 1354 1050 570 272 668 702 368 335 720 737 1342 926 1724 
815 1523 1823 873 2085 1272 950 750 1717 457 1322 1126 863 408 523 607 431 823 496 938 989 820 1349 1381 
1203 1511 1663 963 744 998 1178 874 1534 1052 466 1005 382 568 319 330 758 372 425 816 856 1225 1064 932 
1064 1811 1306 1644 1050 2324 1833 670 1140 1698 696 461 939 808 717 765 496 491 491 624 371 1134 1066 786 
1504 562 1164 921 2228 1101 946 1507 895 1006 818 759 462 280 534 207 336 474 325 726 480 1047 962 456 
1169 2064 1636 1957 1126 1795 1463 1998 1855 943 766 1129 679 629 455 448 636 570 762 384 903 376 967 1295 
659 825 2198 1654 1670 1888 1415 1486 627 467 520 546 709 840 249 745 336 383 245 729 589 1086 1344 1610 
750 1943 2006 1252 695 1874 1073 880 525 505 1276 956 439 916 666 703 601 612 678 267 757 1286 499 1770 
1933 1497 1995 1580 2356 1673 1291 870 1551 1316 459 434 1092 416 478 281 579 677 264 764 627 699 1320 1693 
761 1652 1609 758 1705 1283 1627 730 677 1709 993 1370 1177 380 255 664 299 300 543 1003 1129 1304 572 1547 
1015 2013 2192 1460 2254 2089 1698 997 948 1485 1218 1279 436 902 595 392 480 704 421 923 416 1057 935 1612 
674 1328 1569 1048 901 1730 591 1874 890 1675 1457 730 967 536 277 417 473 452 318 614 947 536 1303 1283 
1208 1435 2164 1956 1439 2084 1228 625 1740 1220 831 1202 1041 648 459 701 327 214 793 381 1170 582 1319 1307 
1671 2057 1714 1372 842 1904 748 944 980 938 1129 1259 509 757 613 771 374 312 391 325 587 1366 972 1092 
1619 1095 959 1181 2316 807 1319 1822 686 1220 926 418 689 368 506 506 751 366 904 985 1105 818 1237 601 
829 2014 798 765 1134 2142 1814 1636 693 1590 1545 1330 547 315 739 540 235 414 293 397 1082 745 968 1392 
1842 735 955 1154 844 2289 1311 1232 565 774 881 847 859 528 467 407 407 395 491 753 951 818 839 1397 
1808 732 1867 945 2250 1988 656 1107 1386 1345 1463 1348 1073 409 492 654 747 495 836 609 639 1297 1139 1043 
649 1147 1195 1788 1166 2309 2097 840 1361 1317 1572 498 540 278 815 212 243 479 265 572 468 931 611 1755 
1538 1735 2162 2080 2155 1300 1818 738 1722 1166 612 1267 549 780 834 208 735 496 783 747 1049 475 1146 902 
677 1940 1040 2007 1428 1969 1181 863 1957 502 721 388 842 262 811 567 578 264 639 798 356 1366 1524 799 
908 564 1930 2127 1934 1367 2268 650 848 689 1045 1243 513 965 537 566 233 334 346 307 598 622 608 607 
1114 931 2104 855 1209 1686 1495 768 1817 1177 1449 1019 608 777 629 242 579 499 451 968 567 752 1583 925 
1951 2032 1198 1499 616 677 1923 719 1592 1782 1288 1241 1194 785 347 791 557 288 584 540 482 1260 453 777 
885 1655 1595 2173 1743 2304 1287 1908 1177 1393 423 939 1030 708 760 238 731 316 453 284 419 976 779 511 
536 1748 1712 618 796 1374 2150 1592 1644 1261 1289 647 721 830 351 508 781 766 770 273 421 793 673 1152 
1845 1391 1119 1465 745 869 1223 2042 1230 667 1210 532 358 338 737 456 515 721 671 425 508 516 1239 1544 
1548 1754 1988 1032 1665 1467 816 831 1247 1221 1369 1004 644 615 741 300 213 212 514 278 564 1335 467 1433 
1462 1916 1745 1258 1636 637 1160 1222 1313 835 1223 579 314 280 581 704 286 640 492 602 1020 1369 1373 979 
