20 11 20
7 10
170 112 130 149 169 187 203 214 222 225 222 214 203 187 169 150 130 112 96 85 77 
170 149 174 199 225 249 270 286 296 300 296 286 270 250 225 200 174 150 129 113 103 
170 187 217 249 282 312 338 358 370 375 370 358 338 312 282 250 217 187 161 141 129 
170 224 261 299 338 374 406 429 444 450 444 429 406 375 338 300 261 225 193 170 155 
170 262 304 349 395 437 473 501 519 525 519 501 473 437 395 350 304 262 226 198 180 
170 299 348 399 451 499 541 573 593 600 593 573 541 500 451 400 348 300 258 226 206 
170 337 391 449 508 562 609 644 667 675 667 644 609 562 508 450 391 337 290 255 232 
170 374 435 499 564 624 676 716 741 750 741 716 676 625 564 500 435 375 323 283 258 
170 412 478 549 621 687 744 788 815 825 815 788 744 687 621 550 478 412 355 311 284 
170 449 522 599 677 749 812 859 889 900 889 859 812 750 677 600 522 450 387 340 310 
100000 7499 8705 9999 11294 12499 13535 14330 14829 15000 14829 14330 13535 12500 11294 10000 8705 7500 6464 5669 5170 
1250 1129 1000 870 750 646 566 
475 492 554 461 520 694 754 954 1226 1168 1325 1301 1502 
512 438 548 491 604 604 1032 804 978 1170 1551 1567 1491 
486 565 496 509 724 604 946 857 956 1200 1377 1599 1516 
542 439 416 640 657 808 881 1185 1323 1250 1123 1643 1374 
598 539 466 552 649 739 857 887 1006 1124 1562 1634 1705 
600 485 581 676 630 829 836 830 1125 1423 1468 1516 1658 
488 500 493 644 680 890 969 986 1211 1418 1447 1495 1728 
580 563 602 483 713 639 839 944 1238 1328 1097 1282 1268 
584 416 482 473 569 770 787 1005 976 1170 1581 1615 1629 
419 535 551 496 726 863 981 890 1277 1260 1380 1617 1436 
