20 11 20
11 10
170 130 149 169 187 203 214 222 225 222 214 203 187 169 150 130 112 96 85 77 75 
170 174 199 225 249 270 286 296 300 296 286 270 250 225 200 174 150 129 113 103 100 
170 217 249 282 312 338 358 370 375 370 358 338 312 282 250 217 187 161 141 129 125 
170 261 299 338 374 406 429 444 450 444 429 406 375 338 300 261 225 193 170 155 150 
170 304 349 395 437 473 501 519 525 519 501 473 437 395 350 304 262 226 198 180 175 
170 348 399 451 499 541 573 593 600 593 573 541 500 451 400 348 300 258 226 206 200 
170 391 449 508 562 609 644 667 675 667 644 609 562 508 450 391 337 290 255 232 225 
170 435 499 564 624 676 716 741 750 741 716 676 625 564 500 435 375 323 283 258 250 
170 478 549 621 687 744 788 815 825 815 788 744 687 621 550 478 412 355 311 284 275 
170 522 599 677 749 812 859 889 900 889 859 812 750 677 600 522 450 387 340 310 300 
100000 8705 9999 11294 12499 13535 14330 14829 15000 14829 14330 13535 12500 11294 10000 8705 7500 6464 5669 5170 5000 
1129 1000 870 750 646 566 517 500 517 566 646 
724 727 860 1234 1069 1394 1420 1254 1626 
691 755 1086 1306 1367 1170 1329 1235 1765 
857 799 1169 1007 1101 1491 1577 1245 1574 
629 972 833 1094 1118 1294 1373 1600 1299 
650 995 970 959 1208 1133 1583 1219 1543 
734 754 1039 974 1295 1335 1318 1760 1369 
720 805 1160 1033 1407 1214 1291 1699 1205 
726 978 1137 1095 1130 1413 1561 1299 1786 
811 971 1066 1059 1369 1464 1462 1614 1650 
758 931 831 1338 1335 1105 1273 1771 1622 
