20 3 20
15 50
850 77 75 77 85 96 112 130 149 169 187 203 214 222 225 222 214 203 187 169 150 
850 103 100 103 113 129 149 174 199 225 249 270 286 296 300 296 286 270 250 225 200 
100000 5170 5000 5170 5669 6464 7499 8705 9999 11294 12499 13535 14330 14829 15000 14829 14330 13535 12500 11294 10000 
1482 1499 1482 1433 1353 1250 1129 1000 870 750 646 566 517 500 517 
756 702 779 1325 927 
628 453 411 1244 814 
283 1009 670 462 980 
767 688 935 1318 1378 
370 406 535 1385 1052 
522 495 344 658 1545 
732 811 705 1227 1270 
755 559 406 514 521 
438 550 451 449 533 
256 789 1063 781 528 
655 581 329 1033 1220 
529 659 366 415 1186 
266 438 603 684 917 
581 790 589 569 486 
655 926 1192 350 1187 
537 869 337 1108 739 
495 540 429 830 1449 
899 816 665 1302 1109 
738 875 537 390 1291 
420 1025 797 701 1057 
719 851 728 1104 1227 
630 400 1105 1027 661 
234 771 802 372 1076 
510 332 1076 453 915 
786 620 908 659 606 
469 861 1108 1378 516 
872 571 1046 587 819 
551 873 967 1108 671 
229 577 997 360 1080 
811 514 942 503 1201 
501 676 1135 767 979 
883 362 1090 455 1509 
826 673 416 1189 1034 
373 839 639 642 705 
641 440 522 533 521 
795 780 1074 584 1305 
621 657 342 582 1007 
439 390 808 969 423 
379 722 951 832 1401 
661 968 473 364 580 
723 383 747 1050 1446 
763 971 387 1106 680 
483 962 327 590 755 
529 590 604 424 1399 
289 966 743 996 589 
703 540 982 531 819 
454 1025 573 1088 878 
403 618 515 1391 682 
338 573 530 882 680 
477 457 867 514 1403 
