10 2 20
6 50
1700 130 149 169 187 203 214 222 225 222 214 
100000 8705 9999 11294 12499 13535 14330 14829 15000 14829 14330 
1129 1000 870 750 646 566 
477 527 552 482 
571 461 511 603 
471 521 484 605 
524 507 571 640 
551 554 617 680 
562 528 422 580 
549 513 469 504 
550 497 594 610 
440 452 560 623 
455 482 573 477 
449 467 534 597 
539 457 417 514 
522 446 550 518 
509 592 484 481 
588 493 590 580 
490 411 524 537 
599 425 566 506 
532 431 591 481 
537 550 604 641 
506 474 496 664 
602 513 479 642 
582 453 464 494 
552 420 471 520 
461 432 533 654 
457 442 539 631 
421 565 539 640 
610 482 506 618 
491 509 498 469 
577 532 421 485 
421 505 540 656 
495 489 487 610 
451 546 616 465 
492 463 544 495 
611 412 592 549 
487 542 562 543 
611 579 518 464 
584 450 491 520 
540 408 470 571 
619 464 494 592 
495 407 557 628 
504 419 538 641 
604 567 504 505 
546 577 572 566 
611 573 440 526 
497 581 486 676 
462 493 419 546 
447 477 443 570 
462 537 544 464 
441 410 573 610 
568 494 439 596 
