5 2 20
3 100
1700 77 85 96 112 130 
100000 5170 5669 6464 7499 8705 
1482 1433 1353 
1255 1351 
1324 1031 
1167 1132 
1459 1205 
1339 1229 
1145 1009 
1373 1274 
1153 1159 
1306 1160 
1115 1231 
1044 929 
1332 1232 
1068 1300 
1473 1241 
1068 1197 
1203 1241 
1447 1092 
1028 1240 
1342 1292 
1419 1110 
1105 1260 
1007 1137 
1413 1311 
1387 906 
1407 1020 
1345 1126 
1069 1104 
1032 1053 
1224 1318 
1409 1082 
1358 1114 
1485 905 
1173 1024 
1159 1016 
1042 1139 
1215 1097 
1295 960 
1250 1267 
1002 1058 
1102 1105 
1174 1335 
1065 1039 
1065 1289 
1435 1036 
1481 1148 
1193 1182 
1279 1140 
1362 1331 
1472 923 
1341 1270 
1121 962 
1266 1278 
1415 1103 
1181 910 
1144 1295 
1087 1313 
1451 1055 
1141 1223 
1061 1285 
1077 974 
1399 962 
1125 1073 
1265 1340 
1491 1081 
1497 1171 
1180 1147 
1289 979 
1221 1128 
1081 1263 
1090 971 
1204 921 
1364 904 
1195 1090 
1421 1070 
1450 1276 
1225 927 
1149 1089 
1487 1231 
1110 1259 
1262 1243 
1008 950 
1266 1191 
1118 1338 
1469 1296 
1017 1169 
1252 1045 
1404 1028 
1191 1327 
1470 1153 
1239 920 
1482 920 
1383 1227 
1011 1112 
1045 1271 
1467 1272 
1299 915 
1372 953 
1176 1084 
1036 1211 
1128 1341 
