10 6 20
6 100
340 96 85 77 75 77 85 96 112 130 149 
340 129 113 103 100 103 113 129 149 174 199 
340 161 141 129 125 129 141 161 187 217 249 
340 193 170 155 150 155 170 193 224 261 299 
340 226 198 180 175 180 198 226 262 304 349 
100000 6464 5669 5170 5000 5170 5669 6464 7499 8705 9999 
1353 1433 1482 1499 1482 1433 
1403 1225 1153 958 
1361 1262 1159 1040 
1358 1209 1089 1004 
1293 1192 1078 968 
1375 1297 1168 1032 
1363 1297 1085 1049 
1415 1265 1090 1048 
1383 1288 1111 1040 
1357 1288 1155 999 
1400 1273 1119 952 
1370 1284 1102 952 
1345 1226 1091 985 
1388 1242 1141 975 
1419 1303 1169 1044 
1313 1290 1096 991 
1297 1276 1171 1040 
1404 1240 1178 1029 
1294 1199 1154 984 
1360 1244 1109 959 
1406 1308 1120 968 
1356 1191 1090 1015 
1351 1277 1108 1029 
1362 1207 1121 1008 
1338 1217 1094 1003 
1330 1263 1148 1019 
1401 1273 1165 971 
1296 1272 1150 987 
1318 1217 1171 981 
1394 1295 1145 985 
1402 1266 1092 974 
1384 1228 1128 975 
1304 1265 1114 980 
1309 1226 1173 962 
1309 1226 1180 1016 
1396 1235 1110 1023 
1376 1229 1145 959 
1325 1262 1162 1036 
1322 1309 1097 1020 
1314 1248 1147 988 
1312 1192 1140 992 
1355 1303 1086 972 
1332 1282 1122 996 
1314 1308 1163 974 
1381 1241 1182 1008 
1357 1235 1179 1046 
1310 1192 1108 978 
1340 1220 1162 966 
1386 1270 1090 1031 
1327 1229 1128 987 
1288 1290 1152 960 
1361 1222 1102 970 
1315 1271 1090 1009 
1407 1290 1075 1011 
1345 1199 1123 1034 
1354 1283 1109 1049 
1331 1263 1118 962 
1334 1297 1154 963 
1314 1216 1103 1028 
1420 1271 1123 961 
1343 1208 1144 1011 
1369 1310 1134 950 
1313 1232 1147 1044 
1365 1257 1108 998 
1400 1310 1162 1022 
1329 1234 1087 982 
1319 1277 1156 993 
1354 1305 1152 1022 
1403 1311 1173 1038 
1387 1241 1144 1005 
1286 1192 1086 1036 
1360 1272 1116 999 
1355 1292 1173 1020 
1377 1198 1143 1045 
1398 1306 1164 1018 
1410 1232 1181 1046 
1347 1213 1134 984 
1316 1208 1183 1039 
1380 1225 1081 1010 
1305 1267 1159 957 
1407 1215 1111 1036 
1389 1284 1154 976 
1420 1260 1105 1040 
1408 1270 1157 951 
1344 1290 1105 1015 
1391 1271 1174 1036 
1351 1222 1170 1038 
1415 1239 1106 1000 
1411 1203 1172 1023 
1387 1269 1129 1022 
1301 1217 1080 966 
1417 1196 1093 975 
1338 1290 1175 970 
1289 1300 1104 1003 
1410 1196 1177 964 
1343 1242 1116 977 
1401 1254 1113 1006 
1377 1238 1147 1049 
1407 1250 1086 977 
1350 1220 1184 979 
1319 1209 1104 960 
