5 11 20
2 100
170 150 130 112 96 85 
170 200 174 150 129 113 
170 250 217 187 161 141 
170 300 261 225 193 170 
170 350 304 262 226 198 
170 400 348 300 258 226 
170 450 391 337 290 255 
170 500 435 375 323 283 
170 550 478 412 355 311 
170 600 522 450 387 340 
100000 10000 8705 7500 6464 5669 
1000 1129 
1125 1789 1258 
655 1766 1169 
1878 1701 1608 
775 544 1370 
534 2045 1810 
1399 1153 1759 
1448 889 1555 
1534 1808 1672 
1644 1371 1843 
1476 1522 1859 
1368 2118 1646 
842 663 606 
1770 1408 576 
1081 924 666 
1808 566 664 
901 2080 1463 
1607 1335 2084 
1481 1177 1940 
1710 1169 1361 
1015 995 1461 
1564 1853 1983 
1023 719 824 
1235 1143 1722 
1139 1037 1256 
1800 2028 1987 
751 1768 863 
1650 1915 1112 
975 587 1280 
755 1014 2074 
1084 979 894 
1577 2016 1584 
1248 1047 1495 
1229 1251 1698 
1824 1832 645 
1282 1218 958 
995 2030 1400 
797 822 1090 
1953 1677 804 
1924 1570 948 
1988 995 1420 
1115 784 1392 
960 1423 1712 
926 1498 1148 
661 1016 787 
907 2156 1539 
1195 550 2213 
1905 1125 2156 
1123 1984 1629 
1190 2159 968 
964 1053 1106 
1321 1980 680 
1151 1671 641 
1020 1728 898 
1861 872 1019 
1778 1363 1628 
1235 1443 2118 
1818 1412 1231 
576 2049 1653 
634 1928 797 
574 822 1043 
1565 943 1288 
652 1154 1153 
853 989 986 
1596 1668 978 
1419 684 1430 
926 1846 1141 
1775 1234 1395 
1881 1312 1686 
1546 759 1746 
656 886 1498 
1707 871 780 
1102 1908 601 
1212 947 1735 
542 2057 1061 
1530 1614 656 
1822 726 1533 
940 2018 596 
644 1205 651 
725 676 868 
1776 1620 788 
766 1833 2064 
1429 1732 2231 
503 1924 1337 
1484 1051 839 
1405 1523 1043 
1422 2111 613 
951 981 581 
821 1893 1088 
865 2068 688 
707 1781 1071 
874 571 1375 
878 1876 2099 
803 1710 1076 
755 1097 803 
748 1120 2120 
1251 1806 2073 
1686 2147 1228 
813 1070 1996 
965 1797 1473 
1595 1516 1320 
