10 3 20
6 50
850 77 85 96 112 130 149 169 187 203 214 
850 103 113 129 149 174 199 225 249 270 286 
100000 5170 5669 6464 7499 8705 9999 11294 12499 13535 14330 
1482 1433 1353 1250 1129 1000 
846 734 652 587 
833 737 644 541 
900 773 626 570 
881 757 643 544 
857 718 668 543 
903 782 617 585 
893 765 643 570 
861 720 653 541 
905 742 647 568 
850 761 623 538 
846 731 633 572 
847 753 623 589 
841 777 638 538 
837 776 661 558 
890 745 640 591 
887 728 629 582 
876 762 641 584 
903 721 625 565 
857 753 646 563 
858 733 643 585 
874 712 658 541 
870 757 622 546 
878 750 638 545 
891 729 645 570 
861 743 621 545 
851 741 639 578 
850 736 655 554 
839 722 625 552 
843 726 643 592 
888 780 664 561 
863 742 656 542 
870 719 633 553 
879 765 624 563 
863 735 677 588 
837 783 639 582 
855 759 644 565 
901 774 628 585 
913 769 647 558 
861 737 636 550 
870 784 614 576 
872 733 616 545 
903 782 644 548 
836 749 634 543 
847 750 666 585 
865 714 636 558 
845 736 648 545 
896 730 639 560 
902 726 630 571 
876 760 616 541 
895 756 660 582 
