50 6 20
16 5
340 150 130 112 96 85 77 75 77 85 96 112 130 149 169 187 203 214 222 225 222 214 203 187 169 150 130 112 96 85 77 75 77 85 96 112 130 149 169 187 203 214 222 225 222 214 203 187 169 150 130 
340 200 174 150 129 113 103 100 103 113 129 149 174 199 225 249 270 286 296 300 296 286 270 250 225 200 174 150 129 113 103 100 103 113 129 149 174 199 225 249 270 286 296 300 296 286 270 250 225 200 174 
340 250 217 187 161 141 129 125 129 141 161 187 217 249 282 312 338 358 370 375 370 358 338 312 282 250 217 187 161 141 129 125 129 141 161 187 217 249 282 312 338 358 370 375 370 358 338 312 282 250 217 
340 300 261 225 193 170 155 150 155 170 193 224 261 299 338 374 406 429 444 450 444 429 406 375 338 300 261 225 193 170 155 150 155 170 193 224 261 299 338 374 406 429 444 450 444 429 406 375 338 300 261 
340 350 304 262 226 198 180 175 180 198 226 262 304 349 395 437 473 501 519 525 519 501 473 437 395 350 304 262 226 198 180 175 180 198 226 262 304 349 395 437 473 501 519 525 519 501 473 437 395 350 304 
100000 10000 8705 7500 6464 5669 5170 5000 5170 5669 6464 7499 8705 9999 11294 12499 13535 14330 14829 15000 14829 14330 13535 12500 11294 10000 8705 7500 6464 5669 5170 5000 5170 5669 6464 7499 8705 9999 11294 12499 13535 14330 14829 15000 14829 14330 13535 12500 11294 10000 8705 
1000 1129 1249 1353 1433 1482 1499 1482 1433 1353 1250 1129 1000 870 750 646 
588 525 504 531 586 655 785 907 970 1159 1191 1313 1465 1523 1438 1471 1380 1382 1289 1133 957 866 757 674 554 525 497 495 562 648 766 880 1036 1168 
579 497 520 533 547 676 748 842 1014 1097 1193 1414 1421 1547 1535 1472 1378 1303 1219 1157 951 864 771 656 569 539 490 531 564 624 763 828 985 1141 
578 512 484 538 576 616 733 910 1024 1105 1237 1305 1403 1434 1525 1548 1474 1418 1271 1076 993 893 752 634 540 503 500 531 549 640 755 890 995 1126 
583 510 505 522 593 623 745 886 954 1160 1235 1416 1387 1505 1484 1513 1451 1328 1225 1135 1003 881 724 671 580 523 509 533 576 636 742 835 987 1171 
572 528 520 534 578 624 718 861 954 1119 1256 1322 1472 1496 1526 1506 1494 1306 1295 1140 977 894 768 657 593 525 482 523 578 646 718 888 992 1163 
