50 3 20
36 100
850 130 112 96 85 77 75 77 85 96 112 130 149 169 187 203 214 222 225 222 214 203 187 169 150 130 112 96 85 77 75 77 85 96 112 130 149 169 187 203 214 222 225 222 214 203 187 169 150 130 112 
850 174 150 129 113 103 100 103 113 129 149 174 199 225 249 270 286 296 300 296 286 270 250 225 200 174 150 129 113 103 100 103 113 129 149 174 199 225 249 270 286 296 300 296 286 270 250 225 200 174 150 
100000 8705 7500 6464 5669 5170 5000 5170 5669 6464 7499 8705 9999 11294 12499 13535 14330 14829 15000 14829 14330 13535 12500 11294 10000 8705 7500 6464 5669 5170 5000 5170 5669 6464 7499 8705 9999 11294 12499 13535 14330 14829 15000 14829 14330 13535 12500 11294 10000 8705 7500 
1129 1249 1353 1433 1482 1499 1482 1433 1353 1250 1129 1000 870 750 646 566 517 500 517 566 646 749 870 999 1129 1249 1353 1433 1482 1499 1482 1433 1353 1250 1129 1000 
831 720 648 544 514 475 526 563 677 778 851 977 1145 1227 
840 782 646 554 512 503 497 577 618 731 868 987 1135 1212 
895 768 632 546 526 519 515 563 629 754 871 966 1096 1194 
832 747 628 589 493 504 494 572 668 715 883 1008 1170 1299 
858 736 660 542 531 510 499 559 663 778 843 961 1177 1261 
844 745 633 543 537 507 513 581 649 786 877 992 1134 1221 
841 765 660 564 512 482 505 584 624 756 839 1032 1155 1248 
847 731 673 580 520 505 542 570 663 754 897 960 1164 1246 
897 733 660 561 493 501 533 594 621 715 858 1015 1183 1305 
849 719 653 557 516 522 524 559 631 747 876 978 1076 1304 
907 776 666 586 495 519 539 566 668 734 851 956 1143 1237 
873 771 639 542 512 484 494 554 626 732 887 1006 1158 1227 
911 732 638 563 517 508 510 559 635 729 833 1009 1085 1306 
911 764 653 587 524 494 524 592 637 760 854 984 1175 1216 
887 723 640 589 527 512 534 579 635 778 842 1028 1082 1241 
862 768 651 547 525 492 512 555 670 755 835 983 1151 1237 
842 775 649 587 510 506 509 563 668 726 896 991 1108 1260 
890 736 644 589 516 520 492 555 676 786 903 1023 1162 1246 
841 759 669 591 494 487 510 545 653 732 885 1009 1081 1220 
911 719 641 571 510 506 501 552 631 716 855 997 1107 1191 
872 749 632 546 511 475 497 546 614 734 914 1044 1106 1188 
842 754 660 588 512 491 529 560 635 778 876 977 1076 1200 
867 750 677 559 513 477 522 574 640 738 878 990 1141 1299 
858 731 644 568 522 521 523 546 649 760 865 971 1144 1272 
870 716 638 592 517 521 496 558 631 723 853 1044 1176 1217 
849 755 617 551 529 520 503 552 646 772 851 987 1086 1251 
895 715 625 545 515 516 505 564 653 714 886 1032 1108 1278 
855 717 662 594 539 523 498 575 665 771 898 976 1102 1281 
891 723 628 562 498 502 527 580 651 719 830 994 1079 1280 
871 717 641 591 539 522 531 574 630 741 850 1023 1128 1270 
871 744 622 583 525 485 506 584 674 719 893 1007 1131 1255 
853 766 625 583 503 517 494 548 661 749 831 1043 1154 1196 
861 737 623 558 528 488 500 563 635 754 837 955 1156 1289 
895 720 649 544 495 478 512 571 640 742 849 951 1149 1261 
881 738 658 581 496 496 513 571 675 720 858 1013 1135 1240 
898 753 626 568 493 490 519 588 658 727 855 975 1111 1241 
886 734 618 544 527 478 507 574 651 735 858 960 1158 1299 
863 775 665 549 536 505 492 583 655 756 912 976 1166 1291 
872 761 629 544 519 477 520 587 649 787 885 985 1135 1238 
851 756 668 559 541 522 494 569 621 753 832 1035 1131 1294 
906 774 647 574 529 493 498 541 660 751 837 1013 1136 1282 
879 718 640 563 536 509 541 591 645 738 829 982 1147 1269 
846 766 645 565 542 492 497 553 666 761 906 990 1139 1211 
835 726 626 578 533 493 494 553 628 716 827 1026 1104 1294 
904 759 616 548 518 478 499 554 642 775 857 981 1143 1256 
853 766 626 581 498 488 492 589 672 737 835 954 1149 1219 
907 766 644 584 514 511 495 555 619 739 832 1008 1087 1256 
850 741 627 582 535 477 498 545 633 754 886 962 1100 1247 
881 720 676 588 530 493 494 593 623 726 912 972 1084 1275 
868 723 645 590 505 475 524 581 614 781 883 990 1174 1278 
908 777 619 585 510 475 500 564 657 716 904 1008 1182 1277 
851 720 670 593 521 485 518 572 621 765 840 1019 1185 1223 
870 785 657 562 523 493 518 587 657 751 890 997 1174 1283 
881 741 647 554 534 478 531 580 641 749 903 1000 1169 1310 
827 745 674 574 496 494 524 551 657 753 872 999 1123 1268 
857 743 664 553 532 502 541 541 672 725 853 981 1164 1208 
893 767 676 554 521 505 529 586 642 744 847 1021 1088 1195 
898 725 626 573 500 511 529 539 663 767 839 993 1074 1251 
830 764 645 588 541 505 500 539 638 752 846 984 1082 1201 
841 746 622 556 493 513 492 586 655 772 854 968 1155 1196 
860 715 619 543 525 506 541 581 673 762 883 1008 1180 1217 
827 785 628 575 517 521 536 559 658 758 883 1048 1134 1191 
836 762 663 546 526 509 510 589 673 755 883 985 1140 1271 
898 739 676 566 520 478 523 566 659 760 885 954 1078 1256 
857 781 614 581 534 480 529 539 652 745 868 1041 1148 1273 
894 769 652 573 517 508 499 581 628 742 883 979 1129 1189 
908 778 631 587 491 511 517 555 633 773 864 970 1104 1259 
854 717 670 588 511 498 496 578 669 773 863 973 1088 1220 
849 783 615 565 499 481 509 555 621 768 904 1041 1117 1295 
860 767 646 571 501 487 521 580 644 749 904 982 1113 1194 
885 776 634 560 542 501 528 562 675 769 839 957 1156 1245 
852 779 622 539 493 477 522 546 661 738 907 1010 1154 1222 
856 723 669 574 540 486 521 592 614 740 862 968 1182 1243 
855 781 649 575 503 497 520 582 658 719 873 970 1174 1211 
840 752 664 581 511 475 518 581 640 766 886 1014 1077 1188 
844 720 616 573 513 522 532 554 651 768 904 983 1120 1222 
897 781 614 571 520 488 495 557 654 786 905 1010 1101 1237 
836 757 640 549 522 498 542 559 668 775 858 1000 1131 1308 
861 760 627 565 520 506 528 555 654 737 909 1037 1093 1235 
900 735 666 542 504 496 493 589 641 753 898 1008 1157 1270 
885 769 651 552 512 492 534 540 648 783 829 958 1164 1299 
870 764 666 578 520 523 516 550 637 728 869 982 1171 1255 
877 772 629 538 531 507 525 575 642 772 912 1023 1075 1267 
851 762 662 589 527 505 535 577 654 765 897 956 1125 1248 
898 777 642 577 513 489 501 589 634 713 913 976 1074 1201 
835 779 675 581 500 510 497 593 640 780 849 977 1177 1253 
857 756 646 554 530 483 542 544 653 719 860 1033 1130 1303 
838 721 664 542 519 487 532 567 662 778 893 997 1105 1225 
872 760 660 566 534 496 502 541 654 717 890 1047 1126 1299 
859 772 626 575 492 486 516 550 646 712 887 988 1114 1284 
873 749 667 539 531 483 520 569 616 785 846 1027 1105 1267 
845 741 644 546 523 487 531 578 671 753 911 1025 1182 1294 
854 715 662 539 513 516 512 580 662 747 863 1016 1167 1230 
909 777 629 547 507 494 496 595 640 718 850 1026 1113 1190 
840 764 667 593 539 493 540 546 647 786 846 1009 1155 1232 
874 771 628 557 526 485 520 547 633 717 827 982 1166 1273 
851 772 637 570 494 509 531 592 643 750 863 1016 1184 1212 
855 728 655 588 520 513 503 566 649 724 909 981 1155 1236 
906 767 670 590 491 522 501 540 666 723 860 1039 1110 1282 
901 720 620 563 521 509 540 556 643 751 834 958 1134 1257 
