50 11 20
36 100
170 85 96 112 130 149 169 187 203 214 222 225 222 214 203 187 169 150 130 112 96 85 77 75 77 85 96 112 130 149 169 187 203 214 222 225 222 214 203 187 169 150 130 112 96 85 77 75 77 85 96 
170 113 129 149 174 199 225 249 270 286 296 300 296 286 270 250 225 200 174 150 129 113 103 100 103 113 129 149 174 199 225 249 270 286 296 300 296 286 270 250 225 200 174 150 129 113 103 100 103 113 129 
170 141 161 187 217 249 282 312 338 358 370 375 370 358 338 312 282 250 217 187 161 141 129 125 129 141 161 187 217 249 282 312 338 358 370 375 370 358 338 312 282 250 217 187 161 141 129 125 129 141 161 
170 170 193 224 261 299 338 374 406 429 444 450 444 429 406 375 338 300 261 225 193 170 155 150 155 170 193 224 261 299 338 374 406 429 444 450 444 429 406 375 338 300 261 225 193 170 155 150 155 170 193 
170 198 226 262 304 349 395 437 473 501 519 525 519 501 473 437 395 350 304 262 226 198 180 175 180 198 226 262 304 349 395 437 473 501 519 525 519 501 473 437 395 350 304 262 226 198 180 175 180 198 226 
170 226 258 299 348 399 451 499 541 573 593 600 593 573 541 500 451 400 348 300 258 226 206 200 206 226 258 299 348 399 451 499 541 573 593 600 593 573 541 500 451 400 348 300 258 226 206 200 206 226 258 
170 255 290 337 391 449 508 562 609 644 667 675 667 644 609 562 508 450 391 337 290 255 232 225 232 255 290 337 391 449 508 562 609 644 667 675 667 644 609 562 508 450 391 337 290 255 232 225 232 255 290 
170 283 323 374 435 499 564 624 676 716 741 750 741 716 676 625 564 500 435 375 323 283 258 250 258 283 323 374 435 499 564 624 676 716 741 750 741 716 676 625 564 500 435 375 323 283 258 250 258 283 323 
170 311 355 412 478 549 621 687 744 788 815 825 815 788 744 687 621 550 478 412 355 311 284 275 284 311 355 412 478 549 621 687 744 788 815 825 815 788 744 687 621 550 478 412 355 311 284 275 284 311 355 
170 340 387 449 522 599 677 749 812 859 889 900 889 859 812 750 677 600 522 450 387 340 310 300 310 340 387 449 522 599 677 749 812 859 889 900 889 859 812 750 677 600 522 450 387 340 310 300 310 340 387 
100000 5669 6464 7499 8705 9999 11294 12499 13535 14330 14829 15000 14829 14330 13535 12500 11294 10000 8705 7500 6464 5669 5170 5000 5170 5669 6464 7499 8705 9999 11294 12499 13535 14330 14829 15000 14829 14330 13535 12500 11294 10000 8705 7500 6464 5669 5170 5000 5170 5669 6464 
1433 1353 1250 1129 1000 870 750 646 566 517 500 517 566 646 749 870 999 1129 1249 1353 1433 1482 1499 1482 1433 1353 1250 1129 1000 870 750 646 566 517 500 517 
757 501 850 503 850 853 1835 614 1009 1778 1751 1660 635 1204 
814 591 748 1200 783 1595 1180 1706 944 1729 1953 1227 2196 1801 
642 470 1030 397 1598 481 887 1052 1078 742 1515 1337 2171 1833 
322 531 523 1040 1040 1521 930 1979 1715 1614 1866 1380 959 924 
618 711 772 521 731 544 729 1363 841 2365 2142 1270 997 1468 
649 673 934 1024 892 1797 819 1192 1489 2064 708 2302 769 1546 
306 533 872 1103 917 1283 511 2032 1686 1241 870 1545 2277 1794 
600 777 313 518 1308 1204 1762 845 1090 1862 797 2077 2249 2076 
466 403 1185 1168 426 752 1852 1350 2078 1521 2252 964 2206 915 
458 471 1052 454 1387 1090 1211 2146 1070 793 950 1659 589 1633 
370 951 1037 367 751 1709 1897 1922 2016 1532 1169 1350 679 1518 
310 398 753 825 523 899 1422 2104 1445 677 1664 2175 1319 1039 
371 481 369 1389 1460 758 1803 1175 1611 1958 2324 1587 719 1317 
239 911 961 729 1404 1733 1585 1438 1713 1985 2127 1560 1906 1561 
519 592 525 1086 1527 1633 1083 1815 1586 954 1985 2142 1606 1363 
505 742 631 1385 1587 1195 854 1425 1632 1632 809 1917 725 824 
668 458 430 777 574 1661 1467 1112 591 939 910 770 2089 2018 
234 832 475 520 1569 1437 1086 1703 670 2050 1495 750 1191 779 
419 1017 562 892 1269 1445 1215 1453 2272 1087 1255 1920 1701 1052 
907 1016 668 504 1512 1465 1832 2135 1754 1521 2312 601 2100 1181 
258 387 581 1028 1503 1697 541 1038 1216 2050 2356 978 1090 1035 
906 930 930 881 1344 1017 1871 1271 1769 789 2003 1332 2159 1558 
865 988 1198 853 403 676 591 677 1972 2285 2213 1448 1419 1486 
356 630 768 777 1583 664 1342 992 1937 1294 1017 684 1153 1377 
607 368 662 1005 804 885 1615 1785 716 1825 1568 1308 2033 826 
458 620 810 670 416 1026 769 1767 1611 1536 1050 1185 1643 1916 
425 969 946 469 1015 528 785 684 959 1767 1186 1283 1595 1470 
239 668 301 780 1176 657 1522 1357 1745 755 2223 969 2248 1138 
480 731 498 1063 539 1436 1318 1415 1465 1081 1850 1534 1902 857 
763 1007 695 1234 543 937 1011 877 2200 2186 1517 2174 1902 1341 
502 549 358 891 551 807 1818 1815 1989 2157 1271 2145 658 746 
680 605 523 1265 427 1244 670 1811 1959 1933 656 2037 939 1392 
445 574 491 981 1004 1210 1529 1038 1098 1770 1018 2360 1646 1341 
632 787 453 520 643 866 512 1164 1876 2012 1872 2117 1233 1423 
451 418 538 696 1575 751 899 1160 748 2010 1484 1507 1082 1188 
402 356 1039 770 946 1800 1313 802 1847 1550 1511 775 1554 1558 
840 856 751 899 1107 567 1647 683 2191 1854 1584 1897 916 1900 
892 568 370 642 736 1763 1723 815 631 1147 1354 775 684 1425 
424 370 1092 936 1571 1052 733 1314 1008 2134 991 629 1014 1302 
232 683 1102 504 988 1385 837 1094 2228 1072 774 701 1020 1513 
667 411 570 1073 1598 909 1927 1460 1950 613 1827 814 2053 1646 
888 904 813 680 1539 1374 1044 2041 935 1617 2230 2053 1115 1765 
397 315 1114 653 1201 1634 1879 1073 1203 1003 2203 708 2018 1892 
745 397 340 746 667 1396 679 1016 593 2289 2213 708 863 1715 
826 404 922 463 1550 1695 1373 1025 1462 1968 1923 1928 954 687 
668 1000 437 849 905 878 1296 1417 582 1039 1928 1745 887 798 
816 413 514 622 1007 623 1683 2162 2279 636 1954 2354 1987 1780 
843 444 737 1288 424 1273 1086 1757 622 903 852 1384 918 1521 
804 922 1012 406 1289 1364 701 1832 1829 1555 1765 673 948 1422 
714 421 1026 1314 1519 505 761 1134 1681 2106 2039 1750 1084 1142 
761 340 780 693 967 1277 1266 1149 715 1569 1353 1283 739 1436 
670 915 837 703 1146 815 929 1451 1712 1241 1312 2208 577 2150 
376 581 554 852 970 789 1357 1319 956 2051 1247 2040 1515 1526 
563 709 966 868 1036 1766 778 548 1361 2279 1807 931 1059 1185 
467 777 678 1183 499 1125 1077 642 1107 1166 1908 1595 1098 1541 
701 288 1096 712 1131 966 1089 2071 1185 2279 832 2087 675 1345 
882 687 594 647 813 1141 603 1384 1291 1591 1228 1707 1410 1335 
400 697 769 710 676 1381 1909 2157 2046 1055 1280 1768 1506 1000 
683 934 392 1004 1316 1273 1510 792 1878 606 2328 2120 2025 1346 
404 772 562 1009 706 1723 896 1481 584 1232 1765 1451 864 809 
643 762 1066 814 577 1591 663 1407 1020 1530 1573 752 712 1290 
874 1031 819 773 1065 1299 662 1120 1727 1664 1542 769 1292 1568 
254 622 595 879 1130 623 1077 1967 2270 968 1398 2133 984 1693 
562 373 1099 1274 1294 1235 1138 1548 578 2268 1344 2338 1071 2078 
825 965 481 396 690 898 1932 820 1384 1526 1662 2352 1798 804 
441 839 370 1151 927 935 1777 572 2094 1879 2023 1799 1820 545 
755 681 966 1214 1009 774 1154 722 1384 876 1529 1493 2122 1347 
402 378 1147 967 1331 1502 1627 1414 1658 1858 1928 1148 1877 562 
682 525 466 527 1434 1549 1247 1480 881 1525 1583 1140 645 1794 
446 513 469 1303 1027 1429 1077 739 1816 605 2082 712 1714 823 
502 986 839 873 1179 1264 781 1807 1307 1037 2187 2350 1011 1235 
429 322 622 1077 1034 1709 830 1953 2058 604 2124 744 2114 2122 
536 745 728 1056 1369 1522 1223 1701 2148 1739 2191 814 1128 642 
262 509 923 1214 1364 1607 1880 848 799 703 1459 1786 748 1015 
380 675 1090 1051 879 1411 1026 741 2277 1440 1189 1729 994 1997 
748 628 745 517 418 881 565 1886 1463 600 1179 975 2246 2091 
249 914 662 1216 1015 797 646 1474 581 622 2248 1271 737 1070 
838 829 307 1386 1211 548 1972 838 1641 898 1411 1910 983 1987 
396 617 964 661 1068 643 915 1915 1940 1891 2085 1683 936 1320 
322 483 619 752 1363 1716 754 1827 1933 799 2248 1440 1539 1446 
670 337 397 1220 983 913 1934 966 1104 1525 1637 1529 1004 821 
346 408 798 600 807 1341 647 1232 1417 1713 1117 1246 1669 1814 
583 346 637 989 1577 1357 1420 752 2128 2327 600 1431 820 829 
566 282 437 885 530 709 743 1625 867 1050 1943 2243 1015 1661 
576 267 376 576 550 1651 1161 2083 1195 1327 1651 656 1387 878 
285 280 760 875 1103 1111 1805 1199 1305 2276 1964 1198 1667 1900 
781 332 516 816 1115 776 1016 1406 805 1124 2370 1733 1113 1395 
358 863 530 979 729 1132 1181 748 1813 2357 2150 969 1903 982 
673 305 372 462 1495 1607 1134 1693 2072 1982 2353 2029 675 1487 
275 439 1155 787 1550 1214 1112 1264 1381 2250 1696 2171 801 1531 
690 274 878 815 1324 1601 791 1769 1852 2089 1734 1919 1047 1492 
820 328 750 1060 1139 1456 1967 1718 1846 1572 922 1896 1294 1875 
366 911 653 740 1575 1317 1047 901 1605 2272 616 1358 750 1222 
589 488 600 1207 742 996 729 965 1217 1748 1856 1105 1854 1966 
847 401 943 503 481 818 1126 1014 1427 1640 816 2039 994 1847 
840 839 1093 1045 1171 1227 751 1970 1948 1888 2050 1847 2197 2015 
229 396 767 1026 454 777 1688 1119 1629 1785 1438 1178 691 726 
858 961 656 458 1113 863 596 1163 1120 1042 1484 1238 1168 581 
459 347 992 1327 859 1370 1935 2064 760 694 2272 1229 2044 1768 
323 591 862 532 1185 1342 1005 1750 829 1749 1910 738 1880 1326 
