50 11 20
16 10
170 77 85 96 112 130 149 169 187 203 214 222 225 222 214 203 187 169 150 130 112 96 85 77 75 77 85 96 112 130 149 169 187 203 214 222 225 222 214 203 187 169 150 130 112 96 85 77 75 77 85 
170 103 113 129 149 174 199 225 249 270 286 296 300 296 286 270 250 225 200 174 150 129 113 103 100 103 113 129 149 174 199 225 249 270 286 296 300 296 286 270 250 225 200 174 150 129 113 103 100 103 113 
170 129 141 161 187 217 249 282 312 338 358 370 375 370 358 338 312 282 250 217 187 161 141 129 125 129 141 161 187 217 249 282 312 338 358 370 375 370 358 338 312 282 250 217 187 161 141 129 125 129 141 
170 155 170 193 224 261 299 338 374 406 429 444 450 444 429 406 375 338 300 261 225 193 170 155 150 155 170 193 224 261 299 338 374 406 429 444 450 444 429 406 375 338 300 261 225 193 170 155 150 155 170 
170 180 198 226 262 304 349 395 437 473 501 519 525 519 501 473 437 395 350 304 262 226 198 180 175 180 198 226 262 304 349 395 437 473 501 519 525 519 501 473 437 395 350 304 262 226 198 180 175 180 198 
170 206 226 258 299 348 399 451 499 541 573 593 600 593 573 541 500 451 400 348 300 258 226 206 200 206 226 258 299 348 399 451 499 541 573 593 600 593 573 541 500 451 400 348 300 258 226 206 200 206 226 
170 232 255 290 337 391 449 508 562 609 644 667 675 667 644 609 562 508 450 391 337 290 255 232 225 232 255 290 337 391 449 508 562 609 644 667 675 667 644 609 562 508 450 391 337 290 255 232 225 232 255 
170 258 283 323 374 435 499 564 624 676 716 741 750 741 716 676 625 564 500 435 375 323 283 258 250 258 283 323 374 435 499 564 624 676 716 741 750 741 716 676 625 564 500 435 375 323 283 258 250 258 283 
170 284 311 355 412 478 549 621 687 744 788 815 825 815 788 744 687 621 550 478 412 355 311 284 275 284 311 355 412 478 549 621 687 744 788 815 825 815 788 744 687 621 550 478 412 355 311 284 275 284 311 
170 310 340 387 449 522 599 677 749 812 859 889 900 889 859 812 750 677 600 522 450 387 340 310 300 310 340 387 449 522 599 677 749 812 859 889 900 889 859 812 750 677 600 522 450 387 340 310 300 310 340 
100000 5170 5669 6464 7499 8705 9999 11294 12499 13535 14330 14829 15000 14829 14330 13535 12500 11294 10000 8705 7500 6464 5669 5170 5000 5170 5669 6464 7499 8705 9999 11294 12499 13535 14330 14829 15000 14829 14330 13535 12500 11294 10000 8705 7500 6464 5669 5170 5000 5170 5669 
1482 1433 1353 1250 1129 1000 870 750 646 566 517 500 517 566 646 749 
865 1010 1131 1301 1394 1495 1485 1439 1429 1487 1396 1291 1175 1046 882 753 626 548 530 480 536 585 658 726 870 1003 1162 1262 1396 1440 1547 1476 1541 1384 
857 1047 1141 1248 1419 1377 1438 1445 1488 1469 1291 1225 1177 959 841 757 660 577 523 489 505 562 635 730 902 992 1117 1202 1400 1384 1509 1466 1542 1472 
871 1038 1131 1214 1319 1453 1532 1433 1525 1451 1391 1238 1135 1021 898 716 620 544 503 479 538 554 620 731 878 956 1184 1199 1380 1361 1515 1489 1537 1477 
898 1048 1107 1201 1325 1459 1408 1446 1459 1472 1315 1268 1127 1029 859 769 674 595 530 522 513 593 644 780 881 961 1162 1250 1294 1493 1485 1501 1534 1410 
857 985 1100 1246 1420 1452 1554 1548 1412 1448 1396 1225 1074 979 904 727 634 570 519 489 521 579 629 750 898 955 1175 1195 1385 1485 1520 1508 1458 1400 
887 955 1136 1249 1327 1438 1523 1558 1506 1477 1294 1236 1174 964 827 757 668 584 541 483 518 591 650 786 909 1002 1107 1229 1410 1395 1433 1555 1470 1494 
909 1019 1084 1218 1320 1490 1492 1486 1411 1404 1412 1264 1101 1009 864 783 621 571 512 494 531 581 652 772 865 1045 1179 1230 1384 1396 1538 1493 1541 1479 
863 1010 1098 1203 1394 1364 1533 1554 1440 1467 1342 1212 1086 1046 911 771 616 550 503 519 542 552 670 741 883 967 1173 1259 1319 1476 1494 1430 1481 1450 
861 965 1115 1239 1416 1436 1431 1573 1533 1381 1349 1308 1181 975 891 718 653 541 542 477 529 586 617 740 867 965 1124 1188 1377 1375 1524 1523 1477 1457 
913 971 1107 1227 1341 1387 1530 1463 1519 1491 1286 1195 1084 952 878 782 623 553 527 484 513 590 629 738 837 1043 1108 1233 1419 1419 1421 1490 1421 1485 
