10 2 20
8 50
1700 77 85 96 112 130 149 169 187 203 214 
100000 5170 5669 6464 7499 8705 9999 11294 12499 13535 14330 
1482 1433 1353 1250 1129 1000 870 750 
804 836 
971 723 
360 562 
1030 463 
536 702 
510 698 
870 643 
396 747 
644 419 
318 530 
1007 478 
431 306 
738 517 
1032 238 
334 856 
462 364 
863 640 
801 523 
626 396 
932 812 
867 530 
444 761 
345 570 
953 537 
831 249 
366 305 
1033 445 
801 387 
1017 312 
875 387 
814 851 
820 602 
561 378 
453 488 
596 309 
618 891 
324 578 
531 752 
480 401 
885 415 
617 711 
470 906 
341 838 
842 412 
756 724 
581 463 
693 580 
641 608 
467 420 
799 872 
