20 3 20
11 100
850 112 130 149 169 187 203 214 222 225 222 214 203 187 169 150 130 112 96 85 77 
850 149 174 199 225 249 270 286 296 300 296 286 270 250 225 200 174 150 129 113 103 
100000 7499 8705 9999 11294 12499 13535 14330 14829 15000 14829 14330 13535 12500 11294 10000 8705 7500 6464 5669 5170 
1250 1129 1000 870 750 646 566 517 500 517 566 
437 653 1075 1137 850 1510 1513 881 1026 
661 398 455 730 1111 1434 1390 1490 2316 
1018 610 878 848 1549 1398 1904 734 1506 
942 1080 580 1557 1263 1665 1353 1524 1004 
781 713 1016 809 1052 832 579 1499 1896 
979 771 472 1475 833 881 1528 1012 829 
801 1118 882 1154 695 951 1601 2040 1994 
1008 490 809 898 880 799 782 2201 1987 
704 1033 562 808 1239 1590 1795 1321 2033 
892 521 951 771 1385 575 1014 1632 2237 
557 883 365 1180 992 659 2025 1997 947 
933 859 597 1330 1110 1168 1552 1328 2207 
550 1166 1254 1269 807 1034 1118 1950 1982 
615 616 369 488 1770 1846 1141 1217 805 
283 362 851 1137 1521 1978 1209 694 2109 
276 377 671 972 1441 1090 1458 1910 2077 
617 324 1343 1502 1125 1568 1457 2239 629 
346 708 351 1433 1277 1085 1351 1834 770 
290 1065 1136 1396 952 1342 1746 2096 666 
565 862 665 1525 730 1754 1026 1219 1774 
264 795 468 1121 1554 538 1776 885 1175 
501 878 1009 1244 1704 1664 1753 1537 1567 
1027 1077 1265 1245 1564 1372 1810 1939 1045 
936 326 1378 1520 1625 1365 2046 2126 2328 
280 963 861 1158 918 902 1237 1096 1746 
317 1008 397 944 578 1773 1004 883 1415 
628 356 655 995 586 1200 2013 998 2196 
603 472 1011 751 1458 1184 1539 1072 901 
415 619 1243 1525 505 1827 1897 953 1977 
403 788 1156 1061 723 1451 1687 1109 1859 
504 487 921 1100 1160 1125 1443 1113 807 
375 400 736 1322 1427 1864 1025 1439 1577 
701 321 1024 1397 1262 1078 771 2073 791 
493 1102 840 1243 1246 827 2023 1017 2090 
269 1102 441 935 1384 556 907 685 1498 
475 474 1042 899 1485 727 1368 2162 1542 
797 385 540 1262 727 1248 1861 1283 690 
344 824 1383 1066 734 1332 657 2183 1229 
855 1053 606 513 530 1930 1355 2065 783 
858 1121 1083 797 555 1354 1455 1735 667 
557 1074 1322 1215 1361 678 1611 1342 912 
428 568 611 1547 746 1405 1479 2028 955 
984 1143 1388 595 1211 1080 869 1109 1488 
495 697 1267 511 676 1152 1843 1869 1507 
706 558 520 1454 571 1623 1131 1992 1888 
288 1111 1265 1491 1102 1445 1382 1538 1746 
435 1196 960 857 513 735 946 2263 1267 
265 615 435 1296 790 1272 766 1065 1439 
613 317 1224 730 1195 1520 1907 2212 1559 
534 835 431 1360 814 545 1498 2038 1137 
670 895 1027 1180 1734 622 1103 1965 1221 
505 1152 386 1214 483 1524 1505 1918 910 
595 1057 421 1135 549 1408 958 742 653 
885 620 1130 404 1563 1252 2075 604 1490 
784 741 1243 910 1780 863 630 899 1422 
957 641 745 663 733 682 650 1784 1052 
289 613 355 572 860 1851 647 1690 1063 
262 720 581 939 467 1885 2058 1494 1880 
264 874 1116 1182 778 620 1155 1659 852 
357 356 1128 794 1651 815 617 933 2159 
539 316 853 474 555 924 2014 1969 1939 
633 751 1083 705 1585 1669 894 1617 1159 
308 414 1112 1530 1162 1697 1242 764 2365 
323 806 878 632 540 1539 1322 1272 1211 
337 680 629 538 1091 609 1680 1756 778 
448 851 1166 409 1711 1198 871 1793 1039 
481 454 471 684 761 553 1026 2086 1054 
685 740 817 518 1080 827 1409 2243 1719 
914 1000 638 839 984 1652 1825 977 2358 
311 700 411 1362 1592 1004 1020 1835 672 
272 768 1220 1190 1366 918 1624 2170 1116 
1004 772 425 877 1751 1771 1256 1359 2038 
762 816 939 1077 904 745 1302 654 1866 
522 787 670 1128 853 1735 2014 1968 1805 
784 562 1245 1323 713 1977 1092 2014 2200 
864 449 1126 1520 1391 1431 819 849 2117 
667 736 842 524 962 1578 1744 1339 1990 
723 816 516 498 626 1211 1712 1291 1775 
621 544 554 1564 1550 1818 878 954 2141 
469 545 779 1317 846 1673 784 2059 1956 
981 560 1123 442 498 1107 1622 2017 1880 
667 513 1176 897 654 884 790 2040 2295 
577 415 451 691 1667 1104 1823 1427 1547 
368 327 467 1018 671 1616 1697 1124 1480 
910 307 1357 516 490 1616 723 1994 1730 
729 450 929 736 1301 1950 1348 1747 637 
348 781 947 1555 1269 1663 2036 886 1961 
269 657 1378 666 928 1110 1429 1963 1798 
653 1194 566 684 1263 889 993 2291 1787 
378 935 398 1029 1303 643 1696 998 1832 
307 887 1205 1599 1042 1458 1664 1362 878 
415 890 351 1596 1699 1847 1890 1621 1539 
664 458 488 1114 1042 586 1883 2183 2202 
1001 1086 941 1180 1705 1969 1072 1978 693 
876 1151 1024 1382 1559 1631 914 923 2024 
848 429 511 836 873 1034 978 1863 685 
417 476 865 895 1568 1638 2096 1148 2094 
430 649 816 1258 1381 1400 1254 1440 770 
913 1023 857 1381 1766 1585 1217 941 1463 
468 987 654 1130 1357 1740 1800 2030 2054 
