5 6 20
4 50
340 96 85 77 75 77 
340 129 113 103 100 103 
340 161 141 129 125 129 
340 193 170 155 150 155 
340 226 198 180 175 180 
100000 6464 5669 5170 5000 5170 
1353 1433 1482 1499 
1421 
1450 
1431 
1550 
1471 
1494 
1476 
1438 
1416 
1422 
1425 
1451 
1481 
1543 
1490 
1482 
1534 
1457 
1473 
1483 
1473 
1547 
1548 
1501 
1457 
1535 
1444 
1425 
1555 
1499 
1469 
1464 
1537 
1461 
1414 
1542 
1556 
1535 
1511 
1548 
1474 
1421 
1483 
1475 
1518 
1515 
1412 
1480 
1423 
1477 
