50 6 20
16 10
340 150 130 112 96 85 77 75 77 85 96 112 130 149 169 187 203 214 222 225 222 214 203 187 169 150 130 112 96 85 77 75 77 85 96 112 130 149 169 187 203 214 222 225 222 214 203 187 169 150 130 
340 200 174 150 129 113 103 100 103 113 129 149 174 199 225 249 270 286 296 300 296 286 270 250 225 200 174 150 129 113 103 100 103 113 129 149 174 199 225 249 270 286 296 300 296 286 270 250 225 200 174 
340 250 217 187 161 141 129 125 129 141 161 187 217 249 282 312 338 358 370 375 370 358 338 312 282 250 217 187 161 141 129 125 129 141 161 187 217 249 282 312 338 358 370 375 370 358 338 312 282 250 217 
340 300 261 225 193 170 155 150 155 170 193 224 261 299 338 374 406 429 444 450 444 429 406 375 338 300 261 225 193 170 155 150 155 170 193 224 261 299 338 374 406 429 444 450 444 429 406 375 338 300 261 
340 350 304 262 226 198 180 175 180 198 226 262 304 349 395 437 473 501 519 525 519 501 473 437 395 350 304 262 226 198 180 175 180 198 226 262 304 349 395 437 473 501 519 525 519 501 473 437 395 350 304 
100000 10000 8705 7500 6464 5669 5170 5000 5170 5669 6464 7499 8705 9999 11294 12499 13535 14330 14829 15000 14829 14330 13535 12500 11294 10000 8705 7500 6464 5669 5170 5000 5170 5669 6464 7499 8705 9999 11294 12499 13535 14330 14829 15000 14829 14330 13535 12500 11294 10000 8705 
1000 1129 1249 1353 1433 1482 1499 1482 1433 1353 1250 1129 1000 870 750 646 
591 524 507 491 575 647 750 837 1029 1097 1211 1311 1503 1543 1507 1545 1368 1289 1215 1083 1043 845 722 620 568 542 508 499 569 669 712 854 1015 1154 
542 508 491 510 568 659 729 829 992 1132 1283 1376 1464 1531 1531 1420 1423 1414 1223 1106 1015 865 777 652 542 510 501 514 554 625 765 897 1005 1096 
542 541 497 493 591 641 762 872 993 1088 1267 1407 1446 1456 1501 1534 1443 1341 1269 1155 978 845 753 675 575 540 477 532 572 623 719 864 970 1084 
578 526 524 537 549 624 771 888 1036 1100 1201 1320 1465 1514 1542 1455 1444 1335 1223 1083 963 872 774 629 563 524 506 515 554 615 741 872 1024 1175 
558 513 516 525 591 662 714 887 1003 1166 1308 1376 1398 1519 1568 1481 1396 1412 1248 1171 986 842 759 671 539 541 487 504 574 675 725 888 1026 1122 
539 514 492 522 587 665 785 868 1018 1082 1271 1341 1423 1549 1475 1543 1482 1293 1303 1138 1038 868 772 633 583 520 489 495 577 664 776 900 1030 1090 
587 520 485 533 558 620 782 873 956 1184 1277 1329 1446 1504 1429 1456 1431 1319 1262 1185 1031 879 730 656 542 521 476 521 542 614 773 884 1011 1177 
593 530 500 493 560 666 771 837 1014 1174 1301 1321 1429 1430 1481 1546 1395 1396 1288 1127 1004 863 786 617 543 504 511 531 553 616 721 908 968 1105 
540 500 488 538 570 640 722 886 950 1110 1213 1315 1399 1463 1478 1555 1407 1286 1221 1184 994 837 772 655 593 515 524 521 550 665 782 901 995 1161 
562 495 497 514 548 639 746 905 1032 1123 1209 1319 1449 1452 1541 1511 1438 1380 1208 1110 974 858 770 669 559 534 479 526 563 652 717 882 978 1160 
