50 3 20
36 100
850 130 112 96 85 77 75 77 85 96 112 130 149 169 187 203 214 222 225 222 214 203 187 169 150 130 112 96 85 77 75 77 85 96 112 130 149 169 187 203 214 222 225 222 214 203 187 169 150 130 112 
850 174 150 129 113 103 100 103 113 129 149 174 199 225 249 270 286 296 300 296 286 270 250 225 200 174 150 129 113 103 100 103 113 129 149 174 199 225 249 270 286 296 300 296 286 270 250 225 200 174 150 
100000 8705 7500 6464 5669 5170 5000 5170 5669 6464 7499 8705 9999 11294 12499 13535 14330 14829 15000 14829 14330 13535 12500 11294 10000 8705 7500 6464 5669 5170 5000 5170 5669 6464 7499 8705 9999 11294 12499 13535 14330 14829 15000 14829 14330 13535 12500 11294 10000 8705 7500 
1129 1249 1353 1433 1482 1499 1482 1433 1353 1250 1129 1000 870 750 646 566 517 500 517 566 646 749 870 999 1129 1249 1353 1433 1482 1499 1482 1433 1353 1250 1129 1000 
673 739 494 473 539 719 304 542 597 313 1123 1365 1160 867 
517 757 746 855 311 347 503 362 949 680 1364 961 845 770 
453 365 1001 501 671 315 397 556 510 654 1193 434 1096 1714 
667 528 874 517 237 367 717 523 661 319 578 536 1315 1918 
781 499 617 461 587 424 802 505 635 609 1337 1328 972 1691 
1170 1005 593 483 804 311 411 694 325 709 585 445 1061 1258 
856 766 825 887 649 386 777 766 924 952 420 797 1497 1908 
1371 938 277 832 440 577 432 431 813 616 997 767 689 626 
817 883 997 549 638 744 480 529 865 964 759 492 1718 1371 
1046 988 705 784 597 419 686 801 900 798 392 409 487 649 
739 1120 402 435 715 219 509 430 633 407 351 886 801 1033 
440 604 381 731 276 438 571 682 718 670 742 603 945 1467 
1354 993 906 479 527 484 799 469 558 1015 1374 1532 1410 1000 
999 1186 638 808 625 389 248 463 819 308 570 425 494 661 
1186 945 394 282 416 621 544 704 407 577 654 1073 1691 1084 
1220 1170 601 278 503 446 548 752 483 608 780 1462 1527 1212 
951 520 706 436 350 611 467 320 332 987 380 662 1489 606 
1366 608 949 300 771 512 815 374 807 300 588 989 1188 1015 
528 467 711 746 533 534 411 542 313 852 585 615 1651 1635 
1010 880 894 746 668 330 527 289 681 616 1222 1560 1029 757 
385 509 656 796 538 453 407 865 742 317 1245 1140 1724 1080 
1070 901 317 449 310 378 304 726 503 1013 1097 785 1185 1696 
1121 1094 812 518 328 240 667 865 967 399 567 583 654 1301 
559 663 784 386 751 294 674 883 964 376 1180 1203 955 1658 
486 859 391 767 605 719 592 481 766 1114 606 821 1720 670 
777 893 341 805 744 232 422 721 896 566 1105 406 1278 1267 
1368 843 695 875 282 598 315 816 810 443 521 1244 560 1253 
881 640 609 659 244 679 338 608 899 652 583 1336 1163 1738 
882 860 636 686 304 747 523 379 853 1166 1147 564 903 1026 
697 484 920 539 506 748 534 379 463 310 1295 517 1165 1752 
1191 889 1003 622 429 704 346 408 268 585 1184 1086 1620 1808 
992 587 349 479 257 656 254 374 714 699 818 1327 579 1739 
708 968 941 496 709 772 247 563 435 772 1372 1084 1047 1823 
1385 365 976 631 752 633 756 565 518 614 947 477 1417 579 
1103 766 718 817 457 570 373 688 388 860 1133 1104 1533 1072 
741 718 686 236 586 739 326 346 389 522 1061 815 1788 556 
1268 418 426 509 250 222 684 809 785 920 914 1458 496 1932 
1283 1177 622 883 520 454 629 543 378 582 991 1003 1221 1085 
1154 1093 954 901 366 435 780 770 594 532 980 1122 1105 1650 
367 1020 862 623 419 722 430 682 979 761 746 799 563 1519 
1255 577 749 391 599 445 764 545 788 899 488 483 1770 1166 
396 311 914 571 509 691 823 556 965 820 667 1286 1371 1085 
787 348 901 530 419 300 444 556 1009 821 1173 1381 1605 1419 
984 913 313 368 213 251 529 501 418 1125 858 1580 969 1242 
1249 527 452 439 695 447 700 338 372 751 673 874 1390 1079 
704 738 396 729 568 612 407 569 555 1126 1366 1362 1667 1505 
652 971 653 304 396 284 587 311 794 780 714 963 602 1359 
742 1060 993 340 384 208 701 495 845 957 920 1158 476 1540 
763 1096 845 394 609 667 214 240 743 457 561 723 1208 1834 
1219 388 865 559 212 379 260 637 518 328 932 1326 860 572 
1163 509 832 700 639 610 484 502 279 694 959 1471 1177 1951 
1315 1003 284 427 549 727 472 362 338 1034 1064 1266 666 898 
386 1117 923 548 378 375 416 429 644 362 452 1005 598 1128 
1271 755 619 893 302 373 815 842 865 959 382 1001 487 569 
911 1099 570 591 529 610 536 519 652 428 947 1562 647 1637 
677 741 877 745 540 635 557 575 826 312 852 669 1493 1511 
661 328 734 388 614 690 626 742 270 1040 1290 1528 679 1183 
532 544 801 439 307 744 341 808 368 761 1081 1255 1764 1659 
1227 387 821 780 611 363 310 381 471 809 936 1525 793 1841 
361 852 388 395 730 716 794 318 397 1103 1085 905 805 1883 
832 813 759 891 564 628 724 467 438 795 830 941 1586 1300 
987 459 783 437 442 596 601 827 448 738 751 967 955 761 
1208 783 592 296 302 751 213 653 590 844 605 1108 1667 551 
1116 1141 271 541 418 602 487 447 1023 1090 1311 475 467 1991 
594 676 426 279 423 569 301 427 877 693 1165 789 929 1473 
434 1122 436 729 640 379 640 528 442 936 831 445 834 1495 
967 1054 840 443 477 744 614 580 474 675 1287 1401 638 1467 
501 531 667 271 473 685 531 579 670 983 1384 1486 1476 1505 
672 653 405 228 475 560 227 561 756 946 458 415 1572 568 
462 436 752 844 677 326 422 512 527 1068 1182 493 1644 686 
576 861 509 250 403 306 267 552 606 377 769 1166 764 1211 
813 895 592 871 326 661 500 521 833 808 794 1143 1616 1580 
1170 1163 925 767 780 631 411 480 663 318 1253 719 1620 1061 
734 1180 488 663 221 299 666 848 668 574 920 730 1382 936 
973 1123 1005 344 793 531 241 748 933 886 495 815 1377 1096 
1204 421 348 832 462 692 611 587 773 1034 1006 493 1074 1203 
847 596 769 876 773 742 590 274 602 379 893 1156 502 844 
436 942 474 653 674 468 747 498 1018 816 1214 753 1332 1252 
545 1127 494 271 579 401 321 715 756 771 1144 839 689 1465 
1163 812 745 636 493 395 520 818 983 445 357 415 1111 1606 
431 1139 832 703 657 355 420 901 1012 1091 626 799 822 587 
654 396 839 320 716 416 242 406 678 415 636 558 580 1740 
1001 467 507 841 437 371 306 558 856 538 1218 690 944 1078 
732 432 658 317 257 460 513 453 340 636 1356 463 1209 739 
583 536 596 626 230 631 724 745 565 335 978 1037 544 1166 
1386 1110 468 313 472 261 389 717 1007 822 828 1407 1212 1362 
565 434 818 602 644 773 596 351 865 976 716 509 1205 1583 
591 382 713 670 215 288 768 375 917 960 1139 560 1471 1811 
776 394 712 581 739 247 332 589 869 972 1195 1532 1284 1658 
521 990 1018 708 628 215 521 283 300 528 552 1141 1141 752 
625 327 428 728 722 455 233 475 424 939 501 905 806 527 
968 1016 652 640 538 654 523 370 293 1002 594 736 779 1384 
1175 415 837 314 456 447 274 691 976 1146 631 1425 1513 885 
1042 868 751 902 239 355 611 523 792 413 1093 753 1669 1099 
757 414 780 644 245 437 439 862 1011 863 493 789 1289 1446 
422 593 490 413 726 602 291 729 827 699 829 1324 1570 540 
1255 1075 472 580 714 711 463 826 331 1120 1051 988 1793 1039 
1380 625 684 446 651 628 648 677 813 426 1092 602 1331 590 
936 726 345 710 813 595 632 479 702 325 866 447 1388 511 
756 573 800 666 398 554 255 693 992 792 546 1199 881 1604 
