50 3 20
26 5
850 130 112 96 85 77 75 77 85 96 112 130 149 169 187 203 214 222 225 222 214 203 187 169 150 130 112 96 85 77 75 77 85 96 112 130 149 169 187 203 214 222 225 222 214 203 187 169 150 130 112 
850 174 150 129 113 103 100 103 113 129 149 174 199 225 249 270 286 296 300 296 286 270 250 225 200 174 150 129 113 103 100 103 113 129 149 174 199 225 249 270 286 296 300 296 286 270 250 225 200 174 150 
100000 8705 7500 6464 5669 5170 5000 5170 5669 6464 7499 8705 9999 11294 12499 13535 14330 14829 15000 14829 14330 13535 12500 11294 10000 8705 7500 6464 5669 5170 5000 5170 5669 6464 7499 8705 9999 11294 12499 13535 14330 14829 15000 14829 14330 13535 12500 11294 10000 8705 7500 
1129 1249 1353 1433 1482 1499 1482 1433 1353 1250 1129 1000 870 750 646 566 517 500 517 566 646 749 870 999 1129 1249 
1235 1492 1557 1270 1741 1264 1568 1402 981 875 726 643 632 552 486 552 438 597 715 746 1025 897 1040 1446 
1297 1641 1546 1317 1622 1386 1241 1436 955 879 952 780 675 488 416 558 516 561 545 728 902 1145 1303 1216 
1116 1453 1207 1352 1486 1349 1355 1466 1195 844 885 701 646 543 612 559 485 466 685 855 828 1062 925 1160 
1247 1707 1490 1473 1684 1712 1266 1169 1064 890 838 682 664 485 437 480 538 515 685 667 782 1121 1004 1146 
1523 1399 1389 1646 1405 1171 1481 1467 1229 820 1044 861 518 477 529 533 452 656 538 815 831 1045 1295 1441 
