20 3 20
7 5
850 112 130 149 169 187 203 214 222 225 222 214 203 187 169 150 130 112 96 85 77 
850 149 174 199 225 249 270 286 296 300 296 286 270 250 225 200 174 150 129 113 103 
100000 7499 8705 9999 11294 12499 13535 14330 14829 15000 14829 14330 13535 12500 11294 10000 8705 7500 6464 5669 5170 
1250 1129 1000 870 750 646 566 
475 448 456 492 661 755 994 1181 1151 1455 1310 1445 1517 
459 599 532 457 538 746 899 997 1038 1193 1505 1509 1459 
593 458 534 453 644 727 715 971 1057 1270 1381 1699 1203 
515 585 472 526 547 843 906 1103 1224 1010 1522 1224 1189 
528 576 445 580 581 677 732 831 1219 1237 1588 1505 1510 
