50 6 20
26 50
340 75 77 85 96 112 130 149 169 187 203 214 222 225 222 214 203 187 169 150 130 112 96 85 77 75 77 85 96 112 130 149 169 187 203 214 222 225 222 214 203 187 169 150 130 112 96 85 77 75 77 
340 100 103 113 129 149 174 199 225 249 270 286 296 300 296 286 270 250 225 200 174 150 129 113 103 100 103 113 129 149 174 199 225 249 270 286 296 300 296 286 270 250 225 200 174 150 129 113 103 100 103 
340 125 129 141 161 187 217 249 282 312 338 358 370 375 370 358 338 312 282 250 217 187 161 141 129 125 129 141 161 187 217 249 282 312 338 358 370 375 370 358 338 312 282 250 217 187 161 141 129 125 129 
340 150 155 170 193 224 261 299 338 374 406 429 444 450 444 429 406 375 338 300 261 225 193 170 155 150 155 170 193 224 261 299 338 374 406 429 444 450 444 429 406 375 338 300 261 225 193 170 155 150 155 
340 175 180 198 226 262 304 349 395 437 473 501 519 525 519 501 473 437 395 350 304 262 226 198 180 175 180 198 226 262 304 349 395 437 473 501 519 525 519 501 473 437 395 350 304 262 226 198 180 175 180 
100000 5000 5170 5669 6464 7499 8705 9999 11294 12499 13535 14330 14829 15000 14829 14330 13535 12500 11294 10000 8705 7500 6464 5669 5170 5000 5170 5669 6464 7499 8705 9999 11294 12499 13535 14330 14829 15000 14829 14330 13535 12500 11294 10000 8705 7500 6464 5669 5170 5000 5170 
1499 1482 1433 1353 1250 1129 1000 870 750 646 566 517 500 517 566 646 749 870 999 1129 1249 1353 1433 1482 1499 1482 
1370 1356 1202 1110 988 868 783 646 586 517 518 534 591 634 777 886 1007 1086 1275 1421 1410 1414 1442 1537 
1466 1290 1225 1164 982 855 726 669 542 515 498 508 555 619 777 905 1037 1123 1262 1309 1492 1552 1494 1431 
1453 1383 1261 1177 1031 908 736 676 542 534 477 508 590 651 769 838 999 1161 1302 1358 1499 1455 1488 1543 
1450 1391 1247 1073 1000 876 780 615 580 529 512 514 552 658 776 865 968 1156 1207 1368 1464 1531 1480 1425 
1406 1320 1282 1169 993 885 776 648 578 511 507 527 556 617 723 841 1037 1171 1297 1313 1432 1467 1445 1526 
1396 1286 1273 1100 1013 838 760 660 573 514 481 523 561 670 767 896 1035 1170 1196 1300 1437 1491 1497 1480 
1385 1353 1255 1104 956 861 781 648 567 520 500 508 548 662 750 894 1003 1140 1188 1380 1382 1538 1425 1511 
1488 1354 1256 1136 1045 868 753 667 586 529 481 503 538 629 734 837 983 1086 1235 1342 1417 1433 1472 1430 
1410 1380 1211 1113 1001 898 781 623 578 510 512 534 593 638 735 912 969 1121 1299 1298 1500 1511 1530 1554 
1387 1291 1293 1131 950 834 764 653 561 513 492 510 593 619 718 834 978 1093 1207 1314 1441 1421 1440 1521 
1451 1304 1300 1114 972 892 782 648 572 513 492 498 554 640 759 910 964 1099 1188 1415 1439 1452 1494 1466 
1468 1343 1203 1116 979 881 756 672 574 497 479 492 573 653 720 837 972 1088 1205 1317 1373 1451 1495 1542 
1376 1316 1248 1167 1040 848 739 673 554 505 516 520 558 630 770 839 1028 1116 1216 1351 1443 1515 1527 1424 
1473 1380 1228 1098 1038 833 779 624 591 504 524 500 555 677 742 870 964 1148 1226 1341 1429 1469 1427 1431 
1471 1372 1304 1148 964 888 749 665 545 510 518 492 580 636 782 862 983 1174 1258 1368 1435 1518 1512 1544 
1465 1314 1240 1079 953 896 713 653 559 507 508 539 592 642 764 865 963 1091 1257 1419 1404 1541 1568 1450 
1382 1346 1198 1100 952 828 730 674 567 503 520 496 593 635 772 837 993 1135 1276 1305 1393 1556 1542 1455 
1485 1389 1190 1179 1031 890 762 639 554 538 488 525 585 646 714 850 952 1166 1224 1369 1480 1423 1538 1453 
1495 1316 1217 1140 1026 886 757 653 561 522 513 501 545 620 722 856 1023 1073 1274 1409 1437 1421 1572 1503 
1497 1387 1189 1087 1025 867 759 659 591 539 486 495 595 615 738 873 1046 1164 1198 1359 1454 1471 1535 1505 
1449 1312 1283 1129 985 907 747 659 540 518 490 525 564 677 747 902 1006 1180 1250 1398 1493 1519 1507 1439 
1481 1320 1209 1094 993 860 730 669 545 523 511 512 543 636 724 835 960 1112 1219 1377 1402 1473 1531 1453 
1371 1330 1282 1138 962 898 718 664 562 517 476 536 543 671 766 865 1003 1095 1277 1299 1379 1546 1445 1470 
1377 1309 1287 1087 964 897 720 643 583 532 500 517 584 641 724 853 968 1172 1253 1388 1481 1410 1516 1535 
1395 1353 1267 1128 996 866 771 629 543 525 511 512 569 635 768 896 966 1166 1202 1321 1471 1548 1479 1538 
1463 1337 1231 1128 997 835 764 648 579 535 490 540 577 674 774 837 966 1091 1269 1345 1445 1473 1440 1516 
1462 1366 1286 1183 986 913 756 646 577 529 477 501 562 658 717 901 1003 1108 1227 1337 1498 1494 1478 1490 
1438 1394 1192 1133 1047 893 783 653 540 542 504 503 570 640 719 842 1035 1120 1190 1346 1454 1488 1458 1438 
1411 1371 1210 1080 955 899 772 615 569 510 485 518 539 626 743 896 1034 1146 1238 1302 1498 1443 1494 1536 
1375 1365 1248 1108 1026 882 783 671 591 505 485 533 557 638 780 911 1006 1121 1226 1380 1443 1530 1574 1500 
1499 1407 1310 1088 1018 892 760 646 558 498 501 506 592 625 742 845 962 1123 1254 1410 1470 1417 1544 1532 
1378 1311 1229 1164 963 909 750 636 554 532 519 506 567 643 781 912 1016 1149 1195 1341 1501 1495 1435 1476 
1486 1295 1212 1081 1038 827 782 677 583 524 481 496 582 621 720 846 1028 1084 1259 1294 1471 1413 1563 1436 
1387 1358 1294 1083 971 869 772 669 550 530 476 516 586 647 720 893 977 1127 1235 1317 1386 1415 1472 1481 
1442 1330 1224 1114 991 863 758 675 546 530 500 506 574 663 769 879 979 1173 1278 1401 1414 1428 1492 1484 
1410 1300 1264 1117 1007 889 786 635 584 526 483 523 594 663 735 833 1035 1086 1247 1338 1476 1476 1498 1538 
1407 1355 1291 1105 1031 880 747 647 588 524 485 502 586 635 735 904 1026 1082 1207 1381 1446 1473 1525 1459 
1470 1300 1195 1102 1035 903 775 667 573 513 511 512 543 673 786 830 1034 1178 1234 1391 1422 1447 1547 1455 
1479 1312 1195 1180 1047 827 764 645 559 538 494 503 569 649 716 876 1011 1088 1264 1325 1463 1447 1450 1454 
1405 1359 1209 1148 986 839 743 659 563 511 501 500 563 632 767 847 978 1124 1243 1301 1389 1435 1522 1433 
1476 1404 1261 1127 1030 830 753 647 562 530 500 538 555 667 735 835 966 1155 1193 1373 1490 1449 1495 1448 
1392 1338 1195 1092 1026 890 754 658 583 521 502 542 542 670 784 900 993 1136 1204 1291 1426 1461 1438 1490 
1454 1290 1306 1087 1035 847 782 629 592 495 520 499 582 638 712 838 977 1178 1219 1328 1477 1503 1520 1470 
1460 1380 1266 1073 1015 828 762 618 574 534 496 534 561 654 750 892 990 1138 1248 1323 1410 1481 1513 1484 
1366 1326 1225 1116 1041 859 720 635 574 521 497 504 556 633 734 879 1045 1113 1246 1346 1397 1423 1563 1468 
1436 1382 1207 1096 967 887 729 663 593 532 481 524 588 638 733 886 1027 1118 1293 1382 1427 1547 1513 1424 
1439 1364 1309 1086 1016 876 729 663 562 542 481 495 572 665 728 897 952 1098 1192 1415 1472 1432 1481 1480 
1470 1286 1308 1156 1018 900 748 645 562 500 506 516 568 623 774 856 974 1144 1244 1359 1430 1535 1448 1491 
1404 1305 1206 1152 978 865 786 663 555 542 513 501 549 625 733 881 1020 1134 1187 1371 1406 1434 1497 1502 
1399 1368 1187 1147 985 838 714 669 592 532 497 527 577 623 714 871 971 1150 1194 1343 1471 1456 1514 1462 
