50 2 20
36 10
1700 130 112 96 85 77 75 77 85 96 112 130 149 169 187 203 214 222 225 222 214 203 187 169 150 130 112 96 85 77 75 77 85 96 112 130 149 169 187 203 214 222 225 222 214 203 187 169 150 130 112 
100000 8705 7500 6464 5669 5170 5000 5170 5669 6464 7499 8705 9999 11294 12499 13535 14330 14829 15000 14829 14330 13535 12500 11294 10000 8705 7500 6464 5669 5170 5000 5170 5669 6464 7499 8705 9999 11294 12499 13535 14330 14829 15000 14829 14330 13535 12500 11294 10000 8705 7500 
1129 1249 1353 1433 1482 1499 1482 1433 1353 1250 1129 1000 870 750 646 566 517 500 517 566 646 749 870 999 1129 1249 1353 1433 1482 1499 1482 1433 1353 1250 1129 1000 
439 1001 591 518 654 237 577 337 966 1169 863 1048 1696 1289 
433 1158 407 228 353 390 762 705 373 483 716 1599 668 1598 
650 300 730 498 319 715 688 638 708 467 925 469 1460 1275 
1256 1033 594 451 549 279 320 609 747 1103 1331 527 1449 1676 
742 516 779 896 655 489 661 595 640 1034 1297 632 1683 1656 
873 1040 567 446 411 374 820 275 280 1054 1344 1223 1297 1712 
922 362 956 819 322 329 642 569 941 507 1134 1508 895 1222 
423 479 605 465 579 652 660 603 345 1196 612 992 491 903 
1048 864 414 815 250 378 376 435 259 316 1108 1135 1181 1492 
523 1008 808 591 818 331 301 772 1007 516 687 667 1711 1326 
