50 2 20
26 50
1700 150 130 112 96 85 77 75 77 85 96 112 130 149 169 187 203 214 222 225 222 214 203 187 169 150 130 112 96 85 77 75 77 85 96 112 130 149 169 187 203 214 222 225 222 214 203 187 169 150 130 
100000 10000 8705 7500 6464 5669 5170 5000 5170 5669 6464 7499 8705 9999 11294 12499 13535 14330 14829 15000 14829 14330 13535 12500 11294 10000 8705 7500 6464 5669 5170 5000 5170 5669 6464 7499 8705 9999 11294 12499 13535 14330 14829 15000 14829 14330 13535 12500 11294 10000 8705 
1000 1129 1249 1353 1433 1482 1499 1482 1433 1353 1250 1129 1000 870 750 646 566 517 500 517 566 646 749 870 999 1129 
506 1588 1454 690 2326 1027 774 1590 689 1076 1244 364 416 737 372 261 462 262 693 864 945 470 604 608 
1820 1429 2114 1670 1115 738 2101 978 634 639 1324 462 452 965 877 456 585 655 882 754 664 630 465 1092 
1519 1920 2183 1473 680 871 1826 883 1845 1488 1507 383 1051 920 599 616 752 397 408 766 553 1137 1149 1266 
575 1618 818 1755 732 702 1472 1901 1078 458 1161 1337 1112 536 589 435 389 208 372 793 874 410 792 1035 
1088 885 1554 1914 2202 1907 2257 1214 1370 904 1396 386 1147 508 483 616 723 425 325 878 353 524 1588 617 
933 1433 1702 1773 909 616 627 2029 870 970 1407 1018 1141 874 890 661 385 366 369 1026 444 716 962 635 
954 798 1300 2250 1726 605 1604 1714 1723 669 1276 624 533 1033 607 314 240 714 789 912 929 1208 1190 680 
736 1232 674 2253 998 1341 1849 833 1524 659 423 808 350 457 876 292 642 245 573 274 360 630 1481 1774 
921 2142 2088 687 2056 1831 865 621 1830 854 1297 872 1167 850 388 471 716 542 280 759 435 634 1291 529 
1608 2081 1712 1801 785 678 821 1867 739 1566 1532 555 511 452 732 468 263 703 391 688 812 960 502 759 
1295 2149 1158 737 690 1269 1853 1983 1025 1781 939 562 499 663 544 769 690 661 599 588 562 654 1245 524 
896 1083 742 883 1613 706 1457 1601 842 1321 560 872 517 931 794 674 765 698 720 866 857 1238 572 693 
819 1499 1991 764 1746 1664 1395 1239 1487 1484 964 1000 1031 522 800 513 401 270 489 942 798 1389 1579 1132 
1601 1328 2192 2047 2107 886 1502 994 724 1451 993 1178 545 973 620 674 454 467 296 606 779 897 981 801 
613 1275 1631 1327 889 2366 1003 1670 1676 1296 566 1317 983 691 306 564 363 818 821 509 789 1355 1136 1735 
1320 724 1150 1247 1099 1845 2204 823 1276 768 1523 875 822 309 766 587 798 361 875 1000 853 447 916 667 
610 1542 2077 1839 851 1329 1069 1602 1775 601 523 695 1153 973 795 322 543 493 263 871 906 735 1432 803 
681 1949 1634 2303 2354 2036 791 1890 1827 961 1597 521 384 972 497 350 202 303 860 654 1009 556 1407 1753 
1994 1549 1036 795 1760 676 1944 1112 1620 1065 1543 579 979 808 872 278 730 507 459 396 1003 457 1400 1482 
1284 1282 2190 1107 1296 1523 1864 1971 1083 1347 973 917 338 412 253 410 386 486 483 439 494 1141 1278 801 
639 1557 1603 1328 2265 1579 1568 602 1645 1389 1416 635 906 916 533 236 315 209 339 545 984 1286 543 922 
635 1799 2128 1860 2328 2200 1271 895 1064 1747 462 1148 828 900 710 566 755 213 878 486 1132 452 1500 835 
1542 1419 1289 755 658 928 1709 1002 814 1541 565 967 1141 296 903 626 465 268 622 530 459 818 884 1293 
584 584 875 1282 1964 898 948 749 539 1300 1486 801 695 320 487 661 580 449 415 280 687 426 1134 497 
1766 780 1705 1481 1402 2224 2156 730 562 1570 1595 1204 423 976 579 727 296 262 839 522 1115 923 515 459 
764 1926 768 1288 748 2063 1385 1201 1967 1348 820 1147 739 795 649 664 569 802 573 314 631 548 491 986 
1874 908 1029 2320 1856 1570 1792 762 1231 1778 442 630 1081 351 824 598 250 624 441 969 970 563 1549 1641 
1028 1279 1256 2094 783 1962 990 1338 1933 1535 948 1083 684 1028 376 749 240 222 242 628 399 1118 673 810 
867 1645 1964 2274 2396 2128 1396 1589 1508 1533 1526 404 597 590 541 543 669 233 585 367 343 1149 1267 1387 
885 1707 1688 658 1452 1364 597 1483 1084 1331 1213 406 636 282 786 746 703 796 229 909 654 1293 728 1375 
1624 1612 775 762 2146 1883 1269 1795 862 790 497 556 1171 979 786 560 373 217 473 783 609 397 1269 584 
1941 1094 670 1583 2348 2202 1106 1780 570 1561 961 980 753 794 598 223 229 383 282 590 1152 1303 797 1735 
1334 1662 2119 1397 1899 988 595 1510 1980 1624 587 1163 380 337 429 427 627 306 505 976 1170 824 1027 558 
1332 2091 583 1319 795 678 1113 769 1478 506 1498 605 898 902 640 424 627 759 876 495 404 495 466 1468 
1441 1829 1207 1532 1641 1982 1954 986 1209 1614 1362 392 742 1001 661 393 727 772 658 369 908 469 1030 540 
1664 951 1772 847 1976 1720 1431 2092 1273 848 836 458 311 564 872 625 419 247 236 610 734 599 718 851 
1074 1538 2072 1381 1680 1117 2078 804 1490 794 669 896 382 382 659 639 766 644 232 700 557 1387 1138 539 
1452 727 1909 2339 2054 1412 1001 1694 729 1709 445 1044 863 682 811 691 614 619 885 957 746 630 1078 1026 
990 1428 1448 682 1969 1036 1525 2073 1295 467 1386 541 786 376 728 735 214 270 318 687 559 373 1330 1516 
554 1724 2220 2264 1901 1451 1405 1027 1877 1532 1199 1282 426 873 639 535 285 350 548 912 386 1204 1565 1459 
1509 1931 1884 698 1430 2100 595 1762 1566 660 1374 899 1073 478 689 334 690 771 821 778 727 588 1254 1485 
1110 1710 1685 2286 1021 2250 1068 749 1431 957 533 727 630 339 264 813 543 281 734 858 603 483 1044 1464 
1952 1853 781 882 880 829 2121 1026 654 1655 1426 1108 352 979 305 497 340 398 883 924 812 1238 979 1103 
981 986 1551 593 2277 1385 1485 937 735 1640 1586 742 1127 293 428 525 711 590 366 726 313 581 1575 1731 
1578 1823 1781 878 2356 801 2233 2158 1253 1443 1218 1133 985 742 383 663 208 813 670 675 1060 844 543 1134 
686 966 1250 1010 2211 930 1424 1279 694 1000 756 453 1054 952 409 811 502 254 282 872 559 375 761 1781 
522 1249 2089 743 1240 2200 1743 670 839 1313 1256 860 1050 394 480 589 417 341 440 826 977 502 702 1255 
1335 1133 1187 770 1176 2346 1433 1284 1215 516 448 1058 498 861 489 687 388 225 262 617 577 864 901 1493 
734 1769 2146 1170 1785 2034 2065 1744 1609 608 1230 1264 305 878 688 430 537 254 283 416 795 885 1283 1589 
1075 864 2103 1414 854 1361 1480 2109 644 480 1421 730 1054 864 337 223 782 406 813 678 1056 1117 1337 1273 
