50 6 20
36 10
340 85 96 112 130 149 169 187 203 214 222 225 222 214 203 187 169 150 130 112 96 85 77 75 77 85 96 112 130 149 169 187 203 214 222 225 222 214 203 187 169 150 130 112 96 85 77 75 77 85 96 
340 113 129 149 174 199 225 249 270 286 296 300 296 286 270 250 225 200 174 150 129 113 103 100 103 113 129 149 174 199 225 249 270 286 296 300 296 286 270 250 225 200 174 150 129 113 103 100 103 113 129 
340 141 161 187 217 249 282 312 338 358 370 375 370 358 338 312 282 250 217 187 161 141 129 125 129 141 161 187 217 249 282 312 338 358 370 375 370 358 338 312 282 250 217 187 161 141 129 125 129 141 161 
340 170 193 224 261 299 338 374 406 429 444 450 444 429 406 375 338 300 261 225 193 170 155 150 155 170 193 224 261 299 338 374 406 429 444 450 444 429 406 375 338 300 261 225 193 170 155 150 155 170 193 
340 198 226 262 304 349 395 437 473 501 519 525 519 501 473 437 395 350 304 262 226 198 180 175 180 198 226 262 304 349 395 437 473 501 519 525 519 501 473 437 395 350 304 262 226 198 180 175 180 198 226 
100000 5669 6464 7499 8705 9999 11294 12499 13535 14330 14829 15000 14829 14330 13535 12500 11294 10000 8705 7500 6464 5669 5170 5000 5170 5669 6464 7499 8705 9999 11294 12499 13535 14330 14829 15000 14829 14330 13535 12500 11294 10000 8705 7500 6464 5669 5170 5000 5170 5669 6464 
1433 1353 1250 1129 1000 870 750 646 566 517 500 517 566 646 749 870 999 1129 1249 1353 1433 1482 1499 1482 1433 1353 1250 1129 1000 870 750 646 566 517 500 517 
577 617 756 836 1012 1164 1265 1408 1463 1450 1475 1450 1424 1355 
575 658 725 879 951 1182 1218 1350 1434 1548 1513 1521 1429 1331 
550 628 762 850 976 1132 1229 1386 1480 1503 1476 1458 1396 1399 
572 656 718 871 1042 1151 1267 1389 1469 1486 1570 1553 1458 1372 
559 637 728 862 990 1158 1299 1387 1395 1471 1436 1502 1434 1338 
560 645 742 829 987 1093 1217 1318 1405 1485 1454 1424 1441 1289 
563 640 749 913 986 1154 1250 1336 1391 1490 1573 1515 1454 1330 
582 657 767 873 959 1084 1282 1406 1408 1495 1483 1550 1468 1300 
577 668 753 902 978 1142 1214 1418 1424 1551 1529 1552 1385 1387 
554 669 723 833 1023 1151 1275 1319 1457 1463 1498 1508 1430 1367 
