10 2 20
4 50
1700 130 149 169 187 203 214 222 225 222 214 
100000 8705 9999 11294 12499 13535 14330 14829 15000 14829 14330 
1129 1000 870 750 
608 762 772 232 715 369 
789 719 535 735 393 626 
796 531 557 676 640 712 
609 539 547 271 749 750 
601 437 619 427 481 573 
570 451 577 535 294 375 
503 309 624 687 449 249 
550 807 501 335 379 394 
543 395 463 425 799 770 
308 734 310 368 820 691 
835 789 344 378 338 747 
678 531 756 798 342 843 
438 406 265 471 496 737 
751 309 638 210 219 433 
623 713 742 767 263 266 
785 587 518 511 623 299 
343 713 784 221 455 886 
774 711 623 488 527 873 
816 644 580 366 738 398 
511 795 251 604 578 310 
795 880 536 369 441 466 
413 336 716 539 577 818 
998 578 410 222 234 514 
394 572 518 655 274 680 
835 246 736 291 805 790 
703 316 309 290 707 836 
454 526 345 776 577 440 
489 517 735 477 512 757 
575 685 247 726 396 543 
304 457 805 361 575 249 
696 681 240 750 470 658 
446 854 345 341 287 295 
575 770 365 670 594 886 
577 859 539 597 615 504 
907 473 406 458 733 726 
264 802 522 220 379 579 
340 403 230 502 584 593 
468 408 790 625 311 640 
273 601 395 545 777 676 
947 254 220 451 662 348 
604 249 220 535 613 299 
608 271 553 631 744 487 
990 560 807 345 581 616 
411 336 826 234 432 835 
858 757 306 385 210 873 
339 846 529 569 228 721 
319 505 671 671 738 602 
928 830 816 547 527 838 
664 744 809 378 672 694 
837 335 222 789 423 460 
