10 3 20
8 100
850 130 149 169 187 203 214 222 225 222 214 
850 174 199 225 249 270 286 296 300 296 286 
100000 8705 9999 11294 12499 13535 14330 14829 15000 14829 14330 
1129 1000 870 750 646 566 517 500 
563 475 
530 557 
469 608 
478 459 
617 604 
611 585 
457 506 
543 673 
442 500 
474 597 
618 632 
467 538 
538 493 
461 597 
518 621 
556 616 
430 673 
606 454 
587 649 
556 571 
525 478 
534 666 
436 593 
474 544 
419 624 
583 488 
469 657 
543 569 
489 591 
420 455 
562 476 
556 531 
563 499 
521 676 
584 589 
602 661 
430 571 
525 585 
479 586 
550 529 
523 469 
457 578 
522 516 
534 615 
515 510 
484 572 
525 570 
589 565 
578 484 
424 677 
458 616 
466 484 
539 600 
486 608 
424 507 
453 488 
467 464 
527 529 
613 465 
517 583 
615 653 
524 630 
604 654 
462 617 
496 502 
611 556 
505 598 
459 551 
432 525 
468 514 
413 512 
529 583 
582 606 
543 649 
470 665 
413 457 
570 541 
562 504 
473 611 
440 661 
538 673 
495 602 
502 538 
520 546 
511 559 
462 499 
479 667 
551 604 
567 458 
612 530 
536 506 
598 527 
574 623 
561 484 
522 460 
421 525 
507 457 
464 618 
526 572 
430 456 
