5 2 20
3 100
1700 150 130 112 96 85 
100000 10000 8705 7500 6464 5669 
1000 1129 1249 
1316 1361 
1365 1472 
1395 1383 
1358 1410 
1419 1457 
1398 1362 
1286 1429 
1306 1493 
1347 1380 
1327 1445 
1340 1402 
1328 1463 
1303 1415 
1362 1411 
1303 1425 
1403 1480 
1375 1414 
1297 1454 
1361 1411 
1419 1475 
1347 1374 
1311 1471 
1314 1414 
1386 1472 
1387 1427 
1319 1386 
1416 1393 
1290 1484 
1421 1380 
1330 1450 
1365 1393 
1408 1371 
1372 1383 
1310 1392 
1393 1411 
1314 1412 
1320 1433 
1367 1399 
1353 1398 
1381 1417 
1301 1437 
1312 1369 
1364 1379 
1343 1403 
1291 1393 
1352 1429 
1415 1414 
1362 1387 
1384 1420 
1343 1440 
1294 1400 
1367 1451 
1334 1471 
1315 1476 
1376 1426 
1405 1503 
1374 1468 
1373 1438 
1299 1392 
1361 1448 
1322 1415 
1371 1498 
1400 1476 
1404 1485 
1364 1495 
1316 1388 
1353 1427 
1405 1386 
1394 1430 
1291 1385 
1303 1428 
1349 1467 
1362 1399 
1411 1417 
1414 1498 
1396 1409 
1392 1367 
1305 1443 
1346 1454 
1311 1474 
1413 1393 
1398 1380 
1399 1429 
1302 1436 
1386 1496 
1406 1447 
1406 1368 
1285 1477 
1306 1495 
1313 1484 
1308 1361 
1415 1504 
1391 1414 
1327 1406 
1364 1398 
1314 1446 
1375 1432 
1331 1485 
1340 1374 
1386 1388 
