10 2 20
6 50
1700 77 75 77 85 96 112 130 149 169 187 
100000 5170 5000 5170 5669 6464 7499 8705 9999 11294 12499 
1482 1499 1482 1433 1353 1250 
1049 1019 1024 799 
1304 900 1037 643 
1219 820 1022 613 
975 1105 965 836 
1180 806 753 660 
1149 1199 734 615 
1263 872 930 674 
1312 1083 928 632 
961 1073 929 813 
1021 832 760 839 
1289 989 801 644 
1312 932 941 887 
1192 832 816 642 
1099 1065 929 622 
1144 1113 946 801 
1181 1044 1013 710 
1260 846 1020 859 
979 1104 867 662 
1156 1115 819 631 
1079 1128 851 882 
1117 1181 836 763 
1205 845 832 617 
942 1145 893 891 
1296 956 1040 825 
995 1156 814 611 
1175 825 806 860 
941 1177 698 874 
1059 1115 730 659 
1129 891 803 674 
1118 970 973 649 
1221 966 1041 770 
966 957 907 866 
1013 860 774 601 
912 946 801 784 
1203 1190 1006 728 
1343 949 1036 756 
936 1037 956 881 
1151 907 917 872 
1178 1009 865 820 
1064 1023 936 824 
1240 851 917 708 
1061 1050 800 789 
1131 807 821 701 
1331 926 910 617 
1138 1131 741 642 
926 1160 1000 642 
1352 947 787 776 
1324 969 830 794 
1138 860 812 770 
1351 962 831 732 
