50 3 20
16 10
850 130 112 96 85 77 75 77 85 96 112 130 149 169 187 203 214 222 225 222 214 203 187 169 150 130 112 96 85 77 75 77 85 96 112 130 149 169 187 203 214 222 225 222 214 203 187 169 150 130 112 
850 174 150 129 113 103 100 103 113 129 149 174 199 225 249 270 286 296 300 296 286 270 250 225 200 174 150 129 113 103 100 103 113 129 149 174 199 225 249 270 286 296 300 296 286 270 250 225 200 174 150 
100000 8705 7500 6464 5669 5170 5000 5170 5669 6464 7499 8705 9999 11294 12499 13535 14330 14829 15000 14829 14330 13535 12500 11294 10000 8705 7500 6464 5669 5170 5000 5170 5669 6464 7499 8705 9999 11294 12499 13535 14330 14829 15000 14829 14330 13535 12500 11294 10000 8705 7500 
1129 1249 1353 1433 1482 1499 1482 1433 1353 1250 1129 1000 870 750 646 566 
792 393 371 306 463 1187 382 1176 1619 1398 666 1556 2035 2205 2105 735 1086 789 1605 1313 506 1017 561 609 231 558 564 452 667 687 486 1201 1800 692 
294 257 248 721 481 918 996 1358 1436 1793 975 1254 830 1650 1737 1533 649 1494 924 1422 564 670 953 854 569 400 508 580 555 385 1375 1556 1000 1224 
772 514 714 617 900 913 597 1395 1674 1610 1810 1155 734 1954 854 2158 1553 855 925 792 787 884 396 377 747 247 815 366 819 423 1264 1087 1364 1266 
807 211 269 324 781 336 1148 1021 1476 828 1869 584 851 828 2293 1878 783 598 573 514 505 621 525 821 441 443 669 773 913 525 807 600 525 1739 
689 755 555 672 359 903 1383 612 1468 1096 1490 1366 1563 1622 2204 1396 704 1132 1492 1239 1167 314 1025 360 394 776 247 905 662 583 724 1473 1689 1415 
767 454 506 552 558 534 855 1413 1067 1553 1860 846 2171 1521 1245 1664 1780 1696 844 1551 556 453 539 533 680 733 482 308 366 493 642 1151 675 1549 
537 542 711 641 532 399 574 665 983 1051 1077 923 1523 1650 1192 1943 829 1256 945 417 988 1161 749 627 801 254 585 820 549 520 643 903 729 1874 
274 473 456 773 877 1183 497 852 1050 1529 2036 2227 879 1381 2342 1935 1850 1264 1078 413 1222 625 279 282 807 229 459 620 771 407 1022 1395 563 696 
452 424 576 596 366 940 761 623 1306 958 1149 644 1415 1156 2045 1487 600 1977 462 474 1220 561 543 237 397 553 314 858 428 1172 878 465 1566 674 
502 234 624 390 518 322 812 1595 1245 1317 1495 2094 1760 686 910 734 940 707 1517 706 1327 426 819 280 309 541 521 455 360 967 1271 603 1502 903 
