5 11 20
3 50
170 150 130 112 96 85 
170 200 174 150 129 113 
170 250 217 187 161 141 
170 300 261 225 193 170 
170 350 304 262 226 198 
170 400 348 300 258 226 
170 450 391 337 290 255 
170 500 435 375 323 283 
170 550 478 412 355 311 
170 600 522 450 387 340 
100000 10000 8705 7500 6464 5669 
1000 1129 1249 
1588 1298 
1570 1536 
1120 1653 
1368 1560 
1125 1557 
1392 1458 
1085 1165 
1396 1687 
1416 1423 
1191 1547 
1595 1375 
1432 1160 
1222 1586 
1169 1192 
1576 1413 
1452 1626 
1161 1638 
1320 1242 
1172 1336 
1458 1427 
1404 1659 
1270 1622 
1444 1376 
1426 1498 
1202 1436 
1415 1184 
1555 1696 
1454 1454 
1314 1324 
1542 1494 
1579 1505 
1575 1331 
1237 1329 
1290 1371 
1177 1535 
1230 1543 
1500 1254 
1344 1680 
1189 1286 
1110 1611 
1297 1348 
1592 1449 
1089 1368 
1411 1699 
1187 1172 
1105 1373 
1525 1170 
1375 1200 
1135 1249 
1567 1504 
