20 3 20
7 50
850 75 77 85 96 112 130 149 169 187 203 214 222 225 222 214 203 187 169 150 130 
850 100 103 113 129 149 174 199 225 249 270 286 296 300 296 286 270 250 225 200 174 
100000 5000 5170 5669 6464 7499 8705 9999 11294 12499 13535 14330 14829 15000 14829 14330 13535 12500 11294 10000 8705 
1499 1482 1433 1353 1250 1129 1000 
844 749 555 540 464 425 416 536 527 627 829 1075 1004 
967 786 546 554 593 451 584 526 659 667 736 896 1080 
714 643 753 485 493 563 553 484 678 647 773 1014 955 
766 834 547 595 593 480 584 576 716 714 987 1040 1101 
864 696 634 663 617 525 618 511 570 633 944 1084 1150 
822 893 613 613 611 510 608 474 661 659 798 838 1150 
954 807 581 641 491 437 603 495 681 647 909 1090 1259 
843 739 722 472 606 405 611 594 649 890 810 893 1171 
944 890 570 549 557 507 451 616 587 878 735 897 1302 
744 762 581 587 422 429 469 580 602 849 782 1032 1033 
765 726 581 611 578 400 587 565 765 613 890 994 1156 
882 644 723 579 437 518 468 604 637 855 876 1199 1252 
809 884 517 513 441 464 529 517 711 657 904 1146 971 
996 600 598 679 449 455 552 462 698 801 923 897 1241 
772 876 725 608 513 448 532 676 610 728 725 1048 1259 
909 795 527 612 561 555 499 472 700 693 859 984 1130 
896 748 683 466 619 571 441 584 600 799 1033 932 940 
992 717 527 520 482 433 472 474 662 869 1023 933 937 
759 618 713 532 611 448 590 594 743 860 1033 1183 928 
777 823 566 461 423 518 427 522 578 630 766 887 1136 
761 650 698 624 598 471 513 576 664 860 809 1181 1109 
742 896 767 513 519 471 524 655 666 746 954 1126 1013 
700 899 597 582 552 571 416 538 603 669 697 953 1084 
931 882 565 645 524 481 549 640 668 883 723 847 1346 
706 819 605 473 504 416 447 488 567 711 859 883 1185 
966 822 591 606 590 513 478 463 661 758 954 887 1096 
850 689 529 521 445 578 603 488 734 640 735 951 956 
825 747 551 631 582 406 427 588 689 718 721 1129 1205 
699 695 539 489 592 453 438 456 666 876 1037 983 1252 
1027 731 581 557 418 590 447 546 768 602 790 893 920 
790 893 547 664 464 457 607 659 764 668 971 1040 1062 
1043 749 717 644 556 455 580 638 556 617 697 985 1303 
916 782 709 566 450 514 593 604 583 874 736 823 1315 
995 690 574 659 502 571 589 625 722 810 856 1034 905 
997 874 639 543 448 548 476 532 728 832 971 1057 1004 
699 811 546 665 459 593 577 678 585 779 823 1028 1137 
786 600 579 560 481 485 558 666 577 710 802 1111 921 
728 681 703 671 481 572 442 640 567 729 820 845 1099 
913 698 701 590 546 458 596 570 739 684 902 1020 1199 
1036 847 566 640 595 585 483 536 593 768 968 819 920 
847 729 658 540 482 517 519 502 665 882 851 1123 1117 
884 801 590 666 503 456 439 616 573 719 968 1006 981 
900 843 623 514 570 503 586 609 630 772 895 866 1212 
900 888 713 582 423 569 493 570 703 719 954 939 1275 
817 871 626 466 585 456 543 660 599 640 936 896 1261 
843 746 656 623 447 579 606 485 528 847 810 1117 1105 
1026 801 638 617 588 570 435 635 517 638 823 1177 1092 
904 614 731 511 561 507 554 521 577 824 933 1045 1175 
985 708 579 524 425 443 463 469 548 669 1038 937 1071 
886 890 583 470 419 416 455 530 746 776 797 1107 951 
