5 6 20
2 100
340 75 77 85 96 112 
340 100 103 113 129 149 
340 125 129 141 161 187 
340 150 155 170 193 224 
340 175 180 198 226 262 
100000 5000 5170 5669 6464 7499 
1499 1482 
1614 1134 1162 
1244 1261 1187 
1335 1466 1386 
1548 1569 1396 
1626 1335 1483 
1592 1343 1125 
1679 1388 1113 
1319 1125 1336 
1619 1593 1126 
1530 1542 1064 
1171 1573 1176 
1642 1308 1022 
1242 1467 1036 
1346 1576 1041 
1378 1183 1175 
1486 1292 1365 
1237 1140 1122 
1336 1464 1386 
1292 1355 1472 
1565 1348 1012 
1151 1466 1455 
1200 1400 1123 
1474 1105 1353 
1568 1276 1261 
1714 1101 1017 
1550 1617 1416 
1156 1296 1336 
1449 1426 1282 
1562 1508 1144 
1306 1430 1277 
1333 1329 1159 
1549 1603 1226 
1241 1108 1058 
1682 1284 1464 
1434 1090 1199 
1225 1512 1044 
1311 1252 1116 
1372 1573 1310 
1450 1468 1348 
1642 1281 1104 
1168 1512 1187 
1647 1516 1392 
1679 1365 1101 
1529 1403 1423 
1465 1549 1274 
1408 1620 1284 
1663 1308 1381 
1289 1152 1097 
1264 1128 1293 
1469 1622 1314 
1367 1270 1363 
1387 1336 1264 
1405 1471 1134 
1544 1237 1054 
1582 1210 1311 
1258 1221 1162 
1205 1134 1402 
1209 1565 1478 
1443 1141 1197 
1266 1448 1127 
1704 1507 1481 
1482 1498 1000 
1523 1091 1117 
1354 1165 1100 
1413 1600 1301 
1668 1570 1343 
1203 1588 1260 
1193 1170 1469 
1217 1537 1465 
1312 1494 1442 
1654 1226 1469 
1226 1318 1334 
1542 1460 1107 
1305 1126 1335 
1416 1146 1132 
1371 1257 1011 
1541 1186 1138 
1403 1360 1243 
1635 1090 1437 
1374 1419 1366 
1179 1403 1265 
1383 1180 1295 
1638 1178 1248 
1295 1423 1296 
1659 1456 1418 
1354 1449 1098 
1338 1116 1128 
1519 1463 1436 
1612 1547 1488 
1598 1369 1112 
1465 1236 1255 
1376 1155 1433 
1689 1153 1003 
1456 1436 1018 
1493 1401 1271 
1467 1395 1350 
1237 1484 1138 
1645 1538 1052 
1151 1113 1310 
1341 1543 1031 
