50 2 20
26 100
1700 75 77 85 96 112 130 149 169 187 203 214 222 225 222 214 203 187 169 150 130 112 96 85 77 75 77 85 96 112 130 149 169 187 203 214 222 225 222 214 203 187 169 150 130 112 96 85 77 75 77 
100000 5000 5170 5669 6464 7499 8705 9999 11294 12499 13535 14330 14829 15000 14829 14330 13535 12500 11294 10000 8705 7500 6464 5669 5170 5000 5170 5669 6464 7499 8705 9999 11294 12499 13535 14330 14829 15000 14829 14330 13535 12500 11294 10000 8705 7500 6464 5669 5170 5000 5170 
1499 1482 1433 1353 1250 1129 1000 870 750 646 566 517 500 517 566 646 749 870 999 1129 1249 1353 1433 1482 1499 1482 
2216 1522 537 948 1504 1241 986 956 517 804 622 727 657 508 803 1264 1003 992 1025 845 1043 1863 1194 714 
1251 1168 844 1209 1062 813 476 260 810 601 356 217 774 975 915 1241 495 1051 501 1515 1988 720 871 940 
1330 1180 1236 1469 1058 585 364 342 330 494 796 288 669 589 489 1069 1319 1095 1397 1847 2250 691 1791 2229 
1541 2072 1545 1517 1438 1258 991 957 780 382 406 820 475 577 1125 862 1499 1007 1227 1396 1074 1958 962 1114 
1271 1671 594 983 621 1120 1173 275 801 399 799 533 315 538 517 619 1098 1724 567 934 1364 2024 2398 1605 
1240 1956 1276 507 793 1031 620 1030 887 495 741 697 331 695 841 1323 834 1787 1001 1010 2215 1085 811 1261 
871 1880 1927 708 1047 389 453 671 729 258 277 404 622 543 823 1211 551 1189 1374 1118 1560 956 1083 1072 
607 550 1022 1657 1178 813 895 415 557 826 583 737 415 912 302 784 1130 1643 1361 1100 2028 1097 1507 1765 
574 1011 1681 1508 524 804 660 636 356 825 742 507 557 869 1075 904 1462 606 1849 1534 1119 655 2012 783 
753 1653 988 1059 1457 1256 721 420 360 609 452 273 478 358 432 1279 1262 700 629 1481 1800 1163 1352 602 
927 1217 1620 680 727 900 773 509 773 528 245 395 510 792 782 387 1336 676 1403 1711 2242 1019 1278 1708 
2144 1158 792 471 1052 507 980 338 738 668 447 568 718 516 1157 1013 1303 1798 1602 2052 829 1298 1484 1570 
1077 2127 1512 924 963 1209 908 788 605 825 650 816 334 635 313 506 753 1173 1016 957 945 1567 1522 1408 
1372 1056 1150 1381 1295 1124 1049 1026 729 710 318 246 500 281 614 1283 1474 505 1238 565 1794 1693 702 1164 
703 1853 819 1712 728 732 631 291 854 386 512 378 801 701 1003 821 1114 1798 1920 999 1035 771 1359 2265 
1689 709 1066 1792 781 1329 713 742 774 324 743 637 486 323 664 860 1096 864 1341 1763 652 2049 1095 2147 
1956 1259 1881 1484 1051 734 872 520 228 442 549 284 274 982 768 1307 1192 1664 1291 2131 2283 730 1004 1915 
1186 1111 1014 1133 1510 887 1173 281 757 620 401 583 678 466 708 824 1133 1338 1256 2146 614 911 1062 2203 
1069 1726 1106 1210 1045 1209 433 715 663 213 722 372 243 870 519 917 884 1502 1435 973 642 1160 698 1483 
1604 1036 1633 1108 648 710 662 357 775 267 248 551 502 952 493 1036 751 1072 1048 739 2038 2115 940 2168 
616 1295 1159 1166 461 493 605 666 607 395 301 745 643 415 671 1367 1359 1798 975 1237 2220 2290 931 1352 
1670 1294 908 1120 1467 377 857 539 542 223 592 533 255 598 1132 794 1061 748 1694 1729 926 1669 1427 1805 
1123 554 643 1787 1032 1139 779 421 548 448 350 298 623 810 360 481 410 927 1039 1745 1136 631 866 2276 
756 880 1861 473 1500 878 690 506 832 407 570 440 507 381 711 527 473 714 769 859 1176 1317 2010 915 
1286 2029 1795 1799 630 1171 357 773 379 223 795 209 668 1000 1152 1196 1001 1424 948 696 2091 771 2167 1155 
807 1232 738 577 1092 1087 963 540 844 700 617 487 831 823 702 358 844 480 1636 1064 1040 758 1186 2229 
1626 1453 1668 1780 609 998 668 641 839 349 503 602 646 491 854 725 619 1342 1401 1551 1672 2245 2024 1046 
1401 756 696 1727 1147 505 857 453 331 715 748 338 562 924 681 762 428 918 1630 2119 1938 2314 2091 1842 
1263 1780 1319 938 1159 941 575 656 882 762 353 315 573 612 834 616 1024 518 1666 1055 597 652 2373 1594 
1683 706 1489 1240 877 955 749 847 359 807 629 740 246 972 1131 1125 1228 1048 1248 1649 1792 1364 1921 1005 
1569 1197 1497 670 1455 836 1095 547 481 471 318 391 697 345 725 1130 1198 1428 1266 1621 2215 1221 1127 1928 
579 1333 1161 1079 1559 971 519 502 679 596 252 802 364 704 864 399 745 1587 1334 1018 2124 1700 1162 1896 
1228 646 1334 1344 1009 688 1003 396 713 426 730 743 902 688 342 856 1098 537 1666 978 683 2129 1399 1771 
2173 1271 725 567 674 626 570 733 484 601 614 250 738 563 728 888 526 1739 1771 1475 1387 612 2009 1615 
1607 1583 1526 1790 1015 1324 551 354 442 807 564 539 797 488 693 492 600 1352 1961 1305 1814 953 926 773 
2158 1806 1358 1302 470 1143 1031 450 542 758 785 430 612 632 1019 543 1516 1392 1664 1918 2062 687 1396 2194 
1811 2125 1526 1503 904 868 680 342 487 788 508 454 476 799 493 368 856 1710 561 2127 942 1119 1294 1401 
1816 1389 1585 1226 899 1367 978 517 554 817 390 359 783 346 698 931 609 612 1028 1533 2273 2020 2019 1033 
621 1311 1227 1487 893 617 427 542 305 789 641 578 608 720 776 1098 838 1407 1386 1326 2046 2335 964 1157 
1350 1525 1968 892 976 509 343 361 604 724 280 207 281 526 1099 569 1595 489 978 810 1163 1545 1760 908 
1866 1745 1156 1042 932 471 644 331 797 379 505 797 477 975 506 1099 1092 1684 543 1036 774 1709 897 807 
1819 1295 790 1605 1328 886 924 782 562 388 206 451 537 760 644 808 913 1275 915 933 827 1267 1115 2185 
880 861 1152 1317 858 628 507 310 313 527 382 567 791 527 1190 374 1487 657 1523 2153 1852 1975 1178 1933 
1915 1614 1748 843 738 1264 1102 563 848 694 699 398 707 666 356 1255 999 516 1714 1548 1367 2259 1615 2158 
1915 1686 564 735 542 1196 330 469 857 267 767 538 364 934 692 1173 1364 940 1882 2108 2104 1928 1242 928 
1616 1378 636 1239 1101 644 451 829 479 785 741 434 475 375 368 433 837 683 1411 1779 1109 2207 654 1490 
1158 861 1430 1267 1241 753 775 670 689 808 648 466 284 632 545 1326 887 1004 931 751 981 1099 1899 785 
680 1726 535 582 1575 1003 753 879 555 310 240 551 823 1016 938 606 908 526 1389 1240 1977 1872 715 1778 
704 1028 1170 1141 946 1183 1168 354 537 339 573 212 596 851 662 1166 1191 1446 1425 1370 783 861 1957 1533 
584 557 1500 803 1123 635 704 998 258 436 706 738 710 549 764 1124 940 1344 570 1051 1109 852 2389 1317 
1895 2095 1769 1114 535 1011 509 578 273 619 333 760 386 666 350 1051 937 1768 748 1955 1708 1989 2051 1347 
1295 1667 744 680 1072 1073 536 618 346 509 528 740 561 451 691 1162 1262 1056 1597 1608 1387 2262 1007 1555 
2088 631 969 1252 1520 1283 1186 623 367 541 231 253 589 588 1122 968 1257 1228 1600 1091 2070 2208 1264 1223 
1489 1148 1833 762 457 427 322 348 508 308 444 456 312 775 1127 377 546 469 526 1971 1340 1388 1263 1087 
1758 625 1453 1779 1396 994 986 805 605 243 562 594 673 720 510 1186 1103 1039 1688 597 1954 867 954 747 
2200 1394 1366 1496 975 1353 991 911 820 428 622 319 853 632 356 601 766 1414 510 877 2232 1029 1235 2105 
1266 1506 535 1207 998 876 409 631 857 255 483 381 761 467 1177 825 1005 1151 1409 1665 1709 1828 1378 991 
1882 749 1168 1370 1132 1255 842 528 458 808 729 447 713 1005 947 1274 1340 818 1489 1009 1403 1940 1616 833 
1080 785 847 1259 1043 916 980 838 483 644 492 261 359 572 1128 591 810 1099 1044 1005 2165 2127 1918 2063 
1779 1017 973 467 1193 1299 1053 828 514 500 610 408 228 578 872 1139 487 1036 1878 1886 1078 2162 2334 1098 
1985 1566 1523 930 1082 1008 860 774 454 783 701 216 483 496 1026 1346 1043 851 936 1604 1409 1976 1307 662 
982 1982 1615 1313 936 794 396 354 675 537 364 230 263 876 812 985 1370 1212 1750 880 1706 1691 980 1202 
1861 566 1392 1406 855 565 360 432 723 361 311 572 340 458 702 576 647 1650 1688 752 1876 2324 1451 1867 
1802 798 713 1594 998 983 752 479 667 599 414 787 256 544 675 1170 1453 838 1529 727 2173 1814 2032 2155 
1056 2127 662 1488 433 1257 1156 939 305 385 688 524 812 366 1068 362 740 1446 1342 795 1967 624 2256 672 
1391 1125 1861 1775 625 472 916 458 344 638 387 467 348 487 606 1220 1046 598 676 797 1740 880 880 1670 
885 1361 1108 1150 1576 352 994 383 763 472 637 385 467 301 629 718 1164 1162 1570 2034 1426 848 1852 900 
2267 1151 1314 534 1423 1103 317 1018 452 654 385 521 784 472 1098 493 1057 510 872 1358 1975 751 2053 611 
2119 1409 1761 1029 676 775 1012 505 854 477 678 733 398 1005 996 1289 630 1473 1864 2115 1548 2139 2220 2071 
2220 1105 1673 1020 1511 1296 928 964 671 451 464 486 637 395 409 913 742 764 1712 1341 1807 800 1439 2327 
1765 1463 593 564 912 1307 446 978 695 255 720 319 232 484 701 957 475 945 1218 1918 1960 1705 2214 2298 
1398 1019 1579 866 465 882 1076 764 384 654 706 438 618 761 970 1358 1453 1223 889 984 1185 798 914 1308 
1878 1031 708 1552 1598 378 342 667 485 676 738 794 253 700 703 587 1207 948 1319 1695 838 1269 1389 1178 
807 1752 1895 1163 673 711 957 711 799 612 694 756 434 844 500 401 792 910 1882 1218 1291 2026 1368 2093 
1179 946 1524 865 731 899 975 443 593 284 243 276 807 298 907 544 1457 1080 736 2090 1993 1061 2024 907 
803 1122 1393 534 1482 1213 949 628 276 646 791 650 242 722 1118 1146 1158 1567 644 1434 1313 1273 1125 805 
2145 1140 1968 780 1147 461 1055 563 281 655 764 560 346 523 1175 1345 528 1372 1103 1904 1334 935 2148 2047 
1312 1425 1448 1400 551 964 823 355 531 578 408 409 725 986 454 383 1496 1723 789 2125 2104 845 1575 2281 
910 1657 655 1702 1065 354 541 377 509 573 517 682 278 272 535 1181 948 1776 1310 734 841 1476 1164 1085 
2039 705 1718 1339 1197 472 756 1011 600 736 485 549 461 901 765 735 1050 1610 1778 1029 1234 777 1991 1609 
1236 2039 583 1646 1437 992 756 369 623 766 484 410 286 458 899 743 1414 1660 688 1613 1897 1556 1874 2220 
966 1884 1834 712 548 742 544 821 327 482 565 340 771 435 942 868 712 1301 612 637 1804 1725 1562 1257 
970 724 1817 1157 1305 475 897 313 475 571 286 627 455 619 869 749 548 656 701 655 2069 1227 1707 682 
1447 792 1591 799 492 792 613 1033 446 465 666 674 357 754 1130 1361 771 1552 1011 1090 628 742 1410 1503 
856 929 1676 1447 1542 470 848 531 512 800 659 624 679 948 355 498 645 857 626 1062 2195 1050 1939 1636 
2103 1792 1130 581 629 397 335 972 627 518 759 730 834 816 1033 1184 1065 585 1609 1193 2197 1287 1223 1555 
1315 1924 922 1168 1409 592 394 830 499 408 526 342 744 460 687 622 622 894 749 1152 1448 1430 723 1721 
2196 935 1131 1648 815 744 834 852 243 675 241 224 691 972 932 439 1127 1716 638 1056 1703 1880 1274 658 
934 1665 947 1337 1099 1149 1132 985 285 604 678 765 412 570 1123 597 968 843 1046 1861 983 1948 2309 840 
1845 1588 1494 921 1321 902 607 712 490 314 412 418 816 336 893 1014 1539 641 617 1482 732 773 848 987 
1847 1065 959 749 693 658 1182 447 569 271 243 582 869 931 767 444 1496 1723 1374 1272 717 696 1073 1495 
2240 837 1533 982 574 567 1029 896 399 406 349 784 503 381 883 968 482 1198 1037 1738 594 621 2068 1639 
1347 1755 1172 902 1507 680 704 382 261 704 365 300 729 689 479 1385 1490 916 1655 2118 1260 722 1541 994 
700 1866 1660 1435 1314 714 1069 990 314 800 581 632 256 765 882 404 1083 1305 1550 565 826 698 1119 1530 
698 605 1493 1413 1440 1246 1105 274 653 407 675 767 876 523 1184 1265 1058 1149 570 1434 697 2253 614 1470 
1201 1980 572 1109 1140 1119 1004 307 621 614 762 739 512 594 995 1082 767 578 659 2070 1120 1568 1072 2282 
1916 2108 1708 872 1128 468 657 741 737 446 571 459 473 801 394 434 1280 500 1739 1312 1674 2018 2190 2089 
841 1743 1440 1614 1062 1004 727 694 473 481 350 637 371 456 662 801 1007 1187 1901 2120 1543 856 1311 2218 
1101 1529 1670 1750 492 414 905 914 696 498 490 215 446 515 409 1356 759 1372 1913 1801 1299 1487 1194 1944 
2085 1122 1598 1414 848 744 763 819 594 456 480 239 395 582 575 1365 1473 562 538 729 1027 1484 1358 1035 
