20 2 20
15 50
1700 150 130 112 96 85 77 75 77 85 96 112 130 149 169 187 203 214 222 225 222 
100000 10000 8705 7500 6464 5669 5170 5000 5170 5669 6464 7499 8705 9999 11294 12499 13535 14330 14829 15000 14829 
1000 1129 1249 1353 1433 1482 1499 1482 1433 1353 1250 1129 1000 870 750 
625 588 508 487 521 
620 547 496 499 509 
617 556 513 478 517 
648 560 493 484 513 
617 561 524 508 493 
620 545 532 519 513 
648 549 505 507 530 
671 546 494 523 513 
631 571 497 503 539 
630 592 534 485 526 
670 589 514 517 497 
668 580 503 500 495 
658 587 491 478 506 
675 577 534 494 495 
626 590 511 489 502 
632 577 497 488 518 
657 545 494 523 519 
657 585 495 521 529 
621 568 509 493 494 
654 592 513 520 513 
617 584 520 477 502 
622 552 513 494 500 
663 571 519 509 520 
616 591 542 488 525 
652 563 508 510 492 
638 550 498 481 495 
626 546 518 512 510 
668 558 492 479 496 
647 582 497 503 538 
617 546 521 517 527 
640 561 541 495 520 
630 566 499 495 514 
615 551 506 499 540 
630 553 540 505 505 
652 568 506 479 520 
656 593 502 499 501 
633 571 525 512 514 
624 545 538 492 532 
618 542 539 503 537 
620 548 517 497 523 
616 568 521 522 521 
622 580 522 485 519 
634 569 542 488 541 
663 578 516 490 517 
666 555 496 475 516 
621 576 528 513 519 
649 576 537 513 536 
662 540 532 514 531 
634 579 505 496 510 
627 578 493 504 520 
