10 3 20
4 100
850 96 85 77 75 77 85 96 112 130 149 
850 129 113 103 100 103 113 129 149 174 199 
100000 6464 5669 5170 5000 5170 5669 6464 7499 8705 9999 
1353 1433 1482 1499 
2295 1606 1437 771 1744 1400 
1572 2241 1494 1792 1678 1531 
1499 1806 588 1730 692 1213 
1763 899 2068 1796 1029 1185 
2308 1156 2083 1199 1421 1057 
2149 974 874 1161 1649 1359 
1899 799 712 1828 907 907 
2197 1582 1616 576 1148 794 
1475 2277 1389 1032 1331 1199 
1643 1209 1237 1111 1088 878 
1333 2288 1724 1223 1483 1193 
890 1074 1714 987 1004 700 
1764 1446 1523 908 729 1207 
1939 1769 1912 1087 1251 1012 
1645 855 1320 1217 467 681 
1249 977 1018 875 685 1560 
1649 755 1544 1633 950 1380 
2371 902 2033 1649 1559 810 
2123 859 1772 1500 1452 501 
593 2273 1376 1803 868 507 
819 1138 1953 578 1627 997 
1269 2148 1782 1008 851 1314 
1864 969 1783 1710 1236 1079 
923 1615 2074 999 1622 1547 
1992 2277 1734 1391 1475 1015 
1712 1066 1001 1877 506 875 
1040 832 1952 1291 1032 1170 
779 1171 1187 1107 1713 592 
937 2282 866 1017 948 631 
1951 994 1665 1630 1290 1119 
1037 651 1102 677 561 1537 
2005 1055 786 1758 1128 1562 
2082 601 1830 530 1329 879 
719 1066 1207 1782 713 769 
1716 2265 1335 777 792 1277 
1167 1855 1392 1452 1401 1122 
975 716 1978 782 1627 893 
1442 1218 1081 771 1743 1305 
1106 1422 704 781 1768 1207 
1205 1798 1898 748 1018 875 
1226 580 1125 862 1398 1203 
1094 1822 1311 1561 1688 487 
1118 2179 1111 1776 930 1088 
627 2283 1739 774 829 1403 
1860 1762 1633 866 1360 896 
1076 1375 2146 1053 569 1320 
1462 1871 574 1169 1456 1508 
1163 1181 2039 1540 468 962 
1358 1178 980 1480 461 619 
965 867 1455 1808 511 470 
1343 1646 724 1931 759 810 
1848 1376 868 1574 712 1223 
2360 1522 1184 1880 1576 633 
1833 1038 844 1087 1576 535 
1842 1311 1904 652 1191 1474 
892 1913 2112 1864 925 862 
1028 846 963 1939 1455 1117 
1332 1156 1027 698 815 557 
1827 848 2143 899 916 744 
1775 955 576 610 1073 1006 
1977 849 1509 1249 1508 1123 
1899 1010 1036 1660 1317 794 
1662 1709 1601 902 1567 1508 
2218 1971 1813 1299 1539 923 
1856 1176 1488 952 1478 986 
1843 968 1305 1677 1434 1335 
2239 1015 1128 537 1492 1429 
1615 793 1957 1080 737 764 
2058 2125 782 892 1755 967 
1329 1825 857 1424 778 566 
1122 1027 1434 633 1709 1126 
2006 1690 644 1462 1361 555 
746 1955 1584 1069 774 972 
1909 994 1597 1649 1313 689 
1813 1194 1240 587 1530 1399 
835 2274 1550 814 887 1440 
1568 878 1983 1413 1058 1294 
1387 2239 1851 1582 806 1088 
2328 2032 919 1790 1467 1513 
2159 2266 550 1692 1547 774 
1675 1383 1531 1370 861 825 
1809 1118 1878 1663 1716 1150 
2242 1906 1863 1870 1223 927 
1834 1728 2092 1459 490 1465 
1766 1472 918 791 1219 1109 
2096 1165 1869 1577 1599 525 
1499 2196 1590 739 911 871 
1842 803 2069 739 781 762 
787 1442 631 650 1321 647 
2032 627 561 1103 1649 449 
1669 1926 839 1967 1409 978 
2152 959 545 1165 1212 503 
1971 1845 1854 561 1162 1050 
1570 1331 952 778 841 1309 
759 785 1511 1951 1178 564 
2146 854 2090 1453 1548 405 
1747 1239 1469 610 639 1046 
820 1871 2008 871 1417 1262 
1140 1928 1987 1410 1703 958 
927 590 2105 777 1486 805 
