50 6 20
36 10
340 150 130 112 96 85 77 75 77 85 96 112 130 149 169 187 203 214 222 225 222 214 203 187 169 150 130 112 96 85 77 75 77 85 96 112 130 149 169 187 203 214 222 225 222 214 203 187 169 150 130 
340 200 174 150 129 113 103 100 103 113 129 149 174 199 225 249 270 286 296 300 296 286 270 250 225 200 174 150 129 113 103 100 103 113 129 149 174 199 225 249 270 286 296 300 296 286 270 250 225 200 174 
340 250 217 187 161 141 129 125 129 141 161 187 217 249 282 312 338 358 370 375 370 358 338 312 282 250 217 187 161 141 129 125 129 141 161 187 217 249 282 312 338 358 370 375 370 358 338 312 282 250 217 
340 300 261 225 193 170 155 150 155 170 193 224 261 299 338 374 406 429 444 450 444 429 406 375 338 300 261 225 193 170 155 150 155 170 193 224 261 299 338 374 406 429 444 450 444 429 406 375 338 300 261 
340 350 304 262 226 198 180 175 180 198 226 262 304 349 395 437 473 501 519 525 519 501 473 437 395 350 304 262 226 198 180 175 180 198 226 262 304 349 395 437 473 501 519 525 519 501 473 437 395 350 304 
100000 10000 8705 7500 6464 5669 5170 5000 5170 5669 6464 7499 8705 9999 11294 12499 13535 14330 14829 15000 14829 14330 13535 12500 11294 10000 8705 7500 6464 5669 5170 5000 5170 5669 6464 7499 8705 9999 11294 12499 13535 14330 14829 15000 14829 14330 13535 12500 11294 10000 8705 
1000 1129 1249 1353 1433 1482 1499 1482 1433 1353 1250 1129 1000 870 750 646 566 517 500 517 566 646 749 870 999 1129 1249 1353 1433 1482 1499 1482 1433 1353 1250 1129 
1178 1296 688 474 238 748 724 394 765 482 789 485 450 1244 
1302 890 1138 632 350 444 387 273 849 716 976 1161 948 1484 
965 400 1167 616 346 280 442 576 379 403 1072 739 541 1610 
1233 1054 1003 389 783 306 559 447 724 1016 897 440 1130 998 
692 1057 401 467 827 787 307 512 332 753 719 973 1004 1691 
1246 903 441 553 683 602 547 612 892 362 676 735 930 1703 
941 626 473 332 528 472 380 799 529 500 382 1317 940 1289 
1487 534 1128 735 564 385 267 213 758 912 935 1353 651 808 
1214 680 654 823 846 630 376 541 550 574 861 1135 526 573 
1265 816 994 790 636 487 728 710 498 942 323 727 1515 906 
