20 2 20
7 10
1700 77 85 96 112 130 149 169 187 203 214 222 225 222 214 203 187 169 150 130 112 
100000 5170 5669 6464 7499 8705 9999 11294 12499 13535 14330 14829 15000 14829 14330 13535 12500 11294 10000 8705 7500 
1482 1433 1353 1250 1129 1000 870 
955 659 324 706 274 785 683 324 382 794 1090 1149 1251 
984 976 431 803 751 725 496 447 486 395 544 851 1360 
1045 874 361 281 397 285 839 478 1116 924 487 1314 1380 
523 979 772 338 228 429 515 567 1176 576 1218 1622 1390 
404 498 398 792 520 569 249 422 883 628 1069 1691 1500 
1160 955 762 234 681 534 292 581 389 832 1119 1252 1519 
1151 934 530 575 357 341 277 304 1021 1268 419 607 1895 
1004 987 898 701 495 570 639 761 894 706 716 1459 1452 
563 920 552 494 235 638 778 275 581 765 1064 1078 922 
942 782 725 262 722 303 466 484 630 897 619 1041 1476 
