50 11 20
26 100
170 96 85 77 75 77 85 96 112 130 149 169 187 203 214 222 225 222 214 203 187 169 150 130 112 96 85 77 75 77 85 96 112 130 149 169 187 203 214 222 225 222 214 203 187 169 150 130 112 96 85 
170 129 113 103 100 103 113 129 149 174 199 225 249 270 286 296 300 296 286 270 250 225 200 174 150 129 113 103 100 103 113 129 149 174 199 225 249 270 286 296 300 296 286 270 250 225 200 174 150 129 113 
170 161 141 129 125 129 141 161 187 217 249 282 312 338 358 370 375 370 358 338 312 282 250 217 187 161 141 129 125 129 141 161 187 217 249 282 312 338 358 370 375 370 358 338 312 282 250 217 187 161 141 
170 193 170 155 150 155 170 193 224 261 299 338 374 406 429 444 450 444 429 406 375 338 300 261 225 193 170 155 150 155 170 193 224 261 299 338 374 406 429 444 450 444 429 406 375 338 300 261 225 193 170 
170 226 198 180 175 180 198 226 262 304 349 395 437 473 501 519 525 519 501 473 437 395 350 304 262 226 198 180 175 180 198 226 262 304 349 395 437 473 501 519 525 519 501 473 437 395 350 304 262 226 198 
170 258 226 206 200 206 226 258 299 348 399 451 499 541 573 593 600 593 573 541 500 451 400 348 300 258 226 206 200 206 226 258 299 348 399 451 499 541 573 593 600 593 573 541 500 451 400 348 300 258 226 
170 290 255 232 225 232 255 290 337 391 449 508 562 609 644 667 675 667 644 609 562 508 450 391 337 290 255 232 225 232 255 290 337 391 449 508 562 609 644 667 675 667 644 609 562 508 450 391 337 290 255 
170 323 283 258 250 258 283 323 374 435 499 564 624 676 716 741 750 741 716 676 625 564 500 435 375 323 283 258 250 258 283 323 374 435 499 564 624 676 716 741 750 741 716 676 625 564 500 435 375 323 283 
170 355 311 284 275 284 311 355 412 478 549 621 687 744 788 815 825 815 788 744 687 621 550 478 412 355 311 284 275 284 311 355 412 478 549 621 687 744 788 815 825 815 788 744 687 621 550 478 412 355 311 
170 387 340 310 300 310 340 387 449 522 599 677 749 812 859 889 900 889 859 812 750 677 600 522 450 387 340 310 300 310 340 387 449 522 599 677 749 812 859 889 900 889 859 812 750 677 600 522 450 387 340 
100000 6464 5669 5170 5000 5170 5669 6464 7499 8705 9999 11294 12499 13535 14330 14829 15000 14829 14330 13535 12500 11294 10000 8705 7500 6464 5669 5170 5000 5170 5669 6464 7499 8705 9999 11294 12499 13535 14330 14829 15000 14829 14330 13535 12500 11294 10000 8705 7500 6464 5669 
1353 1433 1482 1499 1482 1433 1353 1250 1129 1000 870 750 646 566 517 500 517 566 646 749 870 999 1129 1249 1353 1433 
1461 1551 1445 1384 1323 1206 1082 987 860 776 619 559 504 523 514 560 628 715 873 1038 1162 1202 1388 1384 
1548 1487 1519 1410 1387 1267 1173 952 875 714 636 583 498 479 520 580 619 773 874 987 1185 1272 1396 1493 
1470 1572 1432 1423 1326 1296 1125 1027 831 767 640 587 521 484 511 548 663 737 884 1048 1135 1258 1379 1394 
1427 1514 1416 1460 1356 1307 1154 960 901 764 677 541 530 494 493 553 620 742 862 966 1145 1231 1310 1381 
1496 1528 1434 1442 1393 1258 1108 957 879 761 614 586 540 483 533 579 671 778 875 1021 1175 1212 1377 1474 
1475 1450 1449 1426 1292 1254 1158 964 836 757 619 579 495 482 491 557 619 714 828 1022 1119 1283 1352 1422 
1458 1554 1514 1475 1347 1300 1106 980 903 740 660 555 536 487 509 552 669 727 896 1046 1143 1245 1290 1488 
1497 1477 1549 1442 1412 1227 1164 1020 867 754 643 594 495 485 519 576 657 783 888 1009 1091 1200 1408 1410 
1536 1451 1548 1383 1364 1283 1119 1000 884 777 668 591 520 497 521 589 616 746 829 978 1124 1301 1393 1434 
1492 1487 1468 1443 1413 1285 1083 972 879 775 638 566 495 495 535 582 630 741 913 1024 1107 1304 1331 1386 
1445 1524 1541 1376 1311 1299 1084 987 894 780 626 586 501 479 506 565 616 717 840 1003 1100 1288 1393 1381 
1527 1474 1539 1399 1303 1260 1108 1005 896 777 661 547 535 482 505 573 676 721 885 982 1173 1297 1367 1435 
1492 1481 1493 1385 1304 1250 1117 1036 847 765 629 543 541 491 516 590 669 738 863 999 1077 1283 1398 1420 
1452 1482 1509 1402 1412 1206 1169 1016 835 774 622 574 532 481 518 542 674 722 911 966 1158 1214 1355 1497 
1411 1425 1420 1438 1319 1298 1074 1033 860 756 630 558 503 523 520 541 677 720 874 1000 1099 1235 1393 1466 
1517 1545 1447 1473 1332 1228 1164 972 861 733 617 540 541 515 530 581 633 729 885 999 1144 1250 1290 1450 
1416 1495 1522 1462 1344 1200 1129 1016 911 750 644 571 521 520 516 545 648 732 903 956 1151 1295 1386 1492 
1499 1484 1466 1363 1419 1187 1096 972 878 772 675 567 508 483 526 567 641 759 843 1004 1107 1216 1338 1490 
1480 1516 1458 1375 1398 1252 1114 1038 856 770 621 570 495 515 531 567 638 752 869 1001 1171 1263 1297 1472 
1462 1447 1442 1501 1322 1276 1079 1012 891 754 640 589 532 490 529 543 676 760 894 961 1149 1237 1310 1500 
1504 1535 1552 1460 1410 1249 1094 1029 869 760 653 570 504 516 531 551 630 786 854 1008 1179 1300 1377 1474 
1477 1556 1484 1366 1356 1223 1133 1047 834 715 627 557 507 476 500 581 615 733 878 979 1180 1212 1360 1432 
1478 1470 1477 1454 1370 1187 1156 959 848 782 656 594 507 480 527 578 670 764 848 958 1176 1246 1413 1461 
1497 1549 1501 1439 1296 1246 1080 952 852 754 647 589 498 497 501 592 628 777 898 951 1157 1261 1319 1391 
1504 1504 1459 1493 1351 1214 1088 998 859 759 640 594 505 496 531 554 621 741 855 997 1159 1208 1288 1382 
1520 1475 1521 1428 1346 1257 1125 985 872 784 675 549 532 511 495 585 674 760 899 1018 1095 1305 1395 1441 
1519 1574 1553 1490 1388 1208 1176 984 885 756 647 542 492 520 509 588 617 713 895 1004 1138 1257 1401 1404 
1460 1486 1412 1363 1341 1308 1078 952 871 728 664 539 507 503 507 595 632 746 852 1036 1081 1272 1373 1409 
1456 1471 1519 1363 1356 1234 1099 979 841 716 635 578 516 503 494 575 627 745 848 1049 1144 1256 1334 1426 
1463 1482 1493 1399 1304 1306 1162 964 897 715 676 593 506 521 528 541 639 736 853 1031 1182 1296 1311 1400 
1417 1528 1426 1416 1400 1242 1175 1036 840 741 678 539 528 520 540 570 647 713 896 958 1135 1193 1356 1460 
1480 1505 1515 1472 1333 1204 1121 1007 896 754 636 542 495 505 518 553 637 719 867 968 1111 1297 1287 1460 
1541 1519 1526 1423 1404 1273 1140 962 861 757 651 558 497 509 518 542 652 729 837 975 1123 1254 1357 1431 
1432 1532 1421 1394 1343 1213 1138 996 901 777 662 561 534 518 521 546 649 715 835 1012 1151 1309 1414 1379 
1427 1498 1532 1433 1417 1288 1176 975 844 717 625 590 512 494 540 576 665 735 885 1023 1185 1277 1404 1412 
1531 1569 1514 1369 1352 1250 1171 1046 871 766 619 580 527 480 514 544 653 752 852 985 1150 1309 1314 1498 
1493 1445 1524 1432 1401 1244 1136 973 876 716 618 563 537 519 501 573 635 779 890 970 1142 1209 1359 1421 
1549 1444 1435 1364 1369 1269 1081 1027 871 721 647 545 536 494 514 544 652 758 831 1039 1101 1294 1358 1503 
1504 1512 1526 1431 1378 1298 1118 993 851 745 667 579 518 483 493 564 640 758 874 987 1134 1304 1294 1375 
1436 1503 1518 1492 1403 1212 1099 1032 913 782 650 569 535 484 538 551 623 760 865 1008 1155 1233 1327 1383 
1486 1511 1520 1412 1318 1260 1148 973 836 732 642 556 492 515 509 578 638 765 873 1014 1185 1206 1377 1464 
1484 1502 1473 1379 1351 1214 1160 1038 878 754 628 569 510 521 503 557 652 782 887 977 1185 1274 1373 1370 
1446 1463 1467 1420 1286 1297 1075 1016 900 744 642 548 492 511 495 566 667 765 850 1020 1104 1270 1345 1374 
1458 1449 1443 1401 1419 1304 1143 965 876 750 619 585 527 506 491 577 619 739 855 1041 1137 1193 1366 1456 
1540 1539 1475 1363 1325 1258 1152 954 868 729 616 549 500 510 516 544 660 713 891 970 1176 1276 1338 1392 
1499 1552 1431 1486 1323 1237 1114 1044 906 716 646 591 527 500 498 569 657 787 851 972 1158 1223 1310 1486 
1495 1558 1518 1390 1341 1257 1146 1006 853 716 628 590 506 480 501 579 647 750 861 981 1160 1245 1367 1481 
1409 1559 1463 1490 1397 1192 1111 976 871 776 656 584 539 509 491 587 645 767 831 975 1158 1260 1365 1388 
1523 1521 1459 1405 1385 1248 1145 1045 831 786 674 544 516 496 508 590 633 730 852 988 1093 1276 1336 1375 
1553 1456 1462 1425 1382 1229 1160 995 846 755 661 564 531 512 519 585 669 780 896 957 1164 1187 1320 1407 
1443 1568 1507 1449 1402 1228 1117 958 829 744 621 561 502 522 527 561 671 712 845 1008 1080 1246 1330 1385 
1545 1554 1412 1414 1398 1239 1175 1031 832 749 615 568 522 491 513 567 640 780 867 984 1108 1206 1288 1475 
1446 1459 1501 1494 1386 1190 1151 1010 845 765 672 590 519 495 533 571 614 783 897 1000 1079 1263 1359 1486 
1452 1539 1528 1486 1416 1276 1087 974 850 724 615 540 538 517 495 569 625 774 907 1047 1178 1288 1315 1451 
1520 1428 1515 1399 1392 1205 1135 1003 860 767 662 590 498 500 497 548 636 732 889 1028 1146 1242 1375 1403 
1519 1464 1528 1382 1411 1257 1082 1033 866 712 654 588 509 476 541 578 667 719 836 1026 1156 1253 1399 1488 
1465 1520 1437 1420 1419 1245 1105 1045 851 758 644 559 513 508 495 589 661 769 884 1023 1104 1240 1289 1420 
1442 1541 1548 1363 1379 1291 1162 1000 890 784 625 567 539 505 520 566 655 717 835 1045 1112 1221 1370 1414 
1508 1538 1431 1447 1295 1262 1149 1005 886 732 646 574 534 504 504 538 628 748 881 1048 1128 1276 1397 1466 
1428 1487 1413 1435 1353 1258 1165 1015 901 718 656 571 500 520 522 587 661 761 850 1044 1073 1194 1314 1390 
1432 1436 1510 1378 1365 1269 1081 981 875 717 670 540 527 517 517 595 633 741 907 958 1078 1288 1309 1492 
1470 1516 1549 1443 1286 1260 1111 1026 853 727 661 568 498 497 494 581 625 785 864 1034 1157 1255 1319 1428 
1482 1561 1552 1494 1296 1293 1131 962 844 744 643 568 522 506 494 549 670 780 860 964 1078 1213 1324 1414 
1512 1533 1517 1447 1338 1203 1107 1049 864 751 677 550 523 507 515 581 618 785 907 965 1132 1275 1356 1480 
1495 1551 1473 1401 1305 1197 1174 986 855 749 616 556 508 484 526 559 647 761 861 992 1078 1310 1360 1494 
1474 1530 1516 1378 1352 1245 1136 1038 879 730 674 571 505 493 534 581 661 714 895 984 1107 1236 1298 1386 
1511 1474 1536 1414 1372 1268 1078 1008 845 764 641 564 500 506 530 560 650 782 838 952 1096 1243 1381 1422 
1413 1527 1509 1416 1411 1253 1180 1039 852 727 629 550 526 503 540 567 662 755 897 1001 1096 1189 1337 1391 
1496 1476 1484 1497 1384 1285 1170 959 899 743 654 565 534 497 512 585 626 747 878 995 1119 1283 1413 1412 
1541 1516 1541 1366 1315 1254 1125 958 848 749 662 539 519 521 510 555 626 770 890 950 1146 1205 1334 1376 
1510 1569 1445 1494 1293 1231 1124 1010 908 759 673 542 531 485 528 571 651 786 893 976 1114 1258 1421 1429 
1508 1557 1459 1460 1408 1266 1114 1022 875 719 660 586 531 501 524 571 656 717 855 1049 1121 1203 1369 1377 
1425 1432 1510 1366 1402 1239 1102 1034 849 748 615 573 499 479 529 568 617 776 892 1020 1158 1259 1332 1423 
1452 1569 1526 1443 1380 1248 1105 1042 898 748 670 540 525 491 510 567 642 778 875 968 1173 1280 1353 1389 
1540 1551 1450 1421 1298 1301 1090 970 876 781 626 589 495 503 524 545 623 761 902 982 1113 1220 1321 1420 
1430 1426 1545 1385 1365 1303 1117 973 849 731 646 549 536 475 510 580 655 724 883 988 1075 1285 1321 1455 
1413 1509 1479 1402 1360 1215 1141 982 897 740 636 576 526 479 537 539 666 778 897 1008 1091 1241 1420 1467 
1432 1499 1477 1478 1413 1259 1127 980 901 773 658 576 530 492 530 587 632 718 850 963 1139 1277 1307 1468 
1509 1439 1529 1435 1419 1295 1160 1024 849 736 627 556 503 501 508 578 644 753 892 1002 1129 1294 1399 1433 
1550 1550 1457 1410 1379 1246 1084 998 865 777 636 551 508 478 499 547 646 760 881 983 1105 1226 1365 1406 
1439 1508 1421 1403 1321 1193 1145 1005 880 782 640 563 507 476 508 545 624 770 867 982 1093 1302 1329 1389 
1551 1429 1511 1460 1340 1271 1152 996 902 727 637 581 516 491 527 547 650 730 878 1040 1163 1213 1313 1418 
1466 1567 1471 1467 1346 1230 1090 1044 839 764 654 568 536 498 537 556 660 744 866 950 1138 1215 1323 1409 
1489 1462 1437 1440 1342 1301 1158 1039 835 725 661 581 493 495 505 556 617 741 900 984 1073 1266 1294 1488 
1478 1544 1476 1433 1413 1225 1110 1040 896 715 661 569 513 481 530 541 663 771 834 1049 1165 1217 1420 1372 
1429 1498 1552 1500 1286 1214 1169 950 857 745 659 541 539 488 519 571 615 732 911 991 1076 1303 1384 1378 
1458 1533 1469 1424 1372 1197 1115 1033 856 785 670 572 495 492 522 559 614 721 888 1027 1168 1298 1332 1483 
1460 1455 1537 1503 1345 1251 1169 973 844 752 669 560 506 487 500 541 616 741 880 1023 1121 1219 1340 1436 
1498 1446 1445 1387 1286 1191 1167 962 865 764 653 565 533 482 495 557 629 736 895 1001 1138 1211 1406 1503 
1424 1558 1483 1400 1308 1220 1075 1034 891 746 632 544 524 509 536 572 639 727 877 992 1102 1210 1291 1395 
1526 1549 1525 1478 1315 1236 1153 1032 904 728 617 561 512 513 542 570 645 753 827 1018 1075 1301 1289 1410 
1522 1538 1472 1462 1406 1201 1086 1009 886 739 656 574 539 498 520 567 625 766 911 1020 1102 1226 1355 1466 
1466 1509 1532 1428 1327 1293 1137 975 879 712 677 569 531 498 511 588 625 775 862 1016 1118 1206 1300 1490 
1445 1474 1442 1368 1386 1244 1135 977 867 727 639 555 526 512 517 543 640 724 853 1003 1177 1299 1377 1422 
1411 1540 1451 1494 1324 1212 1149 1014 900 754 677 578 537 521 530 592 627 768 872 990 1105 1310 1359 1422 
1432 1435 1506 1443 1336 1205 1127 992 865 729 663 584 501 500 509 553 625 754 882 975 1150 1248 1358 1410 
1489 1441 1454 1406 1315 1307 1087 1021 853 722 650 590 494 477 494 589 621 781 869 953 1154 1199 1415 1375 
1544 1426 1525 1450 1296 1191 1182 1040 907 770 615 591 519 485 513 551 661 740 889 968 1181 1256 1335 1460 
1441 1445 1464 1455 1342 1188 1183 987 845 730 630 543 491 502 537 591 627 773 841 997 1108 1235 1326 1373 
1536 1483 1419 1406 1414 1269 1083 1002 858 768 648 543 533 495 525 545 658 724 834 976 1112 1197 1397 1437 
