50 11 20
26 10
170 77 85 96 112 130 149 169 187 203 214 222 225 222 214 203 187 169 150 130 112 96 85 77 75 77 85 96 112 130 149 169 187 203 214 222 225 222 214 203 187 169 150 130 112 96 85 77 75 77 85 
170 103 113 129 149 174 199 225 249 270 286 296 300 296 286 270 250 225 200 174 150 129 113 103 100 103 113 129 149 174 199 225 249 270 286 296 300 296 286 270 250 225 200 174 150 129 113 103 100 103 113 
170 129 141 161 187 217 249 282 312 338 358 370 375 370 358 338 312 282 250 217 187 161 141 129 125 129 141 161 187 217 249 282 312 338 358 370 375 370 358 338 312 282 250 217 187 161 141 129 125 129 141 
170 155 170 193 224 261 299 338 374 406 429 444 450 444 429 406 375 338 300 261 225 193 170 155 150 155 170 193 224 261 299 338 374 406 429 444 450 444 429 406 375 338 300 261 225 193 170 155 150 155 170 
170 180 198 226 262 304 349 395 437 473 501 519 525 519 501 473 437 395 350 304 262 226 198 180 175 180 198 226 262 304 349 395 437 473 501 519 525 519 501 473 437 395 350 304 262 226 198 180 175 180 198 
170 206 226 258 299 348 399 451 499 541 573 593 600 593 573 541 500 451 400 348 300 258 226 206 200 206 226 258 299 348 399 451 499 541 573 593 600 593 573 541 500 451 400 348 300 258 226 206 200 206 226 
170 232 255 290 337 391 449 508 562 609 644 667 675 667 644 609 562 508 450 391 337 290 255 232 225 232 255 290 337 391 449 508 562 609 644 667 675 667 644 609 562 508 450 391 337 290 255 232 225 232 255 
170 258 283 323 374 435 499 564 624 676 716 741 750 741 716 676 625 564 500 435 375 323 283 258 250 258 283 323 374 435 499 564 624 676 716 741 750 741 716 676 625 564 500 435 375 323 283 258 250 258 283 
170 284 311 355 412 478 549 621 687 744 788 815 825 815 788 744 687 621 550 478 412 355 311 284 275 284 311 355 412 478 549 621 687 744 788 815 825 815 788 744 687 621 550 478 412 355 311 284 275 284 311 
170 310 340 387 449 522 599 677 749 812 859 889 900 889 859 812 750 677 600 522 450 387 340 310 300 310 340 387 449 522 599 677 749 812 859 889 900 889 859 812 750 677 600 522 450 387 340 310 300 310 340 
100000 5170 5669 6464 7499 8705 9999 11294 12499 13535 14330 14829 15000 14829 14330 13535 12500 11294 10000 8705 7500 6464 5669 5170 5000 5170 5669 6464 7499 8705 9999 11294 12499 13535 14330 14829 15000 14829 14330 13535 12500 11294 10000 8705 7500 6464 5669 5170 5000 5170 5669 
1482 1433 1353 1250 1129 1000 870 750 646 566 517 500 517 566 646 749 870 999 1129 1249 1353 1433 1482 1499 1482 1433 
1185 1036 1337 999 817 809 656 460 606 467 532 619 653 644 811 1193 1316 1228 1244 1413 1254 1524 1274 1230 
1496 1172 1346 970 727 731 730 564 452 413 594 568 727 787 833 1100 1097 1222 1525 1269 1594 1293 1752 1632 
1143 1277 1264 1197 754 680 755 480 505 413 596 550 563 655 924 986 1276 1238 1367 1320 1716 1661 1445 1359 
1512 1110 1015 1030 1000 623 739 629 492 528 560 494 672 834 892 1137 1272 1431 1150 1569 1416 1463 1400 1493 
1418 1250 943 848 921 807 706 558 428 456 568 661 657 685 938 1030 921 1259 1282 1571 1200 1799 1216 1218 
1200 1232 1019 974 773 729 519 556 555 509 430 489 576 803 759 826 1306 1237 1381 1319 1336 1717 1749 1451 
1624 1103 1117 942 745 769 572 507 533 564 451 584 590 632 876 807 1231 1124 1281 1476 1715 1635 1503 1538 
1350 1427 1005 1105 923 784 764 542 571 588 424 606 710 851 946 1167 1101 1053 1162 1245 1345 1277 1561 1598 
1107 1224 969 1005 1037 767 616 520 557 539 555 522 641 619 1007 948 1095 1093 1343 1330 1622 1739 1233 1363 
1572 1350 1235 885 1031 865 765 615 524 443 614 470 756 782 751 935 1318 1253 1189 1660 1528 1476 1650 1238 
