10 11 20
4 100
170 96 85 77 75 77 85 96 112 130 149 
170 129 113 103 100 103 113 129 149 174 199 
170 161 141 129 125 129 141 161 187 217 249 
170 193 170 155 150 155 170 193 224 261 299 
170 226 198 180 175 180 198 226 262 304 349 
170 258 226 206 200 206 226 258 299 348 399 
170 290 255 232 225 232 255 290 337 391 449 
170 323 283 258 250 258 283 323 374 435 499 
170 355 311 284 275 284 311 355 412 478 549 
170 387 340 310 300 310 340 387 449 522 599 
100000 6464 5669 5170 5000 5170 5669 6464 7499 8705 9999 
1353 1433 1482 1499 
1236 1147 1159 1051 1085 989 
1335 1569 1604 1152 1136 1120 
1655 1164 1607 1396 932 1018 
1267 1708 1599 1474 1085 1068 
1574 1616 1108 1241 1103 963 
1507 1619 1148 1357 993 925 
1575 1666 1512 1159 1085 824 
1305 1363 1464 1346 1216 1088 
1348 1170 1603 1277 963 1029 
1462 1375 1362 1348 994 865 
1502 1206 1343 1078 1338 1116 
1681 1610 1093 1067 1166 906 
1431 1184 1211 1300 1168 1103 
1348 1647 1314 1425 1076 1091 
1388 1495 1519 1387 1352 826 
1688 1398 1408 1273 958 1024 
1229 1486 1462 1186 1304 1089 
1586 1238 1090 1010 1027 909 
1639 1149 1156 1362 1287 1104 
1653 1196 1398 1394 1341 1167 
1461 1463 1551 1210 941 874 
1701 1469 1424 1165 1320 953 
1703 1477 1135 1336 1328 987 
1440 1604 1503 1273 1208 1138 
1531 1376 1103 1402 941 877 
1460 1176 1093 1311 1179 1121 
1562 1611 1137 1390 1146 822 
1241 1612 1521 1475 1284 1027 
1567 1605 1235 1087 1080 1140 
1334 1662 1287 1124 1110 1060 
1354 1287 1497 1243 1118 1035 
1720 1651 1148 1278 977 1169 
1427 1528 1230 1113 1242 975 
1707 1551 1243 1123 1305 1195 
1534 1559 1187 1321 1228 1047 
1686 1711 1539 1357 1051 1051 
1401 1489 1093 1268 1191 1160 
1408 1602 1396 1450 1352 1114 
1758 1707 1155 1019 1261 1154 
1645 1388 1388 1153 1267 1171 
1660 1533 1330 1385 1195 1084 
1521 1706 1587 1327 1232 902 
1477 1528 1091 1147 952 937 
1335 1286 1591 1428 1134 1045 
1625 1510 1584 1127 1238 841 
1395 1549 1371 1211 920 1021 
1652 1541 1550 1063 972 1039 
1335 1209 1197 1009 1057 965 
1642 1387 1361 1475 1077 1078 
1709 1474 1336 1128 1267 1143 
1633 1691 1122 1000 1154 1084 
1650 1420 1397 1223 1163 1105 
1609 1212 1235 1383 1149 986 
1525 1282 1111 1202 1228 1136 
1321 1415 1126 1072 914 944 
1388 1259 1332 1013 981 1183 
1315 1279 1278 1142 1160 850 
1202 1529 1094 1366 1347 995 
1458 1641 1567 1473 981 964 
1347 1408 1414 1245 1318 1065 
1291 1374 1585 1413 1327 1143 
1675 1605 1402 1262 1318 921 
1484 1270 1357 1358 994 1130 
1771 1219 1155 1203 1117 1125 
1221 1374 1107 1461 1310 967 
1286 1460 1303 1330 1100 1160 
1468 1325 1176 1423 1113 1187 
1220 1409 1275 1272 1029 1151 
1244 1494 1295 1068 1344 1055 
1444 1263 1278 1083 1076 1185 
1589 1291 1396 1156 1320 916 
1302 1242 1401 1301 1053 1004 
1393 1598 1546 1136 1049 913 
1523 1268 1231 1070 1251 1022 
1545 1399 1555 1291 1105 946 
1242 1657 1488 1169 1292 1027 
1569 1299 1089 1481 907 915 
1411 1319 1337 1025 1293 1142 
1667 1692 1394 1438 909 931 
1279 1160 1549 1022 1289 1000 
1425 1423 1332 1310 960 947 
1600 1156 1199 1208 975 889 
1591 1298 1281 1410 1253 1067 
1239 1672 1327 1206 1114 849 
1374 1673 1115 1384 1268 807 
1431 1493 1101 1426 1007 1060 
1219 1360 1484 1228 1352 963 
1408 1417 1506 1389 1043 1105 
1735 1374 1093 1378 946 1147 
1411 1313 1570 1252 1109 1046 
1613 1308 1382 1321 1294 1061 
1554 1194 1619 1364 1179 1110 
1220 1581 1554 1417 1216 967 
1304 1670 1250 1419 1176 907 
1663 1643 1307 1409 997 1008 
1652 1710 1134 1046 1013 977 
1268 1666 1255 1304 1178 862 
1715 1696 1194 1410 1050 808 
1199 1210 1617 1080 915 972 
1344 1685 1553 1151 1195 896 
