20 3 20
11 50
850 150 130 112 96 85 77 75 77 85 96 112 130 149 169 187 203 214 222 225 222 
850 200 174 150 129 113 103 100 103 113 129 149 174 199 225 249 270 286 296 300 296 
100000 10000 8705 7500 6464 5669 5170 5000 5170 5669 6464 7499 8705 9999 11294 12499 13535 14330 14829 15000 14829 
1000 1129 1249 1353 1433 1482 1499 1482 1433 1353 1250 
958 650 1141 429 864 424 583 378 373 
1560 1032 983 668 542 507 228 723 691 
1369 1575 374 958 625 906 622 738 216 
721 1288 606 852 660 434 445 495 604 
1449 933 359 954 542 554 420 625 510 
1590 725 712 351 617 294 699 729 588 
968 1410 1125 1192 621 649 318 602 535 
1717 841 1271 394 999 829 252 684 529 
1455 657 603 932 626 804 691 763 648 
1565 654 730 1193 395 870 598 327 316 
1551 1464 918 1146 292 336 313 576 570 
1623 1180 1049 539 738 437 219 775 293 
1076 1416 692 660 885 704 355 660 754 
1240 905 726 1066 940 574 420 527 628 
487 808 395 639 566 728 619 245 594 
537 1246 1132 922 387 749 600 361 467 
497 1343 1263 899 491 459 224 270 302 
956 1005 1325 396 926 441 645 221 666 
1080 1049 1172 720 328 898 380 258 275 
1153 1517 714 1131 862 767 582 371 408 
736 770 1347 370 516 749 329 315 438 
1533 1264 963 1119 390 352 723 256 437 
1582 1138 458 837 535 585 644 490 568 
926 660 903 388 723 769 628 419 527 
878 434 830 522 809 327 215 443 302 
1752 912 1146 1088 768 228 373 782 597 
503 543 412 1077 654 297 297 668 464 
1721 957 1389 644 880 738 799 585 716 
1398 1496 1334 907 1012 394 532 248 608 
1180 1246 726 646 586 384 712 317 618 
1717 523 498 672 883 486 724 285 271 
982 414 549 792 436 323 479 333 209 
836 417 640 411 365 613 221 440 563 
507 979 1107 764 569 261 518 496 414 
868 1081 1127 611 720 800 319 339 492 
970 470 782 778 334 725 261 779 718 
856 1180 357 1189 636 497 706 536 611 
1720 434 924 475 484 516 658 355 318 
1659 1362 416 667 357 760 634 724 532 
1470 1214 492 591 811 429 223 606 713 
1516 698 1063 855 610 549 208 556 807 
1638 565 1064 888 692 902 213 312 763 
1491 1038 862 473 893 809 331 606 556 
1680 1027 647 316 784 808 326 241 697 
1791 1078 428 361 452 581 757 715 470 
1459 1447 669 1012 816 271 403 285 262 
456 874 448 356 540 310 566 415 818 
1067 1355 1051 644 700 594 268 394 519 
722 1011 960 531 481 455 498 571 726 
1457 614 790 780 749 660 484 728 514 
