20 6 20
11 5
340 112 96 85 77 75 77 85 96 112 130 149 169 187 203 214 222 225 222 214 203 
340 150 129 113 103 100 103 113 129 149 174 199 225 249 270 286 296 300 296 286 270 
340 187 161 141 129 125 129 141 161 187 217 249 282 312 338 358 370 375 370 358 338 
340 225 193 170 155 150 155 170 193 224 261 299 338 374 406 429 444 450 444 429 406 
340 262 226 198 180 175 180 198 226 262 304 349 395 437 473 501 519 525 519 501 473 
100000 7500 6464 5669 5170 5000 5170 5669 6464 7499 8705 9999 11294 12499 13535 14330 14829 15000 14829 14330 13535 
1249 1353 1433 1482 1499 1482 1433 1353 1250 1129 1000 
987 813 539 242 400 201 600 896 730 
1369 1096 590 621 544 555 518 552 509 
641 309 486 690 415 687 754 377 990 
1290 424 369 465 497 299 578 360 887 
1320 856 339 515 427 624 369 316 503 
