10 2 20
8 100
1700 130 112 96 85 77 75 77 85 96 112 
100000 8705 7500 6464 5669 5170 5000 5170 5669 6464 7499 
1129 1249 1353 1433 1482 1499 1482 1433 
999 559 
808 533 
2130 1011 
1523 693 
547 1046 
1916 1464 
872 699 
1573 1088 
1233 1441 
2097 676 
1878 1628 
1400 1862 
2070 1900 
1117 1057 
1468 1191 
709 1108 
1862 715 
1345 1849 
1107 1092 
1245 828 
1128 988 
692 1714 
698 1922 
1662 1656 
1385 619 
773 1608 
604 557 
1117 1886 
1792 1602 
1066 1471 
1037 858 
1855 824 
1278 1139 
1797 1231 
2050 1691 
1032 1942 
1270 562 
942 1617 
887 1257 
1006 850 
922 570 
1578 1784 
1325 1234 
762 1580 
1064 779 
1980 1258 
866 1734 
922 1179 
645 580 
944 1680 
1299 567 
1257 1122 
1902 1317 
2094 880 
1983 1325 
2049 528 
1522 771 
933 1745 
1880 1770 
1191 1195 
1906 958 
1741 1413 
559 1545 
1645 1946 
1921 742 
969 1276 
1439 685 
1635 1787 
1263 1759 
2104 1791 
1023 954 
1699 1377 
549 652 
1908 1608 
1479 980 
977 1314 
2024 620 
1630 1013 
1088 1718 
604 1725 
1124 1782 
959 675 
1555 1211 
1220 1681 
1399 1844 
706 1713 
1293 1173 
1079 1412 
798 1096 
1229 1071 
701 1382 
1280 1345 
1306 1200 
1455 1712 
1550 1384 
1841 945 
1327 808 
1775 1614 
2098 512 
1655 1877 
