5 3 20
3 100
850 77 75 77 85 96 
850 103 100 103 113 129 
100000 5170 5000 5170 5669 6464 
1482 1499 1482 
1709 1362 
1425 1559 
1272 1525 
1222 1342 
1265 1253 
1625 1132 
1335 1478 
1304 1403 
1538 1128 
1700 1213 
1507 1306 
1695 1578 
1681 1467 
1650 1288 
1631 1124 
1369 1244 
1696 1358 
1520 1183 
1255 1268 
1669 1118 
1562 1506 
1588 1620 
1308 1352 
1299 1204 
1442 1495 
1335 1188 
1683 1138 
1564 1116 
1236 1574 
1202 1093 
1625 1624 
1213 1137 
1223 1405 
1419 1454 
1186 1448 
1535 1325 
1468 1177 
1327 1587 
1466 1090 
1639 1356 
1173 1301 
1503 1572 
1340 1305 
1680 1114 
1384 1220 
1220 1329 
1568 1232 
1437 1484 
1327 1137 
1571 1505 
1381 1570 
1682 1561 
1549 1232 
1643 1326 
1298 1462 
1457 1468 
1259 1083 
1498 1524 
1289 1540 
1601 1600 
1320 1463 
1638 1505 
1158 1218 
1311 1513 
1450 1455 
1263 1601 
1426 1593 
1516 1200 
1351 1196 
1604 1186 
1281 1526 
1306 1471 
1204 1566 
1168 1336 
1607 1490 
1159 1298 
1514 1382 
1225 1182 
1648 1139 
1518 1315 
1161 1282 
1479 1518 
1316 1395 
1287 1564 
1691 1325 
1402 1564 
1154 1341 
1429 1615 
1214 1495 
1493 1350 
1637 1261 
1597 1420 
1412 1324 
1601 1595 
1264 1552 
1292 1301 
1300 1350 
1471 1084 
1459 1308 
1515 1590 
