50 2 20
36 100
1700 130 112 96 85 77 75 77 85 96 112 130 149 169 187 203 214 222 225 222 214 203 187 169 150 130 112 96 85 77 75 77 85 96 112 130 149 169 187 203 214 222 225 222 214 203 187 169 150 130 112 
100000 8705 7500 6464 5669 5170 5000 5170 5669 6464 7499 8705 9999 11294 12499 13535 14330 14829 15000 14829 14330 13535 12500 11294 10000 8705 7500 6464 5669 5170 5000 5170 5669 6464 7499 8705 9999 11294 12499 13535 14330 14829 15000 14829 14330 13535 12500 11294 10000 8705 7500 
1129 1249 1353 1433 1482 1499 1482 1433 1353 1250 1129 1000 870 750 646 566 517 500 517 566 646 749 870 999 1129 1249 1353 1433 1482 1499 1482 1433 1353 1250 1129 1000 
869 739 646 544 524 524 524 578 655 733 910 1009 1161 1217 
867 747 642 592 522 489 510 576 643 751 871 986 1152 1212 
908 740 658 573 515 518 523 565 634 761 862 993 1079 1302 
828 767 676 563 538 516 513 538 645 719 875 997 1178 1292 
828 729 652 555 535 497 502 575 654 780 839 1004 1092 1306 
887 747 677 593 494 487 541 558 667 722 884 969 1116 1272 
828 751 643 584 507 499 535 566 668 745 910 980 1114 1296 
890 720 650 575 536 499 492 557 618 783 837 1018 1158 1244 
882 768 636 572 535 485 517 573 651 746 861 1032 1126 1209 
837 758 632 585 535 497 510 583 653 726 903 1018 1173 1198 
859 743 652 586 541 505 505 587 666 725 914 993 1077 1199 
910 771 615 579 505 506 492 571 669 735 836 1011 1180 1214 
857 739 625 563 503 508 522 555 636 746 910 1044 1092 1221 
836 742 617 547 498 493 506 559 636 739 853 1015 1176 1303 
902 754 631 550 507 497 513 549 667 778 858 1033 1136 1267 
911 773 667 570 510 505 493 541 639 714 888 1010 1138 1281 
912 734 617 593 508 490 506 579 665 769 830 952 1171 1266 
896 742 646 555 530 519 504 556 660 723 876 1044 1182 1268 
850 722 652 582 542 498 498 573 667 770 832 984 1165 1286 
842 719 658 580 501 520 497 551 653 716 876 956 1111 1192 
846 766 614 574 522 520 508 556 635 776 902 995 1093 1194 
828 756 652 582 538 524 498 554 624 732 872 1047 1148 1270 
862 751 669 556 529 523 514 584 672 717 834 975 1087 1293 
896 757 672 566 536 522 510 577 621 775 894 997 1148 1227 
901 772 671 570 494 506 499 591 674 713 839 1001 1179 1311 
869 745 653 571 507 505 492 573 663 778 871 967 1131 1208 
883 775 615 590 509 509 496 539 640 752 874 1036 1151 1295 
889 752 622 554 517 510 493 587 658 751 847 972 1084 1292 
867 760 659 538 514 477 536 586 640 736 910 1030 1171 1267 
879 713 616 554 526 480 513 579 645 773 903 975 1184 1290 
895 733 658 550 531 484 495 586 644 715 844 1037 1122 1202 
911 725 647 568 506 487 494 581 638 787 864 984 1081 1251 
876 716 622 566 517 476 523 559 621 762 908 1012 1135 1304 
858 768 678 551 516 515 542 540 673 747 908 993 1183 1233 
852 743 633 569 527 486 537 592 669 776 861 1013 1092 1264 
858 772 626 544 492 483 527 565 660 778 872 966 1086 1243 
909 731 647 588 531 494 516 572 677 750 904 961 1169 1240 
899 738 665 554 506 488 512 544 628 773 852 994 1149 1192 
910 727 670 539 516 517 536 577 629 783 857 980 1089 1227 
878 739 622 572 494 513 538 576 650 740 906 1025 1109 1227 
877 745 630 560 528 505 518 589 678 751 893 987 1143 1311 
907 736 620 584 505 500 539 564 653 721 872 998 1160 1308 
904 716 616 556 516 497 499 566 666 717 892 1035 1078 1234 
891 713 645 575 522 486 531 585 621 780 830 981 1108 1269 
892 722 642 558 502 486 513 558 615 727 912 992 1170 1250 
874 755 634 548 502 481 539 553 620 757 847 1049 1082 1225 
904 763 637 569 532 513 535 554 634 767 903 1049 1103 1207 
837 762 618 540 505 510 518 562 641 769 891 989 1130 1309 
882 756 615 593 515 489 505 590 675 731 844 952 1096 1217 
839 770 642 565 534 486 503 540 657 781 872 984 1126 1232 
844 773 628 586 501 507 522 572 639 720 911 1041 1140 1207 
870 733 648 574 507 483 533 539 629 753 894 952 1158 1287 
849 778 633 588 503 500 492 576 633 780 858 989 1168 1225 
880 758 629 583 521 485 516 539 667 758 894 992 1100 1256 
882 775 674 590 530 508 525 579 637 766 913 1041 1109 1292 
883 712 652 554 532 479 513 547 626 749 903 1020 1121 1258 
897 786 657 574 513 497 539 584 623 719 844 1026 1151 1295 
877 786 666 573 525 503 493 575 642 738 903 1048 1169 1214 
836 732 631 561 515 513 497 574 635 719 899 1048 1145 1220 
859 740 672 572 521 486 511 546 645 761 839 975 1161 1236 
854 768 675 594 501 497 532 565 643 749 834 1038 1084 1214 
832 783 649 594 517 493 507 583 624 715 892 952 1184 1230 
868 721 640 549 522 505 527 586 659 730 899 964 1126 1272 
902 727 620 565 511 481 505 582 661 714 895 1003 1157 1275 
889 758 673 547 501 502 505 576 660 747 845 980 1166 1292 
870 763 640 566 524 516 506 580 673 782 857 1039 1079 1201 
898 723 626 567 500 522 535 543 618 787 884 1021 1151 1301 
860 740 636 575 507 493 501 587 642 749 846 962 1086 1283 
855 736 635 586 515 482 524 578 621 773 848 1011 1119 1211 
842 729 656 555 541 500 523 557 620 745 904 992 1079 1240 
830 782 664 594 537 511 502 591 641 733 881 1000 1145 1276 
856 762 626 542 533 476 535 575 654 760 881 1022 1079 1200 
878 751 628 553 516 510 492 589 670 753 851 1001 1178 1251 
913 721 672 586 504 507 539 580 670 782 881 1025 1156 1206 
906 781 658 568 519 486 514 548 670 727 859 1028 1084 1296 
901 730 669 540 539 510 501 545 677 746 894 1010 1075 1276 
859 719 655 590 524 484 536 587 619 736 839 1025 1089 1235 
882 783 650 570 500 484 524 552 677 741 904 973 1103 1237 
864 729 630 544 523 517 515 554 649 716 899 971 1141 1229 
872 718 667 564 542 503 506 549 634 784 855 1027 1077 1218 
864 751 665 555 502 495 538 585 677 785 844 952 1183 1219 
837 762 654 566 524 510 491 585 676 778 870 952 1090 1259 
874 746 635 559 510 478 493 564 616 726 889 1007 1088 1197 
884 745 670 580 523 488 528 579 641 759 863 962 1117 1192 
861 717 643 569 519 491 512 582 638 765 858 1008 1119 1285 
884 786 672 569 517 488 529 576 651 715 880 1018 1142 1230 
856 727 646 548 508 477 532 586 622 765 846 996 1092 1304 
906 782 641 575 498 509 500 564 631 765 889 992 1141 1308 
835 771 667 583 526 480 534 560 661 742 882 1040 1155 1196 
827 744 653 538 528 483 531 566 669 732 907 1009 1107 1241 
871 759 653 539 492 481 517 562 673 723 851 1027 1090 1220 
847 761 636 546 510 504 522 588 655 746 891 967 1174 1220 
847 748 666 573 513 480 536 543 640 751 907 958 1089 1289 
834 738 627 569 528 498 522 586 631 777 843 973 1117 1238 
845 774 657 551 505 492 533 586 638 778 829 958 1104 1250 
845 724 616 586 533 481 523 584 617 727 886 983 1182 1202 
867 747 648 545 524 513 538 575 634 724 848 971 1168 1217 
828 778 668 557 509 498 535 547 640 720 843 988 1078 1208 
860 786 622 551 525 510 514 548 621 755 890 1048 1152 1260 
896 733 674 575 499 489 507 595 624 736 866 1044 1086 1215 
