50 3 20
16 5
850 150 130 112 96 85 77 75 77 85 96 112 130 149 169 187 203 214 222 225 222 214 203 187 169 150 130 112 96 85 77 75 77 85 96 112 130 149 169 187 203 214 222 225 222 214 203 187 169 150 130 
850 200 174 150 129 113 103 100 103 113 129 149 174 199 225 249 270 286 296 300 296 286 270 250 225 200 174 150 129 113 103 100 103 113 129 149 174 199 225 249 270 286 296 300 296 286 270 250 225 200 174 
100000 10000 8705 7500 6464 5669 5170 5000 5170 5669 6464 7499 8705 9999 11294 12499 13535 14330 14829 15000 14829 14330 13535 12500 11294 10000 8705 7500 6464 5669 5170 5000 5170 5669 6464 7499 8705 9999 11294 12499 13535 14330 14829 15000 14829 14330 13535 12500 11294 10000 8705 
1000 1129 1249 1353 1433 1482 1499 1482 1433 1353 1250 1129 1000 870 750 646 
558 519 512 535 581 655 775 845 950 1081 1263 1420 1461 1428 1474 1447 1413 1365 1206 1149 968 900 748 656 562 494 497 514 543 650 763 832 1045 1078 
557 520 503 495 579 661 732 856 971 1117 1289 1291 1373 1505 1552 1422 1473 1317 1257 1105 968 831 777 632 577 517 503 514 557 631 754 873 1046 1108 
590 493 508 540 567 638 741 859 976 1160 1311 1388 1468 1521 1536 1454 1487 1341 1237 1104 1031 835 778 637 571 537 516 515 572 648 769 862 1008 1170 
565 508 481 529 550 643 728 875 961 1085 1211 1411 1472 1468 1487 1423 1395 1381 1296 1113 972 845 734 624 543 523 520 500 543 647 740 910 1012 1092 
593 521 524 518 583 659 731 834 1028 1132 1296 1330 1424 1454 1507 1490 1384 1359 1202 1140 1034 879 770 649 587 500 502 523 539 669 735 879 989 1149 
