50 2 20
26 100
1700 96 112 130 149 169 187 203 214 222 225 222 214 203 187 169 150 130 112 96 85 77 75 77 85 96 112 130 149 169 187 203 214 222 225 222 214 203 187 169 150 130 112 96 85 77 75 77 85 96 112 
100000 6464 7499 8705 9999 11294 12499 13535 14330 14829 15000 14829 14330 13535 12500 11294 10000 8705 7500 6464 5669 5170 5000 5170 5669 6464 7499 8705 9999 11294 12499 13535 14330 14829 15000 14829 14330 13535 12500 11294 10000 8705 7500 6464 5669 5170 5000 5170 5669 6464 7499 
1353 1250 1129 1000 870 750 646 566 517 500 517 566 646 749 870 999 1129 1249 1353 1433 1482 1499 1482 1433 1353 1250 
1123 1042 835 762 652 582 494 521 491 588 626 721 841 1045 1094 1307 1388 1479 1465 1499 1439 1393 1324 1266 
1166 1002 838 714 618 571 508 478 517 539 648 716 836 1034 1107 1240 1342 1396 1434 1451 1445 1500 1415 1212 
1126 972 829 772 641 587 526 524 527 558 620 713 896 998 1082 1254 1295 1405 1417 1562 1409 1405 1360 1215 
1181 968 882 727 625 553 520 520 529 541 677 731 899 1038 1076 1204 1301 1497 1532 1497 1510 1366 1338 1277 
1107 960 881 723 635 586 521 510 501 576 640 750 894 955 1079 1281 1332 1471 1511 1473 1531 1483 1338 1283 
1155 1046 839 771 642 590 491 479 521 594 623 769 900 1042 1150 1295 1418 1363 1446 1497 1497 1425 1411 1308 
1103 964 874 754 648 549 502 482 515 560 664 739 867 1011 1093 1271 1356 1496 1481 1550 1556 1491 1361 1219 
1107 1040 908 758 674 559 498 495 528 555 673 756 892 968 1129 1207 1353 1440 1482 1539 1543 1433 1368 1204 
1176 974 873 755 678 593 512 477 513 557 625 750 892 1007 1089 1252 1303 1465 1431 1448 1415 1490 1372 1219 
1089 965 913 758 653 581 515 510 533 569 620 730 890 965 1173 1190 1395 1457 1507 1546 1525 1460 1397 1228 
1088 971 875 718 658 556 519 499 542 550 675 760 839 991 1116 1216 1348 1479 1552 1457 1531 1406 1304 1252 
1088 1009 832 736 643 548 520 498 522 591 639 734 883 972 1141 1255 1399 1373 1409 1525 1526 1413 1350 1202 
1111 992 905 785 655 549 530 499 507 547 678 780 905 983 1097 1208 1371 1416 1545 1545 1504 1398 1369 1267 
1151 999 894 757 651 557 507 494 498 538 655 718 847 981 1164 1247 1348 1468 1416 1502 1411 1405 1297 1217 
1129 991 857 767 620 589 538 505 532 566 667 747 846 1036 1181 1271 1390 1446 1536 1452 1466 1377 1399 1264 
1177 958 897 728 637 543 539 479 529 550 669 731 838 997 1100 1301 1363 1432 1516 1475 1433 1418 1409 1207 
1113 1004 848 714 652 585 534 506 504 552 665 722 849 999 1077 1277 1297 1405 1496 1529 1502 1384 1401 1256 
1153 972 912 744 651 548 499 507 504 570 642 747 834 1004 1108 1296 1318 1452 1483 1504 1517 1394 1299 1279 
1129 1007 886 745 624 593 515 483 496 583 619 714 857 980 1089 1255 1291 1461 1411 1490 1526 1390 1309 1215 
1171 952 864 767 647 584 507 490 499 552 628 784 828 1023 1101 1306 1399 1446 1482 1501 1419 1465 1394 1291 
1127 984 877 784 638 571 535 485 509 567 678 725 833 1007 1109 1220 1346 1486 1446 1550 1442 1388 1402 1279 
1101 993 882 739 618 551 517 479 521 552 656 725 844 980 1098 1306 1306 1439 1498 1482 1495 1471 1321 1305 
1184 986 898 768 647 587 511 520 537 562 671 722 860 992 1088 1249 1365 1428 1521 1469 1463 1481 1373 1202 
1173 1042 883 784 675 562 528 491 523 594 672 746 856 964 1125 1245 1354 1365 1501 1502 1523 1477 1421 1289 
1177 993 859 759 659 566 539 476 514 582 645 760 895 993 1157 1311 1337 1406 1476 1548 1537 1400 1299 1188 
1083 955 842 731 660 578 537 495 503 591 674 755 889 992 1114 1257 1409 1442 1467 1455 1473 1439 1407 1197 
1134 980 865 772 678 556 534 510 534 574 668 726 861 974 1084 1219 1345 1368 1537 1522 1509 1450 1381 1210 
1141 963 886 754 675 558 498 493 522 551 661 744 856 969 1147 1230 1308 1403 1540 1466 1519 1427 1331 1297 
1142 974 875 745 649 591 500 524 493 574 653 765 836 975 1183 1210 1323 1464 1441 1553 1441 1458 1289 1223 
1153 1034 875 754 639 549 532 497 494 557 637 759 828 954 1128 1266 1418 1446 1465 1532 1467 1439 1329 1247 
1126 1024 890 736 658 559 536 500 508 565 616 724 886 964 1093 1271 1333 1424 1496 1574 1480 1431 1392 1234 
1115 1035 843 770 615 557 521 514 509 573 618 722 871 1020 1139 1256 1301 1464 1487 1470 1512 1480 1368 1300 
1097 955 874 744 619 574 527 479 512 572 627 724 907 1008 1144 1216 1320 1504 1411 1534 1433 1362 1292 1261 
1111 993 841 736 628 575 526 477 523 539 645 778 884 1018 1112 1211 1355 1418 1489 1459 1520 1374 1396 1255 
1161 1038 855 758 669 561 521 492 518 586 616 759 892 1032 1128 1270 1392 1430 1504 1488 1523 1464 1324 1282 
1104 961 853 746 670 567 540 476 529 574 659 743 872 1036 1184 1210 1338 1431 1447 1532 1488 1420 1363 1290 
1084 1048 846 728 660 574 519 495 519 594 649 740 859 981 1106 1263 1304 1493 1530 1547 1526 1395 1359 1190 
1174 977 902 727 647 557 540 487 501 560 638 749 867 968 1146 1234 1339 1443 1457 1523 1415 1483 1370 1284 
1097 1028 857 759 615 548 542 494 502 564 670 770 856 984 1084 1218 1413 1486 1443 1517 1521 1497 1361 1247 
1082 1030 881 714 642 555 498 506 513 572 671 767 853 969 1134 1238 1383 1449 1448 1457 1469 1367 1417 1275 
1115 951 907 713 616 559 528 482 497 591 641 736 894 1017 1134 1297 1349 1374 1415 1441 1471 1454 1403 1285 
1076 1018 827 743 666 588 542 480 532 577 646 728 865 1023 1080 1235 1316 1442 1505 1498 1411 1481 1417 1285 
1097 982 859 776 672 581 497 517 541 591 615 739 860 961 1078 1256 1382 1380 1409 1550 1536 1382 1414 1286 
1109 1014 846 752 669 567 494 486 531 578 638 720 912 1003 1176 1246 1363 1501 1437 1439 1507 1491 1353 1273 
1167 1043 867 758 671 572 503 504 520 565 615 755 887 972 1174 1274 1356 1500 1495 1450 1497 1490 1331 1209 
1085 1029 861 772 672 551 500 515 497 539 668 739 899 1036 1100 1254 1330 1456 1541 1549 1503 1419 1291 1218 
1181 973 865 741 642 570 539 476 494 577 643 768 833 1038 1113 1283 1384 1453 1422 1569 1517 1452 1388 1192 
1096 971 883 757 648 553 518 502 536 591 638 727 904 961 1157 1280 1302 1401 1433 1463 1538 1438 1398 1190 
1075 992 838 745 635 560 493 479 491 563 619 733 906 1040 1169 1291 1322 1483 1527 1450 1418 1500 1318 1259 
1097 1010 853 771 661 578 533 506 523 556 668 778 835 996 1164 1216 1386 1504 1545 1479 1421 1396 1418 1307 
1111 960 834 782 665 560 511 494 516 593 652 778 894 1022 1074 1213 1330 1449 1421 1493 1442 1370 1320 1269 
1150 1041 906 745 615 542 509 494 517 548 649 728 880 997 1143 1271 1323 1372 1522 1450 1533 1475 1367 1191 
1094 1046 886 747 654 549 494 480 505 568 661 726 864 1046 1172 1202 1344 1486 1486 1553 1526 1389 1399 1246 
1092 1044 868 741 647 592 502 520 514 558 640 733 905 1025 1110 1308 1316 1439 1416 1480 1521 1420 1410 1288 
1181 984 851 770 635 557 511 496 540 591 637 737 835 958 1181 1221 1365 1377 1416 1480 1472 1423 1379 1207 
1120 950 869 777 623 578 508 508 501 545 617 786 907 1001 1087 1288 1373 1471 1416 1564 1493 1490 1342 1204 
1106 1041 855 734 630 584 501 486 542 554 655 760 867 950 1119 1251 1342 1363 1417 1514 1554 1396 1332 1241 
1127 999 837 727 658 594 524 481 515 582 673 765 840 978 1115 1229 1320 1379 1419 1535 1451 1401 1414 1281 
1091 973 869 773 657 586 533 512 537 568 621 729 902 1022 1086 1242 1323 1367 1486 1478 1504 1376 1320 1210 
1163 1008 854 735 674 560 501 494 499 555 644 781 899 996 1161 1283 1363 1446 1491 1456 1453 1419 1402 1296 
1076 994 893 719 674 558 506 480 511 543 671 756 864 1047 1170 1192 1336 1376 1432 1473 1415 1381 1415 1204 
1117 1028 907 745 669 544 507 516 507 539 628 776 910 1048 1125 1190 1289 1418 1444 1563 1484 1445 1303 1296 
1183 1036 881 750 653 579 517 477 515 569 658 734 839 1028 1116 1224 1407 1383 1484 1523 1466 1469 1305 1242 
1177 1011 899 768 655 571 525 508 510 545 673 715 875 1040 1084 1226 1300 1452 1448 1464 1478 1392 1350 1293 
1163 1009 839 760 652 555 503 498 517 548 617 754 914 966 1139 1291 1307 1479 1420 1513 1497 1396 1399 1229 
1171 968 831 780 671 540 514 508 504 562 655 714 884 959 1081 1287 1347 1487 1452 1574 1480 1418 1352 1227 
1093 968 834 782 627 545 507 480 517 575 639 778 841 1021 1141 1252 1377 1367 1478 1441 1468 1422 1352 1280 
1142 1036 905 770 660 548 513 509 516 585 673 782 873 1027 1136 1217 1288 1480 1504 1568 1520 1444 1390 1284 
1156 973 835 735 637 565 531 483 495 572 625 763 830 972 1180 1202 1332 1458 1484 1503 1482 1399 1302 1299 
1139 1038 835 786 670 582 501 493 508 545 674 721 895 971 1149 1256 1308 1492 1471 1517 1481 1381 1290 1231 
1101 951 892 770 658 568 542 517 524 556 614 780 863 983 1142 1298 1359 1381 1461 1446 1504 1432 1343 1310 
1118 1047 903 756 669 558 499 511 538 565 646 772 865 982 1140 1248 1395 1496 1502 1537 1414 1372 1317 1243 
1150 959 890 716 654 539 527 481 518 554 664 762 881 962 1100 1214 1318 1364 1502 1553 1529 1397 1408 1283 
1180 1045 841 762 619 579 528 514 507 545 637 760 838 978 1151 1217 1356 1461 1453 1429 1411 1443 1383 1227 
1117 1047 907 732 649 582 506 486 498 588 664 777 880 1028 1096 1219 1306 1465 1492 1542 1451 1459 1288 1209 
1136 991 879 785 675 576 514 484 529 594 624 745 840 967 1144 1195 1378 1445 1500 1527 1471 1454 1328 1282 
1096 1022 878 745 675 563 531 494 493 593 667 774 834 968 1158 1254 1401 1371 1421 1560 1530 1447 1321 1310 
1082 978 896 752 616 570 497 516 524 554 656 763 885 1009 1132 1302 1365 1399 1416 1438 1525 1475 1351 1271 
1133 1005 863 732 644 540 541 492 494 569 640 780 884 1005 1089 1260 1406 1494 1554 1522 1516 1370 1330 1237 
1078 1001 858 734 622 594 537 500 533 546 667 729 893 978 1078 1196 1364 1395 1479 1486 1445 1443 1344 1276 
1137 1002 889 758 622 571 526 478 516 554 663 719 908 957 1156 1259 1410 1484 1555 1512 1413 1367 1315 1274 
1163 1012 830 768 643 558 514 501 518 554 614 780 879 1026 1134 1280 1307 1433 1452 1458 1516 1398 1318 1304 
1109 958 870 729 638 584 527 492 497 555 619 764 887 1000 1091 1303 1400 1464 1549 1568 1494 1365 1337 1293 
1138 992 905 752 661 569 495 489 526 569 675 723 877 1045 1093 1277 1304 1387 1490 1447 1414 1427 1418 1235 
1162 1025 880 736 627 575 495 494 514 575 648 782 908 1031 1118 1305 1407 1402 1544 1485 1433 1456 1393 1204 
1149 1005 859 718 634 568 532 524 536 574 617 756 859 1027 1080 1308 1385 1380 1421 1495 1556 1469 1401 1280 
1083 1023 905 726 638 594 499 499 531 540 643 754 833 1030 1181 1240 1397 1490 1450 1501 1508 1410 1307 1286 
1135 966 866 730 635 591 517 484 522 574 640 769 840 1031 1113 1223 1383 1444 1503 1536 1492 1402 1327 1306 
1138 1001 849 778 640 548 526 507 506 559 645 747 829 1024 1178 1227 1415 1373 1543 1495 1434 1488 1415 1264 
1182 1000 893 779 663 583 498 496 506 579 675 758 881 1043 1119 1303 1359 1466 1553 1492 1551 1421 1308 1290 
1179 1001 899 771 667 581 540 482 503 564 655 740 859 1047 1095 1228 1335 1381 1447 1530 1417 1376 1370 1262 
1085 1007 890 756 657 541 527 521 519 579 651 730 846 1037 1171 1209 1343 1421 1412 1516 1528 1411 1386 1272 
1115 1022 834 730 626 540 493 487 492 570 645 740 863 1006 1128 1251 1418 1478 1483 1496 1438 1429 1373 1258 
1150 1024 883 723 626 553 515 482 498 582 631 744 845 1040 1168 1194 1358 1462 1553 1484 1441 1466 1420 1310 
1148 978 910 730 633 577 528 513 510 544 629 759 860 1040 1133 1307 1383 1493 1504 1504 1410 1468 1381 1281 
1084 985 903 736 663 548 496 494 504 591 630 738 894 994 1182 1295 1293 1437 1474 1540 1551 1405 1365 1305 
1111 967 914 782 629 563 530 510 512 550 670 783 870 983 1094 1234 1365 1494 1508 1532 1502 1441 1392 1249 
1133 989 907 741 627 559 529 501 516 586 620 719 845 1019 1140 1297 1336 1406 1491 1441 1493 1436 1300 1205 
1160 1025 865 740 650 575 542 520 533 561 632 743 838 1029 1136 1280 1400 1447 1505 1513 1411 1370 1326 1287 
1083 954 875 771 668 589 499 501 496 553 664 744 913 971 1172 1303 1304 1447 1425 1549 1476 1383 1300 1211 
