50 11 20
16 10
170 96 112 130 149 169 187 203 214 222 225 222 214 203 187 169 150 130 112 96 85 77 75 77 85 96 112 130 149 169 187 203 214 222 225 222 214 203 187 169 150 130 112 96 85 77 75 77 85 96 112 
170 129 149 174 199 225 249 270 286 296 300 296 286 270 250 225 200 174 150 129 113 103 100 103 113 129 149 174 199 225 249 270 286 296 300 296 286 270 250 225 200 174 150 129 113 103 100 103 113 129 149 
170 161 187 217 249 282 312 338 358 370 375 370 358 338 312 282 250 217 187 161 141 129 125 129 141 161 187 217 249 282 312 338 358 370 375 370 358 338 312 282 250 217 187 161 141 129 125 129 141 161 187 
170 193 224 261 299 338 374 406 429 444 450 444 429 406 375 338 300 261 225 193 170 155 150 155 170 193 224 261 299 338 374 406 429 444 450 444 429 406 375 338 300 261 225 193 170 155 150 155 170 193 224 
170 226 262 304 349 395 437 473 501 519 525 519 501 473 437 395 350 304 262 226 198 180 175 180 198 226 262 304 349 395 437 473 501 519 525 519 501 473 437 395 350 304 262 226 198 180 175 180 198 226 262 
170 258 299 348 399 451 499 541 573 593 600 593 573 541 500 451 400 348 300 258 226 206 200 206 226 258 299 348 399 451 499 541 573 593 600 593 573 541 500 451 400 348 300 258 226 206 200 206 226 258 299 
170 290 337 391 449 508 562 609 644 667 675 667 644 609 562 508 450 391 337 290 255 232 225 232 255 290 337 391 449 508 562 609 644 667 675 667 644 609 562 508 450 391 337 290 255 232 225 232 255 290 337 
170 323 374 435 499 564 624 676 716 741 750 741 716 676 625 564 500 435 375 323 283 258 250 258 283 323 374 435 499 564 624 676 716 741 750 741 716 676 625 564 500 435 375 323 283 258 250 258 283 323 374 
170 355 412 478 549 621 687 744 788 815 825 815 788 744 687 621 550 478 412 355 311 284 275 284 311 355 412 478 549 621 687 744 788 815 825 815 788 744 687 621 550 478 412 355 311 284 275 284 311 355 412 
170 387 449 522 599 677 749 812 859 889 900 889 859 812 750 677 600 522 450 387 340 310 300 310 340 387 449 522 599 677 749 812 859 889 900 889 859 812 750 677 600 522 450 387 340 310 300 310 340 387 449 
100000 6464 7499 8705 9999 11294 12499 13535 14330 14829 15000 14829 14330 13535 12500 11294 10000 8705 7500 6464 5669 5170 5000 5170 5669 6464 7499 8705 9999 11294 12499 13535 14330 14829 15000 14829 14330 13535 12500 11294 10000 8705 7500 6464 5669 5170 5000 5170 5669 6464 7499 
1353 1250 1129 1000 870 750 646 566 517 500 517 566 646 749 870 999 
1410 1855 789 1147 903 1490 1528 1271 1338 1438 1615 795 1027 522 1032 883 443 654 520 809 916 995 1103 1518 1714 717 667 1311 2062 736 831 1699 764 1498 
882 1483 935 1839 2045 1335 758 1060 1520 1429 722 868 413 946 273 878 323 289 485 283 884 799 1041 929 1571 1914 2151 1439 2258 1352 733 2201 1789 1392 
495 630 2112 1045 1973 1840 825 1382 1078 1992 605 870 608 574 756 548 769 783 649 248 942 428 1145 1212 635 619 607 617 982 1382 930 2030 884 938 
1112 838 1556 1152 1862 2072 2346 2272 738 1739 867 1417 844 980 401 429 593 539 652 636 710 571 1389 807 1254 1701 1091 1496 790 1635 663 1121 915 1176 
1562 1155 1298 688 1835 1527 1305 1997 1385 1028 640 877 1226 420 306 454 456 733 716 877 961 333 427 442 875 1067 2010 1277 1258 1230 1293 761 1570 1881 
923 637 1513 2190 1676 911 1143 1097 2050 894 488 1329 1285 730 452 767 740 349 696 327 508 1190 462 1365 1518 1177 1616 1932 1513 1193 1363 1326 803 851 
1004 1770 1755 1616 933 2233 2341 1753 1337 1598 916 534 1057 1044 973 401 310 717 518 834 872 639 1204 723 1736 890 1330 931 1801 1239 1575 1100 1260 552 
672 1763 1799 718 1094 1448 1607 1841 2091 970 714 655 428 773 374 629 291 766 525 485 960 1111 1253 1121 1167 1713 2045 1879 611 1658 1683 1477 1424 1343 
1484 1214 1602 2103 946 1933 1719 805 1186 1849 769 483 813 1169 324 436 534 688 698 808 762 1084 573 600 1566 1185 1954 1996 1344 1604 2235 1291 2085 1164 
1490 1525 2010 2139 1699 1667 2344 1520 789 1058 933 1400 925 410 395 496 251 262 281 465 619 556 463 1565 869 864 2114 1587 1798 651 1003 682 759 593 
