50 2 20
36 50
1700 85 77 75 77 85 96 112 130 149 169 187 203 214 222 225 222 214 203 187 169 150 130 112 96 85 77 75 77 85 96 112 130 149 169 187 203 214 222 225 222 214 203 187 169 150 130 112 96 85 77 
100000 5669 5170 5000 5170 5669 6464 7499 8705 9999 11294 12499 13535 14330 14829 15000 14829 14330 13535 12500 11294 10000 8705 7500 6464 5669 5170 5000 5170 5669 6464 7499 8705 9999 11294 12499 13535 14330 14829 15000 14829 14330 13535 12500 11294 10000 8705 7500 6464 5669 5170 
1433 1482 1499 1482 1433 1353 1250 1129 1000 870 750 646 566 517 500 517 566 646 749 870 999 1129 1249 1353 1433 1482 1499 1482 1433 1353 1250 1129 1000 870 750 646 
587 537 488 537 568 645 760 880 960 1165 1222 1312 1475 1508 
556 505 482 510 552 645 745 842 1007 1173 1202 1317 1484 1454 
582 494 485 500 566 672 775 838 1030 1097 1296 1309 1395 1460 
584 515 511 530 592 650 768 832 967 1116 1240 1389 1410 1466 
579 517 514 515 576 637 719 837 1038 1179 1260 1293 1412 1446 
589 499 505 521 591 669 751 880 998 1146 1239 1306 1368 1418 
552 506 520 528 551 668 723 887 1000 1124 1265 1289 1466 1495 
568 510 512 520 571 663 742 897 1003 1130 1254 1390 1365 1409 
566 511 493 532 588 656 738 858 1042 1092 1283 1303 1440 1457 
574 499 524 530 575 672 737 910 972 1162 1305 1373 1426 1499 
590 523 481 526 568 670 755 907 1046 1136 1214 1343 1402 1532 
566 493 514 532 561 638 773 889 1037 1135 1200 1298 1452 1501 
586 496 500 516 566 641 773 858 979 1075 1203 1408 1493 1499 
569 521 475 515 546 665 781 871 1019 1088 1260 1297 1383 1456 
585 515 477 503 591 644 748 872 1032 1100 1262 1325 1473 1505 
562 506 517 501 584 621 713 832 994 1163 1229 1418 1470 1481 
589 533 492 506 593 641 728 844 970 1122 1203 1313 1387 1411 
563 507 484 536 584 660 755 880 1046 1172 1241 1415 1385 1501 
549 519 489 495 571 627 737 885 1022 1087 1226 1380 1494 1556 
547 498 502 517 581 669 784 840 1013 1176 1267 1415 1428 1461 
574 534 475 537 556 642 746 841 1015 1173 1301 1383 1504 1503 
538 516 503 517 554 677 762 857 999 1184 1278 1327 1393 1516 
557 499 484 521 549 661 760 855 981 1146 1299 1361 1416 1537 
588 533 495 533 562 672 771 886 965 1132 1303 1417 1503 1454 
558 517 516 494 573 616 751 849 1037 1185 1275 1388 1426 1420 
579 526 487 515 539 643 735 858 966 1177 1252 1359 1416 1502 
567 527 480 493 591 629 766 908 971 1098 1221 1363 1465 1461 
585 495 512 514 567 650 781 857 951 1092 1282 1402 1406 1419 
587 515 504 504 553 658 723 829 1025 1111 1198 1348 1436 1437 
581 511 523 535 570 635 781 856 981 1164 1228 1359 1447 1501 
569 527 494 516 548 628 736 866 1027 1173 1298 1374 1409 1412 
545 534 510 505 580 624 715 906 997 1139 1240 1305 1451 1502 
572 512 497 520 547 623 743 906 1049 1166 1201 1336 1413 1434 
571 539 496 532 594 638 759 884 997 1172 1266 1320 1374 1415 
562 498 497 533 542 656 724 900 1032 1102 1294 1375 1378 1517 
565 504 477 501 592 643 786 876 1027 1122 1292 1329 1457 1437 
573 541 519 491 583 639 729 896 982 1107 1233 1338 1430 1409 
575 524 502 526 588 643 755 869 968 1121 1211 1359 1446 1488 
576 498 499 506 543 646 736 900 963 1171 1297 1355 1380 1525 
574 503 514 498 551 639 747 897 1026 1114 1235 1342 1493 1500 
562 505 500 503 544 667 757 828 988 1143 1290 1291 1473 1462 
584 521 500 533 567 647 720 854 995 1184 1230 1355 1439 1489 
577 500 489 512 556 657 751 844 1040 1176 1200 1385 1369 1474 
582 499 513 516 586 624 763 868 998 1122 1256 1417 1460 1430 
584 523 504 521 559 669 780 894 1018 1073 1268 1315 1434 1525 
572 515 518 513 570 670 776 890 984 1075 1196 1310 1369 1455 
591 513 512 499 581 630 730 845 953 1107 1288 1325 1445 1536 
586 497 479 526 545 665 770 860 997 1176 1250 1339 1374 1487 
558 528 508 519 582 668 782 905 975 1173 1289 1316 1366 1451 
568 496 489 499 540 671 754 885 969 1173 1188 1349 1483 1434 
