10 11 20
6 50
170 75 77 85 96 112 130 149 169 187 203 
170 100 103 113 129 149 174 199 225 249 270 
170 125 129 141 161 187 217 249 282 312 338 
170 150 155 170 193 224 261 299 338 374 406 
170 175 180 198 226 262 304 349 395 437 473 
170 200 206 226 258 299 348 399 451 499 541 
170 225 232 255 290 337 391 449 508 562 609 
170 250 258 283 323 374 435 499 564 624 676 
170 275 284 311 355 412 478 549 621 687 744 
170 300 310 340 387 449 522 599 677 749 812 
100000 5000 5170 5669 6464 7499 8705 9999 11294 12499 13535 
1499 1482 1433 1353 1250 1129 
976 734 821 549 
866 1017 621 701 
809 812 691 596 
875 853 824 680 
823 985 605 654 
1019 1029 728 561 
908 731 712 594 
1079 760 763 764 
1163 1025 701 676 
1192 727 686 585 
1074 915 862 606 
1003 759 769 531 
1049 832 711 766 
1173 776 861 624 
1092 824 877 694 
835 822 605 612 
1036 993 756 764 
992 877 820 533 
1123 1032 618 598 
1079 803 642 596 
928 924 688 685 
1062 765 637 656 
1049 741 783 731 
1097 742 765 544 
1127 911 807 689 
1133 862 712 764 
1031 877 622 601 
865 823 788 699 
1185 1026 767 528 
843 842 679 534 
850 909 749 585 
1121 983 869 684 
1152 734 893 550 
1066 979 719 554 
863 895 854 606 
1112 866 716 752 
929 938 792 630 
864 712 775 740 
951 743 713 614 
1150 824 609 730 
815 800 667 660 
833 1037 661 561 
1069 865 608 560 
1157 833 601 754 
858 838 825 768 
858 983 778 555 
998 736 828 617 
815 793 642 727 
1007 783 897 517 
1059 702 725 753 
