20 3 20
11 50
850 150 130 112 96 85 77 75 77 85 96 112 130 149 169 187 203 214 222 225 222 
850 200 174 150 129 113 103 100 103 113 129 149 174 199 225 249 270 286 296 300 296 
100000 10000 8705 7500 6464 5669 5170 5000 5170 5669 6464 7499 8705 9999 11294 12499 13535 14330 14829 15000 14829 
1000 1129 1249 1353 1433 1482 1499 1482 1433 1353 1250 
512 1373 944 704 906 662 674 245 748 
1053 1089 1337 454 320 419 417 386 247 
522 490 691 553 826 642 404 545 782 
723 1368 1367 497 725 588 668 731 378 
1402 1573 1365 816 510 899 232 710 651 
670 931 361 986 671 552 471 228 696 
814 1231 794 1129 781 376 299 339 295 
597 537 1327 1004 465 475 245 524 379 
1006 1439 1197 1140 605 572 410 765 290 
666 1200 1159 1141 495 386 271 606 484 
528 1355 787 1114 425 888 321 777 392 
521 1223 417 910 469 660 390 789 618 
1422 1382 967 1129 883 608 525 306 568 
1540 958 449 359 972 586 403 322 820 
724 1193 456 734 408 297 820 656 720 
1774 986 962 628 528 459 446 264 258 
614 941 1015 771 298 804 214 359 550 
718 718 366 799 316 281 814 322 366 
1731 1291 421 759 763 334 461 290 511 
645 1133 449 1167 962 494 600 426 552 
1635 1123 498 796 317 384 303 782 824 
917 464 427 1006 363 735 287 316 374 
488 1515 1205 733 732 258 381 458 499 
741 1492 355 1007 926 257 714 410 353 
1173 485 1195 386 657 617 541 467 277 
537 1020 630 384 716 263 669 261 316 
1393 1478 952 716 380 342 779 537 602 
1621 443 1227 605 992 766 737 535 305 
1229 564 531 1134 590 280 757 208 809 
1285 459 770 851 973 520 446 317 740 
1493 740 1030 646 589 794 691 569 230 
1334 1235 1202 703 852 295 825 690 641 
1717 779 568 348 644 283 547 228 624 
1125 673 386 565 944 411 461 374 613 
945 1467 1064 906 716 680 237 372 359 
949 993 1091 785 485 775 206 534 781 
1552 792 670 446 706 756 336 334 523 
980 1420 1127 1195 759 485 819 574 297 
941 1181 1006 917 595 402 590 459 601 
1223 624 819 945 268 582 375 379 566 
1241 1281 578 449 987 789 769 698 761 
1431 548 1321 1144 843 861 582 308 534 
750 1091 1193 1117 740 734 324 250 330 
1180 1246 802 943 623 852 471 694 777 
660 685 415 795 322 464 804 420 479 
1556 529 1261 675 586 583 396 721 502 
755 853 1281 664 438 613 769 759 805 
930 1344 361 571 562 355 367 297 289 
1301 493 1378 1005 574 388 768 289 219 
551 1587 630 362 312 495 433 409 216 
