10 11 20
4 50
170 77 85 96 112 130 149 169 187 203 214 
170 103 113 129 149 174 199 225 249 270 286 
170 129 141 161 187 217 249 282 312 338 358 
170 155 170 193 224 261 299 338 374 406 429 
170 180 198 226 262 304 349 395 437 473 501 
170 206 226 258 299 348 399 451 499 541 573 
170 232 255 290 337 391 449 508 562 609 644 
170 258 283 323 374 435 499 564 624 676 716 
170 284 311 355 412 478 549 621 687 744 788 
170 310 340 387 449 522 599 677 749 812 859 
100000 5170 5669 6464 7499 8705 9999 11294 12499 13535 14330 
1482 1433 1353 1250 
1045 998 983 869 769 668 
1171 1159 1031 677 555 672 
941 948 1034 635 610 574 
1351 858 774 746 594 518 
1314 899 773 877 688 520 
969 1185 724 743 550 657 
999 1020 941 669 699 593 
1317 917 935 708 769 478 
1178 966 899 700 711 605 
1049 1165 923 874 556 573 
961 1046 838 730 552 503 
1046 1113 763 827 646 457 
1157 872 837 729 758 495 
975 1003 976 881 719 477 
1038 998 798 626 678 526 
1163 1005 1011 794 670 670 
1164 864 975 619 548 612 
1056 1170 796 736 741 540 
1155 962 902 854 543 545 
1097 1082 1000 811 708 670 
958 931 925 635 521 467 
1102 820 905 741 734 618 
1266 1090 1019 778 702 602 
1077 1052 1002 839 696 596 
1237 1135 765 855 535 510 
1149 1054 882 755 623 466 
944 1098 711 661 645 460 
1142 886 915 720 598 594 
1262 1088 1010 634 728 535 
1002 931 714 895 674 619 
940 924 1018 665 607 495 
1218 1000 813 841 732 650 
1195 977 980 737 668 569 
1306 1035 888 692 567 509 
1304 924 792 713 638 523 
915 1199 938 685 632 626 
966 939 770 630 663 581 
1166 988 879 609 641 645 
1019 824 833 608 544 633 
1302 1164 762 623 596 497 
1136 1193 927 833 590 631 
909 917 897 823 647 675 
984 1026 838 722 699 642 
976 891 981 683 750 557 
1211 909 848 736 626 525 
952 860 977 873 663 603 
1275 1055 1003 841 628 639 
1337 1083 756 772 718 461 
1287 1042 810 881 527 589 
1284 941 902 767 560 611 
