50 6 20
16 5
340 130 112 96 85 77 75 77 85 96 112 130 149 169 187 203 214 222 225 222 214 203 187 169 150 130 112 96 85 77 75 77 85 96 112 130 149 169 187 203 214 222 225 222 214 203 187 169 150 130 112 
340 174 150 129 113 103 100 103 113 129 149 174 199 225 249 270 286 296 300 296 286 270 250 225 200 174 150 129 113 103 100 103 113 129 149 174 199 225 249 270 286 296 300 296 286 270 250 225 200 174 150 
340 217 187 161 141 129 125 129 141 161 187 217 249 282 312 338 358 370 375 370 358 338 312 282 250 217 187 161 141 129 125 129 141 161 187 217 249 282 312 338 358 370 375 370 358 338 312 282 250 217 187 
340 261 225 193 170 155 150 155 170 193 224 261 299 338 374 406 429 444 450 444 429 406 375 338 300 261 225 193 170 155 150 155 170 193 224 261 299 338 374 406 429 444 450 444 429 406 375 338 300 261 225 
340 304 262 226 198 180 175 180 198 226 262 304 349 395 437 473 501 519 525 519 501 473 437 395 350 304 262 226 198 180 175 180 198 226 262 304 349 395 437 473 501 519 525 519 501 473 437 395 350 304 262 
100000 8705 7500 6464 5669 5170 5000 5170 5669 6464 7499 8705 9999 11294 12499 13535 14330 14829 15000 14829 14330 13535 12500 11294 10000 8705 7500 6464 5669 5170 5000 5170 5669 6464 7499 8705 9999 11294 12499 13535 14330 14829 15000 14829 14330 13535 12500 11294 10000 8705 7500 
1129 1249 1353 1433 1482 1499 1482 1433 1353 1250 1129 1000 870 750 646 566 
593 338 337 755 511 414 646 1463 554 1084 1710 1697 1241 1219 1702 2239 1127 1193 635 703 1173 398 297 872 414 622 339 716 966 535 1150 493 1363 1676 
736 593 239 547 924 1058 1111 658 1526 519 1907 1189 2229 687 1069 856 837 1074 970 1593 954 562 303 659 229 582 394 750 945 1015 731 435 1206 1949 
616 583 552 649 499 367 696 722 1460 1620 753 1037 740 853 1330 2191 1748 1126 1765 1158 411 1123 460 241 382 519 298 457 870 720 936 1269 1605 905 
340 482 721 690 996 600 434 679 1582 1479 1349 683 1590 1481 2256 2189 1007 1269 1081 1510 850 1050 820 700 744 515 354 868 325 336 400 1415 640 844 
527 254 348 374 711 647 428 1371 1026 1928 1057 1751 1908 2335 720 693 1532 1095 810 551 568 528 896 748 352 587 397 305 567 924 451 796 1567 1556 
