50 11 20
26 10
170 77 75 77 85 96 112 130 149 169 187 203 214 222 225 222 214 203 187 169 150 130 112 96 85 77 75 77 85 96 112 130 149 169 187 203 214 222 225 222 214 203 187 169 150 130 112 96 85 77 75 
170 103 100 103 113 129 149 174 199 225 249 270 286 296 300 296 286 270 250 225 200 174 150 129 113 103 100 103 113 129 149 174 199 225 249 270 286 296 300 296 286 270 250 225 200 174 150 129 113 103 100 
170 129 125 129 141 161 187 217 249 282 312 338 358 370 375 370 358 338 312 282 250 217 187 161 141 129 125 129 141 161 187 217 249 282 312 338 358 370 375 370 358 338 312 282 250 217 187 161 141 129 125 
170 155 150 155 170 193 224 261 299 338 374 406 429 444 450 444 429 406 375 338 300 261 225 193 170 155 150 155 170 193 224 261 299 338 374 406 429 444 450 444 429 406 375 338 300 261 225 193 170 155 150 
170 180 175 180 198 226 262 304 349 395 437 473 501 519 525 519 501 473 437 395 350 304 262 226 198 180 175 180 198 226 262 304 349 395 437 473 501 519 525 519 501 473 437 395 350 304 262 226 198 180 175 
170 206 200 206 226 258 299 348 399 451 499 541 573 593 600 593 573 541 500 451 400 348 300 258 226 206 200 206 226 258 299 348 399 451 499 541 573 593 600 593 573 541 500 451 400 348 300 258 226 206 200 
170 232 225 232 255 290 337 391 449 508 562 609 644 667 675 667 644 609 562 508 450 391 337 290 255 232 225 232 255 290 337 391 449 508 562 609 644 667 675 667 644 609 562 508 450 391 337 290 255 232 225 
170 258 250 258 283 323 374 435 499 564 624 676 716 741 750 741 716 676 625 564 500 435 375 323 283 258 250 258 283 323 374 435 499 564 624 676 716 741 750 741 716 676 625 564 500 435 375 323 283 258 250 
170 284 275 284 311 355 412 478 549 621 687 744 788 815 825 815 788 744 687 621 550 478 412 355 311 284 275 284 311 355 412 478 549 621 687 744 788 815 825 815 788 744 687 621 550 478 412 355 311 284 275 
170 310 300 310 340 387 449 522 599 677 749 812 859 889 900 889 859 812 750 677 600 522 450 387 340 310 300 310 340 387 449 522 599 677 749 812 859 889 900 889 859 812 750 677 600 522 450 387 340 310 300 
100000 5170 5000 5170 5669 6464 7499 8705 9999 11294 12499 13535 14330 14829 15000 14829 14330 13535 12500 11294 10000 8705 7500 6464 5669 5170 5000 5170 5669 6464 7499 8705 9999 11294 12499 13535 14330 14829 15000 14829 14330 13535 12500 11294 10000 8705 7500 6464 5669 5170 5000 
1482 1499 1482 1433 1353 1250 1129 1000 870 750 646 566 517 500 517 566 646 749 870 999 1129 1249 1353 1433 1482 1499 
1511 1502 1321 1304 1073 976 862 763 664 559 527 501 518 576 661 785 882 962 1149 1294 1387 1457 1545 1429 
1543 1487 1411 1187 1116 959 893 772 614 579 494 493 527 592 667 760 861 999 1174 1253 1381 1481 1458 1574 
1516 1408 1385 1260 1103 1022 890 739 670 573 512 516 492 544 632 761 893 988 1107 1289 1316 1434 1487 1572 
1440 1501 1312 1284 1122 993 870 767 645 547 542 497 496 571 673 718 903 1004 1110 1221 1419 1438 1449 1560 
1414 1437 1293 1296 1133 1031 886 782 632 561 520 479 492 551 660 748 889 1046 1085 1218 1379 1452 1417 1478 
1439 1442 1391 1289 1141 970 833 733 636 556 520 499 520 585 625 756 838 1043 1099 1266 1393 1368 1432 1489 
1507 1466 1417 1196 1124 990 859 725 655 546 494 488 498 595 660 738 887 1001 1113 1305 1316 1441 1500 1552 
1520 1415 1366 1297 1185 1036 893 754 619 595 525 493 531 565 668 741 859 984 1154 1291 1404 1491 1408 1510 
1489 1425 1301 1294 1115 968 856 748 652 543 506 508 536 578 624 767 841 1040 1132 1306 1288 1436 1430 1524 
1426 1484 1352 1309 1073 952 862 726 668 542 530 485 535 591 639 719 878 952 1093 1212 1369 1462 1511 1521 
