10 2 20
6 50
1700 77 75 77 85 96 112 130 149 169 187 
100000 5170 5000 5170 5669 6464 7499 8705 9999 11294 12499 
1482 1499 1482 1433 1353 1250 
1011 1333 1145 905 
1152 703 1158 1123 
693 921 1135 612 
1778 598 1297 858 
1272 1552 823 579 
699 876 684 432 
1069 1511 963 386 
1035 801 1368 524 
1208 1085 601 317 
522 589 1212 814 
1058 1478 969 1190 
1777 541 1388 426 
1640 559 899 918 
709 625 1188 520 
722 1078 454 415 
511 510 1083 906 
1314 1319 1303 835 
1089 1249 410 608 
1006 610 693 1149 
517 1409 1206 555 
1472 480 959 564 
1744 857 419 324 
1540 1468 1148 371 
1515 1393 792 600 
937 1578 1047 737 
803 629 718 594 
1149 1190 901 533 
1527 727 687 1188 
692 1217 1000 1100 
1731 776 1243 312 
1065 510 1139 451 
1454 431 805 377 
1674 920 986 411 
1637 1590 676 723 
1379 805 1368 594 
1516 932 518 324 
1216 983 1249 819 
1267 896 1008 814 
1539 1546 842 1164 
1762 716 1140 868 
1691 1516 416 556 
1454 1102 621 802 
868 1351 1054 1094 
1221 974 1092 324 
1528 1104 1113 1023 
907 646 947 1118 
1776 1431 898 627 
1120 655 475 764 
1145 1449 950 378 
790 1049 593 498 
