5 3 20
2 50
850 130 112 96 85 77 
850 174 150 129 113 103 
100000 8705 7500 6464 5669 5170 
1129 1249 
1117 1178 1535 
1182 1246 1365 
1516 1491 1766 
1622 1477 1315 
1498 1339 1507 
1605 1588 1217 
1531 1156 1355 
1254 1247 1677 
1298 1148 1240 
1115 1203 1598 
1423 1484 1273 
1346 1672 1367 
1365 1709 1194 
1593 1615 1481 
1172 1519 1431 
1587 1201 1494 
1493 1292 1419 
1506 1518 1248 
1409 1674 1650 
1326 1212 1413 
1349 1599 1445 
1150 1700 1699 
1594 1560 1669 
1260 1566 1333 
1253 1362 1542 
1422 1261 1651 
1529 1557 1366 
1254 1600 1667 
1587 1150 1222 
1506 1316 1321 
1619 1491 1687 
1121 1434 1440 
1539 1706 1221 
1093 1177 1232 
1352 1515 1686 
1220 1581 1335 
1388 1339 1268 
1127 1481 1452 
1163 1422 1629 
1589 1476 1235 
1447 1653 1682 
1146 1546 1577 
1201 1187 1670 
1327 1214 1406 
1335 1323 1673 
1272 1429 1541 
1621 1273 1281 
1291 1383 1324 
1354 1547 1218 
1498 1678 1269 
