50 3 20
36 10
850 112 96 85 77 75 77 85 96 112 130 149 169 187 203 214 222 225 222 214 203 187 169 150 130 112 96 85 77 75 77 85 96 112 130 149 169 187 203 214 222 225 222 214 203 187 169 150 130 112 96 
850 150 129 113 103 100 103 113 129 149 174 199 225 249 270 286 296 300 296 286 270 250 225 200 174 150 129 113 103 100 103 113 129 149 174 199 225 249 270 286 296 300 296 286 270 250 225 200 174 150 129 
100000 7500 6464 5669 5170 5000 5170 5669 6464 7499 8705 9999 11294 12499 13535 14330 14829 15000 14829 14330 13535 12500 11294 10000 8705 7500 6464 5669 5170 5000 5170 5669 6464 7499 8705 9999 11294 12499 13535 14330 14829 15000 14829 14330 13535 12500 11294 10000 8705 7500 6464 
1249 1353 1433 1482 1499 1482 1433 1353 1250 1129 1000 870 750 646 566 517 500 517 566 646 749 870 999 1129 1249 1353 1433 1482 1499 1482 1433 1353 1250 1129 1000 870 
887 578 587 428 444 595 526 529 718 749 1125 1169 1409 1329 
620 682 519 613 475 481 660 625 873 897 847 1096 1276 1613 
870 560 638 498 579 523 502 596 703 880 1156 968 1311 1181 
865 519 529 530 571 580 593 577 791 1042 1106 1270 1205 1291 
811 742 659 612 495 593 556 549 689 835 863 1099 1131 1275 
658 573 532 494 481 435 622 579 641 997 862 1003 1327 1406 
643 668 663 558 418 612 496 667 877 907 832 1179 1075 1439 
819 584 521 445 521 601 547 773 749 789 1044 1155 1233 1573 
710 592 477 594 519 583 667 730 632 1029 946 1200 1268 1208 
859 551 543 458 593 506 508 598 814 765 1056 1031 1498 1481 
