20 11 20
11 100
170 96 112 130 149 169 187 203 214 222 225 222 214 203 187 169 150 130 112 96 85 
170 129 149 174 199 225 249 270 286 296 300 296 286 270 250 225 200 174 150 129 113 
170 161 187 217 249 282 312 338 358 370 375 370 358 338 312 282 250 217 187 161 141 
170 193 224 261 299 338 374 406 429 444 450 444 429 406 375 338 300 261 225 193 170 
170 226 262 304 349 395 437 473 501 519 525 519 501 473 437 395 350 304 262 226 198 
170 258 299 348 399 451 499 541 573 593 600 593 573 541 500 451 400 348 300 258 226 
170 290 337 391 449 508 562 609 644 667 675 667 644 609 562 508 450 391 337 290 255 
170 323 374 435 499 564 624 676 716 741 750 741 716 676 625 564 500 435 375 323 283 
170 355 412 478 549 621 687 744 788 815 825 815 788 744 687 621 550 478 412 355 311 
170 387 449 522 599 677 749 812 859 889 900 889 859 812 750 677 600 522 450 387 340 
100000 6464 7499 8705 9999 11294 12499 13535 14330 14829 15000 14829 14330 13535 12500 11294 10000 8705 7500 6464 5669 
1353 1250 1129 1000 870 750 646 566 517 500 517 
351 437 300 898 662 1131 1337 909 1523 
595 479 816 1078 672 1538 1222 687 978 
665 340 715 622 1027 1075 1801 1115 862 
375 381 1062 769 1488 818 1818 1343 951 
341 976 649 1035 1345 935 1926 913 1983 
537 845 674 1058 1470 1224 704 1360 733 
277 961 771 885 1563 1727 1476 938 598 
496 746 1139 470 967 1244 1264 640 1619 
452 763 1169 843 709 1106 616 2146 850 
543 1009 364 1238 1531 1485 1044 1981 1146 
540 732 536 770 1562 1759 1144 1558 2163 
822 607 352 1294 1402 1346 1613 747 1727 
685 316 490 978 479 599 692 1839 1599 
424 958 871 654 1060 682 1080 971 1031 
361 695 807 383 926 1278 1945 1713 957 
356 1012 1013 1077 1332 1735 1010 1474 1881 
666 896 1025 1182 455 1748 1665 1550 1948 
735 334 320 501 535 1271 861 1586 702 
668 611 789 1387 737 1289 768 1853 1281 
459 395 963 926 466 1630 1168 910 820 
723 342 876 675 615 932 1567 1948 1631 
615 303 422 1388 1017 474 1670 1888 1802 
442 380 1125 1013 965 1144 1518 641 1436 
344 588 898 438 1003 984 881 1699 1941 
856 756 1151 1244 1117 1280 1092 1327 1722 
878 623 795 1053 475 1179 1911 1413 2246 
598 275 1191 826 1291 1664 1578 555 1510 
320 260 523 541 699 790 1585 879 1488 
389 683 682 987 913 1614 1108 1069 842 
611 347 475 463 823 1503 808 1947 1280 
613 333 1090 1236 683 1674 1613 1008 944 
870 322 803 735 422 1677 557 2041 2192 
743 652 920 614 1081 572 789 931 1307 
334 854 1189 638 1302 775 1618 1753 1271 
403 449 313 1301 1520 797 609 2088 1907 
254 393 376 1012 1586 1628 570 1608 721 
512 916 1097 859 1594 1281 1402 1986 1294 
670 1021 1114 1275 1283 701 818 1261 585 
521 751 829 919 682 1688 1778 593 1044 
472 781 711 463 590 1056 1096 983 1348 
255 865 1038 371 1240 1307 1999 1727 1574 
733 295 693 1254 1360 1511 1461 1705 2008 
247 681 1161 943 1027 1487 1731 1456 1129 
503 720 875 769 1271 1150 1373 1256 732 
738 684 709 841 1399 694 1036 786 1168 
814 267 1128 622 577 1681 1161 1725 1830 
248 1028 900 386 443 932 554 1868 1081 
233 318 990 1332 882 1022 1416 1328 1385 
470 748 379 533 589 606 689 894 1863 
679 324 929 1000 1471 1021 1906 1017 1243 
538 356 440 888 1525 573 670 2060 1055 
801 859 628 549 603 1259 1306 1652 2179 
770 886 387 729 907 1005 875 557 1125 
754 474 824 865 1576 816 1151 1452 1728 
420 918 952 902 1448 1681 650 1685 1696 
291 804 458 408 919 1789 1332 1944 1079 
391 445 801 1036 1256 1051 745 551 1932 
232 735 828 428 1067 805 900 1733 2018 
643 780 1111 1250 1487 1633 1335 1627 1590 
416 766 566 699 434 1653 1808 1565 1472 
850 492 840 744 895 1157 666 1335 1856 
763 848 668 1057 1593 1611 1725 2006 1302 
882 429 975 1375 562 1361 1931 1066 1245 
691 847 1069 935 491 807 659 679 2238 
443 571 1059 1009 1398 902 1467 1260 1982 
884 590 848 393 770 1540 1927 1511 2171 
232 571 533 632 1450 1090 1961 1491 2142 
488 493 1155 432 557 692 1083 1135 762 
781 641 970 998 558 1234 1440 2021 1411 
760 549 1175 483 594 1803 1789 799 781 
637 797 633 664 1255 597 1711 986 606 
445 555 349 1079 1124 990 1884 1939 1092 
439 635 494 537 1135 1080 1391 998 740 
347 538 319 832 629 940 1630 1357 730 
540 645 989 1246 763 568 565 1871 1151 
492 642 852 1142 1510 1505 799 1238 1379 
239 491 611 1365 1565 883 1734 1294 919 
328 955 424 1022 1455 623 1110 1167 2007 
431 308 1190 1336 681 915 869 2009 882 
248 769 359 1358 902 1158 1389 1331 977 
865 856 820 716 1141 457 1909 1250 1932 
523 369 544 445 1201 927 1987 1788 1505 
787 973 306 843 1391 794 1713 997 575 
409 380 1185 1222 816 1680 1342 1010 1348 
349 343 455 688 1180 965 1126 748 1491 
345 849 925 1021 1070 454 784 1116 1176 
480 503 1019 1266 605 1604 772 1287 900 
692 647 808 438 535 1226 742 960 1571 
673 387 590 979 1086 1147 1714 697 1614 
765 361 1016 430 1481 1082 561 2034 1847 
624 716 360 712 767 1422 600 1350 1557 
422 798 481 1207 480 1747 646 1681 2162 
424 402 964 568 824 1640 579 2145 908 
798 812 607 534 1111 1562 1260 1362 1135 
848 261 899 1309 1378 1154 1511 1539 1367 
734 583 590 1252 1484 1793 553 1779 828 
439 490 358 979 1519 752 1548 907 1094 
227 972 492 774 891 1416 805 675 978 
466 989 1062 482 1291 1362 1444 1889 1594 
874 406 528 414 532 1296 1072 2071 708 
