10 3 20
4 10
850 150 130 112 96 85 77 75 77 85 96 
850 200 174 150 129 113 103 100 103 113 129 
100000 10000 8705 7500 6464 5669 5170 5000 5170 5669 6464 
1000 1129 1249 1353 
1435 1453 1349 1603 1154 1561 
1653 1466 1305 1465 1411 1118 
1372 1720 1612 1503 1434 1193 
1372 1242 1308 1688 1220 1498 
1665 1362 1406 1281 1423 1489 
1180 1681 1685 1349 1349 1222 
1662 1213 1490 1651 1624 1591 
1155 1563 1594 1281 1605 1283 
1649 1275 1276 1652 1501 1344 
1666 1619 1232 1763 1283 1523 
