50 2 20
26 50
1700 130 149 169 187 203 214 222 225 222 214 203 187 169 150 130 112 96 85 77 75 77 85 96 112 130 149 169 187 203 214 222 225 222 214 203 187 169 150 130 112 96 85 77 75 77 85 96 112 130 149 
100000 8705 9999 11294 12499 13535 14330 14829 15000 14829 14330 13535 12500 11294 10000 8705 7500 6464 5669 5170 5000 5170 5669 6464 7499 8705 9999 11294 12499 13535 14330 14829 15000 14829 14330 13535 12500 11294 10000 8705 7500 6464 5669 5170 5000 5170 5669 6464 7499 8705 9999 
1129 1000 870 750 646 566 517 500 517 566 646 749 870 999 1129 1249 1353 1433 1482 1499 1482 1433 1353 1250 1129 1000 
699 670 645 605 504 457 571 517 614 653 1008 1087 1237 1213 1623 1264 1676 1640 1621 1716 1424 1183 1353 1107 
866 795 608 609 589 596 597 506 664 701 873 1056 1148 1384 1278 1189 1190 1706 1409 1326 1295 1248 1180 853 
708 674 629 481 536 459 446 485 666 720 778 858 1220 1039 1383 1499 1520 1222 1202 1281 1279 1171 1329 862 
724 683 590 557 605 472 522 471 626 752 723 1178 1321 1376 1559 1407 1188 1563 1391 1213 1311 1192 972 1000 
752 775 525 510 465 542 442 537 728 771 727 988 957 1222 1214 1312 1193 1309 1407 1184 1396 1305 1026 843 
816 684 620 503 599 598 448 494 580 624 1037 834 1254 1463 1387 1518 1275 1592 1627 1304 1604 1249 1008 839 
887 839 649 606 564 418 501 586 749 684 894 1065 1007 1165 1113 1167 1432 1481 1653 1561 1472 1189 1254 810 
954 693 686 539 554 525 607 665 645 815 748 1020 1256 1380 1299 1410 1591 1387 1485 1298 1487 1088 1012 1017 
1042 761 736 623 432 560 481 596 766 648 942 1156 1219 1141 1497 1329 1204 1292 1428 1191 1265 1262 1002 962 
847 874 600 549 619 529 438 515 522 874 701 934 951 1140 1476 1531 1729 1605 1334 1435 1448 1125 946 1148 
714 646 744 505 462 527 595 496 672 743 907 852 1233 1104 1108 1656 1337 1244 1553 1291 1198 1118 1107 988 
837 647 543 570 512 533 469 522 563 784 914 1026 1143 1344 1268 1528 1399 1340 1430 1708 1591 1331 1066 860 
756 700 634 649 428 486 609 550 767 831 888 1125 996 1005 1412 1385 1630 1368 1292 1291 1347 1311 1148 1117 
905 678 583 488 583 432 487 658 768 858 969 851 1158 1494 1428 1173 1692 1502 1396 1647 1168 1051 1080 844 
981 819 655 463 537 544 492 592 758 742 743 973 1261 1101 1248 1203 1520 1594 1391 1485 1507 1175 1311 1167 
707 660 707 628 593 422 594 539 557 719 752 912 1160 1306 1474 1301 1595 1585 1487 1251 1348 1309 1103 1109 
900 771 604 544 423 464 434 619 565 765 833 871 941 1270 1234 1321 1341 1528 1777 1667 1260 1131 1090 1198 
1014 710 595 537 573 518 615 467 617 689 845 918 1309 1022 1380 1298 1621 1248 1474 1346 1498 1125 1262 827 
815 688 632 558 417 598 467 480 613 631 1014 1021 1227 1324 1123 1250 1211 1423 1638 1493 1128 1002 1149 958 
972 648 684 486 435 486 533 667 602 781 828 829 905 1226 1100 1182 1514 1288 1310 1653 1414 1328 1304 985 
814 653 761 511 533 406 484 474 570 603 1035 804 1128 1316 1495 1316 1704 1363 1270 1408 1554 1324 1120 936 
925 789 652 478 614 565 522 525 720 880 715 1106 1164 1148 1180 1384 1509 1614 1209 1714 1391 1366 1100 1035 
815 884 658 665 499 585 478 580 675 763 927 1026 1142 1361 1119 1288 1547 1628 1563 1290 1348 1160 1016 1009 
725 630 744 617 447 591 552 538 729 636 999 966 1203 1487 1202 1391 1216 1623 1717 1256 1209 1119 1158 1144 
959 728 698 548 609 592 562 603 731 898 697 973 1053 1443 1352 1318 1254 1275 1698 1377 1544 1413 1286 1095 
814 836 766 569 465 523 420 646 747 848 953 1025 1261 1215 1473 1248 1479 1776 1413 1692 1277 1214 1319 843 
957 641 709 679 504 571 582 540 661 692 723 1057 1343 1226 1334 1146 1423 1512 1599 1481 1135 1134 1068 1003 
878 730 636 610 566 569 601 598 767 654 764 1151 947 1394 1470 1343 1481 1571 1729 1321 1084 1335 1270 880 
829 883 774 673 444 474 562 494 534 808 751 1066 988 1372 1303 1613 1620 1271 1409 1344 1476 1342 949 1080 
933 876 678 636 448 509 620 549 687 715 879 1118 1105 1487 1532 1620 1191 1718 1689 1421 1429 1034 1048 1065 
947 797 752 514 504 590 517 595 604 678 982 818 1133 1350 1580 1570 1643 1785 1568 1574 1472 1329 1222 863 
1023 873 616 528 465 421 522 521 603 706 1004 849 1160 1172 1304 1364 1440 1517 1536 1444 1239 1048 1100 925 
1036 807 563 473 600 469 480 678 560 792 726 806 1077 1249 1555 1683 1594 1563 1700 1705 1442 1478 1033 931 
912 736 642 526 618 408 492 544 582 703 845 1071 979 1152 1426 1278 1621 1629 1625 1671 1430 1109 983 1151 
913 793 745 563 516 445 532 662 596 783 879 851 1046 1090 1380 1350 1361 1563 1277 1707 1561 1073 1154 1150 
829 788 673 456 584 518 458 571 695 769 848 1161 931 1470 1441 1550 1541 1454 1307 1274 1179 1256 1225 1048 
877 892 669 462 549 564 614 458 668 815 836 1153 1339 1139 1489 1350 1286 1370 1477 1193 1384 1110 1322 927 
808 646 642 561 562 474 539 620 532 840 847 1002 1037 1319 1479 1634 1500 1305 1381 1544 1249 1147 1128 1188 
712 773 641 557 499 508 559 566 524 872 970 938 1035 1221 1593 1338 1642 1368 1696 1499 1540 1115 1204 1060 
739 608 529 500 479 597 444 464 527 619 807 827 1030 1357 1248 1188 1767 1582 1196 1660 1340 1374 1078 856 
771 734 648 498 528 517 530 633 773 643 936 1109 1211 1030 1279 1348 1527 1317 1405 1458 1091 1449 904 1185 
753 640 655 630 425 531 535 675 695 655 866 1072 1309 1018 1182 1574 1471 1348 1694 1343 1246 1275 1249 1103 
976 684 641 476 559 519 422 495 590 613 758 896 929 1443 1167 1580 1306 1329 1407 1194 1391 1127 1020 829 
923 867 676 558 475 568 611 504 670 738 1032 1025 1196 1326 1428 1629 1639 1704 1334 1213 1463 1244 1207 994 
862 632 571 457 512 451 513 550 591 746 872 907 910 1332 1352 1608 1500 1637 1540 1338 1281 1127 1342 857 
955 856 651 645 505 572 555 514 766 681 875 1075 1244 1204 1368 1469 1713 1365 1501 1426 1088 1045 1322 1059 
1016 875 679 549 537 587 454 541 538 676 777 979 1331 1377 1470 1315 1675 1780 1345 1663 1486 1204 913 928 
931 705 561 554 426 506 567 679 720 811 967 967 1041 1290 1314 1694 1400 1233 1244 1462 1139 1125 1016 1143 
1025 687 755 464 417 461 532 598 667 795 823 823 976 1377 1309 1250 1703 1567 1324 1445 1438 1199 1246 936 
1001 633 592 536 417 556 567 530 756 655 835 846 1068 1249 1494 1459 1347 1772 1501 1628 1371 1428 1082 1055 
