20 2 20
11 50
1700 96 85 77 75 77 85 96 112 130 149 169 187 203 214 222 225 222 214 203 187 
100000 6464 5669 5170 5000 5170 5669 6464 7499 8705 9999 11294 12499 13535 14330 14829 15000 14829 14330 13535 12500 
1353 1433 1482 1499 1482 1433 1353 1250 1129 1000 870 
769 653 571 518 490 542 585 629 729 
733 628 588 529 498 519 571 667 713 
731 660 567 532 511 523 587 617 736 
783 650 559 542 515 512 554 652 765 
748 640 560 542 501 515 587 623 722 
729 646 566 509 475 516 573 629 742 
729 637 544 540 486 500 583 652 761 
724 673 563 538 497 508 579 652 714 
758 649 541 542 481 508 546 621 729 
740 630 587 502 504 496 566 652 767 
756 658 556 513 481 504 571 677 766 
718 655 555 492 487 514 558 618 740 
752 678 572 539 518 526 577 665 716 
724 657 580 537 496 497 539 635 712 
769 669 589 495 480 491 590 637 769 
726 629 542 497 493 540 554 641 784 
777 666 587 538 481 532 582 643 774 
739 649 582 530 489 509 554 653 737 
723 662 561 542 492 540 560 627 743 
720 654 543 524 516 495 593 669 767 
754 676 576 517 495 502 570 655 731 
720 624 565 525 505 538 588 615 719 
773 629 567 523 480 535 571 623 772 
771 651 580 526 521 496 538 622 744 
777 618 583 513 483 498 592 676 729 
726 639 546 514 496 523 559 645 752 
738 677 568 495 516 525 573 617 741 
729 635 543 509 489 526 552 671 714 
755 672 589 536 509 522 572 631 718 
756 662 550 509 498 503 588 672 736 
727 668 578 498 520 515 563 629 714 
773 646 566 512 496 505 580 660 780 
761 668 566 500 524 491 571 632 744 
738 669 544 536 481 533 559 650 760 
726 653 562 508 490 504 552 669 782 
764 665 587 519 494 540 546 676 775 
714 614 541 524 484 511 551 631 735 
759 617 586 497 498 499 574 676 717 
775 647 539 530 523 491 558 633 786 
728 653 545 539 490 527 576 644 786 
739 624 559 496 514 532 582 643 751 
781 656 576 513 524 527 542 623 784 
714 654 590 541 481 535 590 664 731 
770 634 539 527 502 537 573 631 742 
762 643 555 542 482 524 571 674 785 
750 642 592 500 502 520 590 623 755 
752 642 557 511 513 515 584 667 714 
730 676 595 536 479 539 551 640 775 
757 653 577 528 495 535 544 669 781 
783 615 556 514 510 502 574 650 757 
