20 3 20
7 10
850 75 77 85 96 112 130 149 169 187 203 214 222 225 222 214 203 187 169 150 130 
850 100 103 113 129 149 174 199 225 249 270 286 296 300 296 286 270 250 225 200 174 
100000 5000 5170 5669 6464 7499 8705 9999 11294 12499 13535 14330 14829 15000 14829 14330 13535 12500 11294 10000 8705 
1499 1482 1433 1353 1250 1129 1000 
790 832 663 536 565 403 485 498 657 638 720 1183 1038 
796 805 702 559 534 597 516 537 620 680 891 866 1288 
1005 662 621 571 613 594 462 488 557 831 1011 1034 1234 
1006 777 667 671 489 443 584 677 688 677 972 850 958 
785 801 759 498 619 424 587 657 535 609 949 974 1269 
706 684 647 517 608 498 462 530 761 624 774 970 1173 
791 785 549 565 557 554 442 623 726 713 952 823 1188 
902 673 643 499 432 556 575 574 658 805 832 985 1119 
982 864 568 672 488 410 607 489 538 708 834 838 1274 
1038 774 714 486 438 526 598 646 747 642 847 964 1085 
