10 2 20
4 50
1700 150 130 112 96 85 77 75 77 85 96 
100000 10000 8705 7500 6464 5669 5170 5000 5170 5669 6464 
1000 1129 1249 1353 
1995 2310 1909 1071 1578 607 
1085 1728 2061 1703 2185 2162 
1550 2086 2164 1272 821 761 
1049 859 994 1840 1308 1362 
1751 2109 2195 1854 1223 1721 
1964 755 1351 830 1888 1276 
1229 2197 721 2271 637 1469 
714 636 2111 1956 1384 1508 
2156 771 2149 2168 1931 2093 
2077 953 1427 2329 631 762 
954 1698 1430 1125 1915 1562 
2088 979 2366 1874 2068 1253 
2002 1302 2102 1452 655 844 
1751 1841 2124 836 1716 1600 
893 2323 1165 745 902 1659 
636 822 2353 2312 965 1785 
1552 1029 1402 958 923 1817 
1578 1006 1712 1624 1476 759 
1709 1385 1007 1126 2072 782 
1829 731 1096 2196 656 2160 
747 722 1312 2253 1692 1298 
1856 1173 652 2362 867 590 
2228 782 2286 2196 1292 1850 
1995 1851 1033 1669 1699 1287 
1499 1049 1395 1943 605 1530 
957 1033 612 1360 2219 1778 
1193 1561 1497 1096 2291 717 
768 1076 1078 1323 1423 1339 
2024 2352 1963 2194 1337 1269 
1219 1872 2370 2019 1480 965 
1380 1808 2092 1692 1118 1001 
2137 2012 1152 1199 1968 1204 
2144 658 1811 1446 941 774 
1724 1512 783 1051 1739 1157 
608 1439 1744 742 2183 1098 
675 801 1998 1355 1776 1120 
635 1249 2015 933 1925 1704 
2042 2273 2038 1390 1594 821 
578 1429 1891 2302 2281 2102 
1077 1981 2063 2206 1479 590 
1815 1765 1416 2071 886 1954 
1453 914 1970 1740 1371 644 
897 1037 1752 1660 1048 915 
2230 2083 2258 1081 1841 987 
2142 1778 1772 1852 1878 1645 
2265 1486 1063 1920 1380 1959 
610 1927 2018 1086 1748 1008 
854 1486 2397 1017 618 1440 
1537 1463 984 2248 1177 798 
1730 1268 2124 875 822 1734 
