20 3 20
7 5
850 130 112 96 85 77 75 77 85 96 112 130 149 169 187 203 214 222 225 222 214 
850 174 150 129 113 103 100 103 113 129 149 174 199 225 249 270 286 296 300 296 286 
100000 8705 7500 6464 5669 5170 5000 5170 5669 6464 7499 8705 9999 11294 12499 13535 14330 14829 15000 14829 14330 
1129 1249 1353 1433 1482 1499 1482 
1479 1320 1286 1123 1035 866 777 638 538 541 477 541 586 
1383 1330 1248 1146 1032 837 763 642 552 494 521 529 558 
1375 1325 1212 1109 952 853 714 650 593 531 501 518 545 
1397 1364 1253 1180 982 872 762 643 575 494 488 524 578 
1475 1407 1253 1095 950 842 727 622 547 529 481 513 590 
