10 3 20
6 100
850 75 77 85 96 112 130 149 169 187 203 
850 100 103 113 129 149 174 199 225 249 270 
100000 5000 5170 5669 6464 7499 8705 9999 11294 12499 13535 
1499 1482 1433 1353 1250 1129 
620 542 577 999 
733 463 1140 889 
1229 686 905 440 
606 1036 559 759 
1347 725 485 874 
1286 374 812 994 
1135 542 622 975 
642 625 670 558 
936 461 927 589 
1138 1206 905 909 
767 486 373 348 
851 1379 329 712 
853 987 929 793 
1129 1126 732 927 
820 633 1188 1012 
909 1371 897 880 
1134 999 682 676 
483 425 409 827 
786 1102 480 808 
1504 1255 650 935 
837 700 981 971 
861 351 1185 549 
604 842 484 621 
1182 1008 524 861 
897 629 860 755 
808 883 387 875 
1111 639 496 411 
400 840 845 660 
966 478 634 455 
1006 601 753 1002 
892 892 804 662 
775 1065 772 1029 
1072 1057 431 976 
1120 739 872 775 
1529 437 336 733 
734 928 431 936 
865 1028 531 499 
1451 867 918 589 
853 601 588 319 
764 559 357 628 
1269 953 806 592 
985 861 1192 516 
590 887 565 899 
1463 846 926 753 
1328 1071 1057 682 
1443 762 657 984 
818 934 720 986 
1588 1215 896 720 
1060 1172 448 285 
533 650 875 354 
408 388 591 688 
907 541 442 919 
706 466 547 463 
795 516 945 1026 
1081 860 936 830 
649 1201 598 306 
1180 581 1164 619 
456 1171 542 812 
657 573 473 535 
1551 580 889 955 
916 1262 683 732 
1079 984 1153 595 
700 496 716 1001 
711 349 572 982 
1124 1277 908 481 
810 975 1014 352 
974 1083 913 754 
439 1105 772 652 
1436 382 1092 704 
831 504 849 612 
1091 1096 1086 977 
1502 1201 322 731 
1554 1276 982 968 
1011 1322 607 805 
960 611 563 762 
1179 791 597 840 
506 1114 1149 1028 
1551 1169 698 716 
1238 882 1021 889 
909 653 451 906 
690 781 634 726 
1039 959 535 390 
1378 1083 520 628 
741 1019 1062 291 
1130 578 876 676 
498 469 663 811 
1283 1306 1042 746 
985 396 858 798 
1518 1140 659 608 
1436 1343 407 698 
552 1390 728 304 
1459 660 364 369 
1473 1214 942 829 
1497 694 902 292 
1333 785 516 440 
744 656 737 743 
984 663 700 570 
908 372 933 481 
1570 518 879 393 
1428 1292 499 380 
