10 11 20
4 1
170 150 130 112 96 85 77 75 77 85 96 
170 200 174 150 129 113 103 100 103 113 129 
170 250 217 187 161 141 129 125 129 141 161 
170 300 261 225 193 170 155 150 155 170 193 
170 350 304 262 226 198 180 175 180 198 226 
170 400 348 300 258 226 206 200 206 226 258 
170 450 391 337 290 255 232 225 232 255 290 
170 500 435 375 323 283 258 250 258 283 323 
170 550 478 412 355 311 284 275 284 311 355 
170 600 522 450 387 340 310 300 310 340 387 
100000 10000 8705 7500 6464 5669 5170 5000 5170 5669 6464 
1000 1129 1249 1353 
1460 1531 1427 1420 1385 1299 
