50 3 20
26 100
850 150 130 112 96 85 77 75 77 85 96 112 130 149 169 187 203 214 222 225 222 214 203 187 169 150 130 112 96 85 77 75 77 85 96 112 130 149 169 187 203 214 222 225 222 214 203 187 169 150 130 
850 200 174 150 129 113 103 100 103 113 129 149 174 199 225 249 270 286 296 300 296 286 270 250 225 200 174 150 129 113 103 100 103 113 129 149 174 199 225 249 270 286 296 300 296 286 270 250 225 200 174 
100000 10000 8705 7500 6464 5669 5170 5000 5170 5669 6464 7499 8705 9999 11294 12499 13535 14330 14829 15000 14829 14330 13535 12500 11294 10000 8705 7500 6464 5669 5170 5000 5170 5669 6464 7499 8705 9999 11294 12499 13535 14330 14829 15000 14829 14330 13535 12500 11294 10000 8705 
1000 1129 1249 1353 1433 1482 1499 1482 1433 1353 1250 1129 1000 870 750 646 566 517 500 517 566 646 749 870 999 1129 
1274 1387 1448 1457 1526 1469 1406 1338 1310 1145 969 905 740 660 553 533 491 519 549 640 769 908 991 1100 
1269 1291 1453 1428 1494 1485 1415 1397 1273 1096 1006 866 739 615 591 540 519 534 547 675 786 910 981 1145 
1212 1293 1501 1419 1529 1428 1393 1328 1283 1112 1044 831 776 636 584 538 497 537 550 630 767 865 1000 1129 
1217 1334 1497 1548 1491 1510 1458 1296 1260 1177 1046 851 757 658 553 539 499 538 550 671 784 866 964 1104 
1269 1360 1387 1499 1561 1419 1441 1313 1224 1102 970 893 772 649 552 501 475 506 567 660 726 840 1001 1169 
1240 1380 1401 1537 1566 1426 1394 1288 1274 1151 1007 913 728 657 572 508 475 513 595 672 736 869 1038 1093 
1283 1303 1423 1500 1487 1478 1504 1403 1297 1130 999 894 725 677 591 509 510 529 591 643 728 856 956 1102 
1190 1368 1488 1478 1496 1529 1419 1321 1288 1100 954 903 745 672 574 536 519 491 574 677 730 827 954 1139 
1251 1408 1403 1509 1525 1483 1420 1342 1282 1114 1039 839 785 626 574 533 516 507 544 674 759 832 984 1172 
1211 1378 1496 1481 1568 1487 1415 1301 1271 1107 966 905 754 675 540 510 491 497 567 626 766 878 981 1102 
1219 1398 1480 1534 1514 1542 1365 1419 1222 1173 965 901 738 628 576 513 497 534 566 677 721 898 979 1155 
1254 1303 1459 1480 1556 1464 1390 1306 1214 1090 1044 849 724 660 568 510 491 532 565 630 762 833 1014 1086 
1295 1327 1467 1459 1537 1493 1438 1321 1306 1130 1035 870 770 627 595 497 502 515 573 640 737 841 1015 1107 
1216 1346 1438 1476 1479 1475 1502 1402 1263 1106 1030 830 720 614 542 531 516 502 591 632 713 837 987 1173 
1295 1396 1428 1427 1484 1440 1393 1311 1267 1152 1000 897 722 617 559 513 480 506 541 658 716 854 967 1095 
1207 1289 1397 1481 1478 1480 1500 1324 1238 1082 1011 899 773 626 594 515 519 506 593 630 778 906 989 1151 
1252 1362 1406 1486 1526 1552 1374 1360 1267 1139 1016 859 775 614 561 502 485 541 575 649 733 896 1017 1154 
1190 1390 1502 1459 1533 1471 1459 1368 1276 1105 1042 857 732 667 540 539 510 511 566 663 764 891 975 1151 
1188 1297 1446 1542 1528 1412 1500 1367 1294 1133 960 845 787 633 583 503 488 514 575 651 738 833 967 1135 
1248 1387 1428 1423 1477 1423 1371 1395 1215 1163 1048 834 727 629 570 535 518 534 557 651 733 882 976 1153 
1250 1402 1469 1442 1525 1445 1458 1380 1293 1167 1036 862 749 667 559 531 476 511 583 671 722 840 957 1108 
1222 1392 1380 1526 1473 1531 1445 1324 1240 1097 1043 903 726 628 576 531 493 525 560 633 713 912 1014 1170 
1227 1416 1427 1517 1435 1528 1376 1411 1192 1105 996 892 723 655 552 506 514 493 560 660 717 846 970 1102 
1229 1300 1389 1410 1426 1413 1411 1348 1273 1123 1042 878 772 652 552 529 514 498 580 676 784 842 1015 1092 
1194 1379 1472 1489 1530 1527 1415 1383 1285 1167 1045 856 772 661 589 494 497 523 570 617 736 849 952 1168 
1302 1415 1479 1490 1452 1540 1398 1344 1237 1115 970 890 766 670 550 535 496 512 582 657 783 845 1020 1096 
1271 1306 1397 1449 1552 1538 1497 1351 1252 1096 958 844 749 650 561 527 511 499 554 630 783 887 1016 1117 
1280 1317 1395 1412 1453 1545 1377 1363 1197 1126 980 830 775 669 567 541 495 501 557 628 768 855 996 1149 
1268 1410 1371 1508 1489 1536 1468 1316 1299 1131 990 911 752 658 564 539 483 539 567 660 784 913 964 1151 
1199 1300 1483 1478 1429 1508 1467 1309 1250 1119 958 840 746 633 559 505 513 508 583 660 724 881 954 1084 
1202 1375 1382 1445 1434 1465 1401 1308 1295 1174 991 866 762 640 567 495 492 502 557 642 748 853 992 1143 
1308 1370 1417 1411 1498 1448 1380 1294 1295 1151 1044 844 732 644 555 541 507 513 551 628 725 889 954 1119 
1308 1386 1402 1541 1462 1482 1474 1339 1292 1088 1016 848 725 641 593 534 476 535 544 659 779 833 1004 1165 
1209 1338 1362 1479 1469 1423 1439 1316 1291 1105 1037 866 762 669 556 533 495 516 569 639 716 853 1024 1135 
1308 1403 1402 1483 1493 1456 1412 1348 1290 1106 1039 866 713 639 550 528 483 540 567 655 779 886 1029 1097 
1247 1301 1420 1553 1456 1468 1454 1346 1281 1101 1014 907 767 659 539 532 511 518 568 614 749 898 970 1090 
1301 1381 1369 1497 1465 1503 1362 1289 1249 1109 964 842 782 652 585 534 483 510 582 672 763 831 1028 1159 
1278 1327 1362 1497 1448 1544 1454 1408 1274 1111 1036 830 742 661 578 530 509 504 543 661 768 837 987 1087 
1277 1352 1471 1550 1500 1489 1488 1348 1236 1150 1040 849 758 650 575 513 519 517 580 632 718 853 1008 1074 
1307 1403 1363 1553 1479 1482 1417 1399 1268 1145 966 843 757 658 568 492 475 521 553 655 765 911 975 1105 
1262 1379 1499 1445 1473 1416 1411 1353 1308 1075 972 901 769 656 590 520 519 530 593 634 758 857 1038 1152 
1257 1383 1444 1551 1498 1517 1433 1302 1263 1098 979 864 740 678 574 492 478 510 564 671 717 898 1046 1073 
1202 1364 1458 1502 1482 1517 1372 1400 1285 1152 1033 830 731 663 561 526 497 506 591 673 764 871 956 1125 
1229 1342 1491 1437 1531 1495 1436 1413 1275 1154 973 830 786 638 550 537 480 541 565 634 748 854 1043 1161 
1234 1410 1443 1470 1567 1458 1394 1394 1258 1133 976 869 733 671 570 504 513 522 542 615 764 844 986 1114 
1274 1394 1417 1524 1559 1556 1364 1336 1229 1182 987 844 716 647 577 497 489 538 576 619 756 913 1049 1179 
1200 1359 1370 1504 1427 1470 1443 1407 1239 1108 1049 830 745 662 571 515 475 498 593 624 719 868 1047 1141 
1278 1368 1468 1539 1530 1487 1463 1292 1221 1146 1007 880 763 653 587 501 518 515 545 633 731 902 998 1095 
1287 1419 1421 1522 1488 1549 1441 1353 1292 1129 1006 859 777 643 571 530 501 537 562 625 759 888 968 1082 
1233 1298 1375 1462 1530 1555 1445 1388 1290 1175 981 833 756 617 591 500 489 508 578 656 755 833 993 1107 
1293 1302 1494 1439 1426 1553 1434 1349 1304 1166 1020 878 742 619 578 514 521 498 576 662 739 844 1000 1081 
1247 1375 1383 1467 1503 1414 1370 1294 1302 1182 1033 840 729 615 581 508 491 500 549 677 722 868 1010 1151 
1268 1392 1503 1415 1533 1437 1460 1388 1252 1176 993 904 759 636 552 515 483 540 559 619 776 897 1028 1163 
1191 1350 1405 1425 1566 1533 1370 1415 1221 1158 974 897 779 623 587 535 486 510 566 614 713 855 1021 1079 
1279 1340 1398 1499 1533 1500 1429 1290 1214 1176 972 839 718 625 582 534 514 533 587 645 733 874 984 1084 
1208 1302 1468 1437 1434 1507 1385 1348 1243 1134 1015 827 777 621 575 507 514 518 573 667 787 900 996 1074 
1301 1366 1470 1425 1507 1438 1426 1330 1261 1086 960 873 737 639 555 512 520 511 550 619 753 850 958 1077 
1234 1309 1448 1487 1482 1487 1469 1321 1196 1134 979 853 754 630 565 515 499 499 592 656 759 902 1023 1155 
1233 1397 1362 1447 1457 1471 1439 1373 1227 1138 1030 844 723 632 555 514 495 541 557 633 741 846 1012 1130 
1259 1404 1372 1530 1567 1529 1374 1330 1296 1138 1015 877 756 629 582 528 509 506 553 638 742 870 1018 1131 
1289 1287 1384 1542 1475 1550 1382 1364 1219 1159 1032 902 752 632 592 501 481 502 548 655 754 890 994 1175 
1222 1386 1439 1439 1498 1539 1428 1359 1293 1148 1007 873 781 654 550 536 508 498 592 628 775 884 1036 1126 
1260 1308 1375 1504 1464 1449 1396 1415 1258 1090 1014 862 785 647 550 525 516 530 584 625 779 894 1046 1152 
1274 1309 1461 1543 1502 1515 1411 1330 1238 1147 990 862 716 650 584 528 514 523 540 634 759 898 987 1087 
1285 1419 1446 1476 1456 1451 1438 1346 1300 1172 1027 875 747 647 589 493 499 532 568 633 749 884 1022 1086 
1295 1299 1455 1531 1494 1490 1427 1322 1243 1169 961 874 715 637 539 521 504 497 559 638 771 871 1044 1076 
1238 1358 1421 1459 1480 1547 1444 1313 1246 1111 1042 868 763 666 589 518 489 528 540 629 770 878 994 1152 
1283 1365 1376 1437 1546 1477 1496 1385 1251 1147 994 834 764 623 590 495 523 542 580 637 765 830 961 1117 
1246 1396 1425 1543 1431 1536 1485 1350 1209 1167 961 860 718 646 553 529 516 532 565 661 762 857 972 1185 
1245 1352 1420 1433 1457 1415 1427 1355 1302 1092 1046 872 762 642 553 525 488 503 594 675 739 832 978 1154 
1202 1341 1478 1413 1538 1556 1363 1317 1282 1092 1029 845 717 675 555 521 486 527 576 656 764 905 1011 1085 
1215 1292 1471 1482 1517 1555 1408 1342 1294 1167 979 857 758 668 579 501 495 500 548 637 738 847 1043 1121 
1282 1302 1367 1478 1485 1438 1481 1393 1302 1109 1048 843 717 640 578 526 487 502 547 656 720 912 1024 1120 
1265 1356 1402 1423 1482 1516 1455 1411 1255 1077 962 888 733 654 586 529 523 542 574 666 721 898 1015 1125 
1211 1365 1380 1480 1478 1541 1432 1348 1238 1076 987 871 763 651 579 494 493 536 559 661 715 895 998 1086 
1277 1397 1382 1518 1488 1417 1425 1395 1228 1160 993 913 762 637 556 492 496 511 545 630 712 854 985 1180 
1278 1407 1462 1477 1513 1507 1450 1304 1212 1119 998 907 773 633 553 534 475 515 579 672 755 874 1003 1173 
1202 1303 1462 1496 1472 1523 1465 1388 1290 1098 1005 866 719 651 541 497 483 502 539 674 742 835 980 1162 
1227 1316 1383 1492 1549 1543 1423 1411 1260 1143 1024 860 771 624 539 529 504 533 582 667 781 841 1005 1131 
1205 1356 1453 1546 1490 1451 1460 1418 1191 1119 981 904 743 633 554 496 508 496 557 618 775 829 984 1105 
1272 1348 1463 1454 1519 1475 1485 1396 1225 1126 1016 883 746 620 569 533 507 504 555 640 751 903 980 1129 
1304 1366 1370 1513 1437 1444 1476 1401 1245 1166 968 845 715 663 578 524 503 494 590 641 727 834 1043 1163 
1240 1397 1453 1443 1507 1432 1461 1319 1272 1076 1045 906 739 616 564 542 476 511 565 642 724 897 1026 1150 
1261 1299 1452 1436 1513 1429 1495 1360 1222 1075 986 832 722 615 574 522 519 499 567 674 767 912 985 1111 
1207 1351 1405 1483 1461 1498 1458 1388 1278 1102 1009 868 774 647 569 530 519 523 592 626 722 884 975 1176 
1223 1360 1464 1496 1496 1556 1430 1374 1238 1105 1042 870 767 648 543 529 478 494 594 640 732 896 1024 1095 
1268 1314 1409 1488 1516 1501 1453 1370 1226 1147 952 852 719 635 585 530 524 534 539 621 736 854 1004 1142 
1235 1402 1430 1512 1505 1544 1434 1390 1267 1099 1046 876 775 666 589 504 480 530 557 617 734 880 980 1141 
1300 1417 1463 1504 1558 1411 1453 1348 1213 1169 974 884 746 623 581 514 509 541 578 638 737 865 953 1121 
1260 1417 1364 1482 1425 1523 1482 1312 1287 1119 1015 910 754 616 589 514 514 495 589 625 717 836 987 1106 
1229 1363 1495 1501 1548 1424 1372 1404 1226 1102 1044 896 741 620 556 524 479 528 591 648 761 839 1029 1170 
1193 1347 1432 1522 1521 1523 1394 1350 1293 1185 996 879 730 661 539 511 504 513 563 662 774 846 1007 1093 
1297 1323 1377 1472 1536 1471 1476 1291 1272 1149 1011 871 761 641 547 503 484 494 572 623 768 877 1027 1174 
1248 1308 1398 1521 1558 1428 1423 1298 1189 1110 971 854 755 634 559 513 478 508 554 619 771 891 1044 1181 
1197 1345 1376 1518 1533 1448 1402 1338 1278 1177 1018 895 742 623 576 531 477 541 580 642 724 878 1036 1141 
1229 1401 1500 1523 1573 1511 1414 1295 1300 1143 971 863 770 662 563 540 514 495 563 641 741 908 953 1158 
1220 1300 1455 1503 1528 1467 1459 1310 1225 1128 1014 866 740 654 548 496 515 541 573 667 765 853 957 1162 
1294 1393 1463 1530 1437 1483 1397 1364 1268 1132 990 859 757 626 547 538 500 509 580 651 736 846 954 1152 
1269 1377 1432 1440 1508 1498 1364 1308 1291 1085 966 892 785 627 539 539 520 534 588 657 752 896 1009 1140 
1216 1340 1383 1439 1482 1484 1457 1364 1312 1160 998 861 756 654 542 515 492 537 591 650 766 890 1048 1141 
