20 2 20
15 10
1700 150 130 112 96 85 77 75 77 85 96 112 130 149 169 187 203 214 222 225 222 
100000 10000 8705 7500 6464 5669 5170 5000 5170 5669 6464 7499 8705 9999 11294 12499 13535 14330 14829 15000 14829 
1000 1129 1249 1353 1433 1482 1499 1482 1433 1353 1250 1129 1000 870 750 
611 494 463 471 435 
541 536 502 465 557 
756 501 418 469 466 
742 582 552 545 430 
549 504 434 562 527 
672 581 429 513 584 
760 495 493 472 421 
670 567 539 514 616 
747 490 557 517 477 
716 568 510 591 474 
