50 6 20
36 5
340 130 149 169 187 203 214 222 225 222 214 203 187 169 150 130 112 96 85 77 75 77 85 96 112 130 149 169 187 203 214 222 225 222 214 203 187 169 150 130 112 96 85 77 75 77 85 96 112 130 149 
340 174 199 225 249 270 286 296 300 296 286 270 250 225 200 174 150 129 113 103 100 103 113 129 149 174 199 225 249 270 286 296 300 296 286 270 250 225 200 174 150 129 113 103 100 103 113 129 149 174 199 
340 217 249 282 312 338 358 370 375 370 358 338 312 282 250 217 187 161 141 129 125 129 141 161 187 217 249 282 312 338 358 370 375 370 358 338 312 282 250 217 187 161 141 129 125 129 141 161 187 217 249 
340 261 299 338 374 406 429 444 450 444 429 406 375 338 300 261 225 193 170 155 150 155 170 193 224 261 299 338 374 406 429 444 450 444 429 406 375 338 300 261 225 193 170 155 150 155 170 193 224 261 299 
340 304 349 395 437 473 501 519 525 519 501 473 437 395 350 304 262 226 198 180 175 180 198 226 262 304 349 395 437 473 501 519 525 519 501 473 437 395 350 304 262 226 198 180 175 180 198 226 262 304 349 
100000 8705 9999 11294 12499 13535 14330 14829 15000 14829 14330 13535 12500 11294 10000 8705 7500 6464 5669 5170 5000 5170 5669 6464 7499 8705 9999 11294 12499 13535 14330 14829 15000 14829 14330 13535 12500 11294 10000 8705 7500 6464 5669 5170 5000 5170 5669 6464 7499 8705 9999 
1129 1000 870 750 646 566 517 500 517 566 646 749 870 999 1129 1249 1353 1433 1482 1499 1482 1433 1353 1250 1129 1000 870 750 646 566 517 500 517 566 646 749 
850 1004 1093 1194 1304 1365 1505 1472 1547 1380 1314 1289 1128 1007 
886 1020 1185 1245 1313 1447 1543 1564 1444 1361 1370 1260 1087 1043 
864 1044 1142 1284 1412 1454 1429 1534 1469 1443 1319 1307 1114 1019 
827 1030 1157 1290 1377 1372 1548 1561 1489 1484 1308 1217 1109 1036 
861 966 1160 1279 1320 1447 1432 1466 1438 1363 1295 1205 1117 963 
