10 2 20
8 100
1700 112 130 149 169 187 203 214 222 225 222 
100000 7499 8705 9999 11294 12499 13535 14330 14829 15000 14829 
1250 1129 1000 870 750 646 566 517 
593 395 
235 361 
285 249 
790 285 
575 247 
363 572 
678 372 
410 697 
433 450 
695 300 
751 235 
745 493 
353 452 
362 628 
265 257 
311 755 
215 573 
375 434 
205 705 
695 405 
388 788 
588 265 
538 584 
768 510 
644 349 
762 241 
294 486 
425 747 
209 755 
376 673 
575 706 
644 450 
731 257 
745 433 
283 212 
479 510 
772 397 
476 517 
783 812 
571 535 
429 355 
440 399 
279 383 
584 601 
479 229 
276 820 
726 609 
775 737 
249 818 
215 606 
257 672 
474 659 
207 536 
430 544 
546 489 
705 343 
288 626 
315 662 
284 461 
718 221 
532 677 
681 233 
591 827 
456 360 
456 583 
487 480 
744 633 
542 504 
752 247 
686 700 
439 662 
392 336 
699 761 
204 820 
766 384 
455 606 
316 239 
241 462 
324 726 
774 761 
625 420 
694 728 
245 252 
675 531 
247 488 
709 627 
758 260 
782 511 
325 415 
358 565 
667 802 
753 489 
365 212 
439 478 
360 663 
545 491 
605 635 
401 684 
538 677 
399 819 
