10 6 20
6 100
340 85 77 75 77 85 96 112 130 149 169 
340 113 103 100 103 113 129 149 174 199 225 
340 141 129 125 129 141 161 187 217 249 282 
340 170 155 150 155 170 193 224 261 299 338 
340 198 180 175 180 198 226 262 304 349 395 
100000 5669 5170 5000 5170 5669 6464 7499 8705 9999 11294 
1433 1482 1499 1482 1433 1353 
902 1373 510 1144 
1977 817 522 771 
526 904 716 694 
1375 1634 549 1145 
1876 1781 994 841 
1384 1502 471 1204 
1671 1034 1148 1276 
861 714 949 692 
707 1409 1250 1387 
1289 1096 823 1355 
1465 1601 1180 401 
1655 895 1090 752 
1773 1224 628 530 
1403 1698 918 561 
1035 1546 735 585 
941 1634 1321 1167 
1024 640 1390 949 
1212 594 875 1355 
1233 549 1376 1108 
833 1224 1491 993 
792 745 1363 1235 
1288 1613 1435 459 
950 892 1355 498 
689 1364 799 980 
609 738 985 472 
1601 724 1419 661 
1433 1190 1461 1101 
1422 892 1247 833 
1512 1151 759 710 
1335 1454 1171 770 
1591 967 1271 1113 
814 1712 1486 646 
1361 1642 1100 1091 
1698 486 1212 1219 
812 1164 1403 1243 
826 1174 1468 1295 
650 1510 988 1377 
1234 1724 888 1333 
1774 577 960 925 
1415 713 1096 650 
818 1553 1414 1295 
1638 534 622 761 
1256 1795 985 798 
1840 934 1274 1280 
1065 512 435 926 
1566 515 560 911 
1955 856 708 1010 
1981 768 1356 399 
1160 1000 1419 1105 
947 459 427 1168 
1792 1315 1000 565 
649 687 1398 701 
1257 527 898 670 
799 1633 572 1368 
1232 1200 617 846 
1395 505 805 1356 
1707 1489 417 1036 
1539 1508 621 1153 
1589 1644 856 788 
1828 1242 585 484 
1367 838 1586 1365 
1296 1050 525 355 
1843 626 600 399 
925 1563 796 775 
1918 1432 1125 1045 
1722 1156 409 441 
1453 1605 971 1155 
1844 998 1596 476 
1675 1700 1521 1126 
1807 456 428 717 
1666 479 1581 1168 
1235 453 693 1098 
1397 1572 1272 535 
691 1241 609 815 
833 999 1578 800 
1055 1358 1599 492 
1103 1631 740 645 
1975 483 707 1083 
1721 1725 699 965 
877 760 1474 556 
1383 914 798 443 
1535 1187 1251 889 
820 600 1521 390 
707 1312 579 1359 
1712 1480 1488 1104 
833 702 998 1099 
1666 881 905 1226 
793 944 927 484 
1760 792 658 1152 
732 714 1578 1337 
1144 801 655 1084 
1440 1501 1331 738 
1207 1712 1025 1040 
1304 981 1349 375 
1304 859 1361 741 
1318 1119 854 1137 
1051 807 417 400 
1650 1195 1244 707 
1675 1613 1052 350 
1781 1509 1063 435 
