10 11 20
4 100
170 112 96 85 77 75 77 85 96 112 130 
170 150 129 113 103 100 103 113 129 149 174 
170 187 161 141 129 125 129 141 161 187 217 
170 225 193 170 155 150 155 170 193 224 261 
170 262 226 198 180 175 180 198 226 262 304 
170 300 258 226 206 200 206 226 258 299 348 
170 337 290 255 232 225 232 255 290 337 391 
170 375 323 283 258 250 258 283 323 374 435 
170 412 355 311 284 275 284 311 355 412 478 
170 450 387 340 310 300 310 340 387 449 522 
100000 7500 6464 5669 5170 5000 5170 5669 6464 7499 8705 
1249 1353 1433 1482 
1535 1424 1458 1409 1287 1134 
1435 1533 1382 1414 1196 1125 
1489 1445 1469 1361 1200 1118 
1549 1515 1428 1363 1303 1089 
1477 1504 1370 1339 1265 1161 
1522 1539 1451 1393 1243 1111 
1514 1414 1452 1420 1204 1123 
1513 1492 1501 1376 1246 1178 
1558 1504 1388 1371 1197 1162 
1546 1541 1498 1302 1202 1123 
1509 1451 1405 1397 1256 1080 
1485 1467 1362 1313 1261 1158 
1428 1426 1502 1405 1226 1124 
1567 1484 1463 1399 1249 1099 
1574 1556 1364 1393 1273 1128 
1540 1553 1415 1322 1222 1148 
1472 1446 1407 1349 1261 1087 
1489 1464 1476 1386 1270 1181 
1505 1412 1455 1363 1249 1184 
1503 1552 1452 1378 1286 1175 
1444 1513 1488 1295 1254 1080 
1467 1553 1498 1287 1307 1079 
1519 1518 1378 1380 1272 1122 
1574 1473 1430 1373 1258 1184 
1479 1471 1363 1335 1203 1097 
1549 1536 1377 1294 1228 1177 
1458 1535 1436 1410 1276 1112 
1430 1518 1376 1395 1200 1091 
1438 1509 1407 1292 1274 1121 
1441 1440 1459 1397 1270 1081 
1473 1525 1404 1408 1270 1096 
1562 1530 1411 1377 1269 1102 
1431 1502 1395 1314 1278 1180 
1467 1528 1456 1324 1304 1143 
1492 1455 1386 1328 1190 1097 
1448 1528 1476 1344 1292 1171 
1431 1427 1425 1302 1254 1117 
1546 1460 1454 1359 1217 1098 
1566 1500 1365 1321 1221 1119 
1444 1422 1465 1300 1204 1179 
1451 1553 1379 1339 1293 1075 
1509 1435 1464 1305 1272 1108 
1445 1516 1445 1305 1240 1088 
1522 1507 1487 1303 1210 1156 
1574 1490 1382 1347 1215 1122 
1547 1460 1384 1395 1211 1156 
1494 1452 1368 1401 1235 1178 
1475 1548 1390 1317 1195 1093 
1498 1525 1372 1351 1240 1142 
1435 1419 1382 1362 1211 1166 
1481 1526 1437 1334 1213 1160 
1565 1535 1416 1394 1228 1130 
1567 1486 1379 1377 1253 1110 
1540 1496 1388 1316 1197 1156 
1447 1419 1425 1375 1216 1144 
1492 1470 1406 1353 1193 1120 
1539 1448 1490 1400 1195 1183 
1565 1459 1440 1321 1276 1101 
1516 1445 1463 1301 1197 1132 
1455 1494 1414 1330 1260 1130 
1574 1450 1372 1355 1299 1154 
1515 1490 1432 1290 1263 1174 
1521 1417 1481 1307 1253 1170 
1533 1486 1455 1298 1234 1081 
1565 1423 1495 1318 1201 1080 
1452 1440 1417 1340 1210 1130 
1532 1479 1492 1337 1224 1092 
1506 1455 1365 1306 1249 1113 
1493 1463 1471 1344 1265 1161 
1528 1465 1470 1382 1281 1079 
1440 1529 1424 1416 1263 1096 
1556 1540 1369 1369 1206 1085 
1464 1423 1385 1349 1289 1095 
1549 1546 1378 1309 1239 1185 
1448 1426 1373 1361 1284 1125 
1439 1478 1478 1410 1188 1135 
1429 1447 1388 1317 1304 1169 
1571 1492 1466 1366 1300 1166 
1472 1554 1393 1345 1251 1074 
1458 1459 1452 1381 1240 1151 
1484 1527 1415 1420 1242 1141 
1426 1461 1399 1349 1208 1096 
1439 1516 1431 1303 1217 1160 
1445 1554 1445 1305 1255 1082 
1555 1553 1459 1380 1206 1075 
1435 1484 1403 1354 1309 1101 
1552 1546 1366 1331 1208 1083 
1544 1495 1502 1369 1222 1165 
1507 1425 1395 1364 1233 1090 
1441 1500 1451 1349 1222 1114 
1503 1462 1480 1323 1228 1155 
1459 1549 1460 1389 1206 1081 
1540 1515 1367 1314 1285 1159 
1485 1439 1453 1341 1254 1116 
1447 1456 1464 1340 1244 1103 
1495 1522 1400 1407 1188 1173 
1514 1549 1426 1406 1222 1171 
1557 1515 1411 1324 1291 1079 
1480 1445 1416 1350 1278 1164 
1474 1445 1379 1396 1266 1119 
