50 3 20
36 10
850 85 77 75 77 85 96 112 130 149 169 187 203 214 222 225 222 214 203 187 169 150 130 112 96 85 77 75 77 85 96 112 130 149 169 187 203 214 222 225 222 214 203 187 169 150 130 112 96 85 77 
850 113 103 100 103 113 129 149 174 199 225 249 270 286 296 300 296 286 270 250 225 200 174 150 129 113 103 100 103 113 129 149 174 199 225 249 270 286 296 300 296 286 270 250 225 200 174 150 129 113 103 
100000 5669 5170 5000 5170 5669 6464 7499 8705 9999 11294 12499 13535 14330 14829 15000 14829 14330 13535 12500 11294 10000 8705 7500 6464 5669 5170 5000 5170 5669 6464 7499 8705 9999 11294 12499 13535 14330 14829 15000 14829 14330 13535 12500 11294 10000 8705 7500 6464 5669 5170 
1433 1482 1499 1482 1433 1353 1250 1129 1000 870 750 646 566 517 500 517 566 646 749 870 999 1129 1249 1353 1433 1482 1499 1482 1433 1353 1250 1129 1000 870 750 646 
548 536 503 521 588 632 712 844 1000 1138 1299 1322 1500 1493 
571 538 480 527 552 646 738 878 958 1153 1250 1373 1431 1440 
571 517 496 539 582 675 755 828 1008 1104 1232 1309 1443 1455 
557 528 478 516 553 677 713 828 967 1099 1285 1342 1475 1410 
558 529 509 536 577 647 741 865 1009 1161 1194 1414 1365 1459 
575 534 475 519 562 670 729 890 1008 1111 1242 1360 1365 1485 
578 516 515 506 571 658 741 912 999 1109 1247 1307 1370 1541 
545 529 517 505 551 673 742 852 1036 1102 1267 1344 1488 1518 
590 518 520 530 572 615 727 833 990 1142 1291 1367 1440 1553 
553 498 514 499 589 670 745 891 1038 1156 1256 1403 1420 1480 
