50 3 20
36 10
850 130 112 96 85 77 75 77 85 96 112 130 149 169 187 203 214 222 225 222 214 203 187 169 150 130 112 96 85 77 75 77 85 96 112 130 149 169 187 203 214 222 225 222 214 203 187 169 150 130 112 
850 174 150 129 113 103 100 103 113 129 149 174 199 225 249 270 286 296 300 296 286 270 250 225 200 174 150 129 113 103 100 103 113 129 149 174 199 225 249 270 286 296 300 296 286 270 250 225 200 174 150 
100000 8705 7500 6464 5669 5170 5000 5170 5669 6464 7499 8705 9999 11294 12499 13535 14330 14829 15000 14829 14330 13535 12500 11294 10000 8705 7500 6464 5669 5170 5000 5170 5669 6464 7499 8705 9999 11294 12499 13535 14330 14829 15000 14829 14330 13535 12500 11294 10000 8705 7500 
1129 1249 1353 1433 1482 1499 1482 1433 1353 1250 1129 1000 870 750 646 566 517 500 517 566 646 749 870 999 1129 1249 1353 1433 1482 1499 1482 1433 1353 1250 1129 1000 
1177 615 788 676 417 401 306 239 741 519 1062 574 1598 1521 
653 1051 565 696 670 585 568 848 961 431 1110 1230 866 1340 
581 573 501 675 574 245 630 565 452 814 1235 1454 1724 1379 
1214 346 669 337 233 559 343 463 978 1196 1140 1486 1352 1672 
1154 938 937 804 697 219 600 767 318 705 1005 1360 1581 1374 
1207 333 957 485 487 212 533 354 815 1141 667 758 458 1021 
1274 491 1007 441 536 399 414 458 361 562 1171 571 1490 1487 
1105 946 560 378 379 592 686 624 594 449 612 707 1220 1759 
775 318 480 579 361 640 744 450 266 584 528 779 658 692 
752 863 764 550 447 647 322 523 359 961 648 1296 1629 1912 
