5 6 20
2 100
340 85 77 75 77 85 
340 113 103 100 103 113 
340 141 129 125 129 141 
340 170 155 150 155 170 
340 198 180 175 180 198 
100000 5669 5170 5000 5170 5669 
1433 1482 
1473 1548 1392 
1447 1425 1408 
1528 1427 1384 
1551 1466 1434 
1540 1413 1489 
1506 1529 1501 
1464 1482 1461 
1474 1481 1381 
1473 1446 1490 
1494 1448 1480 
1486 1528 1483 
1520 1426 1485 
1486 1540 1399 
1545 1465 1503 
1563 1551 1433 
1553 1478 1411 
1546 1525 1405 
1485 1504 1404 
1533 1437 1421 
1536 1476 1456 
1473 1411 1488 
1566 1515 1402 
1470 1465 1422 
1569 1445 1413 
1520 1543 1423 
1506 1505 1367 
1440 1483 1382 
1484 1471 1443 
1467 1523 1474 
1531 1438 1498 
1504 1447 1409 
1548 1413 1432 
1437 1431 1461 
1518 1425 1426 
1531 1458 1378 
1545 1419 1439 
1435 1526 1499 
1466 1525 1461 
1535 1471 1375 
1574 1511 1425 
1446 1438 1494 
1507 1439 1405 
1488 1479 1461 
1533 1498 1431 
1503 1552 1443 
1531 1498 1374 
1476 1445 1461 
1427 1416 1417 
1466 1524 1461 
1476 1511 1496 
1464 1502 1407 
1426 1532 1473 
1563 1444 1431 
1475 1543 1463 
1519 1536 1474 
1550 1497 1496 
1493 1470 1371 
1556 1494 1411 
1458 1416 1470 
1570 1423 1459 
1537 1453 1390 
1568 1468 1379 
1537 1434 1442 
1443 1482 1365 
1523 1414 1469 
1510 1430 1375 
1484 1551 1454 
1519 1475 1453 
1552 1430 1384 
1564 1553 1474 
1437 1523 1369 
1496 1413 1445 
1523 1484 1436 
1563 1457 1384 
1510 1549 1430 
1553 1451 1422 
1564 1487 1420 
1450 1517 1476 
1573 1515 1465 
1495 1470 1386 
1462 1409 1382 
1560 1479 1446 
1443 1431 1493 
1479 1462 1387 
1495 1450 1455 
1571 1484 1436 
1559 1438 1440 
1516 1549 1423 
1554 1444 1443 
1462 1488 1377 
1478 1465 1436 
1512 1425 1407 
1573 1482 1461 
1537 1507 1371 
1545 1420 1413 
1446 1493 1424 
1494 1501 1443 
1521 1487 1438 
1445 1420 1474 
1491 1468 1411 
