20 2 20
15 10
1700 75 77 85 96 112 130 149 169 187 203 214 222 225 222 214 203 187 169 150 130 
100000 5000 5170 5669 6464 7499 8705 9999 11294 12499 13535 14330 14829 15000 14829 14330 13535 12500 11294 10000 8705 
1499 1482 1433 1353 1250 1129 1000 870 750 646 566 517 500 517 566 
724 609 1044 1066 1311 
552 634 729 805 1065 
649 758 850 854 1054 
676 737 851 1099 947 
680 819 866 808 1143 
678 639 986 1142 1120 
715 652 822 969 1065 
716 795 1002 964 983 
575 685 798 1126 1268 
518 837 727 949 954 
