50 11 20
16 100
170 150 130 112 96 85 77 75 77 85 96 112 130 149 169 187 203 214 222 225 222 214 203 187 169 150 130 112 96 85 77 75 77 85 96 112 130 149 169 187 203 214 222 225 222 214 203 187 169 150 130 
170 200 174 150 129 113 103 100 103 113 129 149 174 199 225 249 270 286 296 300 296 286 270 250 225 200 174 150 129 113 103 100 103 113 129 149 174 199 225 249 270 286 296 300 296 286 270 250 225 200 174 
170 250 217 187 161 141 129 125 129 141 161 187 217 249 282 312 338 358 370 375 370 358 338 312 282 250 217 187 161 141 129 125 129 141 161 187 217 249 282 312 338 358 370 375 370 358 338 312 282 250 217 
170 300 261 225 193 170 155 150 155 170 193 224 261 299 338 374 406 429 444 450 444 429 406 375 338 300 261 225 193 170 155 150 155 170 193 224 261 299 338 374 406 429 444 450 444 429 406 375 338 300 261 
170 350 304 262 226 198 180 175 180 198 226 262 304 349 395 437 473 501 519 525 519 501 473 437 395 350 304 262 226 198 180 175 180 198 226 262 304 349 395 437 473 501 519 525 519 501 473 437 395 350 304 
170 400 348 300 258 226 206 200 206 226 258 299 348 399 451 499 541 573 593 600 593 573 541 500 451 400 348 300 258 226 206 200 206 226 258 299 348 399 451 499 541 573 593 600 593 573 541 500 451 400 348 
170 450 391 337 290 255 232 225 232 255 290 337 391 449 508 562 609 644 667 675 667 644 609 562 508 450 391 337 290 255 232 225 232 255 290 337 391 449 508 562 609 644 667 675 667 644 609 562 508 450 391 
170 500 435 375 323 283 258 250 258 283 323 374 435 499 564 624 676 716 741 750 741 716 676 625 564 500 435 375 323 283 258 250 258 283 323 374 435 499 564 624 676 716 741 750 741 716 676 625 564 500 435 
170 550 478 412 355 311 284 275 284 311 355 412 478 549 621 687 744 788 815 825 815 788 744 687 621 550 478 412 355 311 284 275 284 311 355 412 478 549 621 687 744 788 815 825 815 788 744 687 621 550 478 
170 600 522 450 387 340 310 300 310 340 387 449 522 599 677 749 812 859 889 900 889 859 812 750 677 600 522 450 387 340 310 300 310 340 387 449 522 599 677 749 812 859 889 900 889 859 812 750 677 600 522 
100000 10000 8705 7500 6464 5669 5170 5000 5170 5669 6464 7499 8705 9999 11294 12499 13535 14330 14829 15000 14829 14330 13535 12500 11294 10000 8705 7500 6464 5669 5170 5000 5170 5669 6464 7499 8705 9999 11294 12499 13535 14330 14829 15000 14829 14330 13535 12500 11294 10000 8705 
1000 1129 1249 1353 1433 1482 1499 1482 1433 1353 1250 1129 1000 870 750 646 
569 517 499 500 542 653 754 837 961 1159 1243 1324 1417 1553 1534 1539 1479 1331 1272 1158 992 883 717 664 571 503 516 526 589 640 735 850 1048 1168 
554 503 486 505 560 655 785 902 987 1088 1310 1340 1466 1408 1562 1425 1492 1307 1248 1163 952 840 712 632 540 509 478 542 553 632 718 866 999 1106 
564 520 486 523 587 651 741 828 1025 1127 1226 1402 1421 1525 1433 1413 1447 1342 1285 1134 967 881 757 617 585 534 491 507 548 619 758 890 993 1078 
540 542 515 518 556 620 712 831 1018 1133 1291 1369 1376 1421 1483 1460 1445 1417 1289 1174 995 895 779 647 568 493 522 515 549 651 766 897 983 1168 
550 507 482 502 587 641 763 856 950 1163 1211 1386 1411 1539 1464 1506 1500 1377 1262 1103 1036 834 747 637 560 506 519 523 580 638 734 873 1029 1132 
591 541 491 510 577 664 721 872 999 1089 1286 1393 1396 1417 1433 1483 1379 1414 1202 1078 986 863 777 631 564 511 511 530 574 654 759 885 1031 1150 
553 499 510 522 579 675 737 839 1039 1110 1258 1399 1476 1542 1460 1409 1494 1338 1187 1136 960 913 766 620 582 513 508 536 545 630 715 858 980 1126 
560 530 508 500 543 635 763 844 1035 1173 1225 1334 1392 1453 1484 1491 1474 1333 1205 1081 1013 883 772 636 556 507 477 530 591 663 786 873 1034 1123 
550 507 486 542 594 651 735 854 1049 1110 1244 1348 1426 1480 1531 1494 1414 1298 1215 1155 1011 906 719 622 567 523 522 507 577 677 781 830 1037 1120 
558 498 501 496 581 642 760 847 991 1162 1299 1359 1410 1445 1503 1496 1449 1381 1291 1072 960 893 782 629 571 503 504 539 593 624 756 871 962 1132 
586 538 503 533 559 644 763 855 984 1141 1295 1364 1458 1419 1428 1509 1491 1417 1194 1171 963 914 746 640 581 491 523 523 572 650 736 879 982 1137 
582 500 506 512 590 668 734 827 954 1075 1220 1289 1471 1476 1449 1504 1393 1329 1217 1101 978 866 720 629 566 517 500 521 582 648 727 839 1045 1135 
552 510 518 533 540 647 731 846 955 1173 1219 1362 1467 1454 1501 1440 1464 1326 1298 1152 985 841 763 618 553 515 498 501 569 623 733 835 986 1146 
560 513 512 512 563 619 723 834 1047 1103 1268 1382 1416 1533 1485 1474 1381 1314 1199 1161 980 896 722 622 563 503 489 520 569 630 747 872 993 1140 
562 513 482 526 595 678 752 873 1022 1083 1303 1387 1426 1545 1431 1522 1468 1361 1276 1118 1023 865 773 675 548 536 479 525 561 628 715 910 1043 1160 
568 508 495 542 572 616 761 838 1030 1148 1234 1415 1459 1534 1513 1474 1480 1396 1195 1100 1033 862 775 614 590 499 492 540 557 670 784 836 983 1139 
569 509 523 501 593 614 733 877 953 1157 1218 1376 1467 1530 1455 1434 1420 1331 1291 1114 1021 856 754 668 585 538 501 512 540 650 778 844 1034 1121 
567 498 476 508 549 656 759 866 1049 1091 1205 1364 1498 1533 1493 1483 1394 1327 1198 1156 968 912 766 627 594 508 501 531 543 623 725 865 970 1151 
542 502 476 507 577 626 734 912 1011 1080 1290 1340 1387 1480 1506 1474 1378 1361 1254 1084 972 912 717 626 578 532 499 521 578 654 720 865 964 1098 
583 499 479 494 573 646 772 833 960 1148 1305 1419 1414 1510 1540 1496 1495 1413 1300 1105 981 843 756 625 549 541 521 500 558 656 724 862 962 1076 
542 498 500 531 548 672 766 882 992 1152 1241 1379 1487 1424 1476 1474 1455 1312 1228 1104 960 908 780 673 580 505 486 508 586 630 733 827 971 1123 
573 524 479 505 547 651 762 851 1000 1163 1202 1400 1399 1523 1534 1515 1474 1301 1190 1135 1042 850 737 618 541 502 515 529 542 636 744 913 1018 1142 
579 513 502 538 541 636 749 836 1048 1075 1291 1329 1462 1533 1498 1422 1494 1419 1205 1083 973 881 731 660 566 508 520 520 593 662 754 908 958 1079 
569 509 488 516 560 640 776 854 1025 1151 1252 1355 1407 1454 1466 1505 1370 1377 1232 1076 989 827 724 674 584 510 496 524 547 650 716 853 995 1160 
562 503 486 502 590 670 738 889 994 1149 1219 1365 1409 1473 1537 1486 1496 1331 1197 1180 1044 906 740 658 583 522 500 500 556 664 723 852 1039 1090 
552 530 486 507 566 641 720 845 985 1125 1219 1381 1488 1462 1508 1489 1365 1305 1287 1088 1030 885 735 645 579 501 496 522 544 630 745 889 1015 1185 
575 527 510 496 564 677 772 844 1049 1104 1280 1303 1379 1503 1433 1544 1440 1408 1299 1152 1013 840 712 660 584 507 494 500 547 639 775 880 1044 1142 
543 501 515 533 585 664 741 866 967 1184 1302 1362 1371 1450 1552 1412 1366 1336 1280 1121 1017 877 764 675 575 536 499 523 552 677 763 832 980 1123 
584 518 514 536 543 678 761 854 1005 1100 1196 1420 1387 1518 1454 1481 1497 1295 1203 1112 964 828 724 633 551 531 495 502 553 649 759 892 996 1170 
547 539 504 498 550 660 785 875 964 1132 1300 1391 1499 1419 1565 1535 1483 1324 1200 1126 1024 886 748 631 538 499 523 491 591 629 719 876 995 1081 
553 521 500 542 566 637 748 833 968 1111 1249 1336 1461 1480 1490 1467 1410 1389 1295 1123 1021 862 767 636 590 537 509 505 560 637 735 839 978 1129 
582 501 511 515 559 648 717 834 1005 1170 1261 1375 1440 1464 1496 1525 1439 1316 1283 1129 993 831 714 619 592 514 493 538 564 660 764 872 1033 1139 
577 526 484 518 562 623 750 845 981 1077 1310 1376 1498 1544 1487 1541 1472 1399 1190 1100 961 911 741 648 561 534 509 495 560 664 722 881 1018 1160 
559 512 523 497 554 636 780 849 1008 1120 1199 1419 1461 1487 1463 1507 1436 1372 1288 1114 971 874 728 665 593 503 478 533 576 678 743 865 1002 1100 
553 495 496 509 581 671 737 870 953 1110 1214 1344 1368 1435 1432 1507 1447 1364 1223 1154 1035 855 732 675 556 528 478 523 588 640 733 897 1019 1135 
544 523 504 518 553 646 769 888 986 1088 1229 1363 1474 1475 1547 1465 1367 1354 1277 1185 1018 881 753 676 569 524 497 508 560 652 752 875 950 1147 
566 526 502 527 545 638 724 858 1016 1073 1193 1403 1449 1411 1500 1493 1440 1330 1242 1122 950 874 778 639 584 535 510 534 587 650 748 851 1034 1171 
561 499 513 494 550 619 779 877 971 1127 1189 1312 1402 1527 1491 1528 1476 1322 1286 1177 997 864 714 651 547 515 505 517 563 644 745 875 968 1140 
552 539 508 514 553 639 770 879 1038 1083 1264 1327 1479 1539 1449 1518 1484 1288 1227 1135 999 832 770 624 571 534 495 513 559 626 735 869 1040 1146 
558 537 491 517 555 630 780 858 978 1119 1246 1418 1504 1431 1572 1440 1361 1390 1304 1170 1019 849 739 639 564 523 478 499 556 678 784 857 1013 1073 
594 539 498 498 574 621 766 884 999 1128 1296 1360 1476 1463 1528 1453 1425 1352 1202 1171 994 874 736 658 558 536 514 493 565 653 748 881 1000 1150 
540 529 497 539 589 666 740 895 995 1152 1286 1395 1382 1495 1490 1470 1414 1395 1204 1084 976 869 737 656 565 502 491 516 565 665 747 889 1038 1098 
573 535 495 535 589 626 750 833 975 1111 1281 1324 1458 1423 1552 1500 1444 1334 1212 1087 1000 898 724 671 553 519 512 532 585 676 782 868 966 1123 
563 541 486 491 587 669 740 845 995 1104 1223 1413 1370 1488 1541 1419 1445 1408 1273 1147 1024 834 777 661 542 497 517 507 553 621 715 884 1026 1141 
587 517 499 541 546 624 772 884 1020 1111 1262 1357 1444 1478 1501 1461 1366 1343 1215 1141 1007 875 771 644 549 525 524 514 594 676 769 859 1012 1175 
561 494 495 511 591 663 768 883 964 1106 1269 1318 1452 1442 1435 1459 1459 1410 1268 1179 1033 893 771 667 559 520 507 506 560 623 765 865 1026 1127 
588 521 505 496 569 625 748 848 1005 1134 1215 1350 1452 1496 1470 1446 1390 1324 1282 1091 1046 880 765 626 563 494 485 542 573 631 770 851 957 1171 
545 514 504 503 566 645 759 829 962 1106 1304 1331 1411 1488 1454 1478 1459 1287 1236 1164 993 899 762 620 559 501 487 518 582 631 741 901 994 1160 
578 495 481 536 545 664 772 834 1001 1153 1212 1341 1423 1532 1474 1543 1369 1307 1195 1149 997 893 759 632 584 508 482 539 540 653 717 849 957 1177 
565 542 477 509 554 644 730 896 980 1100 1258 1311 1363 1505 1472 1464 1391 1376 1292 1168 980 913 775 665 562 518 478 527 544 634 727 913 1016 1082 
559 533 485 505 558 658 729 838 957 1165 1268 1320 1482 1429 1511 1473 1446 1370 1231 1100 974 906 728 677 563 497 488 521 592 641 784 841 1028 1148 
584 521 496 510 572 670 734 867 1022 1182 1274 1298 1497 1458 1484 1533 1401 1317 1221 1157 968 910 778 637 587 538 502 510 578 676 781 902 1041 1148 
560 537 484 542 562 636 739 848 972 1171 1216 1347 1471 1513 1458 1459 1435 1320 1206 1168 1049 860 769 638 567 539 491 538 549 670 782 828 996 1096 
584 529 497 499 551 662 724 832 989 1139 1195 1407 1489 1434 1560 1470 1502 1386 1214 1139 998 846 769 626 559 500 518 522 589 636 733 849 990 1081 
552 494 506 511 571 627 752 849 998 1136 1261 1359 1462 1429 1523 1480 1481 1404 1199 1185 1000 842 746 654 544 513 493 521 583 674 786 884 1003 1146 
563 506 518 534 584 658 718 854 972 1131 1255 1329 1396 1496 1574 1499 1399 1340 1230 1175 978 899 775 626 572 538 488 498 577 673 777 830 961 1158 
583 515 498 534 580 629 734 856 987 1166 1301 1331 1456 1499 1466 1467 1388 1333 1274 1089 1040 846 738 657 558 528 509 540 574 664 767 858 994 1133 
590 510 483 537 588 646 751 869 1040 1150 1268 1309 1502 1426 1472 1478 1445 1364 1304 1108 950 867 713 645 557 522 478 538 592 670 732 869 1006 1151 
594 506 508 526 573 620 757 857 1012 1080 1293 1416 1409 1434 1567 1539 1424 1382 1256 1083 1010 844 787 642 553 539 476 505 540 660 785 906 1008 1178 
591 534 508 513 562 661 719 872 1041 1132 1212 1332 1488 1487 1538 1430 1443 1367 1282 1146 967 889 724 666 584 530 519 522 583 669 729 894 1006 1080 
595 503 520 540 561 629 775 881 970 1167 1259 1382 1371 1529 1459 1441 1432 1357 1242 1122 999 911 768 664 554 516 512 494 540 629 712 892 979 1094 
577 537 512 510 586 633 712 869 980 1110 1238 1336 1401 1472 1451 1489 1432 1327 1301 1110 1034 912 714 656 575 532 522 503 556 643 756 912 1001 1086 
547 522 513 532 570 618 745 828 1015 1181 1197 1407 1431 1459 1440 1521 1484 1320 1282 1096 979 862 746 618 581 497 482 542 552 630 726 906 1002 1073 
540 521 486 509 565 620 750 841 1008 1133 1247 1361 1379 1548 1520 1497 1462 1360 1261 1183 965 876 720 661 582 508 523 523 573 631 754 841 1017 1114 
576 494 521 525 569 618 737 868 1002 1162 1254 1384 1418 1506 1499 1455 1468 1363 1295 1152 998 860 786 662 586 526 516 539 586 622 733 831 1040 1176 
567 516 483 502 564 616 739 879 987 1151 1203 1315 1439 1411 1569 1466 1474 1371 1214 1166 976 885 729 675 589 509 514 512 543 663 734 874 1041 1078 
572 521 509 532 542 648 772 840 1015 1132 1294 1339 1470 1493 1458 1440 1427 1328 1263 1159 1039 910 715 657 575 491 518 536 569 653 714 878 1046 1149 
559 518 476 494 541 622 762 854 951 1119 1191 1317 1440 1411 1461 1491 1453 1412 1303 1095 1003 897 751 636 539 538 509 528 582 617 726 863 988 1097 
541 526 497 510 577 662 729 848 1048 1126 1221 1333 1419 1516 1513 1449 1469 1303 1284 1110 983 857 753 658 547 513 483 495 541 629 732 834 969 1167 
564 508 478 516 554 632 726 857 1044 1098 1270 1350 1397 1424 1447 1433 1393 1364 1299 1121 952 844 760 632 558 493 482 491 545 651 782 907 1005 1094 
540 526 502 498 569 670 731 860 1006 1176 1191 1418 1394 1513 1494 1495 1480 1343 1265 1149 974 896 753 617 594 495 506 509 540 634 742 901 1012 1172 
594 524 490 494 593 631 748 882 1042 1147 1246 1301 1382 1425 1516 1508 1378 1360 1236 1123 955 906 777 632 545 504 508 510 577 674 767 842 968 1171 
543 535 521 493 575 659 751 837 1016 1153 1192 1372 1440 1550 1555 1482 1482 1379 1222 1091 1041 904 745 638 554 512 485 530 545 619 734 833 1030 1096 
545 523 482 522 539 651 784 898 1048 1112 1290 1361 1481 1465 1531 1547 1466 1292 1207 1147 959 832 764 659 588 511 492 523 542 661 768 827 1005 1142 
590 509 483 513 587 658 782 842 992 1094 1258 1327 1426 1493 1425 1487 1423 1397 1206 1164 959 871 763 654 586 503 517 520 569 622 741 856 1018 1120 
558 507 485 519 591 662 728 833 970 1140 1295 1413 1472 1455 1487 1420 1400 1335 1310 1078 1020 908 779 669 571 517 483 512 587 668 718 889 1003 1084 
547 522 479 511 587 670 748 894 959 1116 1291 1392 1453 1494 1533 1514 1391 1354 1204 1132 1010 907 773 657 591 524 489 537 569 655 733 901 976 1080 
576 502 521 528 580 653 758 843 954 1083 1248 1415 1412 1412 1571 1416 1394 1331 1305 1104 1014 867 749 655 543 541 493 494 580 671 741 830 1045 1073 
584 503 520 494 553 653 741 833 965 1108 1266 1381 1478 1528 1481 1411 1461 1323 1291 1123 1034 836 772 633 579 507 507 526 580 656 740 848 1017 1127 
566 508 486 536 590 632 766 846 1007 1115 1265 1402 1363 1547 1503 1516 1456 1342 1230 1160 950 894 753 627 558 542 518 542 563 625 760 828 1012 1165 
538 500 515 491 543 660 775 903 1011 1106 1276 1310 1492 1543 1435 1468 1458 1330 1241 1079 1018 913 771 663 577 495 512 529 572 669 786 842 995 1152 
554 503 524 507 575 631 740 838 961 1134 1211 1363 1438 1504 1556 1471 1483 1353 1288 1122 997 841 744 677 594 522 490 515 589 628 772 877 1018 1154 
540 541 515 534 584 638 784 876 1004 1179 1209 1366 1406 1507 1451 1435 1423 1386 1255 1138 1018 882 784 624 559 533 487 493 571 672 748 902 1013 1089 
582 494 484 542 543 645 786 887 1016 1177 1277 1373 1415 1541 1561 1494 1462 1369 1235 1074 1003 869 729 634 568 539 509 530 548 669 719 892 1002 1148 
544 539 496 504 560 677 735 874 964 1178 1254 1308 1424 1424 1465 1423 1477 1293 1275 1122 965 902 772 638 558 499 495 518 568 624 763 878 1000 1085 
538 520 497 513 593 650 713 830 1032 1099 1196 1411 1380 1418 1511 1503 1437 1357 1225 1164 1026 836 724 624 588 518 519 503 563 678 764 860 1042 1166 
580 498 480 506 542 644 750 830 1019 1087 1286 1392 1454 1503 1450 1413 1453 1419 1272 1080 954 888 744 622 539 505 504 502 554 653 743 838 1013 1149 
585 508 494 526 592 630 715 851 984 1157 1228 1403 1489 1544 1571 1511 1420 1341 1219 1158 1043 859 752 619 568 537 488 522 582 635 742 831 1024 1118 
564 497 504 505 576 638 747 882 976 1088 1192 1404 1502 1509 1487 1486 1420 1317 1239 1075 1045 907 728 665 593 499 494 541 543 664 723 871 950 1092 
595 502 476 539 562 638 746 846 956 1110 1207 1312 1467 1408 1494 1411 1498 1357 1264 1129 973 911 716 615 581 508 507 533 588 670 727 845 1028 1176 
559 537 480 496 552 668 749 863 1035 1178 1191 1375 1464 1551 1537 1423 1462 1288 1283 1147 1002 905 748 640 586 522 492 538 566 651 765 905 1028 1152 
594 501 490 528 593 677 732 832 1003 1134 1289 1406 1371 1501 1463 1430 1440 1331 1279 1128 971 907 734 617 574 504 509 521 571 642 730 848 959 1094 
575 517 486 521 562 628 717 905 1023 1139 1224 1386 1380 1409 1569 1508 1417 1349 1280 1104 994 872 738 665 594 516 492 518 568 671 720 905 1017 1172 
542 519 486 518 542 626 773 899 1039 1162 1194 1313 1496 1494 1503 1474 1495 1373 1265 1171 1020 879 775 649 594 535 489 515 552 636 718 863 991 1169 
559 520 502 498 579 635 744 899 1009 1164 1191 1309 1436 1411 1538 1539 1497 1340 1252 1182 961 912 760 670 538 506 493 529 590 661 733 847 994 1112 
545 523 498 532 570 656 722 857 986 1163 1201 1387 1396 1495 1490 1541 1391 1343 1312 1181 999 887 787 622 590 519 504 508 581 623 776 863 1048 1163 
563 537 476 529 591 669 763 828 986 1094 1258 1292 1490 1497 1542 1514 1365 1373 1294 1093 993 845 779 642 586 531 476 529 587 662 784 827 981 1102 
577 508 479 531 554 653 765 899 1044 1106 1190 1317 1479 1524 1436 1432 1376 1411 1230 1103 1043 851 770 649 562 537 502 532 563 665 724 870 995 1115 
567 494 480 519 588 622 767 834 983 1184 1254 1395 1414 1493 1534 1441 1442 1348 1218 1095 1028 834 733 629 588 516 494 541 558 625 741 870 951 1087 
577 495 475 520 558 670 726 871 1019 1095 1245 1415 1405 1420 1546 1474 1453 1355 1272 1164 959 832 759 626 562 518 506 534 572 619 727 902 957 1144 
