50 11 20
16 100
170 75 77 85 96 112 130 149 169 187 203 214 222 225 222 214 203 187 169 150 130 112 96 85 77 75 77 85 96 112 130 149 169 187 203 214 222 225 222 214 203 187 169 150 130 112 96 85 77 75 77 
170 100 103 113 129 149 174 199 225 249 270 286 296 300 296 286 270 250 225 200 174 150 129 113 103 100 103 113 129 149 174 199 225 249 270 286 296 300 296 286 270 250 225 200 174 150 129 113 103 100 103 
170 125 129 141 161 187 217 249 282 312 338 358 370 375 370 358 338 312 282 250 217 187 161 141 129 125 129 141 161 187 217 249 282 312 338 358 370 375 370 358 338 312 282 250 217 187 161 141 129 125 129 
170 150 155 170 193 224 261 299 338 374 406 429 444 450 444 429 406 375 338 300 261 225 193 170 155 150 155 170 193 224 261 299 338 374 406 429 444 450 444 429 406 375 338 300 261 225 193 170 155 150 155 
170 175 180 198 226 262 304 349 395 437 473 501 519 525 519 501 473 437 395 350 304 262 226 198 180 175 180 198 226 262 304 349 395 437 473 501 519 525 519 501 473 437 395 350 304 262 226 198 180 175 180 
170 200 206 226 258 299 348 399 451 499 541 573 593 600 593 573 541 500 451 400 348 300 258 226 206 200 206 226 258 299 348 399 451 499 541 573 593 600 593 573 541 500 451 400 348 300 258 226 206 200 206 
170 225 232 255 290 337 391 449 508 562 609 644 667 675 667 644 609 562 508 450 391 337 290 255 232 225 232 255 290 337 391 449 508 562 609 644 667 675 667 644 609 562 508 450 391 337 290 255 232 225 232 
170 250 258 283 323 374 435 499 564 624 676 716 741 750 741 716 676 625 564 500 435 375 323 283 258 250 258 283 323 374 435 499 564 624 676 716 741 750 741 716 676 625 564 500 435 375 323 283 258 250 258 
170 275 284 311 355 412 478 549 621 687 744 788 815 825 815 788 744 687 621 550 478 412 355 311 284 275 284 311 355 412 478 549 621 687 744 788 815 825 815 788 744 687 621 550 478 412 355 311 284 275 284 
170 300 310 340 387 449 522 599 677 749 812 859 889 900 889 859 812 750 677 600 522 450 387 340 310 300 310 340 387 449 522 599 677 749 812 859 889 900 889 859 812 750 677 600 522 450 387 340 310 300 310 
100000 5000 5170 5669 6464 7499 8705 9999 11294 12499 13535 14330 14829 15000 14829 14330 13535 12500 11294 10000 8705 7500 6464 5669 5170 5000 5170 5669 6464 7499 8705 9999 11294 12499 13535 14330 14829 15000 14829 14330 13535 12500 11294 10000 8705 7500 6464 5669 5170 5000 5170 
1499 1482 1433 1353 1250 1129 1000 870 750 646 566 517 500 517 566 646 
650 860 759 1488 1230 649 1092 1547 2245 1179 1539 1439 1469 830 1363 1365 949 839 347 748 680 581 261 869 1113 774 844 1076 1307 2002 1620 2176 2319 815 
977 610 1267 1219 925 1871 1205 793 1754 1396 1047 892 695 1470 1109 430 960 639 446 338 691 448 482 421 456 1233 1273 570 1074 1713 1402 634 2359 1915 
1190 1228 809 1348 1670 707 2033 1877 1538 781 899 1445 1557 1396 831 447 573 399 415 565 260 336 572 468 1121 1359 458 1777 1153 1420 1698 2275 2252 1922 
900 592 868 905 1739 844 1716 2115 620 685 1991 655 1110 962 908 584 338 458 305 237 312 230 853 884 801 930 1447 794 1713 1407 977 2107 1139 908 
326 415 1072 1317 620 689 1376 1249 1148 2163 1558 2156 1183 1501 1089 1186 342 722 479 471 604 571 704 898 701 1343 1371 654 1640 1263 776 1657 819 1953 
642 1223 683 664 910 716 736 656 2219 1617 1031 2129 760 527 542 1326 803 787 353 217 273 588 499 765 632 773 890 1177 1771 661 1758 819 2330 1507 
926 469 1589 910 1606 1602 1897 1868 2069 1841 2270 1074 720 945 1118 363 811 657 431 351 546 569 598 946 468 1238 466 1332 1014 644 1120 1240 806 1930 
322 972 843 553 1870 2139 848 1543 609 1304 1502 1197 1515 1279 428 582 806 606 505 330 642 291 360 910 438 1227 748 1404 1720 630 989 1594 1716 2181 
948 1246 881 1684 1169 1809 678 1517 1147 2005 1137 1546 1770 458 493 874 1131 384 695 626 579 618 498 748 598 760 582 753 1882 1791 2070 1836 806 1993 
885 1390 1500 1081 1748 1198 632 1466 1371 878 1311 1248 1790 599 1288 729 737 1028 759 334 733 499 812 805 644 841 508 872 1566 2100 1381 2110 1353 1872 
1116 692 1408 779 1884 1634 915 1167 1060 2040 1890 1259 611 1685 1076 913 328 314 614 381 720 467 836 549 1002 1228 1504 572 946 983 1966 1506 2123 2083 
705 1064 1305 1447 805 807 2125 870 1494 860 1836 744 1541 1464 1426 953 501 609 860 544 458 500 305 833 409 1358 1243 1102 908 1825 1016 892 2167 2123 
1117 650 819 1413 564 861 1599 1214 820 1575 2289 546 1733 1495 982 1227 506 492 271 379 388 269 757 992 646 483 1114 1709 1638 899 838 1229 1240 898 
1101 1346 929 981 1182 1554 976 2291 2286 1787 1600 1193 1741 1502 1037 486 500 466 696 663 324 729 660 330 1122 632 472 1283 795 931 1714 1360 1354 2132 
1161 1299 764 489 1489 1049 1119 740 2288 2287 1550 623 797 1400 1205 1280 882 395 606 794 406 491 707 365 1169 1061 1286 501 1988 1091 2081 1251 1578 1745 
496 435 1098 1573 935 1413 1770 1690 2165 2249 897 1976 1281 1218 1223 1052 1046 269 898 541 677 709 481 634 627 1127 513 972 1319 1144 996 969 812 1983 
999 1306 818 860 1723 1046 1841 859 693 1981 965 1638 1101 720 1434 630 877 926 461 541 366 698 566 907 586 634 463 1454 809 2053 1892 1628 1713 983 
597 990 803 1356 530 2017 2178 1852 1662 1616 1394 1252 1012 1006 1567 525 1080 685 744 268 449 358 637 984 631 675 1190 1609 1659 1211 690 1642 1350 1806 
650 390 894 1642 1355 869 1863 1638 1857 2014 1946 1505 864 1038 654 379 303 737 382 439 492 525 775 956 1136 1128 1102 1361 1528 710 802 1797 965 1480 
704 556 753 476 791 548 2185 1317 1686 1403 1103 1896 1369 640 736 636 1108 336 292 438 215 377 527 332 750 581 1147 526 1023 1749 738 2075 1524 1444 
329 482 1301 568 745 716 2249 761 1710 1974 1448 548 1934 1435 670 1146 439 333 245 321 625 269 672 572 863 1347 730 1799 1224 1438 1996 2003 1144 1885 
836 414 926 1080 1958 671 936 2161 2193 1880 1421 1083 1784 692 1572 853 440 522 460 634 219 217 250 676 723 881 1445 1649 1190 1659 947 987 1040 828 
1127 1138 998 1062 1593 2149 2183 1234 1400 925 1057 1550 1211 1206 523 793 340 646 539 414 668 672 793 522 1075 1155 788 694 1227 939 1534 1412 2138 2351 
573 1092 879 670 851 2083 1363 753 2102 2093 830 1442 1848 578 1134 1282 843 333 494 680 565 518 328 944 456 1130 886 1324 1615 839 1584 2153 2361 2088 
341 1052 1234 1120 920 1464 1764 702 781 2255 2158 2102 1901 1739 1575 884 1192 1005 487 816 513 580 640 529 1085 855 817 1000 1336 1939 2219 1089 758 635 
821 1355 1289 1622 1816 2103 604 1255 2206 1692 2286 1296 1915 809 750 1345 379 832 816 224 243 455 481 302 536 555 752 584 1280 2069 1494 2243 1478 1129 
995 1329 705 1399 781 1783 2075 1698 2175 2293 1773 1346 1401 1218 400 1076 438 1022 806 698 796 740 720 728 679 832 1347 733 1992 1058 1208 1329 1315 1435 
778 1285 985 755 912 1349 1851 1761 1115 2057 1987 1902 1605 1464 949 358 369 944 502 592 388 602 674 686 959 1319 1196 926 1271 832 1833 2135 1070 1749 
651 437 1416 1457 1798 1390 1601 1184 1410 654 1022 1763 1910 944 1267 870 1089 477 876 376 690 626 334 589 602 760 1068 1054 1984 926 2017 1513 2331 2191 
916 1201 1121 758 1046 1476 1563 1726 2183 1561 2051 576 1410 1723 730 351 1122 614 775 745 632 507 497 291 728 373 966 1021 1262 1401 2056 1364 1012 870 
663 513 593 1232 1822 1100 990 2232 1620 1806 1247 2103 581 672 1362 466 859 941 852 431 697 270 630 804 820 1364 818 702 1017 1645 1024 877 2074 1356 
668 1209 1173 554 1015 1600 1445 1941 1649 2024 1029 1127 1361 616 831 536 385 867 365 580 545 351 770 389 560 820 709 1598 1865 863 1411 2136 1268 1092 
962 1360 1024 1094 828 1164 1483 891 1595 1329 1482 1090 807 1747 919 1334 921 871 519 415 633 827 296 853 337 721 1173 1278 715 574 838 1257 1716 1270 
708 445 802 1008 1136 902 838 1230 1155 1633 1331 729 1942 1137 460 485 760 803 245 317 440 227 724 925 550 1082 1138 662 1563 2163 1185 2166 906 919 
824 777 765 1275 1853 1268 2119 1757 1394 1100 1526 1515 1456 870 1020 1382 736 363 666 596 773 342 887 842 1041 617 1397 1161 1392 987 637 1284 2006 1793 
345 799 665 664 1446 1040 1732 2031 2269 2063 1264 910 1230 1573 1557 369 423 561 864 525 333 208 760 281 442 1165 1099 1215 1653 1061 2024 965 1297 1078 
418 532 612 820 1554 1756 1676 1047 2195 606 1959 1859 1137 1399 428 1009 743 296 825 622 564 762 344 319 443 1375 904 1209 1668 1746 2091 904 1043 1338 
799 607 619 1653 650 1230 963 2356 964 1493 2158 1776 940 635 436 706 418 982 562 824 320 321 743 1020 652 1033 1225 1427 1922 1602 1899 615 826 2195 
1076 1106 1062 912 730 1736 1860 1387 1686 1497 1916 780 1333 635 1012 1336 967 405 506 418 444 349 518 357 988 669 1408 1387 1261 1039 1595 2133 1659 1452 
378 847 1589 480 1789 759 1796 2315 895 1278 1716 1166 1840 1573 1289 408 1036 458 720 588 569 493 430 559 891 1119 1419 1627 513 1756 1081 768 1757 1982 
890 1229 754 507 1371 1973 2230 657 1588 1067 1434 1623 1964 1667 734 466 1135 445 490 277 604 555 459 815 1006 851 1315 614 522 911 2287 1773 1791 1337 
443 983 1170 1416 1316 1767 2282 907 2214 1517 615 1716 1241 1204 1389 803 766 654 475 302 610 218 836 377 831 895 1447 787 1658 551 765 913 2215 1026 
675 1014 538 1353 1066 1725 2275 1329 1604 1077 588 1676 1724 1455 550 391 1148 415 437 516 414 273 617 622 377 611 922 667 1558 1810 1092 1170 1544 1588 
956 723 1206 1476 547 1099 1161 2368 979 823 2118 2034 1509 548 483 834 927 635 866 692 281 477 885 300 567 1333 1283 580 1259 863 1732 761 1106 2193 
700 671 1139 821 853 658 1145 2195 1790 2287 2235 2053 1257 1020 595 1157 305 913 255 748 754 322 574 758 380 568 1587 695 1505 1483 1455 2042 2139 1767 
916 487 629 976 1175 1407 1068 664 883 2227 743 966 1803 1303 1013 524 664 410 535 764 244 218 394 598 816 926 894 547 510 710 1701 1119 1534 2064 
530 925 980 478 1333 1518 1842 1132 2035 2207 1984 1812 511 1611 1215 1173 436 383 791 389 368 396 515 701 1100 704 629 770 793 2044 1856 990 1627 2188 
475 1204 1402 822 1321 1063 1672 2352 2161 1371 1670 901 1495 465 1244 1039 716 385 811 553 229 488 356 944 603 498 897 1094 1004 802 1207 1426 948 2124 
382 1301 1319 695 1633 1936 1782 1063 855 2021 1434 832 1837 1547 1001 1172 520 386 434 451 495 772 607 441 1064 441 1124 1057 1967 594 2169 1555 2189 1649 
1127 403 849 1250 1795 1195 2036 1222 1816 1641 1588 1719 978 1538 751 668 647 683 274 426 689 445 652 361 486 1244 1385 554 1542 1719 1194 1679 2177 740 
1033 1360 1276 1075 1534 1919 606 1482 1983 1052 799 1035 1175 978 1400 395 560 926 846 785 481 323 326 365 670 1185 1157 1467 907 1313 2033 1274 1485 1493 
774 885 613 1099 1557 770 1411 2318 2399 2130 1882 592 1300 1781 1135 1182 740 795 698 242 661 207 472 360 948 783 1546 1697 1092 595 2140 1356 1180 789 
685 1031 699 1414 1856 770 1996 1516 2152 729 1798 1225 1388 797 449 1332 488 848 746 288 422 646 762 1033 609 1281 895 565 1514 1650 620 1061 868 604 
762 740 721 1501 1045 1801 2264 1630 2298 1303 2082 599 1852 1035 1025 908 446 396 387 759 501 353 883 696 433 926 976 1716 1098 1280 1672 1274 1867 1074 
1130 963 637 1278 1923 1887 817 2227 978 1775 996 1153 1589 1593 811 1142 1065 847 483 418 764 405 354 590 401 936 442 1317 1690 1922 1205 1483 1147 633 
990 835 610 872 1351 2084 1305 1275 775 1422 1458 1119 537 1086 635 462 994 1026 897 684 477 618 537 782 642 593 520 1394 1095 766 2198 1006 1229 1049 
908 1125 1388 1039 1181 794 1123 2111 909 2322 1043 1936 1027 1074 1463 692 664 828 395 321 492 262 716 361 876 790 434 757 1205 693 691 1238 698 707 
1071 640 781 1347 1434 805 1565 2023 1492 1408 1411 612 1645 1775 525 619 447 946 414 422 311 634 288 844 1058 1156 1116 724 1835 1572 1451 1346 2324 1240 
421 660 1069 1111 803 841 1336 1948 2167 2045 1079 568 1367 1275 606 1004 1187 806 738 661 631 601 744 848 424 1255 1149 983 1755 854 1883 1542 806 924 
769 751 535 1354 820 917 2050 1392 976 596 2148 963 1368 780 1449 499 512 692 492 345 232 290 906 357 1133 790 903 1758 870 1523 1540 879 1957 2180 
1173 368 691 860 1859 1083 718 2292 2043 2222 632 1399 939 936 760 1321 803 957 450 711 308 659 426 1022 515 919 1281 939 1813 1804 1156 1487 648 1005 
584 737 1070 1239 1010 1137 1453 1471 1559 1045 1755 1774 1175 565 733 623 789 786 755 294 239 703 818 1009 1101 925 1057 873 806 842 798 1503 1607 2041 
710 368 687 719 1876 755 1282 871 1671 1455 634 1708 785 627 1594 967 1175 688 520 247 487 501 720 959 446 1135 544 961 1584 1005 1335 2308 1200 942 
1101 1262 979 704 1029 2071 1691 1278 1048 602 1491 1411 990 955 461 1262 675 601 790 537 554 271 499 892 932 1372 1406 722 1672 754 605 1266 1036 1121 
540 591 857 837 1366 593 792 1631 853 1902 1475 1854 1079 1437 1476 413 545 900 353 710 221 785 505 547 395 470 1279 1253 1149 1435 729 2068 2259 705 
1078 1212 638 1420 1327 1453 1323 955 2251 1776 1340 1284 1380 1166 1314 620 794 767 862 360 526 451 735 351 1018 963 1110 1015 611 1038 1764 1822 1530 920 
683 810 695 1152 1160 1565 882 1784 2028 820 654 2011 1756 1744 480 590 349 748 399 428 547 524 787 520 844 764 1210 494 1129 1105 1251 2253 1082 2270 
1000 865 1318 1709 992 1386 718 1518 1827 1898 1668 944 1199 594 946 1049 772 290 234 709 799 219 685 754 496 1160 1043 1105 1845 1557 1993 1768 1610 609 
856 584 1269 1650 602 762 1844 628 2201 1844 1983 1855 922 1362 634 1073 342 845 808 695 257 825 822 867 361 1147 1321 1508 941 1778 2034 671 2038 2145 
365 763 1107 715 965 929 2155 765 1578 2100 1909 1607 1909 499 742 669 543 847 405 239 594 680 661 321 386 1269 1554 626 1614 623 1783 1366 1361 1772 
825 1010 796 905 1468 1233 1255 1821 1097 1250 1054 948 1873 1318 958 372 890 338 514 760 476 541 439 559 491 729 621 1739 977 1675 858 1044 751 790 
821 1100 1094 1679 1223 1806 932 1075 1647 2362 1816 782 504 1317 1426 519 1085 893 460 493 314 656 581 871 1165 485 671 1357 557 1698 940 596 1822 1086 
1040 1363 696 1159 648 1423 664 1287 756 1390 1935 1566 1298 1767 1061 1034 918 565 807 381 475 483 705 609 841 941 544 1196 786 1191 738 1226 741 1082 
734 658 1074 565 1620 591 2257 1252 752 2363 1349 2129 1771 1797 988 453 982 586 695 261 731 356 372 909 1051 602 795 615 712 1801 1670 1819 1182 1395 
579 882 1071 1778 1949 2113 1391 1828 1450 1227 2281 1970 1010 1208 1259 849 1171 411 788 388 457 295 872 447 330 1073 1562 1568 1082 1034 998 1123 864 883 
507 1144 649 1143 1857 1614 1515 2371 715 2089 1299 2116 1811 1469 578 1359 917 934 362 429 545 805 774 546 818 616 1370 1032 614 740 2242 758 1219 1271 
712 856 1184 1530 1587 1379 2258 2133 1521 1932 1825 1362 764 877 966 1089 370 712 340 699 341 282 774 492 1175 965 1571 692 1660 665 1136 1132 714 1670 
615 1361 572 770 1257 1215 2259 1562 805 2336 725 1955 549 466 650 494 771 324 235 600 403 610 600 676 711 1063 1169 1273 1177 1293 2235 2003 2338 630 
334 562 694 1016 1690 870 943 1267 633 2352 679 1263 993 1207 1345 515 1127 503 710 495 680 354 479 905 977 1281 1398 814 1551 854 1970 1940 1925 934 
886 627 1009 1536 1332 1969 904 1910 772 861 1900 1506 1167 875 1392 652 560 554 621 747 749 692 486 932 684 964 874 683 1324 2089 1707 1803 636 2078 
549 1008 403 1295 1896 2026 1459 1904 1431 988 1131 1844 1560 1002 752 866 602 912 657 617 737 319 253 857 995 671 613 933 985 1961 1412 1397 2121 968 
995 1102 1176 478 1317 997 2153 1721 1682 2119 1640 903 1675 965 537 1156 665 696 739 330 389 595 328 576 339 1055 805 1396 556 2040 1525 1069 1353 1052 
1063 645 702 895 882 932 1934 1799 1901 635 1712 653 1323 1136 956 931 760 265 733 474 461 512 795 723 664 1172 994 1156 1002 1762 2022 1091 847 1756 
794 1279 613 1362 1635 1237 1029 2033 1821 720 2071 698 1066 1367 1380 783 895 986 317 701 552 687 444 654 777 1376 1259 1579 931 1850 930 2003 946 1405 
1189 1158 1241 785 1385 1027 1302 1238 2227 2062 682 2035 1117 1733 691 726 607 863 686 717 785 790 673 666 1036 1284 810 1568 1773 678 1915 2325 1643 1695 
457 593 562 1715 999 1168 687 930 2006 1059 800 1903 1266 980 1301 472 1038 516 468 751 338 716 468 685 1142 649 1531 1308 1634 1944 1331 1463 723 1423 
688 1251 1222 525 1053 2008 803 1737 2232 696 1139 829 1469 1411 502 1246 783 907 536 219 582 591 462 355 720 615 888 474 1479 1985 1638 2344 785 2322 
843 1131 900 1673 603 2118 1879 1098 1333 1211 2132 1616 1819 1715 1229 404 634 831 611 298 314 347 560 643 1076 1173 1470 1187 1110 1837 2067 2104 697 1167 
669 700 1451 620 1711 2028 1084 2360 607 1150 2213 613 626 1105 1445 409 870 567 521 489 306 585 294 266 683 758 825 1653 1312 1856 2030 756 852 1630 
471 1339 713 547 1094 1638 581 974 1326 1767 703 1832 1527 1177 1521 1235 640 756 761 565 759 811 308 723 956 556 432 1650 1456 1913 2283 999 2384 1056 
681 960 1532 1027 1352 759 1723 968 811 1274 1241 851 724 727 1211 961 899 331 245 483 458 543 324 763 592 1210 1507 1587 1928 676 1603 2091 1851 624 
320 1121 1539 536 1298 701 1874 1227 1324 1512 1530 1155 984 528 716 945 1097 769 503 715 530 286 586 337 339 1181 1106 689 1521 1268 1548 1729 1611 1639 
1194 564 544 1390 1450 1426 2275 1432 647 1503 1697 1824 677 650 1432 676 923 452 396 508 694 766 353 970 363 1133 693 1532 1436 1260 1143 1314 860 2361 
1113 694 979 1122 886 1328 613 2300 1233 1468 2054 1629 713 1241 1034 1255 1094 682 563 288 427 740 335 473 880 956 1056 642 1921 699 1322 714 1854 1168 
418 843 587 1065 1408 1024 1332 2082 994 1862 1895 710 1616 1709 924 454 1123 582 564 677 326 478 620 615 397 519 1441 502 1243 1020 1702 2273 1502 1422 
733 1123 911 883 937 1302 594 1600 1718 2348 1890 2010 862 1687 1062 457 526 421 345 290 251 244 345 771 655 419 1056 1477 929 1252 1619 905 2169 926 
957 384 1138 1805 732 926 1300 2027 1704 1463 2240 1687 1952 797 650 647 832 639 602 814 624 517 687 647 665 1135 915 477 1341 582 1963 756 1243 1801 
721 356 1184 1066 1614 1531 2119 1647 1750 916 1984 1599 1654 1163 1119 1233 934 863 743 373 620 278 554 885 549 1257 1074 663 1426 911 1847 1838 1051 676 
849 1039 1591 1685 1744 1100 1623 606 2144 2007 886 2054 1892 1485 1139 1391 733 468 432 307 667 614 472 368 1118 796 963 1585 1862 1785 1789 1719 996 640 
684 1071 647 577 1383 1868 2162 2201 1570 2341 2123 565 1553 636 537 902 442 534 836 368 535 798 901 585 639 1003 975 1489 1888 952 1900 1359 865 1318 
