10 2 20
4 50
1700 130 112 96 85 77 75 77 85 96 112 
100000 8705 7500 6464 5669 5170 5000 5170 5669 6464 7499 
1129 1249 1353 1433 
1541 1572 1454 1463 1326 1295 
1492 1526 1420 1374 1349 1223 
1536 1558 1490 1502 1412 1212 
1554 1520 1413 1398 1336 1191 
1455 1484 1502 1399 1371 1227 
1484 1559 1456 1419 1304 1218 
1518 1437 1444 1457 1401 1303 
1440 1441 1540 1439 1400 1291 
1489 1550 1543 1454 1380 1284 
1437 1496 1421 1394 1346 1261 
1541 1570 1512 1419 1403 1240 
1460 1444 1505 1405 1376 1203 
1424 1532 1550 1411 1334 1278 
1412 1527 1439 1383 1332 1252 
1515 1507 1465 1421 1368 1192 
1497 1462 1448 1364 1356 1255 
1554 1491 1477 1440 1319 1270 
1442 1524 1518 1430 1336 1281 
1529 1507 1480 1373 1289 1255 
1534 1466 1513 1425 1301 1196 
1553 1474 1451 1407 1315 1290 
1509 1569 1474 1483 1298 1238 
1492 1535 1539 1377 1287 1215 
1442 1540 1504 1446 1316 1287 
1479 1479 1422 1460 1305 1285 
1430 1559 1499 1443 1398 1266 
1416 1453 1477 1436 1338 1311 
1549 1471 1484 1446 1312 1253 
1485 1560 1464 1443 1296 1301 
1532 1544 1461 1498 1398 1216 
1460 1478 1535 1437 1323 1215 
1503 1531 1546 1420 1387 1229 
1454 1450 1534 1447 1397 1283 
1459 1451 1436 1425 1390 1193 
1438 1430 1481 1403 1397 1264 
1544 1439 1479 1423 1311 1296 
1422 1530 1439 1477 1399 1218 
1413 1527 1410 1459 1376 1229 
1421 1462 1418 1440 1328 1282 
1478 1547 1546 1497 1417 1275 
1463 1515 1452 1390 1359 1281 
1512 1427 1483 1417 1303 1299 
1501 1562 1464 1378 1376 1284 
1471 1467 1516 1434 1382 1231 
1486 1533 1498 1390 1288 1202 
1506 1523 1532 1385 1286 1211 
1466 1500 1487 1400 1328 1267 
1422 1523 1554 1378 1347 1234 
1526 1526 1436 1497 1288 1248 
1442 1501 1524 1383 1341 1219 
