50 3 20
16 50
850 112 96 85 77 75 77 85 96 112 130 149 169 187 203 214 222 225 222 214 203 187 169 150 130 112 96 85 77 75 77 85 96 112 130 149 169 187 203 214 222 225 222 214 203 187 169 150 130 112 96 
850 150 129 113 103 100 103 113 129 149 174 199 225 249 270 286 296 300 296 286 270 250 225 200 174 150 129 113 103 100 103 113 129 149 174 199 225 249 270 286 296 300 296 286 270 250 225 200 174 150 129 
100000 7500 6464 5669 5170 5000 5170 5669 6464 7499 8705 9999 11294 12499 13535 14330 14829 15000 14829 14330 13535 12500 11294 10000 8705 7500 6464 5669 5170 5000 5170 5669 6464 7499 8705 9999 11294 12499 13535 14330 14829 15000 14829 14330 13535 12500 11294 10000 8705 7500 6464 
1249 1353 1433 1482 1499 1482 1433 1353 1250 1129 1000 870 750 646 566 517 
590 516 502 552 669 915 843 1325 1178 1534 1329 1272 1341 1499 1528 1413 1478 949 988 827 854 684 624 613 414 419 551 699 897 907 967 999 1033 1384 
437 556 541 772 799 709 1084 1279 1006 1310 1193 1641 1322 1423 1646 1109 1450 988 942 905 772 553 595 451 474 429 679 775 793 875 1078 1171 1333 1308 
590 487 560 661 696 875 914 942 1180 1566 1460 1404 1472 1422 1685 1481 1473 1095 976 773 704 557 647 589 560 421 627 673 761 785 977 1215 1273 1427 
514 432 491 699 716 745 1134 1066 1043 1136 1545 1725 1231 1414 1308 1556 1411 1145 806 833 687 643 617 524 418 476 655 626 796 995 1150 1103 1438 1459 
561 509 662 658 709 815 821 1195 1094 1388 1171 1461 1272 1443 1170 1556 1492 1154 984 854 648 525 631 598 526 450 629 578 824 735 846 1311 1203 1115 
563 461 657 704 757 882 846 1157 1032 1230 1325 1360 1355 1488 1269 1363 1234 973 1048 965 848 552 510 586 526 435 467 698 862 943 1086 1346 1181 1140 
498 439 548 711 676 809 1043 939 1402 1282 1421 1286 1353 1414 1588 1612 1346 1231 829 786 845 755 541 563 560 617 585 668 625 1021 873 918 1139 1552 
499 570 675 642 754 739 1054 1037 1276 1113 1290 1463 1300 1351 1183 1397 1101 1331 1199 760 765 596 468 508 501 509 557 735 675 993 997 904 1186 1344 
448 600 671 674 881 844 869 1284 1470 1247 1603 1412 1509 1629 1574 1282 1027 1169 1190 712 607 601 627 569 472 591 652 613 739 798 996 1049 1308 1434 
495 559 665 731 862 928 1062 1197 1074 1394 1676 1392 1246 1278 1630 1254 1430 950 1182 879 696 601 664 484 544 489 593 575 645 746 898 913 1463 1389 
590 474 463 552 696 863 820 958 1129 1205 1381 1428 1688 1645 1573 1411 1111 1219 1188 879 864 744 632 534 491 414 563 589 864 881 1010 1038 1198 1264 
579 481 556 771 803 783 1031 1332 1403 1458 1150 1531 1507 1571 1312 1202 1180 976 1015 788 725 707 590 528 496 525 647 752 849 1038 1113 981 1254 1510 
434 532 577 558 612 973 868 927 1030 1397 1371 1362 1624 1290 1709 1361 1403 1140 921 872 827 649 672 452 421 435 622 689 812 960 1114 1145 1089 1557 
503 416 656 716 675 1040 882 1278 1479 1399 1218 1404 1301 1384 1255 1568 1238 1148 1085 780 780 767 490 473 501 490 650 711 747 712 1110 1239 1399 1597 
497 535 598 641 679 908 849 1136 1143 1257 1203 1682 1672 1683 1326 1336 1180 1274 1164 728 642 736 613 430 410 525 502 588 857 780 1174 937 1124 1455 
553 613 602 623 644 717 811 1030 1397 1466 1311 1201 1521 1702 1539 1107 1121 1010 1104 831 680 712 486 459 481 546 660 686 846 855 1086 1007 1459 1282 
478 610 598 558 682 768 847 951 1489 1275 1264 1368 1659 1444 1607 1380 1162 1234 991 807 635 678 533 421 404 515 610 553 754 726 885 930 1036 1176 
507 562 465 718 833 923 1095 1328 1366 1247 1589 1317 1581 1569 1570 1584 1476 1201 817 794 654 728 648 510 425 442 534 738 785 1008 1161 1002 1068 1419 
496 496 528 630 610 735 1147 1064 1485 1277 1506 1549 1498 1323 1518 1432 1042 1108 1146 979 809 655 464 501 412 588 667 566 802 859 828 1224 1383 1182 
433 419 667 627 812 1019 1087 1140 1256 1623 1542 1263 1727 1248 1434 1148 1114 1047 959 992 818 762 574 432 568 566 629 647 696 975 886 1340 1266 1326 
422 547 610 633 741 732 1146 1279 1001 1257 1312 1682 1586 1764 1679 1134 1208 1260 1109 916 830 606 638 577 435 442 500 692 667 804 1003 995 1401 1498 
520 480 629 571 632 905 1083 1231 1438 1413 1695 1443 1484 1410 1607 1600 1070 1063 1144 722 661 536 559 497 478 433 518 641 606 785 1145 1353 1282 1581 
454 552 567 584 804 862 1190 976 1489 1423 1267 1702 1324 1284 1220 1609 1001 1114 877 970 840 658 654 573 598 512 644 527 819 960 819 1164 1344 1102 
430 464 540 758 681 765 937 1090 1166 1483 1639 1455 1427 1369 1415 1316 1404 1168 1179 706 614 620 455 414 517 510 553 697 861 906 1144 1160 1007 1329 
574 552 631 618 832 821 1151 1187 1299 1122 1649 1278 1583 1537 1677 1410 1129 1144 1028 917 636 646 616 601 524 554 497 587 812 785 1151 1015 1402 1344 
577 494 475 712 818 921 1138 1129 1476 1229 1707 1360 1357 1449 1539 1606 1248 953 877 735 759 570 567 576 501 585 509 724 716 858 969 1076 1146 1517 
444 539 591 611 786 845 913 1079 1026 1408 1361 1289 1661 1453 1265 1308 1091 1221 870 930 867 600 604 515 516 543 458 621 770 904 822 998 1076 1434 
415 585 575 714 864 767 1005 1036 1336 1261 1516 1378 1459 1259 1230 1551 1321 941 879 976 857 631 661 594 420 587 606 667 772 752 1198 1048 1280 1387 
560 545 478 616 634 1000 959 1319 1023 1162 1287 1638 1338 1722 1584 1457 1216 1341 1044 983 766 621 637 417 552 413 589 562 883 972 922 1148 1107 1298 
534 530 611 662 794 843 918 1218 1030 1535 1536 1683 1331 1313 1253 1505 1404 1248 1151 973 644 682 558 567 442 566 519 760 723 772 868 1181 1310 1270 
439 474 533 717 693 1035 1055 1272 1414 1308 1449 1683 1593 1431 1529 1271 1188 1059 1190 1006 895 754 644 477 482 491 640 650 797 721 937 1042 1324 1476 
458 495 590 565 624 746 842 947 1027 1199 1502 1340 1651 1563 1505 1120 1499 1090 854 990 681 597 632 498 466 582 512 717 774 1040 870 1011 1046 1171 
455 574 643 576 610 718 804 1117 1231 1590 1703 1572 1378 1604 1580 1259 1159 935 1045 743 896 540 581 618 429 609 546 749 899 1017 887 1097 1015 1295 
539 505 506 571 734 767 861 1028 1288 1292 1236 1603 1583 1313 1451 1276 1167 968 1070 756 897 608 475 419 450 520 549 669 894 701 864 1314 1397 1160 
482 446 512 637 678 811 865 1270 1032 1211 1651 1262 1417 1594 1283 1446 1304 964 1173 943 739 693 653 474 572 574 574 569 765 840 1042 1191 1187 1215 
437 576 667 611 801 994 1188 993 1277 1404 1716 1340 1487 1194 1512 1176 1277 1046 883 971 720 683 637 564 574 569 608 574 887 769 807 1140 1407 1178 
590 594 540 625 877 766 1032 1174 1102 1349 1459 1447 1625 1305 1639 1576 1441 1103 907 1028 859 626 643 597 525 589 456 546 701 964 1028 945 1318 1390 
584 491 468 664 817 907 946 914 1138 1185 1639 1691 1618 1598 1506 1605 1143 1162 1084 884 636 597 466 425 456 531 548 640 817 861 1175 1069 1132 1384 
525 486 587 656 731 943 1142 1113 1112 1342 1582 1386 1310 1714 1487 1533 1065 1125 898 756 668 725 593 572 487 590 543 704 718 842 1088 1254 1467 1252 
526 579 677 678 842 850 811 973 1293 1612 1652 1762 1606 1197 1719 1299 1294 954 1200 791 664 742 605 586 507 562 483 539 885 978 966 1328 1070 1221 
431 426 453 585 777 928 1022 1006 1324 1182 1356 1420 1370 1252 1355 1205 1409 1297 1046 698 743 535 669 579 573 610 670 619 775 849 903 1010 1349 1372 
529 423 528 652 868 752 800 1228 1417 1184 1174 1298 1579 1237 1564 1200 1353 1023 932 1017 687 720 663 583 415 466 463 706 890 887 1179 1254 1152 1550 
549 610 604 600 616 1041 1039 1172 1223 1578 1317 1619 1420 1276 1557 1471 1388 1119 815 1025 664 701 456 427 501 507 473 636 853 951 1148 1251 1222 1571 
557 564 570 678 756 970 1092 1034 1054 1441 1698 1623 1328 1420 1413 1379 1266 917 893 997 836 642 625 614 459 562 659 666 777 968 848 919 1006 1549 
536 510 636 749 672 708 1062 1291 1169 1216 1214 1364 1283 1573 1691 1224 1042 1233 1112 740 809 611 477 523 452 556 465 746 769 952 1175 1207 1225 1402 
400 419 548 668 712 962 1166 985 1342 1302 1510 1207 1386 1377 1408 1621 1357 1165 923 844 860 664 595 555 438 421 602 543 603 900 924 1029 1001 1221 
558 433 577 592 810 785 1008 1197 1439 1439 1421 1405 1581 1510 1520 1301 1332 1207 1115 1042 690 616 515 447 474 612 570 642 702 709 816 1183 1492 1327 
457 584 522 621 771 1025 1158 994 1083 1096 1432 1484 1201 1260 1684 1268 1455 1088 877 986 877 558 631 590 517 565 503 669 810 742 1087 1011 1286 1196 
584 574 482 559 841 719 1169 1077 1259 1189 1441 1326 1438 1416 1216 1573 1398 1034 843 1003 615 525 497 445 442 594 658 716 841 965 882 1250 1174 1488 
564 446 638 612 644 698 1105 983 1142 1191 1375 1471 1293 1207 1263 1211 1062 976 975 862 646 529 495 425 582 513 487 539 853 796 1187 1315 1318 1483 
