20 3 20
11 5
850 112 96 85 77 75 77 85 96 112 130 149 169 187 203 214 222 225 222 214 203 
850 150 129 113 103 100 103 113 129 149 174 199 225 249 270 286 296 300 296 286 270 
100000 7500 6464 5669 5170 5000 5170 5669 6464 7499 8705 9999 11294 12499 13535 14330 14829 15000 14829 14330 13535 
1249 1353 1433 1482 1499 1482 1433 1353 1250 1129 1000 
887 741 774 610 601 493 459 677 556 
763 672 705 553 430 494 608 527 543 
907 674 612 635 590 594 458 659 645 
836 642 678 538 440 495 449 601 701 
1027 809 635 585 484 425 554 566 640 
