20 6 20
15 100
340 77 75 77 85 96 112 130 149 169 187 203 214 222 225 222 214 203 187 169 150 
340 103 100 103 113 129 149 174 199 225 249 270 286 296 300 296 286 270 250 225 200 
340 129 125 129 141 161 187 217 249 282 312 338 358 370 375 370 358 338 312 282 250 
340 155 150 155 170 193 224 261 299 338 374 406 429 444 450 444 429 406 375 338 300 
340 180 175 180 198 226 262 304 349 395 437 473 501 519 525 519 501 473 437 395 350 
100000 5170 5000 5170 5669 6464 7499 8705 9999 11294 12499 13535 14330 14829 15000 14829 14330 13535 12500 11294 10000 
1482 1499 1482 1433 1353 1250 1129 1000 870 750 646 566 517 500 517 
658 324 1010 529 439 
503 1025 1165 1282 1593 
312 691 1143 1211 873 
578 707 1102 970 1159 
469 503 874 1182 674 
786 297 1075 1257 683 
443 1006 777 627 910 
447 703 554 772 1511 
411 480 555 447 1554 
789 430 675 512 461 
384 1021 923 1003 754 
511 659 969 578 1193 
376 973 388 1367 1450 
796 801 436 674 1472 
663 547 658 1127 1212 
706 592 757 1353 1238 
379 919 859 394 1598 
722 628 1000 1033 1494 
407 1023 780 460 654 
554 445 1044 630 920 
676 841 1119 768 1259 
773 854 977 1391 1187 
234 976 1052 1261 1335 
577 973 686 876 1183 
273 880 758 997 638 
482 773 496 524 832 
575 873 750 1350 1177 
542 750 1183 1117 936 
763 762 1186 353 424 
761 600 1148 952 558 
857 383 433 1377 1587 
362 316 1109 1057 718 
342 767 767 1076 618 
374 651 611 900 1477 
554 910 654 829 1257 
355 857 620 410 1256 
603 903 753 1147 708 
311 620 475 858 941 
702 295 952 375 527 
536 666 1036 722 623 
735 462 859 1214 1452 
672 454 365 404 928 
777 305 1109 471 658 
412 822 1180 783 1509 
386 562 645 694 736 
823 882 499 1202 1178 
426 615 845 1267 991 
330 852 654 1254 1115 
770 1030 822 409 567 
345 463 1049 1242 876 
250 685 820 1057 1136 
381 454 937 1250 1593 
781 404 859 1384 863 
668 375 655 411 914 
260 291 1116 414 1579 
655 463 1001 417 1526 
848 511 514 430 703 
813 636 472 377 535 
399 736 969 883 1445 
870 524 804 734 1580 
381 343 755 387 700 
763 527 781 1113 761 
404 592 423 1188 1191 
470 615 378 683 426 
879 862 897 1152 757 
421 870 1048 1075 1241 
664 405 484 741 596 
601 774 662 1098 859 
549 806 933 856 1276 
882 762 374 1257 509 
670 926 635 856 1001 
898 754 996 701 1003 
659 452 463 482 874 
746 388 1109 1351 682 
814 742 1097 925 964 
658 933 329 642 1345 
650 418 510 552 1068 
302 949 874 765 1394 
707 380 591 849 1498 
743 781 659 1270 1286 
847 807 542 925 1400 
901 920 967 1078 794 
460 922 593 722 447 
807 858 859 1054 1529 
689 957 565 696 1460 
743 642 1095 749 410 
833 314 537 697 566 
436 764 992 730 426 
450 466 610 881 469 
271 462 308 611 495 
513 1000 344 382 1272 
851 580 791 649 577 
455 960 1194 602 1276 
719 564 1084 498 671 
729 282 1055 719 1016 
784 539 697 675 617 
355 755 668 962 1055 
812 911 424 1373 877 
485 291 1028 348 654 
868 1029 823 1055 483 
