50 11 20
16 100
170 130 149 169 187 203 214 222 225 222 214 203 187 169 150 130 112 96 85 77 75 77 85 96 112 130 149 169 187 203 214 222 225 222 214 203 187 169 150 130 112 96 85 77 75 77 85 96 112 130 149 
170 174 199 225 249 270 286 296 300 296 286 270 250 225 200 174 150 129 113 103 100 103 113 129 149 174 199 225 249 270 286 296 300 296 286 270 250 225 200 174 150 129 113 103 100 103 113 129 149 174 199 
170 217 249 282 312 338 358 370 375 370 358 338 312 282 250 217 187 161 141 129 125 129 141 161 187 217 249 282 312 338 358 370 375 370 358 338 312 282 250 217 187 161 141 129 125 129 141 161 187 217 249 
170 261 299 338 374 406 429 444 450 444 429 406 375 338 300 261 225 193 170 155 150 155 170 193 224 261 299 338 374 406 429 444 450 444 429 406 375 338 300 261 225 193 170 155 150 155 170 193 224 261 299 
170 304 349 395 437 473 501 519 525 519 501 473 437 395 350 304 262 226 198 180 175 180 198 226 262 304 349 395 437 473 501 519 525 519 501 473 437 395 350 304 262 226 198 180 175 180 198 226 262 304 349 
170 348 399 451 499 541 573 593 600 593 573 541 500 451 400 348 300 258 226 206 200 206 226 258 299 348 399 451 499 541 573 593 600 593 573 541 500 451 400 348 300 258 226 206 200 206 226 258 299 348 399 
170 391 449 508 562 609 644 667 675 667 644 609 562 508 450 391 337 290 255 232 225 232 255 290 337 391 449 508 562 609 644 667 675 667 644 609 562 508 450 391 337 290 255 232 225 232 255 290 337 391 449 
170 435 499 564 624 676 716 741 750 741 716 676 625 564 500 435 375 323 283 258 250 258 283 323 374 435 499 564 624 676 716 741 750 741 716 676 625 564 500 435 375 323 283 258 250 258 283 323 374 435 499 
170 478 549 621 687 744 788 815 825 815 788 744 687 621 550 478 412 355 311 284 275 284 311 355 412 478 549 621 687 744 788 815 825 815 788 744 687 621 550 478 412 355 311 284 275 284 311 355 412 478 549 
170 522 599 677 749 812 859 889 900 889 859 812 750 677 600 522 450 387 340 310 300 310 340 387 449 522 599 677 749 812 859 889 900 889 859 812 750 677 600 522 450 387 340 310 300 310 340 387 449 522 599 
100000 8705 9999 11294 12499 13535 14330 14829 15000 14829 14330 13535 12500 11294 10000 8705 7500 6464 5669 5170 5000 5170 5669 6464 7499 8705 9999 11294 12499 13535 14330 14829 15000 14829 14330 13535 12500 11294 10000 8705 7500 6464 5669 5170 5000 5170 5669 6464 7499 8705 9999 
1129 1000 870 750 646 566 517 500 517 566 646 749 870 999 1129 1249 
1432 1562 997 2076 1767 2265 1967 1870 732 1550 1191 712 946 265 766 576 317 445 319 319 1098 448 976 871 2041 1847 1317 1671 1213 580 815 715 1439 644 
1061 835 924 1961 1913 702 1472 1974 926 440 773 449 482 304 441 743 358 433 952 628 436 924 1301 1237 1448 2256 1556 2079 1069 2279 1124 1932 1291 565 
2069 1067 593 679 1562 751 1948 1846 1047 1148 1382 830 901 289 556 362 562 567 564 887 1030 472 1662 1846 1961 2246 765 1411 1928 1689 1220 1470 530 1508 
1130 1328 624 1287 2234 745 1479 1089 1620 672 1144 1136 743 843 554 667 252 480 507 519 1156 416 607 1859 644 663 693 1632 1665 1898 567 1969 1312 1116 
1730 1172 1800 2241 1948 1272 1937 1876 795 1529 990 668 264 565 811 676 697 434 380 485 740 445 1354 569 988 1406 1753 2074 1727 1845 1702 1358 820 401 
1984 1985 1080 1618 643 1038 902 679 867 637 773 1132 292 792 249 787 574 616 343 978 869 884 787 1411 1584 1122 749 1423 1649 814 645 1713 1670 1044 
1746 1845 1499 1708 1363 2162 660 1863 1261 759 679 404 262 544 346 458 278 504 451 1029 1038 1164 775 528 1964 1180 1228 2028 1269 1788 1600 1978 635 1320 
1412 573 1468 1107 2156 1261 1775 1740 1709 403 653 694 875 443 540 394 639 687 290 962 1084 1459 1612 1425 842 1851 1189 780 1807 1108 1789 1184 1044 628 
1922 1590 1094 1942 1339 1743 710 1341 1084 441 1007 1188 925 765 652 275 680 590 953 386 583 890 928 1880 1982 2057 803 2182 1126 1574 1571 1507 1539 1261 
1246 985 1385 607 885 1573 2019 1793 1345 893 1301 367 477 228 233 280 367 268 664 1069 580 1569 1590 1006 1649 1039 1893 2203 1735 1686 1333 1994 562 872 
622 2138 1523 1630 2098 2290 1191 1675 1630 880 817 1083 988 298 726 439 601 263 458 544 1224 802 1387 933 1201 736 717 673 2172 969 1457 1910 1521 975 
1657 1882 1203 2382 2312 1459 945 1949 961 413 726 734 467 875 696 240 215 839 548 422 403 1544 473 1815 1549 1420 2066 1845 2043 1997 1457 1641 802 513 
1049 2035 706 1022 2213 2189 1048 1139 522 1331 1167 1002 691 862 292 599 690 559 470 752 968 1466 575 1045 2131 783 1235 1008 1692 1903 2056 853 1143 474 
2155 1934 699 1421 1664 2009 1522 1937 728 591 1243 887 546 289 350 566 485 496 657 974 736 1278 1608 1596 1066 1472 1551 1507 1478 1552 1412 1367 1333 702 
940 1640 1806 1815 1399 1390 2083 1380 1733 635 922 679 843 355 375 384 517 259 604 656 1193 635 1015 985 959 2135 2080 955 2074 1982 1389 1853 939 1006 
676 752 2155 1029 647 1913 1233 1257 1270 1139 566 639 278 318 587 404 450 819 294 898 1339 943 519 1866 2041 2191 1814 1813 1821 998 1577 727 1035 1597 
543 1657 685 1805 1032 1411 1445 1034 868 1360 963 1192 463 332 444 435 585 740 896 1159 906 886 1579 1009 913 1435 2070 617 1769 1555 1260 1924 1522 1001 
888 1281 1836 639 1525 643 1516 1326 1041 650 560 1188 787 849 448 529 537 290 781 528 1104 1183 1039 691 884 801 1219 1935 2250 1043 630 753 869 853 
1215 2213 1869 2019 1455 899 1564 1009 1164 757 1027 400 347 635 312 408 687 421 923 1070 473 1418 1396 1664 2130 1627 2022 603 1392 1301 1713 736 959 519 
1257 1321 948 1943 2075 837 1632 1280 1452 846 728 1140 582 510 508 381 568 667 994 685 1125 784 656 650 635 2094 1430 1535 1366 1537 2003 862 577 1044 
1889 1812 1124 1751 1345 670 1344 1711 1205 444 924 500 881 275 422 464 470 295 570 627 1210 507 1520 1087 1290 888 629 1707 1761 803 810 1051 862 495 
1960 584 2207 1095 1587 996 2090 1808 1053 1480 414 597 791 478 764 540 403 718 490 692 538 1253 1272 1413 1593 1549 1756 1495 1027 2155 1174 889 1806 1215 
1505 1461 1777 1025 1777 2063 1448 1710 1737 1340 595 557 696 907 656 460 340 880 662 975 1323 951 556 1826 938 612 607 2231 1847 857 1696 957 855 503 
1584 648 1733 2252 2291 1463 1325 661 1429 1314 825 332 615 738 554 474 317 318 505 1079 1043 699 623 1052 917 1873 1852 907 1726 1856 829 892 1007 1184 
1638 1247 1097 2085 656 2197 2103 629 1072 1340 1335 434 772 692 593 325 501 518 537 809 703 594 1508 1428 1679 777 2372 754 1899 1066 2142 1655 1004 547 
1826 1850 1161 2231 2143 1033 1015 1732 724 782 553 636 583 251 805 330 643 876 468 1199 990 835 1575 980 1540 1649 2039 1276 1442 1975 1059 1123 882 1001 
1175 1560 1408 660 1529 907 1908 758 694 665 578 658 407 749 723 654 607 531 872 817 436 1066 1662 1829 1520 1796 749 2277 1903 643 1021 1326 1331 997 
1877 2000 1612 1350 720 2013 2121 1841 1504 1354 770 381 629 589 539 223 489 607 490 365 1224 1127 1315 1165 727 2255 2067 1032 1933 1536 1904 792 669 1386 
1658 1383 1826 1795 1092 622 2057 1172 1390 1188 1356 354 537 414 735 405 300 628 295 969 1177 1231 1735 1301 1531 1817 1144 1349 679 837 1777 1839 1766 1372 
703 949 864 1010 1706 1079 2154 1120 734 802 1263 868 502 679 307 376 648 549 484 793 421 1476 1720 1503 835 962 1854 2091 603 1682 1131 1032 830 745 
2132 686 2169 2383 742 1901 1713 1360 704 1054 633 1190 799 797 588 317 638 272 305 374 880 1269 688 971 1506 1682 1254 1318 1757 1422 1864 1812 1128 500 
1902 2143 1640 1707 1677 934 1741 1138 792 995 1355 613 365 579 773 364 573 790 936 304 1073 668 1568 1993 1237 909 1435 753 2159 925 1825 1688 1401 587 
2122 1075 1609 2214 1171 1691 1947 626 473 898 610 549 410 339 471 551 466 291 827 946 1248 692 1591 1688 1019 1357 1030 1893 1086 1726 1819 1299 1194 1146 
2000 1444 731 1618 2064 1212 1758 652 1159 1028 494 934 590 585 439 229 754 756 656 946 729 1200 1043 1103 986 706 1885 900 1486 1563 1301 1840 1100 555 
1315 1412 2264 1851 2200 2184 719 1291 1379 1389 917 790 894 491 409 562 782 717 920 314 411 626 1702 741 946 1772 1207 1562 1891 2057 1827 612 917 1240 
706 763 703 2255 1960 1911 723 1138 1570 700 1050 395 910 644 579 511 361 739 393 792 1122 481 859 1472 2021 1226 905 1959 2216 2071 1911 1182 865 869 
1602 1463 2097 2369 682 1221 1208 1955 1393 1191 1180 701 543 463 575 508 593 690 936 403 1058 847 1653 1698 1337 1027 1495 1076 1459 2248 1574 545 1736 1200 
999 691 1425 1533 1543 1868 1347 1967 666 1546 778 675 273 667 271 355 243 797 668 475 403 639 727 1330 1902 954 817 1405 1080 986 640 1658 1281 617 
1646 1703 1525 1257 1530 1362 1328 827 802 1477 1132 504 376 514 597 795 412 503 478 936 1066 705 1482 1888 2099 632 1467 2310 2286 1791 2110 1524 920 1082 
1842 1074 737 2342 2244 1479 1801 1902 598 451 503 1001 654 601 778 360 547 339 381 720 1103 1336 1164 1793 1606 1967 1344 2071 708 845 1296 1998 1646 1283 
1024 2016 1008 1311 906 1674 1363 1403 881 887 577 935 622 231 771 283 627 744 855 666 1091 433 759 782 733 2138 993 1333 1276 1708 1150 1432 666 1453 
1744 1525 622 770 1398 802 1720 1771 1631 1440 864 1041 664 845 299 304 538 667 835 836 1143 604 1171 900 1120 1350 2003 1024 2342 1585 1337 1031 972 1543 
860 1170 1568 1645 1105 778 819 1499 1612 1460 1014 729 507 371 361 535 328 635 960 806 1385 1164 1757 1294 1714 1221 1487 2397 2303 591 1661 1640 1753 900 
1334 1623 1940 1867 1342 2207 1776 984 1262 1073 1166 1066 831 513 815 226 455 831 787 513 497 519 1198 1554 1881 2171 746 700 1978 1199 1996 935 535 1127 
1733 1525 1509 2016 1938 995 1906 1401 1769 1042 785 958 539 838 259 435 591 739 713 1052 1391 1362 1716 768 900 864 1243 1266 2256 2161 785 1505 1348 506 
2069 1366 1900 1903 2189 1866 811 766 860 644 1330 394 945 249 623 405 565 660 358 509 1294 716 1221 1246 1773 1612 1217 1034 1894 1643 1883 798 1509 974 
2055 1950 1289 2204 1464 845 2153 1659 1349 1083 1211 745 681 652 825 569 424 581 968 676 527 1187 1617 664 1782 808 2149 607 1232 990 1693 1344 1710 983 
611 1627 2207 1192 1823 1591 1872 759 485 608 1176 928 502 297 465 296 346 633 971 958 521 578 637 1207 1749 697 1010 682 2366 1700 1594 1638 1350 675 
915 588 930 659 676 1879 1664 783 1552 543 974 887 584 646 327 483 544 413 852 481 1159 491 1260 1708 980 2129 1492 2250 1230 1549 799 1661 605 1581 
1961 1754 1167 862 825 1220 1909 1880 1142 440 1184 588 474 524 592 386 419 887 515 976 1167 1479 625 1376 1666 1824 1783 2092 1534 2287 627 1271 1434 834 
2113 770 1911 1126 2314 1602 1026 854 915 1207 370 838 701 449 314 423 700 407 841 992 676 780 1276 1528 1410 1309 2137 1261 1289 1127 1056 631 1332 903 
562 936 795 821 2043 1376 819 567 539 1344 1034 558 360 598 522 412 230 599 396 1024 1286 1130 799 830 1129 700 1151 1684 2047 762 1152 1672 1175 549 
629 2171 1481 875 1941 1904 772 1325 1787 1140 1055 1061 375 719 377 252 771 375 877 778 843 432 849 534 1920 605 2349 2209 1486 2106 2136 1618 997 1506 
1168 2188 2223 904 740 839 1366 821 1633 1417 1128 345 406 879 549 318 294 709 394 876 385 1409 1631 1552 836 788 1879 1332 827 1439 1546 1214 593 1227 
1848 1441 2028 1653 627 1339 1136 1019 1353 1570 978 707 1019 804 426 569 634 786 303 1084 446 702 926 1559 672 2218 2103 1587 600 1318 1966 1231 1704 432 
1077 1510 874 861 1317 1179 1548 667 1031 1093 1311 976 610 868 634 380 778 348 320 965 385 1310 1751 705 695 1858 1848 788 1518 1663 738 1922 1484 949 
1200 1633 2076 776 1780 642 1632 590 1730 1539 404 841 408 753 383 527 351 703 548 860 438 1015 1703 1531 1699 1039 1380 1769 1633 1350 1036 1196 571 1158 
669 630 960 1157 1368 1169 1283 1937 942 1265 935 1117 952 546 703 285 266 810 674 856 853 1209 1616 771 1595 1042 2101 1839 1048 1303 1152 1148 682 1392 
2136 1328 2221 1684 1872 1881 830 1475 1129 807 971 456 937 595 532 346 654 877 271 959 1208 1061 1449 1192 1817 1911 602 2252 1095 1824 1725 1048 561 1498 
1188 1794 2066 2055 2189 2216 632 1508 894 1112 755 1056 707 754 457 798 740 637 356 811 1284 871 1293 1714 600 989 1774 1852 2317 1874 2060 791 816 727 
1722 611 1493 1362 1702 1397 730 1081 621 943 1151 902 791 351 479 650 288 831 966 715 1305 1408 1710 1119 901 2266 1836 1183 1162 1778 546 1416 727 1349 
1496 674 2260 1143 755 2174 1685 889 725 830 365 1128 477 466 236 580 309 418 708 1106 716 598 1130 1565 1062 1625 1223 2089 895 1888 1983 1960 881 501 
666 1693 1426 1173 1648 1625 1475 1246 700 1107 350 578 980 497 595 611 743 887 315 1158 1277 947 1577 1073 1353 2184 1365 1486 1045 2116 1294 1915 1084 408 
1452 1198 774 1190 915 2220 1065 1302 874 687 1052 517 927 721 433 218 797 873 739 549 1203 1140 1216 1039 1438 1040 1698 1241 1287 1081 1961 1723 1501 1116 
1166 1771 2208 2093 2216 698 565 1218 475 1234 380 905 273 231 789 227 682 699 620 764 1076 874 962 947 784 1633 688 637 1322 1425 1530 906 1047 968 
922 1300 1970 1475 610 717 1427 1636 1656 417 465 1019 321 807 363 620 549 565 562 581 1239 984 1599 1115 549 947 1534 1375 1764 1182 717 1827 770 717 
661 622 1106 2089 1813 2113 1811 1187 817 734 892 927 908 739 484 319 509 463 272 724 933 1527 977 804 590 2252 1676 1563 728 1646 1479 654 888 1505 
2062 922 1855 683 1752 2175 1293 925 1116 1154 486 1003 348 551 308 624 210 637 1022 1087 1330 1015 526 1183 934 953 2143 2137 1525 2125 1143 1031 632 906 
1728 1630 651 1643 601 1642 1059 1119 1244 620 468 666 993 612 233 772 613 469 1029 1112 443 591 1038 1305 1949 929 2245 2126 1336 1409 788 1123 1413 968 
628 1891 1578 724 1353 1492 1338 1737 1263 737 1085 360 606 441 799 795 501 461 1008 614 504 793 831 1673 931 1161 599 1402 1234 2004 1268 1950 1044 489 
723 1210 1181 955 2352 642 1049 1420 1335 785 1013 473 340 810 767 218 737 399 611 441 526 580 1132 510 561 1137 980 672 1645 2129 1353 958 484 687 
1578 1132 700 1738 1652 804 1098 1116 606 1378 533 750 561 481 378 242 519 434 602 612 715 1220 1363 799 995 790 1715 1622 861 1397 2133 1037 525 1069 
1406 2076 1270 2028 1800 1234 1328 692 561 1520 1020 301 327 884 546 665 731 826 272 687 930 511 714 1842 2002 1784 2184 2104 616 1224 1148 885 552 1007 
859 1880 2199 1070 1377 1943 1471 1461 1758 1316 868 370 978 420 807 636 407 584 709 310 1081 1446 1231 1299 1884 2003 1481 2255 1460 1433 865 1608 670 906 
1521 621 1967 967 1039 1560 939 1588 524 1010 435 546 449 450 634 480 208 858 755 568 1058 1286 1320 716 799 1554 1268 754 1063 1002 2152 1076 1415 1168 
1129 1352 1588 876 2328 873 1591 997 1190 1477 1352 838 355 886 472 668 788 320 318 729 996 1202 528 1832 750 1484 1431 936 2366 1385 1356 534 703 837 
1816 1036 1013 1707 1506 1584 2062 549 767 1502 595 1170 880 552 590 241 502 479 758 766 974 879 1678 601 1943 858 728 1915 1650 691 1051 1217 530 734 
1684 1898 1009 1121 2332 1044 590 709 752 1136 782 1110 877 561 473 509 321 245 678 838 1367 1183 899 906 1723 1296 2284 1752 2213 664 1115 514 1328 1099 
1730 1286 1445 2281 881 1571 1960 921 1676 1470 1066 772 517 546 398 647 811 872 800 1162 978 467 505 536 1967 1550 1007 717 1462 1874 2050 818 823 1493 
1107 650 1097 651 1624 1533 939 902 1254 404 795 537 782 528 418 730 533 481 459 789 1076 689 486 1478 1567 937 817 1113 604 641 1310 1544 1244 828 
1988 1847 1161 1061 1947 1973 2019 1225 1532 875 911 400 587 773 210 207 651 379 1014 1190 753 1192 1201 1861 1794 1996 2248 1792 1095 1700 998 1011 895 931 
1624 1265 801 1106 828 986 1139 1754 1463 1548 711 370 863 703 355 235 669 504 493 596 907 742 1499 629 1099 2118 594 1757 1707 889 1803 992 1521 692 
1067 1247 2096 1077 2216 605 1741 1108 1242 455 952 1189 984 549 500 710 487 476 422 478 688 677 1110 1675 981 1401 2193 2028 1073 677 1270 868 1445 1403 
1723 1038 671 2129 1574 750 2078 523 766 566 1138 631 426 836 740 466 397 373 619 1112 545 1086 557 1944 1315 1940 1799 1986 594 733 612 908 1201 1224 
903 1779 2039 2243 1649 1023 1616 709 1121 527 1002 600 952 368 605 578 251 368 938 963 1135 1417 1570 1299 1707 673 1293 1839 1118 1137 849 1494 1470 901 
1751 2153 641 654 2165 1765 1823 1286 1739 614 631 541 360 531 746 635 560 887 1010 1079 879 485 1740 1991 818 837 2145 1681 1654 688 1800 964 675 905 
691 1492 602 1001 812 2163 584 1493 510 648 1164 657 591 567 753 311 668 712 400 471 1162 538 1085 1744 1358 1699 2066 1474 1099 843 1323 1912 1778 1547 
915 2069 2055 744 1108 973 1537 1359 1393 1509 515 340 271 573 478 235 576 493 610 685 363 730 803 536 595 959 794 975 1837 948 897 1171 1611 993 
630 972 1955 1608 1881 2093 647 790 882 814 1161 561 845 593 574 738 245 504 364 542 931 654 1067 961 2065 886 1332 976 1821 792 983 1513 1585 506 
664 1487 1416 1731 917 725 546 1776 1209 516 1128 979 345 662 543 799 673 776 381 920 793 973 833 895 1874 728 1682 753 2305 1794 578 1745 1040 704 
966 1022 1356 980 875 1405 1106 1571 1541 737 537 554 780 645 436 263 307 836 551 476 879 529 1401 886 1433 1222 1492 1707 1154 750 1598 575 1665 649 
996 2092 1608 1740 1885 826 1615 1488 1709 636 427 422 333 634 218 345 724 665 899 1055 801 789 1007 547 1471 788 1053 641 817 1374 1327 1790 868 573 
1955 844 2140 1715 1305 1260 1466 1218 748 1496 1007 1146 659 298 461 632 385 260 1027 412 813 449 1711 1542 932 874 2116 1073 1462 1573 823 1630 1172 859 
1429 1558 1382 2367 1338 2192 1209 1649 813 401 1175 1047 893 256 697 680 791 709 453 633 802 995 1122 1418 1241 1300 1867 1863 1726 894 1960 658 616 1201 
1449 2041 2160 810 2030 2261 1986 1808 887 1280 1249 1154 316 651 481 408 682 874 290 678 448 1429 497 717 1055 1469 1568 1753 694 1587 1435 1677 1614 918 
1282 1012 1315 1170 2336 2056 2050 648 1047 991 1102 764 452 587 377 611 701 280 1006 1111 810 1417 1514 962 1926 625 749 1623 1276 610 1832 653 1452 792 
618 2287 1680 1500 1979 880 1424 1173 670 1533 1088 1166 570 528 728 678 741 365 278 452 1347 759 1249 1984 1866 992 1956 1851 892 949 1214 529 1017 1259 
1274 1489 1272 950 1053 1108 1619 1769 1483 1088 473 356 573 653 454 615 672 884 270 930 1278 1443 1716 929 1249 1162 807 788 1065 1846 614 1455 1484 1509 
1499 1152 1953 1122 1204 1651 2073 1262 1455 820 1208 600 276 748 314 387 507 693 1020 968 1370 1402 1433 1575 764 661 888 1706 1131 1246 1189 1792 1266 1317 
1085 1117 878 886 1272 795 2042 624 1145 880 380 560 606 568 352 439 321 497 514 749 929 1351 518 978 678 1411 1318 744 2034 1854 2093 1407 907 448 
