20 3 20
11 10
850 96 85 77 75 77 85 96 112 130 149 169 187 203 214 222 225 222 214 203 187 
850 129 113 103 100 103 113 129 149 174 199 225 249 270 286 296 300 296 286 270 250 
100000 6464 5669 5170 5000 5170 5669 6464 7499 8705 9999 11294 12499 13535 14330 14829 15000 14829 14330 13535 12500 
1353 1433 1482 1499 1482 1433 1353 1250 1129 1000 870 
739 650 573 532 509 491 572 624 723 
750 653 594 539 478 521 547 656 719 
768 634 556 530 518 527 582 617 747 
763 657 553 536 489 508 580 627 736 
758 662 543 532 524 516 553 631 722 
761 676 561 508 522 541 585 647 778 
746 636 580 498 492 525 576 672 761 
756 621 568 491 523 530 578 620 741 
748 669 567 517 492 521 546 660 755 
786 619 558 528 518 541 567 617 744 
