5 2 20
4 100
1700 150 130 112 96 85 
100000 10000 8705 7500 6464 5669 
1000 1129 1249 1353 
1395 
1415 
1440 
1390 
1397 
1362 
1475 
1414 
1374 
1419 
1373 
1432 
1434 
1440 
1377 
1369 
1478 
1468 
1475 
1399 
1369 
1415 
1498 
1412 
1499 
1424 
1426 
1440 
1495 
1361 
1486 
1418 
1497 
1479 
1410 
1457 
1459 
1411 
1445 
1443 
1472 
1407 
1480 
1433 
1431 
1389 
1442 
1504 
1456 
1450 
1486 
1386 
1399 
1376 
1412 
1411 
1430 
1399 
1399 
1367 
1437 
1452 
1488 
1375 
1386 
1439 
1489 
1380 
1395 
1499 
1444 
1370 
1494 
1481 
1474 
1487 
1419 
1487 
1416 
1421 
1405 
1399 
1373 
1408 
1461 
1388 
1450 
1361 
1393 
1475 
1480 
1449 
1478 
1421 
1476 
1367 
1477 
1449 
1461 
1487 
