10 3 20
8 100
850 150 130 112 96 85 77 75 77 85 96 
850 200 174 150 129 113 103 100 103 113 129 
100000 10000 8705 7500 6464 5669 5170 5000 5170 5669 6464 
1000 1129 1249 1353 1433 1482 1499 1482 
1952 896 
2215 1431 
1563 2055 
1373 1838 
1059 588 
1854 1471 
822 1880 
1272 1950 
846 1949 
1759 1835 
2285 1525 
1176 1006 
1922 1238 
1283 876 
1608 1443 
1204 768 
624 1751 
2151 1389 
1629 1020 
2061 1136 
1555 1019 
960 1004 
1587 1517 
863 606 
678 1367 
2097 1069 
1603 1493 
2231 571 
866 1575 
1204 1514 
1785 966 
1647 2122 
1443 2155 
1107 1200 
1123 1297 
1280 1826 
1268 1487 
1736 2126 
1320 824 
1511 1112 
1603 683 
1858 1252 
1817 845 
845 1641 
1888 944 
609 793 
1479 839 
771 1298 
2179 1522 
2240 1264 
1787 794 
1803 2144 
1931 1542 
1732 1619 
1212 896 
1030 1133 
2009 805 
1160 1639 
1418 1830 
1484 906 
1322 1206 
1754 1663 
1209 813 
663 1720 
1839 636 
911 1319 
579 1228 
1189 2103 
1355 2109 
1029 2104 
1110 1761 
620 1735 
1521 768 
929 828 
991 759 
1680 1701 
1896 722 
820 1541 
1868 1193 
1636 2095 
666 1649 
1888 2071 
1712 1623 
2103 1866 
2028 608 
2229 667 
1236 757 
1429 887 
1000 972 
1176 1630 
1499 995 
632 1019 
696 845 
1676 2058 
1289 1222 
2231 1280 
1859 1589 
2145 1938 
1177 1565 
1996 1750 
