20 11 20
15 100
170 85 77 75 77 85 96 112 130 149 169 187 203 214 222 225 222 214 203 187 169 
170 113 103 100 103 113 129 149 174 199 225 249 270 286 296 300 296 286 270 250 225 
170 141 129 125 129 141 161 187 217 249 282 312 338 358 370 375 370 358 338 312 282 
170 170 155 150 155 170 193 224 261 299 338 374 406 429 444 450 444 429 406 375 338 
170 198 180 175 180 198 226 262 304 349 395 437 473 501 519 525 519 501 473 437 395 
170 226 206 200 206 226 258 299 348 399 451 499 541 573 593 600 593 573 541 500 451 
170 255 232 225 232 255 290 337 391 449 508 562 609 644 667 675 667 644 609 562 508 
170 283 258 250 258 283 323 374 435 499 564 624 676 716 741 750 741 716 676 625 564 
170 311 284 275 284 311 355 412 478 549 621 687 744 788 815 825 815 788 744 687 621 
170 340 310 300 310 340 387 449 522 599 677 749 812 859 889 900 889 859 812 750 677 
100000 5669 5170 5000 5170 5669 6464 7499 8705 9999 11294 12499 13535 14330 14829 15000 14829 14330 13535 12500 11294 
1433 1482 1499 1482 1433 1353 1250 1129 1000 870 750 646 566 517 500 
453 678 534 794 786 
511 660 570 717 848 
544 488 617 719 837 
474 538 763 626 901 
482 676 774 814 996 
479 516 726 689 772 
592 568 768 745 850 
594 630 678 734 811 
583 631 652 636 807 
607 550 643 746 713 
588 476 690 794 729 
581 531 670 651 841 
479 547 546 723 966 
425 487 625 717 821 
542 527 588 644 732 
572 663 579 822 705 
601 509 577 873 880 
513 555 726 642 1000 
447 538 619 634 980 
425 468 532 861 1039 
564 575 679 709 1041 
531 457 756 747 772 
492 581 620 602 908 
561 586 571 802 909 
473 636 532 897 821 
534 663 603 871 719 
544 509 650 818 870 
431 634 594 675 830 
495 565 574 671 804 
418 604 559 786 783 
461 587 625 678 704 
525 483 727 669 910 
608 652 725 856 897 
459 480 671 635 979 
441 657 543 723 1034 
547 588 567 732 1006 
516 625 624 777 958 
479 578 586 817 870 
491 619 626 750 730 
498 639 523 664 861 
615 635 604 661 756 
420 497 738 838 919 
481 564 562 780 826 
604 477 589 748 831 
465 469 735 895 761 
448 582 647 677 997 
486 627 771 652 1002 
619 513 555 689 839 
423 613 529 757 943 
488 476 611 864 927 
422 472 752 798 1029 
444 605 601 785 933 
617 496 760 895 817 
427 481 760 638 782 
522 524 537 882 931 
524 509 608 728 755 
432 501 704 750 696 
442 653 638 869 923 
618 557 570 648 779 
437 650 729 831 932 
539 579 767 610 772 
441 595 521 609 902 
420 465 603 863 841 
571 661 537 792 921 
514 459 716 698 767 
551 531 674 881 698 
594 636 682 603 893 
522 540 589 796 851 
496 640 630 659 973 
587 530 766 640 966 
431 650 688 766 833 
566 535 595 660 830 
527 546 730 870 784 
469 474 568 623 902 
594 512 718 753 699 
467 513 645 618 749 
462 510 753 832 774 
531 597 548 646 835 
537 642 589 609 821 
517 584 700 652 1021 
499 567 704 861 937 
586 669 613 634 856 
514 535 748 671 932 
514 583 673 782 998 
446 677 559 843 803 
434 579 549 847 843 
471 471 541 800 696 
548 625 696 695 736 
480 580 742 773 1000 
453 626 668 813 846 
574 529 524 849 825 
547 544 532 850 781 
477 503 701 737 836 
612 642 764 806 941 
415 579 634 855 976 
573 461 590 719 740 
460 458 764 858 880 
497 576 553 876 893 
614 524 631 791 916 
487 505 637 810 728 
