10 11 20
8 100
170 130 112 96 85 77 75 77 85 96 112 
170 174 150 129 113 103 100 103 113 129 149 
170 217 187 161 141 129 125 129 141 161 187 
170 261 225 193 170 155 150 155 170 193 224 
170 304 262 226 198 180 175 180 198 226 262 
170 348 300 258 226 206 200 206 226 258 299 
170 391 337 290 255 232 225 232 255 290 337 
170 435 375 323 283 258 250 258 283 323 374 
170 478 412 355 311 284 275 284 311 355 412 
170 522 450 387 340 310 300 310 340 387 449 
100000 8705 7500 6464 5669 5170 5000 5170 5669 6464 7499 
1129 1249 1353 1433 1482 1499 1482 1433 
1117 1237 
1149 1009 
1551 1042 
1380 1030 
1350 1378 
1290 1222 
1287 1459 
1465 1166 
1242 1467 
1518 1110 
1210 1456 
1434 1410 
1418 1203 
1424 1151 
1333 1148 
1524 1422 
1406 1258 
1424 1484 
1361 1435 
1241 1323 
1605 1326 
1527 1306 
1544 1145 
1620 1442 
1399 1357 
1124 1469 
1298 1356 
1454 1255 
1531 1469 
1411 1255 
1543 1414 
1583 1000 
1537 1064 
1253 1349 
1566 1131 
1533 1499 
1444 1119 
1098 1485 
1224 1173 
1502 1146 
1237 1166 
1406 1296 
1458 1141 
1570 1096 
1336 1469 
1564 1336 
1493 1330 
1388 1141 
1387 1374 
1422 1304 
1381 1180 
1414 1266 
1147 1358 
1155 1441 
1228 1419 
1381 1400 
1302 1261 
1586 1128 
1438 1386 
1408 1351 
1510 1205 
1200 1161 
1265 1043 
1406 1427 
1088 1201 
1209 1221 
1086 1181 
1515 1250 
1246 1446 
1345 1025 
1359 1305 
1378 1251 
1309 1304 
1541 1172 
1509 1211 
1520 1358 
1358 1475 
1379 1167 
1464 1250 
1407 1366 
1563 1355 
1096 1143 
1487 1278 
1232 1001 
1444 1079 
1436 1262 
1402 1299 
1458 1166 
1228 1252 
1272 1308 
1387 1284 
1227 1378 
1523 1375 
1114 1465 
1599 1191 
1554 1386 
1287 1444 
1139 1287 
1205 1163 
1431 1492 
