20 2 20
7 5
1700 112 130 149 169 187 203 214 222 225 222 214 203 187 169 150 130 112 96 85 77 
100000 7499 8705 9999 11294 12499 13535 14330 14829 15000 14829 14330 13535 12500 11294 10000 8705 7500 6464 5669 5170 
1250 1129 1000 870 750 646 566 
620 771 391 434 793 501 682 563 847 1652 1710 1584 1902 
687 496 502 679 668 864 1209 1080 1004 1961 1530 1256 1260 
615 755 810 346 531 775 579 1558 817 827 1974 1577 998 
243 650 325 633 933 357 864 1018 1780 674 975 887 1848 
641 441 579 579 628 473 955 861 1588 629 1171 952 1319 
