10 6 20
4 100
340 77 75 77 85 96 112 130 149 169 187 
340 103 100 103 113 129 149 174 199 225 249 
340 129 125 129 141 161 187 217 249 282 312 
340 155 150 155 170 193 224 261 299 338 374 
340 180 175 180 198 226 262 304 349 395 437 
100000 5170 5000 5170 5669 6464 7499 8705 9999 11294 12499 
1482 1499 1482 1433 
1677 1161 1575 1531 1313 348 
1867 1171 692 973 891 1038 
1141 1525 1039 1445 1078 902 
976 1760 1576 1380 629 591 
1285 579 584 1016 350 903 
1757 961 1285 573 842 674 
972 1685 701 442 424 846 
1013 798 1328 586 829 643 
1562 1694 790 971 514 445 
692 1555 1131 607 976 827 
1380 1209 1345 1051 594 839 
975 844 757 1306 987 478 
2130 1265 906 1574 397 554 
1284 762 627 1538 1324 899 
1905 1119 882 1013 735 741 
1315 1468 1499 1537 1249 1175 
652 550 828 1514 1305 625 
1546 698 519 960 932 478 
875 1858 1337 779 1138 492 
1860 1536 1509 1110 1009 684 
1791 1473 1194 1556 1083 341 
958 1469 1420 871 784 775 
615 854 538 407 909 731 
1692 1044 929 500 995 1055 
797 1094 744 758 855 1144 
658 655 1121 408 855 553 
1899 1903 568 1098 1256 608 
1259 1267 1689 675 507 1158 
1815 899 961 939 674 385 
982 1620 553 424 685 936 
626 1862 466 593 802 880 
1847 1714 845 405 1328 990 
1062 897 1739 1395 780 667 
1246 619 760 718 1389 1110 
1358 1153 1630 412 707 596 
793 1404 684 615 526 468 
1477 1037 1616 670 1165 1073 
1752 735 1742 716 751 1113 
599 587 1536 949 765 871 
1921 1445 1720 1387 366 813 
1994 927 1235 568 482 881 
1539 1609 1801 1198 1239 908 
1547 986 1512 1211 1121 442 
598 1435 1617 1220 857 416 
2039 875 529 423 573 469 
1614 1003 1467 1081 660 1149 
1844 1134 1470 813 1252 1019 
1888 1668 1406 931 1045 496 
1765 1235 490 815 936 307 
663 656 1152 1246 961 1126 
1420 1532 574 619 375 818 
1957 657 1351 1411 696 747 
1272 1574 1368 1140 904 730 
1132 1469 665 1021 704 1109 
1212 1960 1112 834 1386 582 
944 1469 1409 1230 1332 1164 
2058 1142 1389 623 1164 711 
1280 1491 599 504 481 970 
855 1866 692 1347 566 495 
1826 1368 823 1289 1383 1066 
964 661 1393 1589 449 1012 
855 1222 1507 1553 1392 495 
1861 554 1205 720 657 573 
1772 775 953 929 1141 703 
962 926 505 578 977 922 
861 1233 880 1405 793 489 
1666 1693 676 1038 1349 957 
1967 1545 469 1082 785 946 
1444 1215 1789 910 704 1189 
706 1084 1473 562 967 1057 
1270 1131 534 591 613 1175 
1811 541 543 1278 897 1076 
2109 513 797 1110 587 536 
818 1076 1171 921 430 686 
2126 1533 1189 823 589 1113 
1840 1040 1071 1298 1268 945 
966 1553 1737 1165 756 1063 
1001 794 972 1349 1291 605 
2006 1317 833 1123 1344 952 
768 1437 1453 1479 1149 337 
1067 1160 1609 1450 1253 937 
1026 1978 1291 1518 1345 933 
1227 1414 1523 667 1282 1009 
1248 1766 542 471 939 913 
1602 1419 616 1489 1069 475 
1833 698 1479 781 1175 323 
1364 1335 860 1308 1083 559 
1634 1036 1153 1240 1126 840 
980 1145 873 975 716 905 
837 1846 1198 502 1203 880 
1321 1053 1805 720 718 1042 
1344 1879 1543 1319 576 1011 
2135 673 1563 639 1002 321 
846 1937 963 1440 1218 380 
2134 1196 1307 993 1039 1061 
1953 1505 933 921 441 352 
583 1955 1380 561 1163 326 
1717 1724 471 972 1348 567 
1014 1551 1133 1469 533 1169 
781 1974 1493 1285 1141 917 
