20 6 20
7 10
340 75 77 85 96 112 130 149 169 187 203 214 222 225 222 214 203 187 169 150 130 
340 100 103 113 129 149 174 199 225 249 270 286 296 300 296 286 270 250 225 200 174 
340 125 129 141 161 187 217 249 282 312 338 358 370 375 370 358 338 312 282 250 217 
340 150 155 170 193 224 261 299 338 374 406 429 444 450 444 429 406 375 338 300 261 
340 175 180 198 226 262 304 349 395 437 473 501 519 525 519 501 473 437 395 350 304 
100000 5000 5170 5669 6464 7499 8705 9999 11294 12499 13535 14330 14829 15000 14829 14330 13535 12500 11294 10000 8705 
1499 1482 1433 1353 1250 1129 1000 
1017 454 711 569 366 204 562 493 262 844 381 1542 1072 
366 1172 359 468 698 771 291 810 710 400 1164 883 1745 
1001 678 852 617 211 472 463 584 298 1086 1132 1541 1497 
1201 607 839 353 567 629 543 423 335 1057 1016 453 884 
1240 477 849 539 303 393 630 650 616 579 479 1272 1643 
1133 343 426 667 657 404 537 627 875 948 1203 1482 475 
935 1018 540 706 520 400 546 318 400 845 516 1540 1700 
766 356 597 736 487 255 479 605 518 552 442 1309 1616 
918 395 487 521 494 708 406 485 420 1086 790 1189 799 
558 938 1006 871 824 568 636 568 963 992 1083 1087 1499 
