50 6 20
36 100
340 112 96 85 77 75 77 85 96 112 130 149 169 187 203 214 222 225 222 214 203 187 169 150 130 112 96 85 77 75 77 85 96 112 130 149 169 187 203 214 222 225 222 214 203 187 169 150 130 112 96 
340 150 129 113 103 100 103 113 129 149 174 199 225 249 270 286 296 300 296 286 270 250 225 200 174 150 129 113 103 100 103 113 129 149 174 199 225 249 270 286 296 300 296 286 270 250 225 200 174 150 129 
340 187 161 141 129 125 129 141 161 187 217 249 282 312 338 358 370 375 370 358 338 312 282 250 217 187 161 141 129 125 129 141 161 187 217 249 282 312 338 358 370 375 370 358 338 312 282 250 217 187 161 
340 225 193 170 155 150 155 170 193 224 261 299 338 374 406 429 444 450 444 429 406 375 338 300 261 225 193 170 155 150 155 170 193 224 261 299 338 374 406 429 444 450 444 429 406 375 338 300 261 225 193 
340 262 226 198 180 175 180 198 226 262 304 349 395 437 473 501 519 525 519 501 473 437 395 350 304 262 226 198 180 175 180 198 226 262 304 349 395 437 473 501 519 525 519 501 473 437 395 350 304 262 226 
100000 7500 6464 5669 5170 5000 5170 5669 6464 7499 8705 9999 11294 12499 13535 14330 14829 15000 14829 14330 13535 12500 11294 10000 8705 7500 6464 5669 5170 5000 5170 5669 6464 7499 8705 9999 11294 12499 13535 14330 14829 15000 14829 14330 13535 12500 11294 10000 8705 7500 6464 
1249 1353 1433 1482 1499 1482 1433 1353 1250 1129 1000 870 750 646 566 517 500 517 566 646 749 870 999 1129 1249 1353 1433 1482 1499 1482 1433 1353 1250 1129 1000 870 
773 673 593 541 504 512 571 639 760 863 1007 1087 1227 1382 
750 618 569 512 490 514 593 648 714 900 974 1178 1243 1395 
751 615 557 512 477 501 548 638 744 897 989 1180 1190 1407 
756 641 552 496 523 500 548 670 760 867 972 1074 1252 1366 
741 627 538 530 507 504 590 631 730 882 1025 1103 1209 1330 
722 672 586 509 523 535 541 678 766 852 984 1096 1198 1291 
714 623 551 500 498 504 558 672 743 830 994 1125 1290 1382 
784 652 582 541 500 531 549 628 718 830 1017 1094 1308 1350 
755 650 589 500 482 508 574 675 728 888 989 1113 1205 1305 
741 638 563 505 475 510 587 652 767 891 987 1107 1225 1373 
775 640 561 512 504 514 556 675 718 903 1017 1169 1254 1358 
783 637 589 499 508 540 590 647 723 891 1026 1174 1249 1356 
782 662 592 514 521 499 550 635 740 889 1001 1134 1191 1404 
768 640 572 493 516 504 563 649 765 892 986 1179 1251 1413 
754 640 590 514 506 493 556 636 719 898 1049 1086 1201 1364 
761 629 592 506 511 530 580 671 773 866 973 1141 1230 1414 
716 641 553 505 477 516 572 643 745 828 1016 1105 1206 1368 
777 628 550 520 517 511 564 674 784 880 1006 1082 1267 1348 
750 644 590 504 500 500 567 625 768 861 1014 1079 1256 1399 
728 635 577 521 495 525 553 649 729 867 1043 1122 1219 1326 
777 676 540 537 483 496 552 617 747 895 983 1088 1294 1311 
755 637 559 492 483 525 592 657 760 834 965 1161 1291 1289 
748 633 589 528 508 503 575 644 778 858 1007 1099 1294 1299 
771 663 557 530 495 495 568 642 765 869 1048 1138 1197 1383 
780 667 578 527 519 535 573 638 727 906 967 1182 1308 1406 
762 636 587 511 518 530 587 672 760 873 1036 1105 1304 1311 
748 673 578 512 516 521 585 630 763 850 1015 1116 1304 1337 
728 632 569 502 511 517 587 630 758 904 1029 1092 1214 1364 
747 621 594 500 519 498 591 649 741 856 970 1130 1199 1363 
763 640 569 509 492 512 560 659 745 865 997 1142 1303 1293 
731 616 569 528 505 533 590 614 739 870 1021 1089 1226 1376 
769 639 544 524 517 530 589 672 723 862 951 1132 1305 1345 
751 661 581 502 477 532 569 617 772 881 1027 1105 1284 1302 
742 667 569 519 494 539 560 624 773 852 965 1122 1203 1347 
762 663 586 512 476 503 594 645 767 874 1004 1098 1281 1303 
754 661 579 542 518 531 551 629 712 848 985 1152 1266 1352 
758 659 583 533 490 505 553 669 733 835 998 1182 1257 1324 
741 648 562 503 488 500 568 671 743 896 1022 1118 1240 1360 
719 656 588 513 517 532 572 670 756 896 1020 1170 1281 1369 
719 676 566 533 492 533 593 629 776 870 969 1129 1291 1322 
760 678 565 498 498 504 571 662 758 841 1048 1077 1301 1411 
729 621 546 513 504 532 552 667 729 875 1025 1155 1212 1382 
750 634 560 500 514 509 590 640 714 879 974 1154 1299 1364 
738 671 560 494 490 536 559 650 768 909 973 1162 1216 1392 
742 657 551 538 520 524 584 619 726 839 1004 1169 1191 1367 
774 626 590 499 477 493 586 644 780 829 1006 1109 1227 1409 
755 619 542 499 510 509 581 632 758 890 976 1091 1198 1334 
716 618 566 493 513 521 543 640 745 850 1032 1103 1244 1291 
719 640 595 509 481 536 590 672 766 863 1014 1085 1251 1360 
745 625 592 510 481 528 544 648 785 909 956 1085 1290 1333 
757 640 587 541 501 534 564 677 748 847 989 1169 1274 1401 
762 663 551 542 497 516 565 670 745 879 980 1131 1290 1408 
766 642 566 503 482 525 564 643 761 911 985 1144 1300 1286 
759 642 544 542 504 527 544 665 781 830 1003 1173 1265 1362 
731 634 547 526 480 536 575 675 726 887 961 1158 1250 1358 
733 627 561 539 484 526 574 647 721 871 972 1128 1300 1335 
733 667 553 520 515 495 554 620 754 852 1004 1138 1204 1417 
721 660 555 521 516 528 579 652 722 843 969 1122 1310 1398 
738 646 591 523 476 511 590 657 754 895 1047 1136 1260 1403 
739 635 545 533 487 530 565 647 753 849 979 1114 1306 1308 
781 620 586 512 524 493 540 647 740 886 963 1074 1288 1322 
749 619 590 497 486 517 540 641 767 905 1020 1081 1306 1290 
734 649 575 513 483 503 556 620 738 849 1015 1116 1193 1299 
743 669 571 502 502 503 567 675 733 871 990 1161 1224 1392 
779 636 568 508 504 501 576 636 748 903 952 1167 1235 1292 
769 623 543 511 486 517 573 623 736 847 1006 1137 1261 1394 
755 663 544 523 482 530 580 648 772 852 1043 1177 1270 1342 
752 655 581 501 512 507 577 658 713 864 988 1118 1248 1401 
746 648 552 541 502 493 585 627 770 835 951 1084 1216 1367 
775 661 579 522 494 524 585 635 751 912 978 1120 1208 1302 
717 628 547 515 514 530 552 658 715 845 1004 1180 1226 1351 
766 654 591 530 486 541 587 645 719 833 1018 1176 1239 1402 
752 638 543 501 502 524 590 618 744 869 1009 1153 1254 1368 
777 668 569 510 487 530 576 629 745 860 1005 1132 1204 1317 
724 630 552 503 490 527 545 639 747 877 1033 1095 1236 1331 
731 673 549 516 517 516 564 649 781 850 1040 1113 1220 1332 
745 644 592 518 513 517 556 614 764 902 1006 1129 1204 1386 
745 616 593 502 482 503 589 674 712 831 971 1096 1191 1286 
775 632 593 532 494 513 594 643 771 887 986 1144 1188 1378 
766 640 574 529 511 507 575 642 727 891 976 1170 1227 1329 
732 666 586 537 494 491 554 634 751 903 1008 1143 1206 1369 
759 626 582 508 516 496 578 677 725 862 962 1141 1221 1360 
759 615 553 525 487 501 573 678 726 861 990 1076 1206 1364 
722 659 571 541 515 510 580 635 720 888 1037 1157 1277 1318 
737 659 549 537 476 493 582 617 712 876 1003 1122 1261 1304 
714 657 584 527 521 515 564 634 715 863 1037 1131 1283 1334 
738 624 581 509 496 493 582 622 729 857 971 1076 1264 1344 
770 642 576 530 487 521 552 661 734 899 1042 1184 1309 1310 
738 619 592 509 476 499 547 670 769 850 1028 1147 1278 1320 
748 663 560 525 499 508 550 657 766 887 992 1128 1246 1383 
773 628 579 497 504 521 583 617 757 876 977 1130 1302 1341 
786 678 579 537 520 542 583 644 771 872 1021 1078 1250 1355 
754 623 577 502 510 495 585 632 726 905 987 1176 1239 1288 
780 652 578 531 478 529 545 630 733 831 1010 1119 1280 1355 
743 614 546 499 478 503 546 644 776 866 985 1106 1188 1321 
771 646 570 491 492 492 546 620 768 881 1009 1088 1297 1404 
769 639 562 538 488 513 574 635 753 878 950 1155 1223 1298 
771 639 544 503 476 514 586 670 738 856 994 1115 1268 1343 
748 629 564 491 496 524 585 640 781 833 998 1111 1296 1346 
743 636 579 522 480 511 580 661 723 871 1028 1160 1200 1365 
