5 11 20
4 50
170 112 96 85 77 75 
170 150 129 113 103 100 
170 187 161 141 129 125 
170 225 193 170 155 150 
170 262 226 198 180 175 
170 300 258 226 206 200 
170 337 290 255 232 225 
170 375 323 283 258 250 
170 412 355 311 284 275 
170 450 387 340 310 300 
100000 7500 6464 5669 5170 5000 
1249 1353 1433 1482 
1541 
1557 
1547 
1567 
1449 
1426 
1514 
1464 
1568 
1471 
1568 
1498 
1452 
1508 
1513 
1428 
1526 
1514 
1480 
1489 
1527 
1493 
1499 
1561 
1538 
1497 
1474 
1517 
1454 
1572 
1565 
1561 
1528 
1437 
1547 
1441 
1489 
1465 
1533 
1549 
1491 
1479 
1439 
1508 
1463 
1468 
1439 
1500 
1533 
1506 
