50 6 20
16 10
340 130 149 169 187 203 214 222 225 222 214 203 187 169 150 130 112 96 85 77 75 77 85 96 112 130 149 169 187 203 214 222 225 222 214 203 187 169 150 130 112 96 85 77 75 77 85 96 112 130 149 
340 174 199 225 249 270 286 296 300 296 286 270 250 225 200 174 150 129 113 103 100 103 113 129 149 174 199 225 249 270 286 296 300 296 286 270 250 225 200 174 150 129 113 103 100 103 113 129 149 174 199 
340 217 249 282 312 338 358 370 375 370 358 338 312 282 250 217 187 161 141 129 125 129 141 161 187 217 249 282 312 338 358 370 375 370 358 338 312 282 250 217 187 161 141 129 125 129 141 161 187 217 249 
340 261 299 338 374 406 429 444 450 444 429 406 375 338 300 261 225 193 170 155 150 155 170 193 224 261 299 338 374 406 429 444 450 444 429 406 375 338 300 261 225 193 170 155 150 155 170 193 224 261 299 
340 304 349 395 437 473 501 519 525 519 501 473 437 395 350 304 262 226 198 180 175 180 198 226 262 304 349 395 437 473 501 519 525 519 501 473 437 395 350 304 262 226 198 180 175 180 198 226 262 304 349 
100000 8705 9999 11294 12499 13535 14330 14829 15000 14829 14330 13535 12500 11294 10000 8705 7500 6464 5669 5170 5000 5170 5669 6464 7499 8705 9999 11294 12499 13535 14330 14829 15000 14829 14330 13535 12500 11294 10000 8705 7500 6464 5669 5170 5000 5170 5669 6464 7499 8705 9999 
1129 1000 870 750 646 566 517 500 517 566 646 749 870 999 1129 1249 
844 1597 1870 1725 1702 1149 2123 1343 860 408 662 436 277 746 249 383 508 721 870 615 1006 1355 555 505 690 905 1268 758 1378 1623 2026 1343 1059 745 
1865 2261 755 2160 2245 2235 1380 1067 791 1337 1063 466 612 641 771 344 516 657 267 752 1137 986 864 1768 1610 947 839 1153 1163 1058 883 548 583 1311 
1143 1839 1583 1131 821 655 1899 1871 1259 1076 1231 558 314 884 386 519 824 260 1015 452 847 1580 972 938 767 1738 2288 1643 1434 1571 640 823 1050 1303 
833 1143 1547 1626 845 661 559 1831 480 1286 891 314 705 593 740 413 660 779 301 319 414 1054 1120 980 1784 1157 1177 1321 680 702 1967 1916 1080 1394 
917 952 760 885 1978 1201 717 1000 1661 661 999 851 625 605 429 293 564 290 293 910 1232 462 529 1126 2107 1746 1030 1558 2101 1531 1220 1262 1535 1588 
1297 1730 1195 1362 1623 1282 2043 677 1182 618 663 309 677 843 625 231 530 813 596 1119 841 1163 1348 997 1646 1003 792 702 1297 676 2037 1389 1630 998 
1721 1788 1031 1104 1383 2267 986 715 998 748 663 963 317 545 536 642 263 327 1029 1007 1179 1570 758 1040 584 795 761 857 1248 1359 1785 516 1225 495 
977 942 1255 2046 1700 2059 1240 788 465 750 973 868 997 505 357 343 798 654 905 1160 974 954 1183 1513 1442 1236 608 1919 1406 660 695 1436 651 952 
1718 1048 989 920 1711 1822 1159 775 666 1060 883 711 960 822 222 735 417 457 537 863 551 1382 669 1074 1844 1069 752 2275 794 1678 1723 845 1278 1392 
1446 1241 2083 826 1424 2278 1779 1927 1504 1511 1073 1171 433 415 808 742 772 491 357 1109 1018 1241 1541 1565 1600 1312 658 1779 949 1790 918 1393 1742 722 
