5 11 20
2 50
170 96 112 130 149 169 
170 129 149 174 199 225 
170 161 187 217 249 282 
170 193 224 261 299 338 
170 226 262 304 349 395 
170 258 299 348 399 451 
170 290 337 391 449 508 
170 323 374 435 499 564 
170 355 412 478 549 621 
170 387 449 522 599 677 
100000 6464 7499 8705 9999 11294 
1353 1250 
1167 1016 897 
1111 1044 882 
1094 1027 867 
1083 1004 844 
1132 966 859 
1184 958 884 
1172 962 891 
1108 1011 850 
1099 982 842 
1111 1042 896 
1115 967 847 
1091 978 912 
1144 963 888 
1073 959 862 
1130 968 854 
1134 981 851 
1183 979 910 
1079 982 896 
1095 971 907 
1171 975 874 
1120 1042 866 
1183 1040 878 
1143 963 874 
1157 1010 902 
1119 1035 858 
1131 1049 861 
1099 986 852 
1115 1018 827 
1075 1006 831 
1076 1045 867 
1174 1042 888 
1156 970 856 
1079 962 832 
1167 980 853 
1092 977 867 
1086 1037 883 
1179 991 898 
1180 1011 898 
1083 1008 883 
1176 1049 913 
1105 1048 842 
1078 1029 909 
1115 1032 890 
1116 991 856 
1175 1008 895 
1167 960 854 
1117 978 900 
1103 1034 868 
1119 1049 898 
1150 987 838 
