50 3 20
26 10
850 85 96 112 130 149 169 187 203 214 222 225 222 214 203 187 169 150 130 112 96 85 77 75 77 85 96 112 130 149 169 187 203 214 222 225 222 214 203 187 169 150 130 112 96 85 77 75 77 85 96 
850 113 129 149 174 199 225 249 270 286 296 300 296 286 270 250 225 200 174 150 129 113 103 100 103 113 129 149 174 199 225 249 270 286 296 300 296 286 270 250 225 200 174 150 129 113 103 100 103 113 129 
100000 5669 6464 7499 8705 9999 11294 12499 13535 14330 14829 15000 14829 14330 13535 12500 11294 10000 8705 7500 6464 5669 5170 5000 5170 5669 6464 7499 8705 9999 11294 12499 13535 14330 14829 15000 14829 14330 13535 12500 11294 10000 8705 7500 6464 5669 5170 5000 5170 5669 6464 
1433 1353 1250 1129 1000 870 750 646 566 517 500 517 566 646 749 870 999 1129 1249 1353 1433 1482 1499 1482 1433 1353 
1404 1102 835 755 717 572 485 426 414 543 668 582 707 717 865 1322 1396 1129 1681 1497 1762 1731 1410 1312 
1077 1087 1143 966 617 541 656 542 588 464 617 545 627 835 868 1336 1107 1251 1563 1722 1785 1691 1589 1292 
1422 1242 866 744 657 703 634 603 587 594 493 550 782 1030 1060 1131 1064 1246 1366 1544 1334 1202 1502 1259 
1371 1100 964 755 830 532 526 505 569 484 514 559 654 846 814 1277 1077 1086 1495 1686 1784 1596 1655 1488 
1420 1324 1148 699 735 742 666 532 437 445 518 760 846 753 852 1311 1065 1413 1587 1632 1308 1775 1204 1138 
1349 1298 1071 731 707 629 657 456 455 474 555 590 796 708 1016 994 1397 1334 1209 1597 1469 1770 1419 1440 
1379 962 1067 927 802 695 657 577 435 496 538 693 652 936 1182 1276 1176 1294 1632 1767 1758 1767 1613 1516 
1270 998 841 871 653 695 593 560 500 482 551 579 712 746 919 919 1462 1271 1235 1750 1237 1356 1316 1429 
1350 938 908 779 778 646 479 425 422 428 673 526 825 971 1108 965 1427 1347 1718 1441 1322 1381 1225 1119 
1491 1049 1180 1001 863 623 481 576 534 422 542 724 656 954 1102 1246 1455 1399 1639 1517 1284 1265 1220 1148 
