50 2 20
26 50
1700 77 75 77 85 96 112 130 149 169 187 203 214 222 225 222 214 203 187 169 150 130 112 96 85 77 75 77 85 96 112 130 149 169 187 203 214 222 225 222 214 203 187 169 150 130 112 96 85 77 75 
100000 5170 5000 5170 5669 6464 7499 8705 9999 11294 12499 13535 14330 14829 15000 14829 14330 13535 12500 11294 10000 8705 7500 6464 5669 5170 5000 5170 5669 6464 7499 8705 9999 11294 12499 13535 14330 14829 15000 14829 14330 13535 12500 11294 10000 8705 7500 6464 5669 5170 5000 
1482 1499 1482 1433 1353 1250 1129 1000 870 750 646 566 517 500 517 566 646 749 870 999 1129 1249 1353 1433 1482 1499 
1050 1540 1763 1698 1127 789 602 550 545 430 215 499 356 699 1019 847 849 966 1217 1876 2053 1051 1986 622 
1381 987 1727 1490 498 1416 1212 720 871 650 607 659 260 796 781 914 594 1540 1626 1834 771 582 1140 2338 
713 1807 1919 1803 585 936 404 726 574 764 393 588 764 232 550 1047 710 1599 1018 1387 1514 671 1553 825 
2300 748 2142 751 892 1165 513 553 405 310 430 202 263 905 729 1024 987 485 894 991 1359 1419 1168 2223 
710 620 1879 1646 898 1428 1356 1182 393 642 551 517 796 815 616 764 1101 1380 1084 1975 1656 1178 2245 1139 
2234 974 708 1353 1797 1141 827 355 689 656 726 267 539 367 875 716 1369 1510 1777 1273 776 668 2139 1445 
597 1470 1757 1712 1301 430 578 388 781 243 294 550 503 771 485 781 1282 794 1333 1716 1274 861 1648 1742 
2266 726 1966 517 457 1202 1128 1011 915 603 211 693 596 652 574 463 1048 1338 685 1895 608 1512 680 1299 
1707 977 1636 1064 819 1476 1017 658 336 728 263 346 576 403 400 1171 904 1387 811 1574 1143 2048 822 1275 
918 1332 781 1259 1442 948 1055 782 853 264 540 601 307 664 986 752 1355 522 1375 1681 2085 1392 2339 1205 
2033 2005 1774 1284 1138 1020 1127 615 998 586 352 534 557 381 910 958 1181 509 572 1844 964 1863 961 1570 
1494 582 2043 1333 551 473 1044 365 953 689 794 571 613 563 519 857 548 598 1564 1505 1405 1685 2233 1635 
1788 980 1185 1406 1360 1186 1270 1148 391 816 404 685 786 804 632 477 845 469 1139 1586 1202 1902 1838 1570 
1617 685 1375 1664 1246 1117 373 759 886 893 669 611 495 832 355 1192 1260 1234 1235 724 1313 1896 1287 1637 
1849 1002 1083 1855 881 918 714 580 454 592 291 290 611 265 1010 1040 453 882 1318 1065 1654 708 2028 2059 
2358 741 1576 1289 1270 1415 421 1126 421 317 542 538 773 663 666 1182 1224 980 1445 1121 1557 732 1119 1760 
2199 880 1846 887 915 1527 896 628 552 413 610 336 329 359 972 998 431 619 1075 1189 1659 1724 908 1383 
1337 1259 1462 1290 947 1445 622 1154 292 621 318 351 464 421 716 718 716 417 1790 1836 711 622 701 1579 
2153 1371 1588 1524 598 1447 1370 666 681 481 280 677 643 667 916 799 1202 962 1709 1442 1925 610 660 1977 
1840 1790 933 1238 639 1180 689 718 748 659 742 605 581 706 507 725 600 511 571 1808 1258 1907 1921 822 
2355 1090 1236 1992 1223 578 991 986 786 453 343 412 258 538 471 858 1228 1544 597 827 1478 1798 1154 691 
2369 2002 1183 1623 918 1238 738 444 874 313 379 385 487 743 875 1020 365 957 1740 713 1665 2196 908 2289 
1443 1026 1487 1159 990 1042 1172 665 859 539 315 658 300 877 928 313 1321 1111 854 1801 1121 644 1951 712 
2201 1037 1649 1800 1381 1232 378 472 1012 231 650 685 457 845 484 879 348 933 1517 1398 1463 884 712 2186 
1612 2181 1384 970 593 731 794 820 262 574 752 728 675 490 677 1193 590 662 658 710 2007 1708 747 1891 
1610 2022 1844 917 814 518 929 1016 535 897 330 579 509 796 579 497 818 1050 757 1821 1450 1943 846 2043 
1716 1481 1770 1389 683 1253 517 677 921 435 217 303 762 587 740 874 758 605 1550 734 972 906 710 1868 
2091 1110 1556 1861 1435 1348 1376 1129 267 333 586 600 488 279 428 650 1063 499 1053 1987 641 1240 1071 840 
1051 1450 616 1334 680 1490 815 833 450 475 329 407 734 449 982 747 1062 1505 475 815 2107 2063 1808 797 
1241 589 1049 1690 923 1217 586 1065 1031 645 713 710 761 659 523 559 564 1404 841 1887 1351 1370 1619 1535 
1357 970 1347 1114 1651 740 1072 1115 775 581 252 787 395 573 991 479 476 1232 790 1101 720 793 1031 671 
1881 1360 1274 1573 729 816 577 1040 643 288 694 679 434 651 344 1152 1216 1173 990 936 1270 693 1631 1387 
1699 1511 1673 1866 1063 672 748 1143 472 602 496 280 499 375 946 374 977 515 1595 881 1402 1050 1509 1045 
1604 574 815 1726 815 1180 376 896 990 611 655 457 530 818 794 1125 1191 443 903 1908 1791 1286 1164 2079 
2253 1330 1917 1995 1079 1276 559 897 303 773 513 794 342 657 940 1037 358 1290 608 1024 1993 725 2060 1963 
1889 1300 970 852 1183 838 1375 664 370 843 325 554 345 606 405 1107 1335 1435 1402 1375 1716 1422 1411 1849 
966 1701 1967 1110 601 408 516 374 974 782 637 480 325 629 300 337 724 1449 1116 1916 1900 1319 969 1485 
1210 1568 1079 1575 692 1364 1193 1125 570 556 351 608 629 800 875 621 1122 1500 826 1144 706 1800 1364 2008 
899 1118 1478 962 855 546 1103 1053 916 872 297 711 791 381 789 1166 1301 1593 1299 1395 682 2140 1552 2207 
596 601 1976 881 1287 928 1120 772 756 770 518 367 561 555 952 448 873 1074 627 1696 1108 1467 1600 869 
1548 1519 1701 1879 1500 1139 1314 1059 1028 227 582 451 238 618 496 307 661 977 1178 1691 1498 1379 1697 1590 
2072 1607 1320 1552 1395 1041 1024 875 677 301 442 657 305 537 417 486 839 822 1469 1621 1663 604 935 2072 
850 773 815 708 793 551 879 1122 899 801 588 234 363 373 913 693 1032 665 1425 1366 1563 621 1210 2084 
1766 818 1920 1107 1518 1312 526 641 757 262 273 763 473 631 948 317 1337 1193 689 1558 958 1609 1997 1307 
742 625 622 749 1180 419 389 643 456 254 607 740 555 830 827 1168 1113 678 828 746 2103 763 2032 1450 
808 603 564 1737 1688 1393 1221 479 644 413 770 601 335 365 793 665 787 768 597 631 873 1569 760 1841 
2047 895 1883 694 1338 400 383 952 837 547 335 765 451 306 300 654 384 743 520 1361 2051 1369 1347 1091 
1991 1945 1221 745 1637 530 537 760 856 260 279 495 383 692 297 365 1068 609 517 1886 1918 1932 1011 1242 
1133 2277 1268 1563 1761 1317 438 478 609 881 815 601 641 799 758 510 1327 1046 1443 883 1510 1744 702 1773 
1099 2074 623 1979 970 714 1274 580 554 844 388 349 545 342 444 516 1381 1410 1018 1231 1804 988 2111 1503 
