10 3 20
6 50
850 150 130 112 96 85 77 75 77 85 96 
850 200 174 150 129 113 103 100 103 113 129 
100000 10000 8705 7500 6464 5669 5170 5000 5170 5669 6464 
1000 1129 1249 1353 1433 1482 
1778 1257 1417 1459 
1467 1566 1213 1521 
1750 1705 1241 1253 
1659 1371 1547 1513 
1342 1599 1453 1165 
1237 1205 1476 1319 
1399 1677 1407 1500 
1260 1281 1556 1465 
1608 1582 1268 1553 
1262 1212 1716 1199 
1625 1278 1343 1496 
1394 1389 1277 1156 
1219 1205 1638 1487 
1776 1319 1477 1622 
1247 1766 1614 1251 
1487 1452 1323 1271 
1252 1556 1320 1224 
1376 1367 1703 1249 
1481 1449 1585 1457 
1691 1449 1664 1608 
1539 1483 1563 1539 
1746 1528 1230 1469 
1658 1249 1649 1531 
1605 1211 1557 1275 
1795 1369 1454 1215 
1587 1344 1296 1193 
1555 1363 1431 1435 
1407 1233 1194 1607 
1541 1577 1281 1582 
1333 1729 1458 1387 
1320 1487 1436 1344 
1773 1714 1629 1493 
1229 1487 1319 1304 
1283 1629 1242 1484 
1393 1632 1260 1304 
1405 1591 1271 1367 
1571 1499 1183 1454 
1525 1213 1215 1213 
1232 1750 1235 1437 
1757 1726 1540 1249 
1655 1470 1477 1387 
1258 1500 1196 1341 
1643 1365 1216 1601 
1557 1574 1638 1488 
1280 1539 1428 1110 
1720 1620 1329 1171 
1698 1580 1649 1594 
1532 1772 1344 1339 
1476 1748 1682 1481 
1310 1403 1440 1452 
