20 11 20
7 100
170 77 85 96 112 130 149 169 187 203 214 222 225 222 214 203 187 169 150 130 112 
170 103 113 129 149 174 199 225 249 270 286 296 300 296 286 270 250 225 200 174 150 
170 129 141 161 187 217 249 282 312 338 358 370 375 370 358 338 312 282 250 217 187 
170 155 170 193 224 261 299 338 374 406 429 444 450 444 429 406 375 338 300 261 225 
170 180 198 226 262 304 349 395 437 473 501 519 525 519 501 473 437 395 350 304 262 
170 206 226 258 299 348 399 451 499 541 573 593 600 593 573 541 500 451 400 348 300 
170 232 255 290 337 391 449 508 562 609 644 667 675 667 644 609 562 508 450 391 337 
170 258 283 323 374 435 499 564 624 676 716 741 750 741 716 676 625 564 500 435 375 
170 284 311 355 412 478 549 621 687 744 788 815 825 815 788 744 687 621 550 478 412 
170 310 340 387 449 522 599 677 749 812 859 889 900 889 859 812 750 677 600 522 450 
100000 5170 5669 6464 7499 8705 9999 11294 12499 13535 14330 14829 15000 14829 14330 13535 12500 11294 10000 8705 7500 
1482 1433 1353 1250 1129 1000 870 
765 649 574 518 513 528 543 636 780 839 988 1117 1297 
786 630 564 494 501 501 571 676 745 908 1020 1079 1224 
748 634 584 500 496 511 567 631 776 883 1021 1090 1235 
722 674 590 531 496 510 568 655 736 853 1022 1138 1219 
717 676 563 517 523 511 589 633 740 892 954 1152 1190 
777 638 589 495 515 523 557 671 736 906 969 1145 1262 
765 635 565 491 480 514 584 669 771 911 1003 1170 1213 
744 670 552 516 504 518 550 639 749 832 1036 1185 1210 
771 620 560 527 499 523 590 672 716 886 999 1153 1229 
753 642 562 513 496 494 570 647 776 827 959 1151 1203 
725 634 577 541 487 500 594 674 777 884 1001 1132 1220 
765 669 544 521 490 520 591 642 744 885 1024 1093 1219 
739 626 563 515 499 512 544 677 772 852 1022 1183 1210 
747 622 566 500 508 512 572 616 749 852 972 1109 1236 
746 666 574 515 494 533 552 639 726 843 974 1164 1270 
777 623 561 511 499 512 558 617 739 895 1038 1139 1267 
719 623 574 499 486 529 579 650 715 845 1007 1103 1302 
714 632 592 523 478 511 540 632 741 896 1035 1079 1206 
756 622 566 517 504 499 588 629 766 873 1025 1106 1198 
781 673 569 531 490 540 546 636 762 885 1036 1180 1216 
758 664 541 511 517 515 583 638 732 852 1032 1146 1259 
785 663 567 503 516 542 558 659 715 834 989 1157 1216 
756 643 579 536 479 542 559 650 780 885 1036 1164 1289 
742 676 567 507 518 528 566 616 781 902 1006 1122 1248 
721 625 578 527 503 506 582 657 749 892 1017 1130 1270 
731 657 564 517 509 537 552 629 776 882 1028 1094 1303 
784 636 574 503 478 503 553 645 780 835 1000 1162 1230 
777 616 543 522 512 512 581 632 770 876 1008 1115 1269 
760 648 538 519 485 509 594 621 741 827 959 1153 1256 
741 619 548 517 506 504 587 661 744 909 984 1120 1251 
730 666 544 539 509 495 567 626 726 877 983 1167 1276 
728 668 568 507 486 530 557 659 734 858 971 1085 1266 
736 637 583 527 489 511 575 614 757 838 982 1151 1195 
784 650 565 515 494 533 560 649 780 840 983 1077 1274 
738 643 578 510 478 512 588 637 741 902 999 1156 1213 
714 667 570 539 495 509 563 620 716 903 953 1077 1198 
779 662 571 532 515 534 576 642 786 868 1040 1145 1294 
782 616 578 508 494 502 579 673 755 847 1034 1105 1269 
740 640 547 527 488 516 543 619 726 877 1040 1085 1241 
766 649 554 541 523 542 567 622 765 912 1011 1135 1213 
739 645 595 507 504 499 570 663 730 857 992 1127 1217 
746 625 589 515 515 516 565 649 717 849 980 1117 1251 
726 623 562 500 509 531 593 651 723 906 1034 1182 1234 
761 639 587 521 508 503 586 634 725 913 967 1161 1268 
786 650 554 528 501 507 583 678 749 854 1022 1182 1303 
720 656 560 516 501 501 581 631 722 903 990 1171 1275 
785 615 556 515 492 535 579 677 726 875 970 1106 1268 
782 671 578 507 500 528 554 654 729 896 1028 1180 1312 
775 676 569 527 511 541 545 635 758 905 983 1124 1242 
785 661 556 519 513 517 559 622 750 888 989 1097 1226 
730 656 588 497 484 518 561 626 779 858 977 1077 1224 
723 641 574 540 500 526 578 629 771 830 950 1103 1239 
758 637 582 531 505 508 581 653 763 865 951 1155 1263 
756 637 586 532 513 526 582 652 772 871 1032 1164 1282 
760 673 568 506 519 539 568 638 784 835 994 1130 1254 
766 615 543 500 483 516 588 643 738 864 1001 1184 1278 
739 648 564 537 478 503 563 673 726 900 992 1127 1304 
721 634 592 522 519 494 559 648 775 911 1013 1112 1287 
772 667 547 494 504 529 554 672 732 909 1003 1147 1283 
726 647 587 493 492 530 573 643 725 853 1007 1171 1266 
766 678 556 499 521 492 543 671 773 887 990 1158 1215 
785 649 591 495 477 507 558 639 751 827 1002 1155 1233 
759 667 545 521 506 507 589 634 765 914 971 1096 1200 
781 618 546 540 522 515 580 615 752 871 1040 1118 1221 
713 675 574 528 497 510 575 627 786 907 956 1181 1221 
787 630 572 522 523 530 594 641 759 859 1019 1138 1213 
745 620 561 499 520 491 590 629 740 862 983 1079 1306 
772 623 570 491 514 534 580 655 758 898 1038 1075 1296 
730 666 559 523 499 507 578 662 726 848 981 1169 1189 
749 662 579 527 492 518 556 627 746 862 1028 1127 1274 
724 676 590 518 524 497 579 669 730 873 999 1074 1286 
735 624 540 528 490 518 579 639 751 882 1011 1184 1275 
721 645 553 522 519 516 577 663 736 863 1030 1180 1301 
740 672 566 501 483 531 555 643 780 895 959 1079 1307 
714 642 545 527 501 496 547 649 766 885 1013 1096 1272 
737 663 541 530 491 527 563 668 767 875 1015 1163 1188 
716 658 583 498 500 500 564 662 784 910 1046 1173 1309 
748 676 542 496 495 502 551 636 779 844 1041 1166 1264 
724 663 589 507 482 511 581 656 757 882 964 1107 1261 
750 666 546 524 507 519 544 633 762 873 964 1182 1215 
750 638 571 496 517 539 568 631 775 907 965 1090 1218 
755 657 592 521 489 513 565 625 751 878 970 1094 1213 
723 614 538 537 483 506 540 671 746 827 970 1170 1216 
726 640 553 505 510 491 578 616 762 896 950 1079 1198 
742 666 557 520 503 518 594 638 746 881 1018 1149 1194 
774 643 564 498 494 498 574 673 717 829 968 1118 1277 
739 654 542 506 508 520 575 628 718 913 1020 1164 1236 
768 656 583 539 513 492 566 634 786 895 1041 1153 1309 
717 616 542 513 506 532 587 668 714 913 1004 1161 1308 
742 650 592 539 511 494 585 628 732 912 973 1161 1216 
777 670 542 509 475 531 588 670 721 830 1020 1140 1237 
755 657 589 494 495 503 566 624 721 911 1042 1157 1197 
757 643 562 539 498 506 540 621 772 832 1019 1168 1276 
725 678 554 518 485 510 555 635 768 887 1024 1089 1199 
772 640 586 494 492 523 544 626 750 908 1009 1178 1291 
741 653 588 542 484 505 572 653 724 897 969 1165 1277 
764 632 594 536 488 505 540 674 782 889 1029 1111 1296 
770 615 570 542 493 509 546 676 721 893 954 1145 1273 
785 641 545 523 492 529 581 628 758 878 952 1137 1187 
714 677 564 498 515 537 595 640 735 902 1026 1166 1249 
