50 2 20
36 100
1700 96 112 130 149 169 187 203 214 222 225 222 214 203 187 169 150 130 112 96 85 77 75 77 85 96 112 130 149 169 187 203 214 222 225 222 214 203 187 169 150 130 112 96 85 77 75 77 85 96 112 
100000 6464 7499 8705 9999 11294 12499 13535 14330 14829 15000 14829 14330 13535 12500 11294 10000 8705 7500 6464 5669 5170 5000 5170 5669 6464 7499 8705 9999 11294 12499 13535 14330 14829 15000 14829 14330 13535 12500 11294 10000 8705 7500 6464 5669 5170 5000 5170 5669 6464 7499 
1353 1250 1129 1000 870 750 646 566 517 500 517 566 646 749 870 999 1129 1249 1353 1433 1482 1499 1482 1433 1353 1250 1129 1000 870 750 646 566 517 500 517 566 
758 787 962 1119 1132 1465 1378 1689 1661 1289 1551 1437 1089 1135 
705 747 953 830 1049 1410 1117 1294 1756 1384 1479 1147 1373 1240 
604 653 871 894 1194 1469 1096 1585 1349 1715 1405 1579 1196 1206 
619 688 931 1179 1121 1241 1186 1675 1610 1324 1268 1474 1473 1019 
757 834 1032 1093 1078 1173 1538 1318 1419 1402 1441 1211 1336 1402 
584 605 798 1019 1310 1459 1531 1229 1623 1687 1247 1699 1510 1362 
584 722 1010 1017 1336 1029 1148 1249 1619 1794 1591 1184 1295 1470 
611 729 722 1021 1175 1167 1622 1404 1298 1758 1526 1315 1585 1457 
755 786 713 1054 1085 1302 1484 1631 1340 1512 1588 1458 1601 1046 
731 866 807 985 1101 1323 1109 1714 1479 1289 1629 1493 1380 1112 
771 878 772 828 1154 1450 1193 1455 1485 1253 1307 1608 1620 1226 
654 866 913 1092 1262 1484 1255 1269 1466 1222 1375 1199 1494 1373 
628 628 866 813 949 1337 1342 1376 1416 1447 1299 1366 1340 1443 
768 641 968 1093 1264 1309 1222 1189 1668 1412 1191 1202 1359 1110 
717 878 1023 904 1088 1298 1477 1684 1742 1349 1369 1646 1229 1175 
558 738 764 845 1102 1194 1471 1625 1666 1494 1396 1372 1538 1464 
640 781 981 865 1029 1330 1240 1526 1486 1427 1311 1640 1337 1232 
521 689 877 1005 1124 1202 1357 1708 1619 1775 1400 1619 1145 1298 
613 613 888 971 1025 1414 1557 1242 1580 1530 1655 1589 1092 1152 
542 622 922 890 1191 1164 1584 1308 1639 1316 1321 1600 1449 1043 
709 709 866 951 1243 1240 1262 1392 1432 1470 1413 1653 1477 1472 
552 675 943 1132 1249 1091 1293 1453 1731 1478 1628 1513 1512 1075 
553 883 988 1142 1068 1351 1579 1500 1713 1348 1361 1345 1299 1375 
583 692 780 917 1238 1302 1523 1151 1671 1287 1528 1423 1263 1022 
698 648 908 1175 1354 1466 1344 1257 1299 1614 1547 1398 1165 1493 
587 734 762 1038 1190 1388 1590 1221 1625 1309 1205 1421 1119 1129 
534 678 720 902 1351 1005 1328 1473 1496 1405 1547 1646 1438 1384 
772 695 1004 973 1267 1419 1194 1406 1706 1782 1497 1199 1615 1089 
655 745 889 866 1210 1072 1100 1218 1349 1771 1658 1373 1301 1424 
756 751 929 1188 1221 1032 1294 1383 1283 1482 1394 1365 1382 1458 
692 870 712 1051 1339 1427 1368 1635 1311 1508 1688 1450 1453 1170 
599 634 801 892 1294 1277 1409 1677 1553 1702 1749 1633 1263 1069 
772 609 857 1192 920 1191 1197 1382 1438 1208 1461 1519 1308 1416 
739 655 982 850 1322 1384 1538 1347 1528 1391 1363 1638 1523 1069 
724 827 702 992 1334 1324 1414 1650 1316 1467 1479 1292 1351 1491 
531 669 707 1066 963 1323 1491 1633 1625 1643 1555 1245 1583 1472 
534 774 902 1125 976 1121 1428 1706 1513 1244 1326 1528 1517 1050 
677 817 773 950 1000 1305 1487 1531 1453 1393 1198 1517 1137 1377 
570 824 870 970 1216 1253 1340 1176 1313 1508 1387 1695 1381 1370 
719 822 813 979 918 1117 1146 1374 1226 1292 1326 1487 1250 1230 
679 675 893 1155 962 1113 1410 1485 1434 1582 1304 1368 1142 1432 
769 776 764 1070 1321 1425 1266 1537 1719 1224 1285 1633 1605 1281 
551 684 1021 860 925 1491 1578 1466 1718 1710 1343 1215 1605 1285 
704 808 1033 1074 962 1442 1188 1432 1509 1249 1363 1199 1137 1119 
729 637 861 1154 920 1334 1221 1335 1323 1658 1272 1444 1611 1477 
575 761 876 999 1004 1097 1557 1409 1246 1622 1617 1389 1489 1431 
690 618 781 1109 1354 1107 1287 1443 1498 1672 1743 1591 1400 1050 
639 863 977 1188 1329 1101 1479 1265 1244 1472 1716 1585 1570 1373 
630 678 999 1189 1299 1032 1432 1395 1241 1618 1592 1256 1158 1381 
608 634 1043 841 1052 1040 1517 1386 1542 1396 1620 1187 1600 1188 
528 683 790 1022 1104 1207 1321 1449 1373 1604 1392 1633 1602 1375 
676 897 832 1125 1174 1403 1520 1414 1405 1750 1385 1672 1136 1481 
545 620 916 887 1051 1378 1438 1446 1382 1726 1323 1715 1269 1276 
545 747 1018 856 1181 1167 1492 1290 1473 1300 1688 1425 1335 1261 
712 653 714 802 1322 1379 1180 1474 1602 1239 1326 1649 1165 1119 
573 651 800 982 1086 1341 1509 1281 1388 1796 1592 1421 1377 1174 
619 614 943 950 1074 1001 1516 1259 1609 1383 1701 1362 1137 1077 
749 809 846 1072 1177 1108 1338 1283 1442 1550 1666 1712 1448 1039 
670 601 706 939 998 1315 1302 1317 1474 1374 1423 1215 1335 1231 
565 875 845 828 1020 1450 1166 1711 1666 1572 1268 1630 1140 1099 
704 884 945 817 1294 1206 1573 1151 1495 1386 1238 1407 1262 1017 
677 660 925 1031 1283 1409 1380 1695 1565 1351 1652 1444 1335 1110 
654 693 717 950 1235 1132 1504 1540 1696 1437 1699 1155 1092 1376 
646 707 744 928 1336 1356 1200 1484 1636 1231 1368 1172 1132 1179 
582 675 848 880 1291 1386 1433 1612 1489 1602 1423 1233 1567 1366 
598 869 998 888 1177 1428 1132 1333 1557 1661 1515 1167 1129 1466 
648 799 829 1068 1333 1366 1511 1194 1360 1473 1742 1170 1187 1251 
603 877 789 919 1073 1012 1459 1473 1539 1291 1396 1334 1380 1165 
657 613 761 846 1321 1116 1620 1423 1630 1273 1675 1569 1613 1339 
703 734 831 1072 1155 1416 1208 1183 1720 1570 1546 1289 1551 1391 
531 806 829 878 1141 1168 1430 1493 1368 1362 1263 1681 1613 1081 
530 713 706 1142 1132 1125 1175 1564 1340 1230 1198 1197 1323 1367 
561 689 711 1053 1033 1435 1347 1155 1371 1338 1337 1574 1280 1192 
702 601 852 877 993 1279 1366 1430 1495 1512 1240 1580 1544 1049 
732 758 798 912 1094 1179 1604 1681 1256 1457 1755 1306 1181 1317 
528 668 969 910 1080 1262 1312 1232 1318 1309 1489 1259 1467 1085 
558 742 1032 1134 1279 1318 1325 1148 1703 1593 1595 1291 1397 1006 
671 695 1004 821 1017 1041 1197 1574 1493 1295 1572 1466 1237 1244 
520 797 953 1181 1294 1090 1322 1413 1279 1651 1559 1428 1348 1008 
646 752 932 944 1322 1154 1429 1480 1384 1612 1347 1536 1175 1212 
604 761 967 828 908 1333 1620 1417 1277 1661 1398 1454 1575 1157 
587 655 949 1142 1305 1480 1288 1325 1299 1365 1264 1670 1605 1381 
659 619 749 1071 976 1402 1248 1637 1462 1263 1524 1242 1325 1364 
774 883 753 1142 1144 1180 1347 1255 1527 1326 1559 1601 1272 1041 
650 700 711 949 1176 1490 1612 1214 1346 1600 1598 1216 1244 1474 
593 697 919 856 1290 1461 1604 1718 1358 1284 1281 1501 1348 1103 
603 849 727 975 1090 1360 1452 1677 1756 1556 1708 1600 1234 1013 
772 745 837 907 1223 1040 1127 1537 1581 1231 1373 1410 1157 1246 
670 703 971 896 1071 1269 1517 1660 1732 1527 1313 1246 1145 1086 
727 776 792 952 1105 1454 1433 1278 1224 1441 1546 1501 1282 1127 
569 617 832 890 950 1080 1538 1688 1535 1277 1547 1634 1406 1437 
566 663 881 830 1108 1117 1522 1615 1514 1621 1693 1197 1269 1056 
648 845 739 1119 1159 1346 1123 1716 1472 1471 1328 1318 1515 1452 
606 763 861 948 1075 1239 1429 1580 1297 1387 1726 1157 1087 1256 
731 658 780 1148 1150 1367 1250 1316 1382 1420 1748 1317 1615 1099 
722 788 971 906 1161 1028 1109 1308 1645 1654 1686 1582 1151 1119 
532 679 950 933 1054 1498 1176 1251 1756 1451 1498 1548 1287 1087 
640 742 813 1189 1142 1295 1250 1550 1515 1391 1358 1411 1396 1087 
649 818 732 911 1004 1213 1544 1435 1253 1218 1347 1375 1326 1257 
669 693 892 920 1286 1357 1477 1689 1597 1320 1235 1608 1241 1050 
