10 2 20
6 50
1700 112 130 149 169 187 203 214 222 225 222 
100000 7499 8705 9999 11294 12499 13535 14330 14829 15000 14829 
1250 1129 1000 870 750 646 
560 525 475 537 
573 495 477 492 
578 512 485 509 
584 526 492 523 
592 511 478 526 
556 505 491 505 
544 492 475 513 
584 540 486 506 
542 519 522 498 
591 506 519 523 
573 526 480 533 
572 515 488 507 
539 508 482 518 
572 503 485 491 
578 542 513 522 
578 541 513 498 
574 498 503 537 
539 511 514 494 
584 515 499 535 
579 504 523 497 
553 541 493 514 
556 534 483 514 
559 538 478 493 
543 513 482 533 
572 528 517 492 
594 523 511 502 
570 527 489 512 
538 510 488 511 
567 525 492 507 
578 502 504 501 
550 507 524 504 
556 493 479 538 
540 529 479 509 
547 539 499 510 
578 519 513 513 
558 536 515 536 
546 491 477 537 
540 502 509 504 
586 542 523 524 
586 500 483 514 
575 538 520 527 
585 494 513 505 
579 510 501 534 
581 515 480 536 
545 532 516 491 
579 510 504 497 
570 539 515 523 
550 539 515 537 
578 499 492 533 
565 511 478 499 
