50 3 20
26 5
850 75 77 85 96 112 130 149 169 187 203 214 222 225 222 214 203 187 169 150 130 112 96 85 77 75 77 85 96 112 130 149 169 187 203 214 222 225 222 214 203 187 169 150 130 112 96 85 77 75 77 
850 100 103 113 129 149 174 199 225 249 270 286 296 300 296 286 270 250 225 200 174 150 129 113 103 100 103 113 129 149 174 199 225 249 270 286 296 300 296 286 270 250 225 200 174 150 129 113 103 100 103 
100000 5000 5170 5669 6464 7499 8705 9999 11294 12499 13535 14330 14829 15000 14829 14330 13535 12500 11294 10000 8705 7500 6464 5669 5170 5000 5170 5669 6464 7499 8705 9999 11294 12499 13535 14330 14829 15000 14829 14330 13535 12500 11294 10000 8705 7500 6464 5669 5170 5000 5170 
1499 1482 1433 1353 1250 1129 1000 870 750 646 566 517 500 517 566 646 749 870 999 1129 1249 1353 1433 1482 1499 1482 
702 1950 1608 1245 1066 1337 1085 482 554 214 373 674 401 432 1118 913 1289 1620 1701 846 1583 1834 2355 982 
680 2005 1257 645 1528 1115 608 562 615 658 597 617 709 697 361 1030 641 992 1309 1578 781 2035 1337 2135 
1355 765 907 785 1509 749 407 479 253 473 551 674 889 857 852 396 850 1112 1114 1679 1728 1804 626 677 
2280 678 1025 1079 755 421 360 403 758 687 232 319 362 686 1142 1381 564 1107 1143 661 2091 887 2159 1658 
2232 1304 1639 610 1532 907 961 374 616 620 608 271 841 564 715 888 918 986 550 673 2120 1463 1153 1361 
