20 11 20
11 100
170 85 96 112 130 149 169 187 203 214 222 225 222 214 203 187 169 150 130 112 96 
170 113 129 149 174 199 225 249 270 286 296 300 296 286 270 250 225 200 174 150 129 
170 141 161 187 217 249 282 312 338 358 370 375 370 358 338 312 282 250 217 187 161 
170 170 193 224 261 299 338 374 406 429 444 450 444 429 406 375 338 300 261 225 193 
170 198 226 262 304 349 395 437 473 501 519 525 519 501 473 437 395 350 304 262 226 
170 226 258 299 348 399 451 499 541 573 593 600 593 573 541 500 451 400 348 300 258 
170 255 290 337 391 449 508 562 609 644 667 675 667 644 609 562 508 450 391 337 290 
170 283 323 374 435 499 564 624 676 716 741 750 741 716 676 625 564 500 435 375 323 
170 311 355 412 478 549 621 687 744 788 815 825 815 788 744 687 621 550 478 412 355 
170 340 387 449 522 599 677 749 812 859 889 900 889 859 812 750 677 600 522 450 387 
100000 5669 6464 7499 8705 9999 11294 12499 13535 14330 14829 15000 14829 14330 13535 12500 11294 10000 8705 7500 6464 
1433 1353 1250 1129 1000 870 750 646 566 517 500 
501 537 610 888 973 1150 1303 1284 1345 
424 509 518 649 848 1063 1149 1352 1530 
414 520 531 611 823 1175 1322 1101 1085 
440 547 598 796 732 845 1001 1188 1283 
591 630 757 612 927 987 1326 1351 1588 
420 610 604 782 879 1192 1014 1120 1281 
570 556 695 809 1030 1020 1112 1354 1298 
504 526 565 601 1036 899 1346 1142 1603 
492 594 609 728 1032 1120 1068 1376 1597 
609 604 642 703 899 1034 1095 1428 1472 
442 655 773 897 870 1055 964 1372 1412 
502 627 723 824 930 942 954 1214 1173 
426 470 624 705 981 1037 1029 1040 1576 
577 511 610 786 843 1130 924 1017 1516 
579 663 679 733 794 884 1219 1071 1269 
592 514 685 838 954 997 1258 1397 1100 
466 469 716 884 1030 1083 1083 1064 1166 
425 458 716 631 822 944 1297 1414 1589 
583 603 722 754 804 1027 1250 1015 1523 
584 454 637 799 710 913 935 1402 1536 
613 595 740 879 901 1186 1105 1325 1175 
517 556 620 823 1029 1103 1335 1132 1091 
434 491 640 642 892 1170 1265 1116 1310 
612 655 616 830 819 1154 1104 1357 1253 
420 587 655 638 934 1055 1167 1379 1268 
485 529 546 840 813 959 1072 1491 1607 
588 546 663 841 927 1090 916 1447 1493 
607 485 685 672 757 1021 1108 1224 1340 
527 631 636 768 893 812 1133 1003 1385 
570 475 583 852 902 868 1114 1222 1345 
459 592 679 772 905 1150 1183 1161 1595 
568 498 565 618 981 861 1147 1010 1488 
480 462 766 700 752 865 1040 1112 1398 
450 630 555 615 759 853 1010 1286 1352 
585 521 692 641 889 1043 1342 1253 1605 
439 532 545 724 910 995 1120 1048 1439 
558 458 609 608 940 1198 1183 1172 1338 
492 605 662 820 984 1083 985 1073 1282 
415 609 738 667 862 881 1106 1141 1093 
577 660 664 608 824 1093 1084 1405 1493 
549 545 612 835 787 874 1040 1449 1591 
582 501 605 696 1001 986 1015 1401 1216 
542 614 580 733 843 903 1089 1306 1403 
559 521 765 729 996 1153 1289 1209 1105 
504 514 707 867 1040 1129 920 1220 1603 
437 523 749 817 896 865 966 1495 1398 
503 530 714 602 816 1102 1304 1476 1195 
437 630 748 863 884 999 1315 1445 1373 
547 519 672 895 802 854 963 1300 1357 
475 580 733 724 788 831 1218 1363 1214 
529 554 638 668 818 1060 1230 1082 1393 
525 544 771 870 756 1062 1244 1016 1259 
424 586 713 794 698 1044 905 1490 1467 
549 591 605 606 1011 893 1150 1242 1205 
471 665 529 719 715 861 1160 1476 1151 
512 616 736 655 923 948 1221 1110 1454 
422 632 621 782 884 1009 1121 1314 1264 
553 470 691 850 1038 1060 1257 1029 1312 
535 527 750 861 745 992 1135 1150 1426 
414 659 599 832 939 964 997 1190 1401 
420 504 618 675 811 931 1136 1141 1566 
439 526 609 610 753 863 1289 1385 1298 
565 578 692 879 927 904 1247 1427 1566 
416 650 603 684 918 1117 1219 1118 1220 
544 618 698 803 871 1149 1071 1074 1202 
544 560 614 601 966 1169 1082 1414 1436 
472 486 650 700 789 924 970 1367 1175 
479 655 645 641 703 1135 1280 1251 1088 
615 464 545 604 985 1176 1330 1188 1574 
587 665 536 762 860 891 1007 1108 1282 
580 590 761 618 985 812 1290 1376 1320 
471 569 699 752 787 837 930 1024 1156 
422 519 704 653 784 812 1005 1495 1284 
515 665 756 712 754 1059 1017 1463 1119 
570 459 699 658 939 839 989 1243 1093 
469 476 751 880 713 806 1343 1334 1598 
472 537 635 865 987 1162 1161 1241 1610 
522 483 765 819 902 870 1081 1453 1164 
556 657 613 725 718 1086 1228 1095 1473 
544 649 617 706 944 1082 1121 1261 1539 
500 455 522 601 859 1138 1277 1391 1601 
533 458 535 722 883 966 1101 1266 1538 
492 479 551 630 901 840 1209 1006 1129 
478 612 667 757 800 1032 981 1441 1318 
574 478 652 631 759 820 1333 1418 1419 
592 473 728 633 760 973 1281 1497 1312 
605 459 649 728 1000 983 1317 1237 1511 
419 621 744 745 891 915 1309 1111 1444 
609 485 605 693 845 894 968 1244 1361 
613 545 539 730 883 940 1042 1197 1248 
507 610 637 769 996 859 1036 1351 1550 
415 649 618 644 887 1104 930 1143 1604 
450 534 577 671 739 1121 990 1458 1103 
499 612 570 696 839 911 1086 1465 1541 
517 481 673 690 966 903 1276 1177 1483 
449 477 549 780 732 1075 1134 1116 1192 
471 547 623 667 999 1047 911 1154 1221 
537 572 730 711 1014 1077 1246 1001 1317 
558 595 768 645 927 922 1095 1370 1523 
596 510 670 668 995 922 1172 1202 1490 
