50 6 20
26 10
340 96 85 77 75 77 85 96 112 130 149 169 187 203 214 222 225 222 214 203 187 169 150 130 112 96 85 77 75 77 85 96 112 130 149 169 187 203 214 222 225 222 214 203 187 169 150 130 112 96 85 
340 129 113 103 100 103 113 129 149 174 199 225 249 270 286 296 300 296 286 270 250 225 200 174 150 129 113 103 100 103 113 129 149 174 199 225 249 270 286 296 300 296 286 270 250 225 200 174 150 129 113 
340 161 141 129 125 129 141 161 187 217 249 282 312 338 358 370 375 370 358 338 312 282 250 217 187 161 141 129 125 129 141 161 187 217 249 282 312 338 358 370 375 370 358 338 312 282 250 217 187 161 141 
340 193 170 155 150 155 170 193 224 261 299 338 374 406 429 444 450 444 429 406 375 338 300 261 225 193 170 155 150 155 170 193 224 261 299 338 374 406 429 444 450 444 429 406 375 338 300 261 225 193 170 
340 226 198 180 175 180 198 226 262 304 349 395 437 473 501 519 525 519 501 473 437 395 350 304 262 226 198 180 175 180 198 226 262 304 349 395 437 473 501 519 525 519 501 473 437 395 350 304 262 226 198 
100000 6464 5669 5170 5000 5170 5669 6464 7499 8705 9999 11294 12499 13535 14330 14829 15000 14829 14330 13535 12500 11294 10000 8705 7500 6464 5669 5170 5000 5170 5669 6464 7499 8705 9999 11294 12499 13535 14330 14829 15000 14829 14330 13535 12500 11294 10000 8705 7500 6464 5669 
1353 1433 1482 1499 1482 1433 1353 1250 1129 1000 870 750 646 566 517 500 517 566 646 749 870 999 1129 1249 1353 1433 
1501 1518 1491 1429 1349 1198 1116 1012 862 747 665 559 491 511 509 568 677 755 888 1035 1113 1292 1330 1494 
1545 1569 1551 1443 1357 1304 1130 961 880 759 627 580 520 507 519 565 621 777 834 1032 1149 1253 1327 1499 
1481 1483 1530 1366 1384 1256 1086 1020 862 743 616 579 493 509 505 547 626 755 828 1009 1142 1215 1288 1424 
1445 1523 1455 1499 1386 1310 1163 979 896 739 665 574 540 497 491 546 618 771 906 1033 1111 1282 1416 1478 
1527 1549 1494 1368 1328 1248 1124 984 838 753 625 568 525 498 514 563 672 731 836 1037 1074 1234 1326 1363 
1459 1516 1510 1426 1380 1204 1113 997 913 751 634 572 540 493 535 591 627 782 840 1024 1127 1262 1311 1400 
1543 1502 1428 1435 1352 1227 1150 958 887 725 631 568 540 476 521 568 640 748 868 968 1114 1188 1358 1501 
1414 1571 1499 1408 1400 1209 1110 1016 912 739 616 580 519 502 499 542 659 747 866 998 1134 1293 1303 1401 
1523 1460 1435 1398 1294 1282 1096 964 847 751 661 564 542 486 518 562 641 762 900 969 1179 1253 1297 1456 
1420 1454 1533 1396 1356 1220 1161 955 907 718 638 578 494 484 536 546 648 721 875 1025 1158 1190 1386 1412 
