50 2 20
16 10
1700 75 77 85 96 112 130 149 169 187 203 214 222 225 222 214 203 187 169 150 130 112 96 85 77 75 77 85 96 112 130 149 169 187 203 214 222 225 222 214 203 187 169 150 130 112 96 85 77 75 77 
100000 5000 5170 5669 6464 7499 8705 9999 11294 12499 13535 14330 14829 15000 14829 14330 13535 12500 11294 10000 8705 7500 6464 5669 5170 5000 5170 5669 6464 7499 8705 9999 11294 12499 13535 14330 14829 15000 14829 14330 13535 12500 11294 10000 8705 7500 6464 5669 5170 5000 5170 
1499 1482 1433 1353 1250 1129 1000 870 750 646 566 517 500 517 566 646 
424 657 844 622 1348 1681 1775 1804 1943 996 786 1846 1990 729 788 1306 454 378 850 296 482 404 374 972 1154 1325 1348 726 924 1905 627 1671 1900 1451 
734 690 1249 1752 665 846 760 873 1072 1735 1563 1497 1275 585 1537 381 435 567 365 550 461 691 854 275 751 566 1245 1368 1925 1122 1526 2193 2358 865 
897 1097 632 682 1365 839 2085 1936 975 952 2086 868 1517 1667 1443 1226 689 353 364 434 574 334 264 467 491 881 534 1377 1635 2050 1363 1546 1287 2163 
1174 669 1431 1709 1779 956 1087 1608 1649 1412 1273 1136 1966 1149 1331 1306 826 427 354 732 277 272 489 530 511 532 756 1023 693 1564 835 1187 1612 2369 
757 854 1187 1098 1400 850 2106 2068 640 1527 2239 1652 793 1535 1297 966 826 856 901 618 290 316 316 375 1185 1076 1333 1545 1415 2032 875 1236 2257 1329 
619 1363 648 1161 748 2134 1015 2241 2281 2068 2289 1518 1924 1083 1162 635 753 336 752 788 625 603 548 679 1013 1035 1279 1060 673 920 1151 1919 1695 1498 
802 351 1429 866 1530 1503 1530 1749 2101 809 1502 1413 1999 616 550 1180 1075 685 883 449 356 339 331 1027 1058 1092 1337 681 1758 2131 1728 731 1387 648 
762 1304 1277 470 668 646 1772 821 2339 982 889 1427 1856 928 849 1286 1195 939 695 478 461 724 639 615 898 811 826 561 1087 1980 2243 2330 1996 1728 
888 505 968 739 1887 1124 1889 1742 1569 1034 1410 1487 1413 1586 1580 646 1150 575 774 477 219 462 465 296 892 858 650 939 1444 829 1220 629 1610 1361 
393 815 639 1154 1355 1630 1011 1304 798 1526 930 850 822 1160 465 1170 320 461 548 368 511 639 472 341 442 500 672 1728 715 1077 1269 1935 712 1207 
