50 2 20
36 50
1700 130 112 96 85 77 75 77 85 96 112 130 149 169 187 203 214 222 225 222 214 203 187 169 150 130 112 96 85 77 75 77 85 96 112 130 149 169 187 203 214 222 225 222 214 203 187 169 150 130 112 
100000 8705 7500 6464 5669 5170 5000 5170 5669 6464 7499 8705 9999 11294 12499 13535 14330 14829 15000 14829 14330 13535 12500 11294 10000 8705 7500 6464 5669 5170 5000 5170 5669 6464 7499 8705 9999 11294 12499 13535 14330 14829 15000 14829 14330 13535 12500 11294 10000 8705 7500 
1129 1249 1353 1433 1482 1499 1482 1433 1353 1250 1129 1000 870 750 646 566 517 500 517 566 646 749 870 999 1129 1249 1353 1433 1482 1499 1482 1433 1353 1250 1129 1000 
1382 552 789 723 256 377 312 571 678 333 405 497 1100 830 
972 1153 315 764 818 785 792 721 493 624 1038 820 1762 789 
770 524 522 572 336 439 664 317 870 826 920 631 979 1547 
1070 854 765 249 287 488 797 330 761 790 528 892 1301 1714 
770 989 271 534 526 756 363 888 314 719 670 1496 1243 1942 
986 1171 670 770 238 708 295 694 865 959 784 1009 532 1510 
673 829 875 736 587 787 264 476 594 1062 824 1027 1535 1351 
1267 631 509 638 563 763 452 768 658 638 1281 519 1190 1237 
1249 688 451 240 293 603 404 495 561 686 1004 883 1161 1494 
1116 798 1001 745 225 507 646 338 449 686 1141 538 1214 1286 
1067 895 1033 745 220 479 418 880 475 791 664 615 700 1289 
497 963 1029 565 498 608 487 277 593 375 644 1302 491 1976 
1122 433 849 452 306 338 404 747 1016 407 928 1105 721 1336 
813 982 865 667 364 362 764 870 747 961 908 1002 1601 1300 
803 1159 971 476 705 354 688 606 866 420 635 1535 656 1809 
560 944 418 585 232 200 407 322 781 858 486 479 1514 1654 
1188 305 367 251 454 695 519 605 843 996 728 1213 1638 751 
587 1167 500 345 635 726 490 732 1015 1199 643 781 731 684 
803 651 329 263 328 512 369 554 451 1099 1361 1304 1456 1994 
742 1101 723 631 293 619 559 525 660 590 1339 1554 1439 595 
852 719 839 794 450 750 396 278 1030 1150 616 977 1678 697 
444 639 459 359 678 264 801 329 690 524 743 464 829 531 
893 667 549 716 263 701 388 586 592 402 1155 1054 1573 727 
627 626 359 238 356 239 297 638 686 1168 1188 442 1296 1897 
910 635 770 676 742 665 567 713 735 885 1316 1239 1562 1875 
804 648 773 891 533 304 536 547 555 905 957 919 1649 1720 
1213 1127 319 419 325 631 481 668 647 505 985 420 1682 648 
1212 801 782 724 721 649 713 382 540 914 934 1470 553 914 
447 1068 1021 720 559 766 364 265 897 645 872 532 1546 1096 
678 1026 389 458 373 219 801 519 322 1192 1337 1220 721 1058 
884 431 622 341 549 206 312 559 573 944 428 672 809 1441 
1189 1102 259 487 298 494 788 568 738 998 837 827 1693 1549 
405 377 684 531 532 540 400 812 386 313 1246 1138 1215 967 
414 1187 791 689 464 532 294 739 374 920 449 1217 906 729 
1239 589 760 685 508 290 220 792 708 1164 1334 504 1117 1921 
930 596 344 416 410 646 585 729 637 642 484 1058 1747 863 
1265 1148 1016 398 580 563 321 863 979 802 683 595 1135 1395 
657 1015 593 811 743 546 801 654 707 418 1282 1564 824 1057 
1099 546 878 369 734 392 323 824 296 1160 384 1268 1017 1941 
601 1024 1008 374 763 292 348 748 629 322 1248 1417 607 1994 
1125 760 349 394 514 742 517 818 981 1036 1092 1067 956 1389 
654 745 512 892 626 701 505 248 931 796 840 1189 703 583 
789 1097 902 502 645 479 488 528 956 1096 849 1262 966 1107 
751 774 718 363 610 755 443 362 731 346 771 1261 1700 1390 
441 739 933 751 257 298 339 665 784 1114 1198 544 730 690 
1130 725 878 242 292 652 563 862 562 1121 1017 617 609 1954 
1328 681 544 298 429 309 521 902 355 815 710 664 1660 1809 
1208 436 677 236 772 239 291 621 1026 1126 376 903 990 1354 
886 704 546 788 285 659 274 315 956 871 522 712 1382 1203 
1293 1068 978 484 331 279 744 495 387 886 1062 1545 534 1126 
