10 2 20
8 100
1700 77 85 96 112 130 149 169 187 203 214 
100000 5170 5669 6464 7499 8705 9999 11294 12499 13535 14330 
1482 1433 1353 1250 1129 1000 870 750 
541 569 
654 588 
691 505 
760 662 
618 666 
614 562 
628 612 
596 551 
546 605 
630 604 
591 514 
532 480 
573 665 
704 475 
657 585 
683 572 
620 598 
664 585 
598 613 
671 631 
766 613 
682 643 
610 602 
771 536 
674 634 
715 661 
718 525 
688 496 
526 541 
698 461 
665 611 
640 480 
642 508 
697 623 
550 586 
590 644 
546 512 
518 566 
645 590 
743 479 
582 607 
576 581 
680 581 
718 538 
657 603 
657 535 
631 519 
754 622 
764 515 
726 482 
708 621 
554 544 
693 640 
662 673 
539 578 
695 525 
744 580 
734 528 
637 663 
625 544 
598 629 
762 624 
741 664 
522 671 
744 516 
527 476 
711 481 
531 589 
771 500 
673 476 
605 591 
736 557 
722 516 
732 513 
738 546 
596 642 
619 531 
730 505 
661 514 
666 492 
722 540 
703 545 
703 633 
670 552 
721 640 
687 469 
631 676 
643 649 
716 514 
686 628 
607 480 
746 474 
596 584 
595 486 
561 467 
538 594 
699 528 
623 478 
565 657 
535 620 
