50 6 20
26 5
340 150 130 112 96 85 77 75 77 85 96 112 130 149 169 187 203 214 222 225 222 214 203 187 169 150 130 112 96 85 77 75 77 85 96 112 130 149 169 187 203 214 222 225 222 214 203 187 169 150 130 
340 200 174 150 129 113 103 100 103 113 129 149 174 199 225 249 270 286 296 300 296 286 270 250 225 200 174 150 129 113 103 100 103 113 129 149 174 199 225 249 270 286 296 300 296 286 270 250 225 200 174 
340 250 217 187 161 141 129 125 129 141 161 187 217 249 282 312 338 358 370 375 370 358 338 312 282 250 217 187 161 141 129 125 129 141 161 187 217 249 282 312 338 358 370 375 370 358 338 312 282 250 217 
340 300 261 225 193 170 155 150 155 170 193 224 261 299 338 374 406 429 444 450 444 429 406 375 338 300 261 225 193 170 155 150 155 170 193 224 261 299 338 374 406 429 444 450 444 429 406 375 338 300 261 
340 350 304 262 226 198 180 175 180 198 226 262 304 349 395 437 473 501 519 525 519 501 473 437 395 350 304 262 226 198 180 175 180 198 226 262 304 349 395 437 473 501 519 525 519 501 473 437 395 350 304 
100000 10000 8705 7500 6464 5669 5170 5000 5170 5669 6464 7499 8705 9999 11294 12499 13535 14330 14829 15000 14829 14330 13535 12500 11294 10000 8705 7500 6464 5669 5170 5000 5170 5669 6464 7499 8705 9999 11294 12499 13535 14330 14829 15000 14829 14330 13535 12500 11294 10000 8705 
1000 1129 1249 1353 1433 1482 1499 1482 1433 1353 1250 1129 1000 870 750 646 566 517 500 517 566 646 749 870 999 1129 
1446 1091 1595 1231 1750 1329 1267 1358 1188 1285 1062 968 787 592 612 563 577 439 553 602 883 837 845 985 
1277 1466 1659 1489 1381 1191 1249 1454 1456 944 883 946 797 706 539 558 583 494 474 682 748 896 985 1222 
1412 1448 1584 1365 1563 1433 1662 1602 1486 1213 1127 880 848 760 486 538 478 605 664 703 776 1010 1125 980 
1166 1149 1422 1222 1419 1642 1566 1322 1327 931 813 720 606 715 647 560 414 582 608 652 895 791 815 1079 
1155 1259 1316 1649 1400 1537 1570 1091 1053 1069 1042 857 823 547 574 540 418 596 499 646 694 990 1019 1105 
