50 3 20
16 50
850 85 77 75 77 85 96 112 130 149 169 187 203 214 222 225 222 214 203 187 169 150 130 112 96 85 77 75 77 85 96 112 130 149 169 187 203 214 222 225 222 214 203 187 169 150 130 112 96 85 77 
850 113 103 100 103 113 129 149 174 199 225 249 270 286 296 300 296 286 270 250 225 200 174 150 129 113 103 100 103 113 129 149 174 199 225 249 270 286 296 300 296 286 270 250 225 200 174 150 129 113 103 
100000 5669 5170 5000 5170 5669 6464 7499 8705 9999 11294 12499 13535 14330 14829 15000 14829 14330 13535 12500 11294 10000 8705 7500 6464 5669 5170 5000 5170 5669 6464 7499 8705 9999 11294 12499 13535 14330 14829 15000 14829 14330 13535 12500 11294 10000 8705 7500 6464 5669 5170 
1433 1482 1499 1482 1433 1353 1250 1129 1000 870 750 646 566 517 500 517 
563 640 768 880 963 1138 1246 1380 1502 1514 1550 1522 1483 1306 1265 1137 1013 845 727 643 563 527 496 515 572 647 732 875 1004 1093 1230 1350 1415 1522 
581 645 726 907 982 1121 1205 1341 1406 1457 1457 1553 1393 1418 1255 1175 995 898 742 624 562 516 516 504 595 631 763 829 1038 1179 1235 1335 1469 1450 
591 665 761 876 1015 1122 1274 1345 1369 1553 1506 1479 1418 1295 1240 1161 988 832 746 617 558 506 476 502 573 675 775 855 973 1137 1237 1384 1494 1462 
577 622 727 867 1024 1139 1270 1285 1474 1439 1506 1468 1459 1330 1215 1152 995 840 781 627 570 523 496 512 571 629 775 867 970 1077 1221 1288 1365 1421 
571 670 717 891 1043 1086 1250 1322 1421 1462 1527 1542 1406 1364 1273 1160 988 844 756 625 586 494 515 505 549 668 752 905 1018 1114 1263 1341 1455 1520 
543 633 739 880 1008 1157 1256 1298 1461 1468 1527 1470 1468 1400 1269 1100 1049 828 720 668 573 491 491 502 571 643 747 847 1020 1074 1241 1413 1376 1431 
539 677 733 885 1007 1127 1293 1315 1494 1428 1512 1450 1470 1288 1247 1162 963 898 742 675 564 533 494 507 569 656 781 896 1046 1182 1219 1376 1444 1552 
546 617 726 836 959 1095 1218 1406 1431 1549 1547 1547 1446 1363 1234 1111 1039 878 775 653 586 520 493 537 551 654 743 836 999 1149 1228 1352 1378 1539 
551 633 732 885 994 1079 1200 1381 1367 1422 1535 1547 1491 1417 1215 1117 1031 850 763 663 543 514 522 508 541 634 762 867 961 1155 1245 1297 1443 1421 
594 640 779 846 989 1113 1278 1332 1382 1542 1482 1479 1476 1393 1294 1092 999 907 737 614 578 527 485 506 561 665 742 832 1029 1140 1218 1314 1474 1510 
571 627 763 888 978 1099 1301 1417 1369 1533 1490 1439 1432 1346 1272 1134 991 868 750 647 558 515 486 538 552 618 717 853 983 1089 1311 1314 1372 1413 
575 645 727 830 1045 1086 1284 1321 1394 1554 1483 1543 1433 1365 1210 1074 1019 870 787 677 567 517 488 521 571 617 714 834 1028 1093 1256 1412 1401 1470 
541 662 716 893 1048 1094 1271 1349 1398 1425 1437 1479 1378 1417 1304 1115 1029 883 742 662 579 524 522 525 572 673 727 850 1027 1117 1306 1313 1438 1422 
584 668 766 848 1006 1182 1304 1328 1414 1424 1465 1544 1400 1394 1245 1080 1045 852 746 645 550 539 496 506 544 653 718 834 985 1129 1239 1350 1461 1510 
572 634 717 893 984 1130 1205 1401 1402 1504 1433 1472 1479 1357 1194 1099 1036 879 761 655 593 519 486 531 563 673 751 907 1005 1080 1189 1308 1484 1478 
577 620 749 861 955 1133 1241 1308 1363 1538 1544 1412 1423 1305 1310 1149 1047 868 773 662 545 536 494 491 586 619 781 890 1040 1139 1226 1287 1400 1436 
566 640 756 868 1002 1154 1212 1381 1415 1453 1521 1421 1422 1370 1209 1091 1009 884 726 640 541 527 477 519 570 616 739 891 985 1124 1312 1313 1441 1508 
542 642 712 893 950 1127 1272 1393 1376 1492 1484 1493 1451 1334 1196 1163 1017 862 725 649 550 534 506 507 550 669 713 874 991 1107 1309 1292 1454 1505 
590 674 726 890 1038 1148 1196 1361 1461 1537 1429 1514 1373 1338 1271 1110 956 857 767 644 559 520 481 525 587 630 741 880 963 1087 1232 1399 1482 1431 
584 673 734 897 1014 1132 1277 1296 1423 1529 1511 1460 1379 1305 1269 1081 989 904 720 650 575 508 480 528 546 628 751 844 955 1093 1191 1355 1409 1484 
555 666 770 860 995 1184 1216 1318 1442 1460 1545 1444 1427 1414 1222 1136 978 890 722 648 569 511 486 499 578 632 745 854 978 1110 1252 1411 1410 1411 
551 648 748 879 966 1133 1211 1389 1408 1484 1510 1470 1483 1407 1239 1104 1028 861 751 668 570 516 493 497 541 637 787 841 998 1137 1190 1345 1454 1528 
593 624 734 845 1015 1150 1209 1326 1460 1426 1558 1446 1378 1298 1269 1128 952 905 743 626 555 498 488 538 547 663 764 896 1049 1170 1251 1361 1461 1419 
542 661 734 907 1015 1121 1202 1411 1438 1556 1441 1526 1454 1407 1266 1146 985 847 735 649 558 491 494 497 592 675 713 891 962 1137 1191 1289 1395 1493 
566 615 780 843 1023 1179 1220 1343 1388 1515 1499 1430 1432 1332 1230 1133 987 846 738 626 585 513 496 506 591 632 762 836 1041 1173 1302 1303 1468 1442 
592 635 714 867 1039 1167 1219 1410 1474 1442 1479 1478 1454 1286 1255 1158 969 863 734 621 571 498 510 512 546 672 781 893 1006 1162 1271 1353 1448 1421 
541 615 757 868 980 1093 1306 1368 1444 1517 1559 1484 1497 1353 1268 1093 962 897 732 659 559 529 493 500 547 676 785 907 1044 1133 1258 1305 1433 1464 
589 651 743 912 975 1098 1200 1295 1371 1542 1550 1482 1406 1338 1225 1113 1017 843 715 654 543 520 494 493 555 667 737 891 987 1148 1264 1349 1448 1454 
582 649 773 870 995 1142 1246 1417 1437 1483 1522 1476 1416 1401 1227 1160 1045 840 772 629 593 528 475 533 580 629 740 853 976 1129 1307 1400 1452 1526 
572 632 769 892 1026 1129 1242 1288 1497 1443 1503 1496 1371 1367 1241 1084 1039 895 769 678 591 498 480 536 584 622 779 903 998 1107 1236 1337 1416 1545 
581 616 783 848 960 1099 1230 1294 1426 1418 1446 1525 1488 1418 1263 1105 984 832 732 616 567 502 511 528 568 627 716 896 999 1148 1292 1317 1469 1450 
559 672 720 833 1032 1156 1253 1288 1375 1469 1550 1411 1503 1325 1286 1108 1001 887 720 649 540 497 516 508 590 638 749 892 995 1129 1269 1355 1463 1432 
547 626 728 875 1018 1118 1290 1355 1485 1432 1570 1530 1480 1338 1254 1104 964 901 749 667 540 507 506 495 540 642 753 868 1047 1182 1189 1376 1371 1548 
548 628 744 860 1007 1087 1272 1295 1403 1459 1539 1430 1438 1412 1307 1170 1016 899 781 643 545 538 518 503 556 637 772 835 1016 1079 1277 1339 1395 1553 
589 636 782 847 956 1088 1257 1397 1428 1503 1434 1521 1361 1288 1187 1137 1045 845 761 668 586 512 512 534 585 651 739 905 959 1112 1279 1351 1476 1541 
585 664 779 866 971 1149 1243 1306 1363 1531 1543 1479 1473 1414 1203 1109 1030 897 776 672 581 495 491 507 548 663 732 856 1039 1174 1243 1402 1440 1513 
547 669 753 895 1027 1095 1264 1310 1497 1424 1444 1461 1367 1383 1256 1154 1045 861 713 660 550 513 501 500 562 651 767 898 1024 1105 1274 1406 1494 1537 
577 647 722 871 995 1166 1213 1354 1362 1503 1560 1491 1384 1347 1217 1106 958 899 782 628 547 523 514 492 548 637 726 865 974 1096 1232 1388 1446 1513 
583 614 747 892 987 1185 1216 1301 1432 1438 1467 1537 1495 1384 1232 1182 1004 850 724 651 582 510 520 493 586 665 749 868 1020 1129 1201 1370 1446 1536 
589 672 739 878 995 1138 1214 1318 1488 1522 1476 1485 1373 1310 1278 1111 1048 866 773 677 569 538 496 493 544 647 737 895 1038 1079 1190 1346 1412 1437 
546 617 725 852 954 1128 1224 1412 1484 1441 1476 1551 1465 1342 1237 1149 994 911 749 642 550 497 477 494 576 616 744 847 961 1115 1290 1354 1481 1535 
579 676 753 912 968 1087 1308 1301 1370 1448 1483 1514 1439 1368 1227 1093 950 880 715 623 577 537 488 511 543 669 751 866 1007 1151 1266 1310 1403 1525 
589 676 753 832 976 1094 1189 1359 1383 1504 1557 1495 1383 1307 1212 1167 990 870 764 657 581 526 476 495 565 660 732 878 1029 1178 1301 1345 1483 1540 
581 642 745 841 1030 1152 1195 1403 1394 1544 1544 1432 1365 1287 1232 1155 958 836 776 646 558 520 515 513 588 677 765 891 996 1078 1283 1346 1432 1541 
552 644 780 835 1024 1100 1280 1403 1384 1435 1468 1485 1439 1373 1217 1165 988 838 778 640 592 493 511 523 585 675 761 845 1010 1133 1288 1297 1439 1443 
573 652 743 901 1042 1152 1219 1409 1448 1434 1457 1448 1485 1345 1221 1137 985 843 780 632 567 504 512 523 540 614 778 852 957 1139 1227 1332 1372 1481 
588 614 759 880 970 1161 1246 1324 1391 1528 1428 1488 1434 1361 1232 1180 981 830 730 651 543 519 476 540 581 617 715 911 1011 1116 1222 1362 1444 1438 
540 666 727 908 971 1144 1307 1384 1377 1506 1456 1489 1402 1314 1232 1122 976 847 758 627 587 494 522 509 581 664 756 884 956 1080 1249 1313 1457 1469 
569 629 786 866 999 1150 1296 1330 1442 1509 1485 1550 1483 1399 1224 1172 967 900 761 667 583 491 507 517 564 626 719 890 972 1180 1240 1361 1449 1445 
585 643 745 878 989 1077 1294 1402 1476 1502 1453 1527 1416 1301 1274 1116 981 842 727 678 565 523 503 529 590 660 785 882 1000 1110 1300 1324 1444 1529 
