50 2 20
16 50
1700 112 130 149 169 187 203 214 222 225 222 214 203 187 169 150 130 112 96 85 77 75 77 85 96 112 130 149 169 187 203 214 222 225 222 214 203 187 169 150 130 112 96 85 77 75 77 85 96 112 130 
100000 7499 8705 9999 11294 12499 13535 14330 14829 15000 14829 14330 13535 12500 11294 10000 8705 7500 6464 5669 5170 5000 5170 5669 6464 7499 8705 9999 11294 12499 13535 14330 14829 15000 14829 14330 13535 12500 11294 10000 8705 7500 6464 5669 5170 5000 5170 5669 6464 7499 8705 
1250 1129 1000 870 750 646 566 517 500 517 566 646 749 870 999 1129 
1206 1327 1466 1444 1478 1502 1482 1395 1253 1163 984 842 727 629 556 520 523 538 542 665 742 871 1048 1167 1290 1388 1369 1548 1466 1523 1497 1340 1261 1112 
1280 1302 1374 1554 1446 1545 1361 1338 1225 1176 1023 875 715 664 564 541 504 505 587 615 767 901 1029 1096 1235 1380 1417 1472 1490 1419 1437 1364 1198 1100 
1232 1405 1404 1547 1483 1462 1463 1353 1213 1148 1011 900 728 662 555 507 492 516 563 636 736 913 1021 1129 1214 1342 1435 1445 1446 1448 1469 1339 1261 1163 
1269 1361 1406 1497 1530 1445 1415 1289 1240 1116 960 867 731 647 578 499 486 524 550 643 767 829 994 1122 1293 1377 1493 1501 1548 1418 1370 1378 1206 1154 
1281 1411 1434 1441 1554 1490 1420 1321 1225 1109 1005 848 759 657 588 505 504 538 551 659 758 882 1019 1110 1278 1399 1430 1476 1557 1546 1406 1362 1189 1090 
1246 1310 1376 1504 1447 1489 1409 1353 1244 1139 1014 842 762 678 592 525 478 523 542 656 781 860 1026 1081 1188 1353 1362 1468 1468 1476 1471 1295 1312 1141 
1237 1309 1473 1487 1435 1429 1397 1329 1205 1104 1006 893 723 677 551 525 477 521 593 630 754 866 1025 1169 1217 1348 1474 1553 1425 1468 1448 1382 1299 1126 
1194 1385 1463 1461 1481 1550 1410 1293 1195 1162 982 834 769 638 573 491 518 518 539 619 726 904 973 1175 1204 1411 1370 1539 1562 1469 1441 1332 1227 1172 
1291 1315 1408 1514 1472 1416 1402 1351 1188 1091 1032 830 761 676 554 496 491 492 588 657 748 829 973 1110 1269 1309 1449 1460 1459 1417 1432 1411 1228 1162 
1277 1359 1501 1452 1566 1478 1370 1339 1271 1147 1042 908 744 677 545 506 497 492 555 650 756 863 1029 1179 1251 1406 1442 1462 1442 1414 1422 1298 1215 1086 
1196 1319 1408 1497 1529 1544 1454 1414 1190 1177 961 868 731 673 575 515 519 529 555 656 776 896 998 1084 1199 1347 1404 1498 1535 1423 1454 1395 1213 1171 
1230 1411 1425 1530 1452 1460 1415 1335 1285 1080 952 902 737 630 552 503 477 528 571 635 752 895 965 1076 1283 1316 1387 1523 1555 1516 1479 1366 1245 1158 
1213 1311 1478 1411 1465 1433 1423 1351 1190 1079 990 855 731 628 545 517 475 496 579 644 785 846 1032 1155 1191 1290 1485 1511 1456 1452 1474 1365 1215 1080 
1209 1398 1478 1514 1526 1506 1389 1343 1299 1115 1010 852 743 622 570 524 486 510 570 656 739 841 1040 1161 1275 1318 1431 1458 1571 1429 1371 1347 1307 1116 
1312 1402 1462 1517 1550 1532 1494 1394 1296 1136 988 906 787 642 556 515 516 511 589 664 770 903 1004 1144 1268 1358 1405 1461 1525 1458 1362 1419 1263 1176 
1227 1297 1443 1428 1532 1515 1424 1366 1199 1119 989 910 738 640 568 492 499 495 592 623 761 900 999 1096 1267 1339 1403 1506 1455 1508 1406 1377 1299 1107 
1236 1304 1440 1551 1507 1468 1393 1339 1212 1144 1027 878 726 649 587 529 478 511 560 651 765 835 993 1145 1255 1332 1441 1437 1516 1468 1422 1313 1264 1143 
1292 1298 1402 1483 1425 1537 1390 1402 1205 1087 975 867 731 659 545 510 483 503 581 643 767 887 988 1103 1207 1288 1480 1528 1495 1529 1490 1334 1196 1115 
1259 1400 1404 1411 1502 1411 1375 1401 1310 1154 1005 834 746 669 570 540 476 541 549 637 720 852 970 1111 1208 1298 1391 1464 1465 1417 1480 1396 1211 1173 
1255 1323 1451 1473 1479 1454 1432 1388 1216 1101 1024 871 725 652 578 533 476 526 559 629 784 831 1014 1176 1237 1333 1370 1469 1545 1426 1467 1355 1283 1106 
1229 1343 1471 1520 1534 1478 1409 1390 1191 1076 1025 890 773 655 544 539 481 538 584 665 723 863 989 1121 1310 1296 1470 1515 1528 1425 1448 1412 1288 1102 
1217 1311 1430 1441 1503 1475 1456 1293 1201 1145 974 873 775 649 580 493 486 538 560 626 723 872 957 1149 1257 1388 1410 1486 1467 1450 1439 1311 1286 1107 
1237 1400 1366 1451 1479 1438 1384 1331 1277 1083 972 849 778 638 581 514 520 506 549 661 766 898 967 1084 1293 1292 1448 1501 1482 1471 1438 1358 1306 1146 
1276 1357 1388 1415 1562 1490 1476 1333 1299 1179 1004 880 717 627 546 506 508 512 574 618 761 857 968 1126 1311 1353 1436 1430 1526 1410 1429 1340 1311 1141 
1255 1304 1428 1516 1562 1530 1370 1386 1200 1120 1041 886 735 626 556 497 520 540 546 666 726 831 994 1144 1249 1354 1433 1497 1444 1460 1490 1313 1207 1184 
1189 1288 1404 1482 1502 1411 1399 1344 1204 1083 1001 864 746 655 592 540 519 515 569 646 754 913 967 1143 1238 1404 1495 1437 1433 1438 1379 1299 1293 1109 
1196 1396 1454 1456 1436 1446 1455 1336 1273 1184 1049 910 751 652 550 497 513 542 568 662 771 879 1037 1088 1280 1302 1457 1513 1558 1545 1411 1318 1207 1154 
1244 1346 1494 1475 1504 1436 1450 1320 1244 1106 1022 850 755 627 551 501 481 506 588 644 748 862 976 1160 1257 1292 1390 1538 1574 1422 1411 1364 1252 1117 
1257 1362 1484 1543 1564 1428 1495 1297 1188 1118 996 905 722 629 581 504 493 505 590 640 715 850 962 1159 1213 1333 1413 1543 1468 1446 1362 1337 1193 1086 
1297 1370 1372 1550 1446 1554 1383 1337 1252 1083 1003 888 740 644 568 491 520 522 564 626 739 880 984 1153 1200 1348 1424 1421 1529 1537 1478 1365 1298 1090 
1234 1360 1413 1535 1471 1488 1425 1343 1227 1147 1003 910 781 654 558 499 511 521 586 652 745 853 1047 1097 1202 1401 1497 1482 1520 1469 1405 1290 1310 1096 
1247 1393 1496 1436 1432 1442 1396 1369 1239 1074 1000 833 725 677 593 542 514 537 574 640 775 860 999 1166 1277 1307 1449 1410 1518 1483 1488 1377 1310 1085 
1297 1370 1393 1489 1557 1498 1472 1301 1256 1100 994 885 718 639 591 538 496 506 574 669 754 891 1005 1179 1213 1391 1424 1489 1566 1436 1496 1331 1223 1084 
1307 1306 1456 1418 1566 1554 1461 1286 1223 1134 1031 849 763 635 574 502 495 506 549 665 757 842 971 1079 1242 1399 1479 1472 1428 1440 1457 1397 1231 1135 
1295 1413 1485 1487 1562 1438 1497 1376 1285 1128 1047 912 747 638 554 492 477 525 572 639 770 842 989 1162 1195 1362 1430 1513 1558 1409 1443 1415 1261 1146 
1198 1409 1434 1502 1536 1527 1426 1354 1234 1177 993 907 747 623 577 516 519 509 560 641 727 873 953 1099 1211 1286 1380 1525 1558 1451 1476 1293 1278 1127 
1205 1296 1375 1471 1440 1433 1369 1351 1238 1076 982 863 749 670 560 491 517 494 584 672 784 873 1008 1129 1306 1326 1459 1438 1471 1482 1435 1399 1289 1105 
1254 1386 1486 1528 1535 1430 1448 1393 1216 1114 1017 904 757 650 559 508 488 515 589 616 765 899 972 1145 1238 1293 1468 1525 1539 1523 1486 1416 1269 1150 
1281 1317 1472 1506 1511 1452 1464 1315 1226 1083 1016 865 746 641 582 517 511 530 550 667 726 903 1011 1180 1264 1314 1415 1453 1425 1528 1384 1406 1257 1153 
1199 1416 1392 1496 1481 1544 1405 1352 1221 1101 1046 869 754 615 552 503 489 519 560 617 784 886 974 1131 1295 1376 1396 1475 1553 1515 1500 1419 1215 1099 
1285 1379 1491 1427 1488 1492 1465 1401 1199 1149 1045 891 787 642 584 505 513 498 548 664 773 907 982 1111 1308 1356 1451 1444 1499 1449 1402 1401 1294 1139 
1198 1317 1398 1450 1563 1455 1419 1298 1238 1083 994 895 724 646 571 498 480 516 558 621 746 912 1040 1141 1244 1322 1431 1444 1574 1473 1414 1318 1288 1110 
1219 1291 1411 1544 1542 1528 1424 1317 1294 1097 986 909 744 678 577 530 509 503 567 645 720 850 992 1107 1207 1291 1456 1526 1514 1493 1367 1320 1275 1157 
1199 1308 1428 1536 1529 1415 1411 1300 1190 1134 974 878 781 631 571 538 495 541 594 616 764 879 1004 1105 1210 1418 1383 1478 1555 1488 1465 1387 1290 1162 
1192 1321 1486 1425 1561 1453 1410 1346 1230 1165 1043 865 753 631 572 531 489 511 569 620 752 833 955 1101 1188 1394 1424 1472 1470 1540 1477 1384 1239 1185 
1287 1388 1408 1426 1440 1412 1410 1356 1304 1115 950 898 724 643 545 532 491 515 587 674 740 835 996 1117 1190 1410 1397 1474 1561 1429 1486 1287 1233 1074 
1221 1333 1462 1538 1459 1485 1395 1408 1209 1144 1023 892 780 659 567 496 480 538 584 627 725 831 1045 1152 1217 1311 1446 1468 1426 1441 1445 1370 1216 1102 
1202 1393 1407 1495 1460 1498 1383 1310 1262 1150 994 870 758 621 577 516 507 517 545 648 764 843 1025 1112 1300 1301 1475 1483 1507 1418 1440 1361 1302 1165 
1223 1351 1421 1516 1555 1475 1444 1346 1294 1135 978 856 776 654 582 498 508 521 582 647 725 882 998 1084 1252 1384 1424 1485 1488 1475 1401 1313 1203 1177 
1234 1323 1373 1536 1444 1479 1449 1314 1221 1108 1023 892 759 643 564 538 516 518 576 628 755 860 1032 1152 1255 1407 1484 1496 1569 1467 1391 1369 1284 1181 
