50 11 20
16 50
170 96 112 130 149 169 187 203 214 222 225 222 214 203 187 169 150 130 112 96 85 77 75 77 85 96 112 130 149 169 187 203 214 222 225 222 214 203 187 169 150 130 112 96 85 77 75 77 85 96 112 
170 129 149 174 199 225 249 270 286 296 300 296 286 270 250 225 200 174 150 129 113 103 100 103 113 129 149 174 199 225 249 270 286 296 300 296 286 270 250 225 200 174 150 129 113 103 100 103 113 129 149 
170 161 187 217 249 282 312 338 358 370 375 370 358 338 312 282 250 217 187 161 141 129 125 129 141 161 187 217 249 282 312 338 358 370 375 370 358 338 312 282 250 217 187 161 141 129 125 129 141 161 187 
170 193 224 261 299 338 374 406 429 444 450 444 429 406 375 338 300 261 225 193 170 155 150 155 170 193 224 261 299 338 374 406 429 444 450 444 429 406 375 338 300 261 225 193 170 155 150 155 170 193 224 
170 226 262 304 349 395 437 473 501 519 525 519 501 473 437 395 350 304 262 226 198 180 175 180 198 226 262 304 349 395 437 473 501 519 525 519 501 473 437 395 350 304 262 226 198 180 175 180 198 226 262 
170 258 299 348 399 451 499 541 573 593 600 593 573 541 500 451 400 348 300 258 226 206 200 206 226 258 299 348 399 451 499 541 573 593 600 593 573 541 500 451 400 348 300 258 226 206 200 206 226 258 299 
170 290 337 391 449 508 562 609 644 667 675 667 644 609 562 508 450 391 337 290 255 232 225 232 255 290 337 391 449 508 562 609 644 667 675 667 644 609 562 508 450 391 337 290 255 232 225 232 255 290 337 
170 323 374 435 499 564 624 676 716 741 750 741 716 676 625 564 500 435 375 323 283 258 250 258 283 323 374 435 499 564 624 676 716 741 750 741 716 676 625 564 500 435 375 323 283 258 250 258 283 323 374 
170 355 412 478 549 621 687 744 788 815 825 815 788 744 687 621 550 478 412 355 311 284 275 284 311 355 412 478 549 621 687 744 788 815 825 815 788 744 687 621 550 478 412 355 311 284 275 284 311 355 412 
170 387 449 522 599 677 749 812 859 889 900 889 859 812 750 677 600 522 450 387 340 310 300 310 340 387 449 522 599 677 749 812 859 889 900 889 859 812 750 677 600 522 450 387 340 310 300 310 340 387 449 
100000 6464 7499 8705 9999 11294 12499 13535 14330 14829 15000 14829 14330 13535 12500 11294 10000 8705 7500 6464 5669 5170 5000 5170 5669 6464 7499 8705 9999 11294 12499 13535 14330 14829 15000 14829 14330 13535 12500 11294 10000 8705 7500 6464 5669 5170 5000 5170 5669 6464 7499 
1353 1250 1129 1000 870 750 646 566 517 500 517 566 646 749 870 999 
1135 1303 1326 1374 1462 1567 1476 1390 1336 1250 1077 1010 834 764 650 583 508 489 495 585 653 750 901 1044 1077 1305 1321 1475 1474 1455 1547 1475 1329 1203 
1166 1193 1403 1382 1425 1454 1451 1462 1390 1298 1105 968 882 720 616 560 538 523 515 593 660 741 856 1024 1176 1212 1376 1445 1488 1568 1439 1435 1316 1210 
1134 1278 1288 1405 1448 1490 1521 1486 1296 1188 1136 991 835 735 652 574 506 516 522 539 637 748 866 1029 1168 1257 1295 1398 1540 1544 1424 1416 1352 1198 
1151 1276 1359 1468 1500 1491 1481 1470 1317 1288 1079 965 870 752 664 577 517 503 526 546 660 770 837 990 1118 1291 1388 1435 1491 1442 1417 1503 1372 1272 
1080 1252 1343 1375 1525 1489 1483 1422 1311 1301 1124 1042 902 747 641 587 524 501 492 592 670 770 860 1037 1179 1198 1306 1425 1524 1504 1454 1442 1355 1248 
1157 1304 1346 1405 1439 1505 1476 1419 1388 1271 1155 992 851 770 630 554 500 508 526 574 667 765 851 1023 1176 1191 1345 1380 1430 1547 1449 1394 1366 1266 
1092 1192 1306 1431 1491 1468 1433 1394 1387 1211 1185 981 849 782 640 593 510 490 518 578 635 753 856 963 1075 1262 1359 1503 1477 1450 1478 1427 1406 1266 
1083 1279 1410 1371 1545 1522 1485 1461 1350 1260 1089 1028 867 740 675 565 502 494 509 564 640 757 891 954 1171 1277 1408 1441 1456 1469 1516 1421 1390 1287 
1147 1200 1382 1443 1533 1464 1491 1471 1297 1194 1133 957 887 721 654 556 508 485 519 587 614 783 868 1024 1089 1251 1364 1449 1414 1437 1542 1408 1372 1259 
1155 1217 1390 1435 1419 1447 1409 1468 1323 1290 1077 1010 866 726 614 564 524 522 515 545 656 778 866 1048 1090 1244 1341 1453 1431 1431 1472 1436 1366 1248 
1136 1243 1394 1375 1485 1537 1531 1502 1378 1267 1111 1026 896 761 621 567 491 510 527 542 666 769 861 998 1143 1246 1307 1470 1456 1550 1471 1466 1378 1236 
1131 1198 1416 1473 1524 1499 1488 1397 1412 1301 1169 957 893 769 659 551 534 490 539 566 623 782 887 977 1134 1237 1328 1393 1526 1574 1530 1363 1413 1271 
1120 1236 1314 1492 1514 1550 1530 1447 1291 1297 1177 1000 899 751 632 579 503 507 527 576 670 721 904 1046 1089 1220 1386 1489 1541 1475 1523 1434 1375 1310 
1147 1233 1359 1377 1493 1557 1548 1371 1335 1209 1179 1026 846 749 669 570 534 479 520 561 661 754 849 986 1162 1267 1290 1463 1510 1479 1436 1478 1302 1260 
1141 1206 1381 1490 1536 1495 1458 1469 1388 1252 1165 1043 883 741 666 552 516 518 522 560 666 771 908 951 1138 1295 1327 1369 1440 1570 1420 1489 1375 1234 
1157 1300 1398 1468 1491 1551 1444 1452 1310 1242 1096 966 854 768 646 573 542 510 527 574 652 745 836 1032 1100 1255 1378 1417 1480 1456 1515 1439 1306 1214 
1140 1242 1315 1453 1492 1477 1467 1429 1397 1279 1132 1031 890 715 636 591 517 516 528 588 639 786 832 1034 1102 1294 1385 1367 1556 1537 1462 1401 1368 1301 
1182 1304 1303 1391 1487 1519 1484 1476 1299 1219 1126 1045 833 751 651 548 527 520 514 543 634 718 854 1047 1154 1250 1409 1426 1525 1516 1417 1412 1412 1198 
1135 1205 1366 1444 1409 1562 1430 1428 1324 1245 1141 955 909 735 637 580 517 486 517 566 674 729 895 978 1088 1242 1396 1480 1532 1551 1513 1374 1374 1236 
1140 1197 1389 1426 1446 1493 1548 1364 1323 1212 1113 1017 832 721 678 583 497 493 539 591 663 764 872 1034 1160 1267 1361 1398 1460 1499 1482 1439 1353 1312 
1181 1269 1350 1476 1469 1492 1471 1461 1325 1266 1139 990 876 756 653 545 535 485 538 572 625 723 914 1035 1137 1230 1338 1428 1460 1508 1443 1401 1350 1261 
1110 1274 1406 1488 1460 1487 1551 1405 1314 1258 1086 1019 859 731 674 543 493 498 512 547 663 740 907 1018 1165 1282 1379 1460 1511 1571 1547 1388 1396 1300 
1164 1292 1329 1403 1447 1534 1504 1382 1387 1260 1164 986 841 743 634 562 529 478 507 548 639 765 838 1022 1100 1261 1388 1394 1506 1456 1466 1477 1394 1203 
1137 1233 1398 1466 1425 1468 1522 1368 1323 1203 1096 1034 868 718 673 558 536 493 515 577 629 734 907 972 1102 1220 1379 1397 1553 1480 1515 1497 1328 1283 
1076 1190 1322 1466 1514 1460 1421 1409 1351 1303 1146 1023 906 779 656 544 510 511 519 539 671 780 827 992 1164 1284 1417 1381 1503 1548 1515 1465 1411 1203 
1102 1289 1331 1451 1487 1554 1426 1365 1353 1216 1174 1037 895 763 615 583 539 524 516 554 664 721 869 957 1101 1222 1401 1449 1547 1509 1454 1423 1380 1243 
1142 1194 1404 1456 1550 1480 1424 1364 1324 1293 1119 994 833 765 662 594 506 493 507 587 674 733 839 1003 1172 1255 1294 1460 1510 1448 1506 1385 1386 1273 
1113 1289 1361 1362 1414 1445 1511 1459 1371 1296 1173 957 896 733 623 566 509 488 494 560 642 730 866 965 1094 1264 1323 1414 1509 1437 1427 1369 1307 1246 
1095 1293 1332 1393 1552 1517 1482 1434 1362 1240 1113 1029 830 739 648 541 519 485 513 557 646 739 859 1044 1077 1311 1391 1489 1467 1425 1476 1487 1407 1267 
1132 1251 1307 1392 1416 1426 1541 1370 1310 1191 1096 950 873 786 659 563 535 491 502 561 653 739 882 1026 1123 1300 1339 1468 1465 1481 1461 1500 1361 1290 
1135 1237 1325 1376 1470 1453 1480 1375 1302 1287 1182 1047 882 753 674 559 542 518 538 576 642 734 881 950 1096 1291 1291 1420 1412 1466 1539 1443 1373 1241 
1095 1267 1334 1477 1550 1526 1476 1427 1344 1311 1088 1043 853 723 639 576 502 511 520 540 661 764 835 964 1129 1251 1293 1481 1470 1542 1431 1492 1380 1255 
1150 1286 1387 1368 1424 1433 1479 1380 1383 1283 1090 1049 852 721 643 569 534 487 526 540 652 782 898 979 1109 1285 1359 1367 1409 1542 1514 1482 1297 1293 
1128 1200 1310 1503 1501 1508 1502 1378 1296 1286 1152 1030 872 724 664 543 532 511 511 582 678 749 863 957 1084 1258 1334 1410 1426 1521 1550 1436 1322 1226 
1074 1189 1336 1437 1528 1554 1434 1367 1407 1275 1105 1025 885 751 674 540 514 503 542 589 656 750 864 963 1138 1215 1387 1384 1469 1458 1504 1465 1307 1216 
1094 1239 1412 1465 1554 1551 1462 1378 1362 1261 1125 986 859 772 674 573 532 496 495 581 633 723 850 989 1122 1275 1324 1388 1505 1428 1465 1372 1354 1271 
1118 1225 1358 1485 1526 1529 1432 1362 1404 1222 1172 999 846 751 632 544 513 491 541 570 629 726 910 1017 1089 1249 1391 1425 1510 1474 1515 1480 1328 1311 
1109 1236 1299 1424 1534 1492 1454 1472 1380 1208 1174 972 859 785 625 568 499 524 516 554 617 753 848 957 1074 1293 1320 1378 1439 1505 1484 1372 1326 1224 
1121 1272 1334 1428 1542 1454 1485 1428 1393 1191 1175 976 871 755 620 569 506 507 515 590 653 764 894 1016 1134 1302 1325 1437 1486 1522 1541 1367 1304 1199 
1118 1272 1354 1466 1484 1519 1547 1445 1380 1216 1111 997 861 715 621 577 536 498 538 593 677 782 842 1004 1107 1267 1370 1456 1410 1527 1527 1464 1374 1290 
1150 1241 1328 1430 1495 1556 1490 1399 1324 1202 1098 1031 881 716 675 593 522 493 541 555 615 723 870 1027 1164 1302 1287 1486 1439 1561 1520 1464 1387 1208 
1078 1243 1314 1394 1440 1549 1511 1391 1308 1287 1156 1030 852 734 668 549 524 522 499 551 622 785 894 955 1155 1295 1336 1417 1455 1465 1510 1456 1324 1257 
1130 1227 1344 1431 1501 1472 1453 1441 1363 1229 1131 989 869 755 631 579 537 506 512 556 674 753 867 998 1132 1214 1410 1432 1443 1499 1417 1421 1338 1207 
1173 1298 1403 1481 1431 1458 1478 1413 1312 1228 1085 1001 882 715 663 570 518 476 514 579 678 726 837 1027 1085 1248 1399 1370 1542 1460 1553 1378 1321 1286 
1177 1190 1385 1435 1555 1569 1534 1396 1291 1292 1073 1037 869 752 654 560 499 512 520 593 667 774 863 994 1147 1266 1391 1478 1502 1558 1435 1366 1286 1308 
1132 1283 1409 1440 1555 1481 1451 1395 1296 1293 1075 994 899 773 656 575 536 498 517 564 634 761 877 979 1091 1255 1408 1438 1445 1508 1416 1447 1349 1299 
1098 1297 1296 1372 1497 1457 1416 1381 1359 1248 1097 1025 847 733 621 590 507 479 504 567 627 712 910 991 1140 1242 1291 1416 1515 1530 1553 1419 1306 1195 
1136 1282 1344 1383 1494 1506 1477 1396 1402 1289 1174 983 907 719 649 566 527 498 535 569 649 712 887 984 1084 1268 1338 1490 1545 1486 1427 1439 1400 1306 
1183 1219 1391 1423 1464 1518 1524 1454 1340 1231 1119 990 891 772 678 545 521 501 533 566 642 736 908 1006 1090 1270 1376 1448 1527 1441 1455 1401 1302 1258 
1101 1284 1303 1486 1552 1430 1438 1466 1310 1295 1148 997 873 720 621 564 494 507 505 583 615 746 899 979 1076 1223 1291 1490 1454 1491 1481 1503 1292 1205 
