10 3 20
6 100
850 112 96 85 77 75 77 85 96 112 130 
850 150 129 113 103 100 103 113 129 149 174 
100000 7500 6464 5669 5170 5000 5170 5669 6464 7499 8705 
1249 1353 1433 1482 1499 1482 
1676 1333 1088 955 
1371 1516 1403 1227 
1620 1415 1226 976 
1378 1610 1323 958 
1600 1242 1190 1095 
1510 1499 1089 1207 
1173 1503 1122 1230 
1472 1557 1432 1057 
1474 1337 1398 1300 
1478 1469 1441 1061 
1409 1522 1289 1213 
1706 1212 1319 1170 
1526 1095 1327 1251 
1407 1440 1341 1320 
1216 1492 1342 1049 
1654 1086 1486 1054 
1293 1402 1201 1223 
1441 1393 1267 1351 
1626 1315 1226 1323 
1439 1218 1247 970 
1278 1496 1298 907 
1666 1474 1233 1332 
1157 1517 1156 988 
1664 1376 1171 943 
1150 1345 1378 931 
1463 1121 1221 1064 
1476 1286 1053 1148 
1616 1255 1019 932 
1400 1305 1132 1226 
1156 1425 1127 1049 
1592 1382 1480 1162 
1494 1231 1177 1005 
1545 1239 1107 1188 
1369 1551 1190 1299 
1224 1095 1084 1076 
1182 1472 1097 1048 
1203 1263 1155 1211 
1234 1100 1435 1055 
1305 1147 1028 1334 
1332 1605 1236 944 
1170 1408 1362 1044 
1183 1399 1107 1218 
1615 1198 1432 1145 
1570 1459 1489 1185 
1625 1280 1490 1320 
1162 1371 1112 1352 
1285 1124 1309 912 
1567 1268 1131 1241 
1491 1348 1414 1008 
1699 1529 1452 1214 
1587 1223 1004 1041 
1545 1333 1250 1081 
1223 1520 1058 1205 
1546 1471 1163 915 
1284 1337 1129 1211 
1633 1140 1189 1346 
1595 1350 1332 1233 
1615 1165 1253 1099 
1708 1592 1005 997 
1216 1192 1480 1253 
1330 1319 1073 1070 
1469 1155 1139 1300 
1538 1523 1093 936 
1164 1582 1284 1032 
1622 1418 1480 1068 
1544 1136 1084 1014 
1309 1357 1437 1347 
1462 1118 1328 1185 
1471 1348 1051 1217 
1357 1244 1136 1226 
1621 1132 1099 1146 
1712 1313 1340 1304 
1626 1268 1022 1317 
1153 1174 1065 967 
1351 1447 1098 1170 
1638 1176 1489 1139 
1652 1451 1302 1143 
1261 1463 1299 1092 
1589 1492 1346 1194 
1585 1202 1324 1228 
1570 1410 1415 1074 
1449 1533 1364 1294 
1560 1423 1085 996 
1299 1414 1206 1250 
1219 1182 1432 1348 
1427 1516 1320 1171 
1411 1477 1327 984 
1579 1560 1251 1103 
1327 1528 1415 1340 
1346 1370 1197 1302 
1572 1096 1289 1005 
1339 1321 1267 1072 
1147 1433 1347 1076 
1154 1090 1436 1156 
1536 1296 1333 970 
1545 1596 1185 1097 
1254 1557 1075 956 
1672 1447 1325 1070 
1507 1618 1400 1021 
1708 1454 1007 939 
