50 2 20
36 10
1700 112 96 85 77 75 77 85 96 112 130 149 169 187 203 214 222 225 222 214 203 187 169 150 130 112 96 85 77 75 77 85 96 112 130 149 169 187 203 214 222 225 222 214 203 187 169 150 130 112 96 
100000 7500 6464 5669 5170 5000 5170 5669 6464 7499 8705 9999 11294 12499 13535 14330 14829 15000 14829 14330 13535 12500 11294 10000 8705 7500 6464 5669 5170 5000 5170 5669 6464 7499 8705 9999 11294 12499 13535 14330 14829 15000 14829 14330 13535 12500 11294 10000 8705 7500 6464 
1249 1353 1433 1482 1499 1482 1433 1353 1250 1129 1000 870 750 646 566 517 500 517 566 646 749 870 999 1129 1249 1353 1433 1482 1499 1482 1433 1353 1250 1129 1000 870 
381 431 555 463 756 608 687 710 915 395 518 1270 1048 2064 
369 494 607 745 533 594 647 832 712 772 1240 1200 1762 1832 
1112 953 774 453 314 222 653 840 615 1267 502 745 1526 1969 
707 952 676 727 269 597 394 925 558 1112 555 1152 1712 1329 
806 425 538 238 226 229 768 917 780 1319 1555 472 1202 1485 
684 278 388 719 291 267 493 976 418 799 722 1201 1680 2030 
534 926 344 436 474 474 550 978 1083 857 1318 1342 1931 850 
729 259 672 441 545 294 701 702 1102 1258 798 1298 1378 678 
529 889 370 490 759 677 462 590 330 1387 712 543 803 1412 
833 977 822 381 499 498 485 734 521 518 418 478 1568 1909 
