50 6 20
26 50
340 150 130 112 96 85 77 75 77 85 96 112 130 149 169 187 203 214 222 225 222 214 203 187 169 150 130 112 96 85 77 75 77 85 96 112 130 149 169 187 203 214 222 225 222 214 203 187 169 150 130 
340 200 174 150 129 113 103 100 103 113 129 149 174 199 225 249 270 286 296 300 296 286 270 250 225 200 174 150 129 113 103 100 103 113 129 149 174 199 225 249 270 286 296 300 296 286 270 250 225 200 174 
340 250 217 187 161 141 129 125 129 141 161 187 217 249 282 312 338 358 370 375 370 358 338 312 282 250 217 187 161 141 129 125 129 141 161 187 217 249 282 312 338 358 370 375 370 358 338 312 282 250 217 
340 300 261 225 193 170 155 150 155 170 193 224 261 299 338 374 406 429 444 450 444 429 406 375 338 300 261 225 193 170 155 150 155 170 193 224 261 299 338 374 406 429 444 450 444 429 406 375 338 300 261 
340 350 304 262 226 198 180 175 180 198 226 262 304 349 395 437 473 501 519 525 519 501 473 437 395 350 304 262 226 198 180 175 180 198 226 262 304 349 395 437 473 501 519 525 519 501 473 437 395 350 304 
100000 10000 8705 7500 6464 5669 5170 5000 5170 5669 6464 7499 8705 9999 11294 12499 13535 14330 14829 15000 14829 14330 13535 12500 11294 10000 8705 7500 6464 5669 5170 5000 5170 5669 6464 7499 8705 9999 11294 12499 13535 14330 14829 15000 14829 14330 13535 12500 11294 10000 8705 
1000 1129 1249 1353 1433 1482 1499 1482 1433 1353 1250 1129 1000 870 750 646 566 517 500 517 566 646 749 870 999 1129 
1294 1372 1468 1419 1509 1412 1391 1328 1242 1073 973 829 769 678 552 520 485 511 559 669 737 896 982 1169 
1284 1352 1399 1488 1486 1523 1381 1295 1247 1111 1045 880 734 626 560 517 489 505 559 635 719 850 1040 1120 
1223 1402 1463 1495 1544 1544 1389 1338 1226 1144 959 897 765 645 558 525 481 529 577 656 732 859 979 1108 
1304 1344 1385 1510 1454 1465 1429 1320 1213 1130 1006 891 720 622 587 501 523 517 564 639 740 844 986 1123 
1234 1405 1442 1425 1502 1444 1446 1352 1281 1075 1025 863 774 671 540 525 522 496 557 668 745 881 1003 1123 
1196 1404 1471 1518 1543 1476 1403 1402 1266 1106 1029 836 741 644 540 520 475 493 587 621 715 856 1019 1178 
1230 1406 1365 1501 1476 1493 1434 1417 1287 1183 956 872 765 664 557 494 482 540 548 677 757 888 994 1157 
1284 1417 1480 1487 1462 1440 1466 1301 1196 1139 974 831 764 618 548 509 483 518 594 655 729 883 1026 1181 
1190 1327 1373 1456 1454 1489 1473 1417 1188 1158 1005 885 729 678 565 539 507 511 548 633 764 844 950 1173 
1189 1382 1463 1434 1537 1485 1500 1304 1214 1105 1003 904 755 650 542 537 498 532 570 662 717 838 983 1170 
1244 1414 1447 1522 1564 1415 1446 1368 1195 1091 957 868 718 667 563 538 499 505 543 660 746 853 993 1174 
1286 1286 1496 1440 1458 1411 1482 1294 1273 1116 1040 832 734 653 572 503 517 491 565 618 736 910 1021 1111 
1249 1302 1496 1409 1564 1447 1374 1296 1242 1151 991 887 748 616 574 514 494 506 541 615 716 905 1029 1098 
1281 1397 1489 1515 1565 1448 1431 1308 1274 1091 1035 844 744 674 558 503 511 528 552 619 785 874 989 1146 
1247 1386 1450 1510 1542 1539 1366 1388 1189 1148 1043 863 768 620 567 536 495 501 548 676 765 893 1012 1176 
1287 1330 1411 1475 1452 1533 1496 1417 1272 1100 1026 856 745 645 554 527 510 494 582 637 778 892 1012 1146 
1288 1351 1488 1437 1555 1434 1420 1334 1270 1108 969 837 782 628 548 516 504 533 551 644 735 879 1006 1152 
1282 1420 1389 1550 1551 1479 1473 1342 1298 1158 1002 911 741 648 555 519 482 536 586 654 741 907 957 1184 
1264 1408 1415 1523 1573 1425 1367 1294 1303 1178 1006 901 748 648 539 533 499 502 551 653 716 845 1048 1090 
1307 1384 1503 1512 1432 1436 1468 1412 1192 1125 964 843 748 668 592 534 515 532 587 672 784 836 996 1093 
1229 1359 1468 1504 1426 1486 1395 1366 1263 1075 1037 854 771 626 558 519 524 537 542 669 718 881 1008 1162 
1297 1419 1448 1436 1545 1467 1412 1367 1304 1170 990 900 768 663 592 542 498 511 558 655 771 836 966 1160 
1237 1296 1398 1430 1494 1439 1419 1341 1239 1115 1049 913 779 647 539 535 508 532 546 625 718 844 956 1095 
1284 1412 1488 1425 1512 1414 1442 1320 1198 1111 995 881 758 636 590 537 502 505 580 668 745 879 1033 1124 
1286 1341 1425 1531 1454 1415 1456 1390 1258 1098 1000 855 718 620 538 509 509 516 593 621 779 893 1020 1093 
1223 1356 1390 1474 1574 1517 1409 1370 1229 1101 995 845 758 646 589 542 512 506 587 622 748 858 953 1089 
1277 1399 1464 1501 1570 1428 1433 1408 1241 1114 981 893 746 674 545 507 486 508 588 676 725 892 951 1170 
1198 1374 1384 1494 1481 1533 1405 1347 1248 1084 970 861 779 620 543 512 508 519 571 677 718 849 1038 1094 
1216 1305 1362 1546 1441 1544 1413 1298 1207 1105 974 910 763 649 570 532 483 517 567 670 715 853 986 1162 
1249 1325 1383 1476 1491 1507 1420 1371 1303 1145 1023 841 784 620 560 498 495 523 569 663 760 867 1014 1121 
1289 1387 1411 1520 1442 1454 1406 1400 1222 1103 1022 898 748 622 571 529 513 503 570 677 757 860 1008 1089 
1199 1364 1366 1512 1556 1484 1430 1325 1219 1183 1048 907 727 658 538 495 486 523 573 671 746 875 989 1112 
1194 1395 1440 1534 1468 1528 1449 1419 1232 1133 984 889 737 653 543 495 485 533 556 646 765 910 1011 1157 
1233 1416 1464 1512 1426 1535 1488 1418 1299 1156 988 872 757 638 549 505 483 509 576 675 733 882 1007 1094 
1218 1333 1475 1528 1479 1501 1420 1392 1263 1116 1003 872 719 671 552 537 488 534 558 673 746 832 960 1106 
1228 1332 1477 1526 1481 1473 1385 1384 1280 1090 1000 862 733 623 581 536 508 514 547 668 712 867 1021 1082 
1189 1341 1400 1441 1441 1532 1402 1299 1248 1105 964 898 756 667 548 519 522 504 543 618 779 910 958 1118 
1202 1308 1397 1460 1485 1469 1455 1318 1283 1097 1014 896 726 652 579 513 482 514 575 669 730 877 1047 1095 
1304 1304 1478 1522 1574 1475 1498 1350 1236 1075 961 911 734 645 567 530 477 516 567 629 761 847 1001 1159 
1270 1362 1490 1542 1425 1477 1371 1414 1268 1161 1002 890 765 614 539 539 512 542 573 667 786 863 1031 1163 
1211 1412 1431 1465 1542 1497 1481 1325 1212 1164 957 847 778 626 541 532 517 523 576 637 748 910 1049 1107 
1223 1352 1390 1452 1453 1546 1389 1313 1238 1153 1034 848 730 647 594 538 514 535 590 633 729 867 1009 1124 
1206 1363 1398 1458 1449 1499 1463 1404 1308 1120 1045 909 781 658 561 518 511 515 561 620 786 895 982 1100 
1228 1398 1475 1525 1534 1545 1428 1333 1189 1184 1044 870 779 630 544 523 504 499 567 650 752 855 972 1083 
1190 1330 1445 1467 1481 1433 1408 1373 1250 1110 1015 879 746 627 569 523 512 528 592 674 724 836 967 1102 
1284 1356 1379 1433 1538 1477 1447 1405 1191 1167 991 900 717 638 570 500 519 514 541 669 769 906 1027 1092 
1248 1298 1371 1547 1551 1469 1366 1312 1189 1165 1013 913 760 658 568 523 490 494 567 637 718 837 1016 1142 
1297 1379 1374 1544 1482 1497 1394 1361 1216 1170 1023 830 720 635 589 520 506 533 564 644 756 873 960 1161 
1223 1355 1369 1416 1543 1418 1419 1348 1279 1082 1002 854 742 666 541 495 515 506 592 677 748 828 953 1102 
1289 1391 1454 1452 1477 1488 1437 1355 1212 1091 1037 851 778 669 573 539 502 495 577 668 729 830 997 1162 
