5 11 20
4 100
170 77 75 77 85 96 
170 103 100 103 113 129 
170 129 125 129 141 161 
170 155 150 155 170 193 
170 180 175 180 198 226 
170 206 200 206 226 258 
170 232 225 232 255 290 
170 258 250 258 283 323 
170 284 275 284 311 355 
170 310 300 310 340 387 
100000 5170 5000 5170 5669 6464 
1482 1499 1482 1433 
1415 
1352 
1369 
1419 
1312 
1352 
1389 
1315 
1317 
1291 
1372 
1352 
1344 
1323 
1378 
1335 
1409 
1290 
1325 
1359 
1359 
1321 
1337 
1338 
1326 
1338 
1321 
1391 
1356 
1390 
1291 
1329 
1327 
1298 
1339 
1322 
1343 
1394 
1305 
1324 
1297 
1328 
1339 
1332 
1412 
1331 
1367 
1410 
1357 
1399 
1346 
1387 
1396 
1286 
1395 
1325 
1377 
1410 
1381 
1317 
1319 
1294 
1362 
1302 
1414 
1354 
1372 
1348 
1286 
1401 
1406 
1340 
1328 
1397 
1322 
1330 
1360 
1359 
1373 
1343 
1323 
1331 
1322 
1373 
1416 
1323 
1300 
1299 
1389 
1297 
1411 
1314 
1393 
1386 
1338 
1388 
1410 
1341 
1293 
1314 
