50 3 20
26 100
850 85 77 75 77 85 96 112 130 149 169 187 203 214 222 225 222 214 203 187 169 150 130 112 96 85 77 75 77 85 96 112 130 149 169 187 203 214 222 225 222 214 203 187 169 150 130 112 96 85 77 
850 113 103 100 103 113 129 149 174 199 225 249 270 286 296 300 296 286 270 250 225 200 174 150 129 113 103 100 103 113 129 149 174 199 225 249 270 286 296 300 296 286 270 250 225 200 174 150 129 113 103 
100000 5669 5170 5000 5170 5669 6464 7499 8705 9999 11294 12499 13535 14330 14829 15000 14829 14330 13535 12500 11294 10000 8705 7500 6464 5669 5170 5000 5170 5669 6464 7499 8705 9999 11294 12499 13535 14330 14829 15000 14829 14330 13535 12500 11294 10000 8705 7500 6464 5669 5170 
1433 1482 1499 1482 1433 1353 1250 1129 1000 870 750 646 566 517 500 517 566 646 749 870 999 1129 1249 1353 1433 1482 
1905 1083 928 1049 1804 938 1054 463 549 1025 454 218 696 358 685 408 438 769 1241 1591 953 1913 970 861 
1132 993 1630 1524 1375 464 1025 875 1054 997 816 241 243 595 643 926 786 956 1164 659 1102 956 1304 1723 
1676 916 1893 926 1905 1326 642 1043 1042 519 512 252 585 277 459 792 491 844 516 1493 999 1862 1631 1829 
2150 719 660 1465 931 1627 1312 514 564 811 264 529 350 443 526 375 418 408 1074 474 1704 1079 1583 1135 
892 1751 959 894 657 885 538 1066 989 745 773 415 213 343 234 662 952 651 928 1559 1425 1656 1951 1995 
1343 1570 1116 1139 530 1176 864 1097 611 457 683 756 609 213 405 362 409 764 655 785 1979 2041 751 1825 
1903 900 2104 2119 877 1345 1281 1375 488 986 259 687 259 248 542 653 989 385 1542 1779 804 899 1955 1563 
856 1469 1767 1850 1106 522 1067 1254 716 716 544 546 329 746 418 535 665 682 662 1274 1528 1744 802 1449 
1979 1845 1737 1222 1473 1472 493 1030 646 1027 740 357 406 301 555 611 713 1122 793 1569 1119 1118 709 1925 
1016 1948 1230 2082 904 1582 766 1032 333 988 599 733 707 752 239 574 972 1336 1596 1134 1576 929 1586 746 
1635 2001 1813 1851 1386 1295 829 577 530 488 354 583 310 266 555 466 849 767 834 1299 1198 1098 838 2331 
1456 1257 768 951 919 1528 611 984 312 939 901 338 405 607 867 295 657 1315 851 594 1410 1753 1890 1979 
2155 1841 589 1889 528 928 1124 1130 440 460 835 748 578 685 321 328 592 455 1089 1099 650 1957 999 1888 
2243 1700 1920 1656 1339 1086 1411 1251 766 594 549 367 718 569 282 514 949 937 668 1086 821 1499 2231 2044 
1320 1555 579 1779 718 737 746 1369 667 511 457 400 744 466 907 583 872 505 1402 1035 804 847 2118 1562 
1402 963 702 1936 973 641 1281 651 728 439 840 790 560 235 681 825 1046 1336 480 1352 1036 898 771 1585 
1729 1272 1025 1479 618 1507 1545 804 1153 325 580 569 239 690 312 443 419 546 1585 1275 1147 909 1583 842 
1439 1233 716 769 1197 1761 1193 987 518 740 242 613 428 481 734 467 472 410 1267 1675 1161 1085 1271 1661 
1126 1288 701 666 1174 549 1404 951 1159 579 634 739 574 341 706 363 819 696 970 907 1760 1727 1197 1522 
1468 2301 2190 1828 885 590 927 910 501 866 272 442 384 436 773 750 545 1312 1502 1341 612 549 2129 2186 
727 2282 696 558 551 1354 985 1284 723 713 583 795 306 731 691 592 784 646 1559 812 1257 1157 1379 803 
1934 1788 1329 684 1853 1571 1019 1270 755 934 471 696 429 666 498 499 434 1088 1501 1518 1558 1840 892 2154 
940 1984 2060 878 1072 1565 886 409 324 578 672 472 219 609 488 495 308 836 1573 1132 719 2024 2234 2197 
2143 701 1712 1257 789 1352 1112 1074 728 356 873 449 274 761 758 803 426 1253 578 1361 856 2021 2212 1641 
695 732 1712 1671 1153 1281 1185 375 548 531 491 679 699 586 324 971 336 497 1003 1431 1639 959 1190 1508 
1379 1882 1609 1396 699 1151 706 744 703 266 390 601 319 663 581 459 686 613 1390 887 1490 996 1721 2024 
2165 1699 2119 1889 744 511 990 535 842 758 763 470 305 726 853 677 620 912 1160 869 850 1594 952 1294 
1837 1325 1932 1206 1335 1506 1110 1209 563 510 639 241 229 737 315 723 921 614 1088 1152 1505 1709 867 869 
1096 2215 2048 1219 764 703 1596 811 986 597 361 228 348 630 862 779 1185 1373 623 1083 1971 1772 1978 2192 
743 864 2152 1629 1642 1089 1387 896 348 521 241 445 505 611 696 754 940 1298 467 1704 949 605 1106 1047 
2327 1106 1082 1905 1039 847 1225 782 749 958 823 498 463 748 421 389 1092 353 792 929 1337 1870 1835 1358 
2279 1271 1374 1391 687 943 1509 1087 823 967 692 628 460 493 549 809 319 386 1118 753 1308 827 1542 2065 
1115 700 697 834 1241 1705 585 855 455 544 650 826 787 601 619 549 798 861 635 726 944 1753 1429 1590 
713 700 1131 2087 1604 581 704 826 435 743 666 484 397 630 617 795 765 722 1377 764 1944 1046 1716 2061 
2266 1709 1893 1109 1821 569 1213 1354 643 602 492 456 532 714 599 442 922 1171 1042 1063 1881 982 926 873 
1316 2030 1302 1881 526 869 608 1230 380 951 519 688 780 762 584 362 373 1003 671 496 1032 2164 967 1590 
1453 1670 1115 879 1955 907 1430 563 831 367 858 269 758 217 693 597 1003 1217 769 1616 768 634 826 1497 
1696 628 1183 583 1025 1485 1214 390 666 339 674 488 213 822 863 553 492 1131 1477 585 999 1021 1223 2063 
745 2289 1639 1666 1971 1697 688 1118 980 1033 494 380 554 641 817 655 967 640 795 1319 1196 1885 1313 1384 
1914 2369 2284 1478 1548 1089 421 823 670 829 688 262 610 394 293 796 890 1300 461 1012 1960 1963 1195 637 
731 763 898 2071 1294 1661 1521 743 1151 426 892 214 407 417 886 1020 786 1006 1467 1239 1164 1341 1617 1426 
2017 722 804 1780 857 1556 786 1236 606 633 355 361 376 647 656 555 310 1082 1238 1267 1155 807 897 1109 
1644 681 1867 1222 882 788 696 734 1175 852 594 444 781 529 567 628 1044 708 851 686 1515 985 1083 2153 
1358 1888 747 962 1965 1370 672 845 1185 554 813 562 777 699 290 977 640 603 714 518 1389 1285 997 1684 
887 1569 2105 608 1162 505 762 867 310 667 379 590 688 259 381 922 795 1372 1484 1442 873 1881 1969 2171 
1521 1889 1233 952 1071 1215 1000 540 577 984 885 766 317 788 643 335 1168 669 642 495 1466 629 2172 2314 
1360 893 1706 1028 1467 1133 1198 571 505 576 285 335 469 357 768 519 829 672 1520 1160 1084 1134 1923 1944 
2050 1024 1019 1470 503 1434 1198 937 377 443 229 458 513 491 572 330 951 814 1169 1592 1632 1143 1027 1364 
1781 1396 936 1169 977 706 1567 1153 662 627 714 222 361 645 470 739 634 817 1486 1659 649 1832 1932 2243 
1569 2313 1290 1849 652 841 1150 409 762 338 441 640 272 666 854 759 1173 472 1586 1676 1505 662 1484 1173 
1412 649 1306 1064 1152 558 1064 702 802 309 821 496 281 706 360 267 757 1370 1426 968 1665 1886 2244 800 
712 1044 1572 1244 908 960 749 447 1059 400 718 814 459 423 523 388 310 1195 1078 1687 1018 875 2101 1154 
1188 1944 1490 663 673 1427 466 485 823 979 292 553 792 593 465 688 668 420 453 1621 1762 722 1717 1435 
1444 1009 814 2079 600 770 643 564 302 334 326 294 683 305 702 925 992 518 675 1734 1357 1030 586 1580 
1235 2066 1837 1668 879 915 480 906 1062 521 459 266 486 276 389 370 1122 989 1103 1344 1038 1117 617 1820 
987 2272 1897 2131 1436 941 589 517 501 694 384 770 260 507 266 915 665 448 404 1265 1393 1391 1754 2025 
2004 2187 2009 1230 701 1787 1298 585 1064 433 634 678 552 346 422 772 1122 707 478 1354 1499 1276 1694 818 
1946 1388 670 1230 933 1296 1398 435 898 647 888 798 399 329 346 488 1153 1324 1232 599 1625 1808 1397 1589 
1785 977 2053 1906 606 1300 941 670 1038 491 582 359 359 229 602 331 1179 1346 601 1108 1996 1530 934 2267 
833 2307 786 1461 862 974 890 952 335 404 455 223 368 738 673 681 1122 904 1024 1084 616 1927 1125 893 
1443 1936 1757 2113 527 861 816 791 620 393 263 449 221 745 462 770 1179 600 765 1182 661 1295 676 963 
1793 2356 1018 870 682 1316 644 1246 510 538 834 255 276 723 686 434 1141 763 1288 1210 1928 1392 835 2312 
1936 1167 1726 1203 806 770 458 1276 341 639 256 387 582 466 812 986 942 565 681 731 1848 899 2088 681 
1529 1362 1493 1790 1477 610 742 1262 1149 528 523 445 241 471 636 564 647 1201 727 841 1563 1669 1511 1289 
1840 1832 1018 1291 1631 1750 686 1194 383 296 827 475 583 753 768 1024 783 561 1230 1724 566 1781 1078 1938 
1224 1873 1325 1298 895 1039 526 795 559 410 639 625 774 210 648 759 303 1373 788 1382 898 1380 1138 803 
2079 1918 1653 961 970 1048 751 576 1145 973 311 715 243 251 895 626 1182 395 415 981 1419 1824 1414 2220 
2271 2263 1414 1159 1585 716 544 665 694 873 583 362 744 280 471 451 764 467 414 532 1626 1375 934 906 
1645 1575 1096 1967 1511 735 1486 545 1104 718 298 260 229 552 229 878 636 493 1305 1186 1545 2056 2035 1535 
1995 2292 2077 1542 1635 632 901 762 522 1028 501 281 761 597 580 463 541 963 1591 580 686 1691 1268 732 
2325 1564 1928 1313 1101 1103 1256 1356 980 314 620 603 436 686 790 428 732 985 790 1567 551 1979 1569 865 
1976 1551 685 1212 1508 760 808 1217 1079 833 354 278 546 723 561 783 1059 412 500 1803 1711 1753 1014 2274 
828 1697 880 1204 1179 832 1507 437 695 275 451 683 357 306 517 1012 400 791 1129 780 1449 1396 1125 602 
1981 1462 1339 989 1982 1576 536 446 638 417 340 216 510 570 895 655 922 963 1466 1276 956 573 2066 1710 
706 1057 1949 1124 1719 1221 1518 880 837 947 779 690 661 376 501 573 984 885 1103 1140 1098 614 1929 774 
1079 1942 2184 698 583 1523 960 502 670 946 640 631 326 475 668 1009 975 1143 911 1177 1742 1835 1814 2085 
880 1784 1996 1293 664 947 1551 1122 525 271 745 279 569 779 646 335 496 1293 1560 661 1640 648 1243 1266 
2376 1626 1642 1002 1529 1242 713 941 1005 846 482 316 503 657 710 675 368 1204 1297 819 1888 1094 1097 1069 
2169 2178 2136 1239 862 1643 1198 1345 667 868 790 508 625 386 775 1025 488 1223 1367 1357 934 1799 2034 2043 
1532 1647 1209 1973 1662 1033 536 1035 397 556 607 754 366 674 622 360 716 1170 1085 893 656 604 1838 1868 
1209 2257 1935 1631 508 1300 1334 471 925 823 362 818 675 237 375 641 305 1284 562 1279 999 608 2011 1594 
2293 2301 1373 1677 1888 1025 426 957 681 293 294 603 225 744 563 419 363 962 1478 919 1180 1397 1243 978 
2382 2206 2208 1232 1580 1210 1267 473 1178 764 377 346 240 520 383 755 355 484 1103 1462 1447 1432 1582 712 
1408 1489 962 1248 613 1343 1587 857 1045 927 506 739 555 577 313 951 344 534 1175 777 908 1863 1471 874 
940 813 928 1972 1773 714 685 1283 1184 859 249 487 692 645 889 403 866 538 417 670 1921 2023 1487 935 
2363 2058 1665 1841 683 924 1180 1001 382 977 230 614 568 700 380 343 448 1046 717 872 1542 1201 2112 1326 
2131 1035 1186 1034 1441 1437 409 918 1141 909 349 627 227 564 881 840 654 775 549 993 1538 1857 2154 1215 
2098 1347 2223 1588 1320 1751 1474 850 560 582 310 810 390 664 379 801 680 815 844 951 968 1246 1259 1410 
721 1321 1944 800 1532 680 743 840 450 448 397 707 241 228 713 979 379 361 515 1233 1318 714 1334 1694 
1137 2084 1228 675 557 893 995 1286 683 828 466 641 232 373 827 683 925 669 835 1627 1701 1798 1749 1502 
1921 1171 832 932 1527 1081 1021 859 982 390 558 672 309 285 486 591 415 516 652 1143 627 2122 2054 2150 
1111 1934 1635 1542 681 1514 1274 557 350 735 399 708 772 773 838 811 608 945 468 479 1320 829 1910 1726 
914 1364 2098 1826 1877 1291 1562 1355 432 798 518 555 352 294 477 405 503 464 963 1597 1114 574 1655 2217 
2284 838 1518 966 1667 846 401 684 1120 465 901 495 521 213 596 682 1056 574 764 1716 902 1180 1803 2174 
1976 616 2210 1566 1938 1569 813 1317 989 984 580 554 419 670 881 650 325 704 673 689 1648 1219 1465 1611 
1076 1238 2023 1636 613 1200 973 1317 777 635 874 310 409 723 413 893 666 1391 1137 1430 1466 1017 853 1349 
1603 1143 1245 997 913 1241 907 567 896 378 732 486 459 271 876 378 956 1044 1376 686 754 574 994 2128 
1991 1176 1567 982 1685 652 1242 911 1088 871 479 740 547 650 482 915 861 951 1349 1326 1903 2161 644 1728 
2238 1765 2246 684 1787 1577 1206 930 411 954 393 486 695 826 411 665 933 738 585 1416 552 1343 731 753 
739 1641 2070 1128 546 1338 671 1040 1167 673 880 248 615 316 612 737 356 1021 1053 751 1421 2162 837 1085 
