50 3 20
26 10
850 130 149 169 187 203 214 222 225 222 214 203 187 169 150 130 112 96 85 77 75 77 85 96 112 130 149 169 187 203 214 222 225 222 214 203 187 169 150 130 112 96 85 77 75 77 85 96 112 130 149 
850 174 199 225 249 270 286 296 300 296 286 270 250 225 200 174 150 129 113 103 100 103 113 129 149 174 199 225 249 270 286 296 300 296 286 270 250 225 200 174 150 129 113 103 100 103 113 129 149 174 199 
100000 8705 9999 11294 12499 13535 14330 14829 15000 14829 14330 13535 12500 11294 10000 8705 7500 6464 5669 5170 5000 5170 5669 6464 7499 8705 9999 11294 12499 13535 14330 14829 15000 14829 14330 13535 12500 11294 10000 8705 7500 6464 5669 5170 5000 5170 5669 6464 7499 8705 9999 
1129 1000 870 750 646 566 517 500 517 566 646 749 870 999 1129 1249 1353 1433 1482 1499 1482 1433 1353 1250 1129 1000 
658 569 371 428 525 286 224 672 741 865 378 1188 1180 1007 1977 728 1282 2227 884 1203 673 1493 661 681 
388 1070 364 453 459 403 293 427 750 532 1158 1142 1411 1518 937 634 2279 1709 768 1576 1592 1182 1630 531 
818 495 368 510 689 586 313 756 384 813 1029 445 1581 1327 1677 580 1284 987 1786 1220 2006 960 1677 1489 
681 1110 1012 241 493 640 536 644 657 433 760 698 865 1395 1963 1373 1050 932 662 1305 1069 833 1702 1132 
1166 522 524 762 324 496 430 886 561 545 374 1104 1648 840 1290 1565 1328 2311 2225 1653 734 1863 1604 747 
436 444 769 335 604 695 292 828 460 1002 630 595 973 1328 1239 1460 649 2160 1669 2280 1395 1747 1429 1076 
554 496 781 508 449 687 299 799 743 574 1226 1599 801 1517 765 895 1451 1644 2196 2137 573 1451 996 918 
698 445 279 255 658 371 728 727 365 1101 971 1071 468 1077 1022 1096 737 1982 2170 1940 1145 1915 707 973 
689 982 764 585 420 642 227 361 731 1180 949 1158 1191 764 1871 2026 1880 1052 1636 763 1506 1315 831 945 
1256 338 307 561 764 575 221 434 950 993 1299 1131 895 1557 1430 2100 1275 1470 1488 1873 1762 1891 619 688 
