10 2 20
8 100
1700 96 85 77 75 77 85 96 112 130 149 
100000 6464 5669 5170 5000 5170 5669 6464 7499 8705 9999 
1353 1433 1482 1499 1482 1433 1353 1250 
1074 830 
1097 1010 
1269 1052 
1106 1098 
1051 992 
1303 1160 
995 1038 
1340 955 
1137 984 
1173 1173 
1012 867 
1321 916 
928 955 
1059 1027 
997 852 
935 1175 
1034 1120 
1272 1167 
1019 1010 
1235 1182 
1146 875 
980 1017 
1166 864 
1055 1025 
1216 880 
1127 839 
1111 991 
1251 968 
1220 877 
961 948 
977 1116 
1209 1139 
1320 865 
1288 1066 
1244 1166 
1161 962 
1065 823 
1345 1040 
1247 867 
1289 1145 
1245 984 
1034 900 
1224 1090 
1223 1016 
1169 1057 
1292 1068 
1151 951 
1285 808 
1317 802 
1251 1122 
1328 1061 
974 897 
953 1155 
1202 1106 
1097 921 
1001 1184 
1110 1097 
992 990 
1121 874 
1207 1036 
1196 1081 
1078 1082 
1089 1001 
1132 968 
961 1003 
1255 988 
977 971 
978 880 
1050 1128 
1149 1126 
1351 837 
1168 845 
1246 1163 
1089 1180 
1349 1189 
936 842 
913 1076 
1134 1120 
1137 1046 
928 1041 
1189 878 
927 1155 
1128 1111 
1236 1046 
1247 937 
1317 1050 
1162 1165 
1172 871 
1287 858 
945 1181 
975 817 
1255 884 
938 906 
907 952 
1062 803 
1065 1090 
1229 1174 
1234 951 
1233 833 
1118 963 
