5 2 20
2 50
1700 130 112 96 85 77 
100000 8705 7500 6464 5669 5170 
1129 1249 
1959 2003 1744 
1122 1527 722 
1193 1663 918 
1501 1140 1207 
1732 1222 914 
1468 1404 1579 
939 2256 1153 
1061 2087 805 
871 1212 1729 
2042 741 819 
2098 1427 2236 
1527 2117 2007 
2016 1116 2145 
1019 2243 2306 
1941 965 1263 
1134 700 1474 
1162 1242 1488 
1896 732 1047 
1165 1183 1024 
647 2269 627 
749 2100 1899 
814 1261 1039 
709 1753 2272 
1156 1070 2197 
1449 609 737 
1853 1715 991 
2077 1791 1910 
1952 1887 2151 
1729 1167 950 
1050 788 924 
824 962 2248 
555 1255 1084 
975 1639 1385 
927 1937 1682 
1104 789 1809 
1033 795 1315 
1152 1193 1172 
1148 1981 2298 
1971 1077 1325 
1846 1338 1306 
1169 2086 1512 
1112 2006 1047 
1188 949 741 
1822 1344 1703 
1652 725 1626 
714 1736 1594 
1340 1115 1284 
2004 1579 810 
1309 2021 681 
941 1270 1586 
