5 2 20
3 100
1700 77 85 96 112 130 
100000 5170 5669 6464 7499 8705 
1482 1433 1353 
1241 1183 
1283 1090 
1206 1174 
1224 1105 
1305 1175 
1200 1081 
1269 1130 
1219 1099 
1295 1106 
1246 1137 
1283 1093 
1300 1125 
1217 1091 
1206 1154 
1243 1114 
1267 1116 
1191 1104 
1200 1075 
1229 1183 
1238 1093 
1270 1103 
1249 1138 
1311 1122 
1243 1129 
1198 1148 
1278 1103 
1265 1149 
1244 1073 
1199 1161 
1280 1152 
1204 1172 
1201 1159 
1202 1123 
1282 1078 
1257 1101 
1310 1137 
1223 1150 
1228 1165 
1292 1136 
1288 1081 
1187 1094 
1292 1120 
1196 1140 
1205 1173 
1278 1156 
1228 1147 
1187 1128 
1234 1123 
1225 1121 
1275 1086 
1187 1177 
1205 1164 
1252 1167 
1231 1111 
1232 1094 
1202 1113 
1204 1076 
1196 1183 
1307 1088 
1205 1108 
1218 1122 
1242 1157 
1232 1075 
1282 1092 
1192 1141 
1250 1105 
1211 1093 
1202 1182 
1297 1170 
1299 1173 
1190 1142 
1219 1126 
1294 1166 
1222 1088 
1248 1124 
1279 1098 
1264 1158 
1213 1109 
1294 1099 
1274 1123 
1264 1169 
1224 1168 
1188 1090 
1216 1168 
1283 1115 
1297 1124 
1271 1085 
1209 1103 
1236 1148 
1301 1106 
1211 1149 
1222 1101 
1266 1077 
1231 1183 
1251 1172 
1273 1125 
1209 1129 
1292 1109 
1267 1181 
1298 1178 
