10 6 20
4 100
340 112 130 149 169 187 203 214 222 225 222 
340 149 174 199 225 249 270 286 296 300 296 
340 187 217 249 282 312 338 358 370 375 370 
340 224 261 299 338 374 406 429 444 450 444 
340 262 304 349 395 437 473 501 519 525 519 
100000 7499 8705 9999 11294 12499 13535 14330 14829 15000 14829 
1250 1129 1000 870 
726 614 542 550 491 427 
712 565 592 414 499 505 
766 586 647 568 417 537 
649 662 557 611 406 440 
672 554 665 598 400 462 
837 553 517 420 497 579 
888 586 492 613 539 565 
801 772 550 441 574 560 
770 724 551 569 413 422 
780 606 626 475 519 544 
686 750 519 414 403 527 
766 607 501 477 442 555 
867 597 631 462 518 594 
893 592 583 473 454 608 
766 761 534 426 520 424 
848 664 509 554 405 496 
726 594 505 451 468 526 
656 530 646 518 453 547 
729 547 460 547 475 616 
802 752 518 479 417 547 
719 575 661 536 597 414 
743 687 510 568 569 416 
883 757 679 434 439 454 
681 653 630 431 423 472 
668 748 531 476 418 498 
844 728 627 565 573 502 
625 746 529 506 447 509 
744 621 474 414 552 458 
762 604 604 417 590 536 
759 527 530 441 539 538 
684 532 627 543 456 533 
724 682 587 608 500 576 
623 542 658 570 465 600 
847 551 552 616 407 437 
819 532 635 437 577 602 
863 552 594 558 477 511 
750 742 679 545 403 491 
636 527 553 496 524 480 
795 608 621 602 484 471 
805 684 535 512 533 420 
609 651 623 428 471 487 
706 544 667 578 556 555 
703 772 574 601 591 459 
855 566 575 555 458 615 
899 638 598 473 512 506 
623 691 655 485 577 500 
659 687 578 538 417 548 
796 742 459 450 460 504 
671 643 574 475 587 582 
741 539 598 598 528 531 
756 559 503 467 509 594 
776 528 526 580 417 498 
717 727 502 444 597 605 
666 524 646 462 464 501 
677 582 567 484 555 615 
647 737 655 497 496 486 
618 695 650 545 475 542 
683 592 518 571 557 475 
782 730 520 499 467 536 
778 565 540 435 561 452 
850 580 535 484 558 529 
743 739 558 507 493 568 
742 645 607 489 431 426 
723 763 624 421 547 552 
663 717 555 425 533 427 
615 626 494 477 430 433 
847 670 463 420 547 608 
851 716 499 503 408 434 
712 616 644 535 550 484 
600 575 668 432 538 485 
875 630 475 449 432 597 
645 517 464 428 445 511 
858 518 488 605 523 417 
707 595 513 513 511 520 
717 542 621 587 400 610 
857 570 552 434 408 604 
627 719 611 580 597 445 
691 545 625 537 459 475 
670 630 639 438 424 457 
826 752 667 467 567 545 
834 739 498 544 593 523 
657 644 512 597 567 433 
793 672 626 462 466 573 
866 725 465 510 570 422 
667 648 532 571 427 493 
717 532 607 495 536 511 
823 726 470 423 583 455 
706 593 564 568 461 510 
736 689 511 457 504 512 
625 754 635 500 594 606 
653 675 616 602 409 467 
600 621 557 538 487 433 
684 725 621 552 490 527 
858 720 671 518 487 438 
774 628 539 603 413 428 
894 545 619 554 470 483 
661 576 579 613 454 449 
673 644 577 595 440 484 
884 655 584 517 531 544 
662 771 595 597 562 531 
