50 6 20
16 5
340 150 130 112 96 85 77 75 77 85 96 112 130 149 169 187 203 214 222 225 222 214 203 187 169 150 130 112 96 85 77 75 77 85 96 112 130 149 169 187 203 214 222 225 222 214 203 187 169 150 130 
340 200 174 150 129 113 103 100 103 113 129 149 174 199 225 249 270 286 296 300 296 286 270 250 225 200 174 150 129 113 103 100 103 113 129 149 174 199 225 249 270 286 296 300 296 286 270 250 225 200 174 
340 250 217 187 161 141 129 125 129 141 161 187 217 249 282 312 338 358 370 375 370 358 338 312 282 250 217 187 161 141 129 125 129 141 161 187 217 249 282 312 338 358 370 375 370 358 338 312 282 250 217 
340 300 261 225 193 170 155 150 155 170 193 224 261 299 338 374 406 429 444 450 444 429 406 375 338 300 261 225 193 170 155 150 155 170 193 224 261 299 338 374 406 429 444 450 444 429 406 375 338 300 261 
340 350 304 262 226 198 180 175 180 198 226 262 304 349 395 437 473 501 519 525 519 501 473 437 395 350 304 262 226 198 180 175 180 198 226 262 304 349 395 437 473 501 519 525 519 501 473 437 395 350 304 
100000 10000 8705 7500 6464 5669 5170 5000 5170 5669 6464 7499 8705 9999 11294 12499 13535 14330 14829 15000 14829 14330 13535 12500 11294 10000 8705 7500 6464 5669 5170 5000 5170 5669 6464 7499 8705 9999 11294 12499 13535 14330 14829 15000 14829 14330 13535 12500 11294 10000 8705 
1000 1129 1249 1353 1433 1482 1499 1482 1433 1353 1250 1129 1000 870 750 646 
576 506 482 521 589 616 728 895 1030 1181 1195 1415 1407 1518 1509 1492 1425 1368 1290 1088 1003 848 727 628 582 504 523 494 559 634 737 888 1040 1109 
568 511 487 499 573 618 759 893 1047 1180 1202 1418 1465 1526 1479 1543 1425 1415 1258 1102 972 906 757 632 558 498 498 493 589 625 762 853 985 1161 
592 493 499 539 588 663 772 880 1020 1139 1272 1291 1367 1456 1488 1489 1466 1355 1258 1124 992 889 746 634 561 535 499 536 593 678 723 827 1046 1126 
545 500 522 518 574 642 737 875 969 1155 1192 1416 1386 1467 1471 1546 1394 1369 1273 1180 1029 899 730 635 539 527 519 535 552 665 778 868 971 1131 
558 508 494 510 585 618 742 845 1049 1148 1309 1349 1385 1505 1507 1429 1494 1302 1277 1115 1008 854 774 645 573 496 516 508 587 634 768 888 1014 1090 
