20 2 20
7 100
1700 75 77 85 96 112 130 149 169 187 203 214 222 225 222 214 203 187 169 150 130 
100000 5000 5170 5669 6464 7499 8705 9999 11294 12499 13535 14330 14829 15000 14829 14330 13535 12500 11294 10000 8705 
1499 1482 1433 1353 1250 1129 1000 
840 773 670 593 492 507 512 587 624 712 868 1031 1160 
898 715 640 564 534 513 507 557 644 739 911 972 1166 
870 781 617 577 523 475 515 546 616 734 906 1006 1138 
865 721 667 556 497 484 498 563 652 732 877 1035 1104 
829 771 664 570 491 510 520 558 666 785 853 1043 1117 
884 744 646 565 508 501 536 546 662 720 898 1022 1102 
842 756 626 561 510 519 541 576 659 722 852 1019 1123 
904 740 632 563 526 486 504 548 674 752 855 1033 1081 
841 758 619 589 501 494 509 585 656 778 864 1004 1164 
904 748 640 577 531 520 494 592 665 740 913 1001 1087 
860 786 650 581 521 503 512 571 647 742 841 1008 1135 
858 730 669 546 526 520 497 590 659 783 855 1014 1129 
867 748 672 551 539 517 499 548 666 766 857 996 1104 
841 754 646 591 530 514 534 584 652 753 903 985 1166 
853 782 622 595 509 519 519 547 633 735 868 979 1132 
835 728 619 545 515 495 504 562 641 749 884 1008 1125 
863 760 659 582 540 493 511 572 644 775 887 951 1136 
869 735 662 555 528 500 514 563 655 740 904 1012 1074 
844 752 649 588 538 478 508 591 652 719 846 1040 1115 
896 743 629 553 531 504 542 545 658 770 891 962 1074 
903 786 619 573 492 476 492 553 650 774 845 959 1082 
887 728 659 562 515 522 502 575 671 762 841 993 1077 
865 775 647 552 506 509 523 569 655 721 902 966 1180 
840 763 667 561 518 492 520 565 646 749 906 979 1091 
831 778 643 553 522 516 512 567 637 751 909 994 1130 
881 785 646 577 525 476 532 582 676 777 911 958 1127 
853 752 621 592 491 499 530 573 624 729 856 988 1144 
879 737 627 594 508 477 508 561 642 725 838 978 1180 
865 729 642 574 514 511 521 589 660 723 843 1016 1083 
899 732 634 571 522 485 522 579 629 732 875 1003 1148 
895 727 633 564 526 495 542 562 643 735 895 1044 1089 
899 741 671 561 531 504 524 552 673 714 847 1017 1142 
912 782 654 557 538 496 511 575 627 781 840 957 1126 
843 764 639 578 496 515 522 593 640 762 868 955 1127 
872 747 616 586 494 490 533 592 669 715 906 978 1073 
846 732 622 575 540 506 493 562 668 713 873 986 1147 
829 772 645 539 514 481 517 567 662 775 902 1048 1091 
851 767 620 590 530 517 542 544 617 714 837 1040 1109 
857 730 662 589 520 497 534 594 668 730 914 1020 1135 
886 785 646 541 515 482 503 594 619 718 841 1012 1140 
872 785 624 583 518 485 526 582 622 727 837 1007 1115 
890 723 652 545 526 476 528 553 674 713 851 962 1134 
856 756 629 579 517 488 520 569 669 730 859 1022 1083 
841 761 666 579 527 493 525 557 620 746 905 971 1126 
904 717 658 563 526 484 513 558 677 746 839 1034 1126 
891 781 667 543 530 509 533 594 640 715 882 972 1099 
892 743 669 565 511 516 534 579 641 758 877 1006 1179 
845 755 630 573 530 511 537 544 616 712 827 958 1144 
830 715 659 550 497 512 504 580 642 783 898 1033 1163 
873 716 616 587 510 498 494 541 668 752 828 951 1150 
838 743 626 541 508 484 539 544 633 743 907 985 1089 
905 748 622 578 521 485 541 589 650 769 884 1008 1177 
837 770 673 551 504 481 528 574 641 733 827 1010 1185 
852 741 631 549 493 485 506 567 629 729 850 971 1114 
888 758 660 586 535 519 503 565 633 759 877 1009 1131 
865 728 675 543 522 515 528 568 675 732 882 1021 1178 
850 772 648 550 525 519 528 551 638 762 894 966 1137 
844 761 677 556 531 483 525 582 623 715 874 962 1160 
843 764 623 585 509 495 527 576 661 771 837 1006 1148 
827 762 628 587 492 524 493 562 659 716 889 977 1102 
830 773 668 555 541 486 535 585 651 722 853 1043 1073 
835 783 644 590 503 511 501 576 673 753 900 961 1180 
875 770 651 585 512 487 525 579 670 743 873 967 1183 
895 714 672 552 505 503 523 550 669 715 879 1002 1137 
890 752 631 545 504 510 512 582 671 773 837 1026 1077 
870 714 677 553 494 523 495 577 637 734 896 1048 1092 
875 757 630 550 501 502 509 550 640 744 866 1045 1169 
904 726 665 590 491 487 522 576 659 773 887 967 1113 
863 755 617 567 496 524 541 566 677 746 853 964 1112 
861 738 640 565 499 486 536 592 624 731 854 961 1112 
878 776 617 549 541 490 536 561 649 782 912 1016 1120 
859 743 650 591 538 508 537 561 667 770 881 981 1085 
898 764 653 542 499 520 496 558 618 716 884 1022 1118 
880 738 631 588 499 517 501 563 653 755 832 1001 1170 
902 753 651 568 510 502 526 567 639 771 881 974 1179 
883 724 618 569 518 476 531 563 630 734 889 964 1073 
885 751 629 558 507 514 492 566 664 778 841 1022 1144 
832 786 617 567 502 492 534 588 641 775 887 1002 1110 
850 729 673 538 500 522 513 541 639 724 888 1002 1084 
889 713 647 587 532 524 498 580 649 747 873 952 1138 
910 759 666 557 511 501 532 546 659 785 897 977 1158 
898 782 643 569 502 490 509 574 622 723 870 979 1172 
913 717 674 577 497 481 510 569 653 756 902 1001 1121 
872 770 674 584 505 497 505 554 665 778 865 1031 1143 
890 733 623 547 505 514 492 566 614 717 849 985 1106 
856 744 663 586 503 476 517 566 650 786 862 1045 1151 
853 737 617 540 531 517 494 556 645 766 909 1018 1082 
893 754 671 569 527 481 520 559 627 786 868 1044 1165 
867 775 618 547 516 486 508 584 648 727 852 994 1092 
869 730 657 565 529 495 540 546 627 755 844 1001 1087 
874 741 656 589 542 513 515 545 663 724 914 1037 1091 
875 718 647 563 538 488 535 592 624 733 869 972 1099 
830 782 636 567 505 487 491 586 676 786 864 977 1132 
834 770 620 544 513 478 518 573 670 734 901 978 1108 
881 777 677 581 525 517 503 584 639 775 867 997 1162 
849 763 619 539 533 519 531 580 664 724 878 1030 1099 
857 751 668 593 537 507 530 544 641 771 902 963 1127 
864 762 615 559 529 520 509 558 637 786 873 951 1139 
850 718 630 587 520 515 523 540 619 716 870 993 1105 
892 765 620 592 518 484 503 574 644 749 853 983 1180 
