10 11 20
8 50
170 112 96 85 77 75 77 85 96 112 130 
170 150 129 113 103 100 103 113 129 149 174 
170 187 161 141 129 125 129 141 161 187 217 
170 225 193 170 155 150 155 170 193 224 261 
170 262 226 198 180 175 180 198 226 262 304 
170 300 258 226 206 200 206 226 258 299 348 
170 337 290 255 232 225 232 255 290 337 391 
170 375 323 283 258 250 258 283 323 374 435 
170 412 355 311 284 275 284 311 355 412 478 
170 450 387 340 310 300 310 340 387 449 522 
100000 7500 6464 5669 5170 5000 5170 5669 6464 7499 8705 
1249 1353 1433 1482 1499 1482 1433 1353 
1244 1161 
1271 1080 
1196 1178 
1304 1089 
1250 1177 
1223 1137 
1216 1115 
1207 1173 
1265 1140 
1301 1140 
1193 1134 
1306 1087 
1263 1078 
1299 1166 
1218 1169 
1228 1181 
1263 1116 
1234 1124 
1248 1161 
1249 1164 
1218 1081 
1288 1140 
1308 1080 
1226 1076 
1278 1163 
1230 1090 
1301 1097 
1262 1179 
1276 1155 
1198 1075 
1302 1129 
1231 1098 
1200 1085 
1219 1151 
1213 1098 
1287 1156 
1283 1104 
1206 1097 
1276 1121 
1234 1141 
1188 1077 
1198 1131 
1193 1177 
1251 1165 
1193 1119 
1202 1090 
1237 1158 
1233 1079 
1221 1155 
1275 1112 
