5 2 20
3 50
1700 85 77 75 77 85 
100000 5669 5170 5000 5170 5669 
1433 1482 1499 
1516 1990 
1535 1732 
1624 2255 
1569 1776 
1781 2260 
1390 837 
1004 1214 
1395 1133 
633 1473 
720 1106 
1211 1019 
761 1342 
1670 1637 
957 1958 
1878 2164 
1688 1725 
1595 2172 
1558 1435 
2233 938 
2121 1165 
916 1569 
1979 819 
1013 1724 
2234 2188 
1968 1411 
1631 1295 
1486 712 
1615 1922 
1367 727 
1411 1255 
2017 1207 
1568 908 
1821 1303 
1435 1129 
655 2064 
1852 2230 
2366 1607 
2123 1981 
1264 2258 
756 980 
829 1665 
1490 1309 
1646 921 
2073 1872 
1417 1718 
1118 1532 
1017 1482 
2275 1399 
721 1513 
1228 1920 
