20 6 20
11 50
340 77 75 77 85 96 112 130 149 169 187 203 214 222 225 222 214 203 187 169 150 
340 103 100 103 113 129 149 174 199 225 249 270 286 296 300 296 286 270 250 225 200 
340 129 125 129 141 161 187 217 249 282 312 338 358 370 375 370 358 338 312 282 250 
340 155 150 155 170 193 224 261 299 338 374 406 429 444 450 444 429 406 375 338 300 
340 180 175 180 198 226 262 304 349 395 437 473 501 519 525 519 501 473 437 395 350 
100000 5170 5000 5170 5669 6464 7499 8705 9999 11294 12499 13535 14330 14829 15000 14829 14330 13535 12500 11294 10000 
1482 1499 1482 1433 1353 1250 1129 1000 870 750 646 
564 516 517 528 591 635 713 905 1046 
573 531 504 527 580 675 762 829 967 
559 513 480 523 578 617 748 894 1011 
584 531 517 515 544 675 782 888 953 
543 508 481 510 574 671 749 898 963 
560 506 496 509 557 634 775 906 1033 
586 515 477 493 546 626 715 833 1032 
575 521 494 498 579 662 716 879 986 
592 522 508 503 555 675 755 862 1044 
542 515 503 530 591 623 784 828 993 
566 517 483 526 541 642 765 876 1029 
575 492 514 501 557 633 742 839 958 
552 493 507 532 590 660 763 911 985 
574 504 484 493 577 626 786 850 966 
564 512 488 511 574 656 726 879 1001 
550 523 482 496 569 619 714 844 978 
539 533 477 509 565 635 766 858 987 
581 495 515 516 580 621 786 897 1049 
593 519 501 504 539 638 748 907 955 
585 495 523 531 595 652 719 833 951 
593 498 520 495 588 669 741 837 962 
556 491 477 514 582 644 720 870 975 
539 528 477 542 588 616 751 885 1025 
568 519 502 521 550 668 781 829 994 
594 509 505 495 569 650 782 905 1041 
554 497 478 521 582 653 755 831 1040 
584 507 516 523 558 677 743 859 1027 
549 497 486 499 540 664 780 885 1026 
548 535 502 511 568 634 732 841 993 
581 532 511 534 559 637 767 871 956 
575 537 489 541 546 622 787 858 969 
588 535 491 531 552 654 731 854 1028 
548 539 505 494 578 668 744 867 982 
557 515 491 499 592 649 732 905 1046 
568 501 509 506 588 646 746 887 1000 
569 516 504 522 585 638 737 842 990 
551 510 481 517 542 676 739 840 999 
590 533 504 519 550 625 753 876 1026 
584 535 495 505 582 657 753 858 1005 
580 503 524 509 585 670 746 866 960 
547 525 506 499 555 638 715 899 959 
582 522 487 494 550 641 742 839 1006 
585 522 505 534 550 628 744 878 1034 
590 524 518 529 589 635 715 844 981 
563 512 508 511 542 674 767 863 1018 
582 542 477 525 554 633 733 881 1045 
563 512 487 492 579 629 757 837 969 
541 537 520 509 569 671 776 912 967 
568 502 514 494 542 636 760 841 1005 
559 496 505 522 562 675 781 878 989 
