50 2 20
26 50
1700 130 149 169 187 203 214 222 225 222 214 203 187 169 150 130 112 96 85 77 75 77 85 96 112 130 149 169 187 203 214 222 225 222 214 203 187 169 150 130 112 96 85 77 75 77 85 96 112 130 149 
100000 8705 9999 11294 12499 13535 14330 14829 15000 14829 14330 13535 12500 11294 10000 8705 7500 6464 5669 5170 5000 5170 5669 6464 7499 8705 9999 11294 12499 13535 14330 14829 15000 14829 14330 13535 12500 11294 10000 8705 7500 6464 5669 5170 5000 5170 5669 6464 7499 8705 9999 
1129 1000 870 750 646 566 517 500 517 566 646 749 870 999 1129 1249 1353 1433 1482 1499 1482 1433 1353 1250 1129 1000 
890 781 623 583 494 521 495 545 632 720 903 954 1098 1285 1395 1380 1409 1453 1520 1461 1362 1244 1176 1022 
876 732 670 554 496 476 532 593 619 720 892 1033 1145 1195 1384 1387 1454 1482 1478 1468 1348 1264 1168 1037 
891 745 649 586 534 506 495 546 652 735 898 1040 1127 1266 1411 1400 1510 1444 1425 1455 1393 1300 1184 1049 
838 787 666 591 494 522 522 583 677 720 856 992 1131 1235 1308 1482 1507 1475 1474 1455 1315 1205 1120 967 
859 727 642 559 535 483 519 555 633 718 846 988 1121 1227 1318 1381 1512 1427 1453 1454 1394 1292 1135 989 
907 762 648 585 494 476 525 552 629 773 905 972 1174 1234 1359 1424 1491 1444 1410 1499 1380 1199 1117 1027 
834 740 653 582 523 522 497 590 661 784 904 1037 1131 1256 1361 1450 1490 1555 1504 1435 1383 1301 1138 983 
904 785 641 575 527 499 499 546 648 767 860 964 1144 1254 1315 1379 1511 1457 1442 1402 1391 1297 1118 955 
900 754 664 576 533 475 529 567 644 771 886 1000 1074 1257 1300 1403 1506 1569 1516 1398 1313 1215 1145 984 
877 770 631 577 531 524 492 589 668 746 862 969 1122 1278 1362 1370 1517 1437 1556 1459 1409 1214 1103 1035 
854 735 658 575 512 500 526 565 641 737 889 1026 1088 1274 1378 1369 1481 1491 1489 1459 1355 1309 1081 1021 
852 766 648 562 511 485 499 542 650 736 855 1048 1081 1279 1298 1366 1479 1563 1437 1407 1317 1272 1086 957 
910 770 628 586 527 501 530 581 614 781 864 959 1093 1202 1389 1467 1509 1563 1501 1501 1381 1195 1082 960 
842 781 635 553 498 497 519 542 655 714 865 994 1118 1306 1359 1374 1546 1455 1524 1376 1382 1236 1130 980 
839 740 650 566 519 501 508 560 627 715 890 1005 1145 1232 1373 1471 1430 1447 1430 1418 1381 1277 1171 970 
858 748 656 539 498 490 507 582 659 734 833 992 1138 1310 1289 1384 1478 1477 1546 1401 1324 1264 1136 996 
852 742 630 575 514 480 523 548 665 787 837 991 1113 1309 1361 1466 1446 1516 1418 1480 1349 1205 1158 981 
833 731 643 573 505 487 538 542 621 743 885 979 1088 1218 1307 1459 1550 1471 1433 1368 1412 1234 1083 990 
912 758 642 584 522 503 523 555 636 751 898 1031 1139 1209 1390 1369 1540 1446 1446 1430 1295 1201 1108 1049 
896 738 664 579 501 490 503 570 629 783 827 1008 1087 1267 1311 1391 1535 1459 1479 1397 1405 1201 1153 1004 
835 779 668 565 501 501 510 593 644 742 905 984 1093 1243 1391 1448 1501 1513 1498 1425 1401 1263 1128 1018 
857 774 669 559 519 506 529 550 641 736 845 1012 1098 1204 1299 1371 1460 1432 1475 1492 1371 1220 1183 1001 
909 777 614 584 509 502 492 594 667 718 858 1021 1153 1206 1333 1406 1528 1486 1431 1413 1363 1244 1155 984 
831 732 634 567 492 480 519 587 628 744 912 963 1173 1238 1386 1498 1484 1445 1462 1495 1310 1305 1130 1024 
859 750 639 552 510 516 541 563 638 738 857 984 1133 1211 1381 1476 1516 1469 1444 1367 1348 1303 1084 954 
897 747 627 581 518 480 524 593 645 734 883 1040 1124 1246 1419 1445 1462 1563 1463 1459 1296 1250 1084 961 
905 773 644 549 531 512 491 554 637 777 842 951 1184 1262 1371 1364 1512 1544 1495 1370 1343 1237 1121 1012 
850 787 625 589 505 521 535 546 642 764 855 987 1104 1227 1396 1402 1416 1500 1493 1451 1363 1214 1170 1007 
899 740 668 569 519 499 511 593 650 779 873 997 1127 1213 1364 1482 1442 1569 1475 1423 1299 1304 1115 979 
909 778 654 573 541 504 499 587 671 768 830 974 1168 1248 1346 1455 1550 1466 1432 1497 1387 1296 1112 1026 
862 713 641 558 497 512 491 545 637 775 875 956 1142 1213 1399 1468 1423 1570 1520 1388 1290 1305 1147 978 
856 725 663 538 536 491 526 539 634 755 899 966 1175 1282 1352 1385 1528 1512 1490 1390 1373 1236 1147 1013 
906 745 648 565 520 488 518 542 668 783 913 987 1110 1293 1369 1413 1485 1531 1436 1365 1392 1286 1079 995 
829 759 662 557 538 490 536 570 678 780 906 979 1142 1279 1291 1477 1530 1470 1483 1490 1335 1249 1140 960 
894 775 614 549 531 501 514 570 676 776 851 1031 1073 1311 1309 1384 1443 1492 1460 1496 1292 1241 1147 1039 
900 733 671 568 537 486 521 548 619 766 892 1047 1142 1246 1398 1458 1530 1498 1443 1383 1315 1221 1158 1013 
891 751 634 583 515 489 506 556 658 732 890 978 1141 1287 1418 1370 1510 1494 1537 1479 1390 1188 1171 1010 
911 719 656 590 520 518 504 583 668 777 848 982 1097 1202 1329 1454 1462 1427 1492 1404 1399 1293 1148 1039 
913 750 663 553 513 492 526 579 617 755 878 1029 1161 1226 1393 1366 1420 1517 1486 1378 1328 1254 1143 958 
835 757 671 583 528 517 491 559 656 761 898 1038 1126 1252 1403 1500 1536 1451 1410 1438 1329 1312 1180 986 
845 730 646 585 518 475 518 560 635 745 845 955 1076 1199 1397 1469 1491 1429 1464 1421 1357 1243 1127 1045 
868 750 671 538 510 483 532 559 628 753 872 970 1110 1297 1394 1489 1514 1471 1550 1436 1330 1281 1116 1046 
895 720 662 576 539 517 494 584 625 749 841 965 1162 1296 1397 1392 1454 1526 1540 1378 1409 1223 1156 1009 
838 735 649 577 535 515 514 565 656 766 846 1003 1157 1228 1367 1405 1470 1490 1518 1364 1316 1194 1078 1020 
904 721 669 566 501 487 494 540 659 780 859 961 1138 1202 1321 1411 1509 1429 1417 1361 1385 1224 1136 1028 
908 783 644 581 541 498 539 549 653 767 885 988 1166 1262 1416 1410 1514 1557 1526 1437 1311 1232 1129 976 
880 753 644 547 511 476 537 548 655 787 845 1010 1085 1278 1337 1456 1456 1526 1488 1493 1304 1194 1088 977 
888 742 621 577 496 478 508 565 641 720 883 968 1178 1268 1420 1365 1510 1561 1520 1486 1337 1222 1163 1015 
835 748 654 556 501 481 527 546 643 782 882 998 1120 1261 1337 1482 1453 1566 1520 1412 1325 1200 1155 996 
864 737 671 594 505 495 494 556 629 714 834 1041 1166 1215 1321 1488 1544 1472 1501 1486 1287 1209 1158 1031 
