50 6 20
16 50
340 75 77 85 96 112 130 149 169 187 203 214 222 225 222 214 203 187 169 150 130 112 96 85 77 75 77 85 96 112 130 149 169 187 203 214 222 225 222 214 203 187 169 150 130 112 96 85 77 75 77 
340 100 103 113 129 149 174 199 225 249 270 286 296 300 296 286 270 250 225 200 174 150 129 113 103 100 103 113 129 149 174 199 225 249 270 286 296 300 296 286 270 250 225 200 174 150 129 113 103 100 103 
340 125 129 141 161 187 217 249 282 312 338 358 370 375 370 358 338 312 282 250 217 187 161 141 129 125 129 141 161 187 217 249 282 312 338 358 370 375 370 358 338 312 282 250 217 187 161 141 129 125 129 
340 150 155 170 193 224 261 299 338 374 406 429 444 450 444 429 406 375 338 300 261 225 193 170 155 150 155 170 193 224 261 299 338 374 406 429 444 450 444 429 406 375 338 300 261 225 193 170 155 150 155 
340 175 180 198 226 262 304 349 395 437 473 501 519 525 519 501 473 437 395 350 304 262 226 198 180 175 180 198 226 262 304 349 395 437 473 501 519 525 519 501 473 437 395 350 304 262 226 198 180 175 180 
100000 5000 5170 5669 6464 7499 8705 9999 11294 12499 13535 14330 14829 15000 14829 14330 13535 12500 11294 10000 8705 7500 6464 5669 5170 5000 5170 5669 6464 7499 8705 9999 11294 12499 13535 14330 14829 15000 14829 14330 13535 12500 11294 10000 8705 7500 6464 5669 5170 5000 5170 
1499 1482 1433 1353 1250 1129 1000 870 750 646 566 517 500 517 566 646 
683 1003 1149 1334 1348 1401 1633 1684 1374 1744 1546 1433 1303 1078 933 824 893 655 591 594 585 580 626 645 870 752 1029 1073 1237 1233 1278 1654 1710 1191 
701 1026 1112 1102 1043 1308 1536 1454 1790 1634 1223 1112 1092 1089 1009 836 854 657 674 578 500 580 539 655 857 941 1068 1326 1065 1433 1197 1424 1314 1320 
802 994 1065 1303 1330 1297 1342 1494 1227 1481 1678 1153 1498 1189 1025 736 708 681 478 473 594 549 603 579 894 714 897 941 1457 1113 1253 1343 1627 1529 
630 846 970 1333 1498 1099 1620 1194 1452 1603 1498 1262 1090 923 988 1016 759 742 605 476 474 528 552 590 706 876 1134 990 1215 1354 1332 1226 1661 1606 
827 873 1004 1059 1026 1418 1355 1645 1308 1675 1419 1491 1389 1342 1021 1022 613 643 618 452 432 415 471 729 888 780 948 1060 1016 1355 1644 1684 1223 1593 
837 867 958 925 1150 1333 1204 1575 1541 1566 1637 1532 1404 1060 913 846 842 686 539 479 577 486 677 738 838 758 983 1259 1229 1310 1282 1373 1253 1459 
787 959 1048 1062 1185 1400 1675 1223 1420 1338 1587 1313 1073 1162 814 846 719 524 473 604 442 601 644 604 692 883 972 1134 1460 1325 1147 1315 1556 1727 
766 868 1031 1173 1172 1274 1185 1617 1651 1763 1148 1394 1090 1339 1048 929 851 731 569 515 597 444 541 539 758 919 900 1062 1234 1459 1295 1430 1309 1432 
872 1006 1192 1270 1405 1318 1675 1333 1684 1374 1348 1448 1275 1125 853 983 712 753 465 596 518 516 529 726 893 877 1108 1263 1333 1550 1387 1247 1281 1710 
698 943 1016 1038 1141 1617 1208 1719 1202 1747 1595 1335 1408 963 1149 940 661 726 661 524 455 513 556 687 761 831 1182 1172 1015 1091 1509 1313 1336 1350 
689 1026 1073 1080 1026 1427 1684 1264 1200 1352 1473 1325 1337 1175 1182 743 734 697 595 537 523 556 620 597 708 925 1049 942 1182 1482 1635 1615 1326 1625 
846 742 951 932 1147 1383 1713 1389 1756 1740 1169 1396 1076 929 945 765 747 662 680 572 536 490 501 727 794 943 1155 1143 1367 1203 1438 1626 1335 1393 
725 1023 1023 1133 1309 1502 1293 1318 1695 1674 1718 1480 1469 1338 1136 781 820 581 461 484 585 526 544 711 707 1004 1096 1319 1256 1486 1308 1570 1255 1326 
768 784 1144 1096 1388 1306 1420 1619 1218 1359 1454 1431 1237 1351 1017 946 839 769 459 427 403 526 571 598 624 1018 1054 1020 1107 1141 1677 1271 1487 1195 
833 995 1019 938 1021 1584 1223 1677 1573 1547 1167 1414 1371 1344 923 1038 634 592 562 599 541 527 525 600 715 873 836 1027 1015 1122 1618 1776 1515 1394 
742 783 862 1016 1268 1303 1574 1746 1210 1417 1284 1108 1132 922 1157 998 785 537 649 525 469 445 535 631 846 752 844 1199 1229 1277 1348 1724 1382 1445 
613 962 1125 932 1279 1328 1577 1227 1525 1285 1544 1519 1082 970 840 986 752 635 546 506 451 563 491 582 740 953 1036 1013 1301 1216 1506 1552 1522 1625 
863 975 1121 1203 1207 1553 1572 1657 1786 1719 1614 1199 1219 1067 1105 934 629 564 650 565 543 516 453 618 829 958 1085 1267 1441 1208 1174 1590 1792 1535 
693 980 812 1119 1268 1409 1622 1722 1699 1701 1713 1273 1173 1278 938 808 621 667 663 479 438 598 652 764 665 955 937 991 1295 1245 1575 1404 1209 1703 
739 713 883 1126 1160 1289 1313 1555 1773 1748 1469 1472 1211 1257 1137 724 621 673 481 570 432 599 620 758 641 1006 1107 1144 1054 1109 1684 1490 1452 1308 
790 896 1142 1290 1181 1467 1365 1640 1389 1420 1690 1333 1128 1253 916 946 741 699 498 536 597 614 505 559 835 881 942 1132 1098 1157 1408 1210 1372 1294 
655 983 925 944 1077 1563 1204 1257 1733 1318 1418 1581 1277 1120 1003 931 872 520 633 449 486 483 550 689 637 901 800 1294 1482 1145 1281 1701 1445 1629 
751 846 803 1297 1004 1285 1459 1716 1653 1482 1537 1184 1047 1278 1025 735 613 663 542 454 416 523 543 545 797 880 875 1111 1068 1299 1697 1222 1431 1260 
755 952 1088 1292 1287 1232 1403 1306 1401 1546 1540 1380 1386 1265 1101 1010 784 517 619 605 498 590 580 695 663 896 898 1250 1314 1171 1436 1354 1261 1764 
755 869 1186 965 1499 1325 1157 1761 1402 1443 1428 1608 1003 1197 976 861 885 748 471 533 441 540 670 627 722 759 1014 1095 1251 1480 1161 1509 1359 1434 
617 770 1178 1069 1042 1612 1541 1361 1210 1467 1716 1084 1026 1270 1163 931 647 517 493 476 440 506 469 534 646 761 845 915 1197 1556 1394 1769 1518 1312 
876 979 1088 1266 1489 1177 1715 1264 1798 1697 1421 1448 1181 1233 837 978 646 636 579 527 451 427 520 711 649 844 865 1294 1037 1496 1382 1665 1593 1398 
891 726 816 1049 1202 1481 1369 1694 1558 1302 1530 1488 1288 1203 1163 879 744 542 592 422 424 496 584 753 636 1002 1138 1155 1034 1430 1698 1358 1626 1738 
689 771 1033 926 1319 1261 1215 1764 1667 1562 1518 1187 1155 1193 911 1025 702 539 483 491 473 454 660 711 897 827 886 1052 1381 1418 1527 1729 1663 1510 
660 975 923 1059 1304 1126 1280 1486 1617 1776 1329 1449 1047 1082 909 868 652 747 599 558 402 576 533 633 872 852 823 935 1201 1131 1189 1318 1365 1594 
616 934 986 926 1084 1464 1401 1561 1794 1317 1673 1208 1406 1258 973 740 782 663 623 570 471 460 577 659 885 728 935 1338 1206 1286 1242 1410 1576 1689 
882 1007 926 1260 1484 1429 1415 1527 1553 1602 1698 1462 1223 1011 1024 921 689 750 462 491 574 444 598 736 816 877 1035 1063 1291 1355 1644 1219 1276 1235 
899 885 1072 1138 1499 1497 1592 1496 1394 1303 1197 1268 1444 1141 1067 1022 604 721 674 566 481 459 602 572 898 949 1027 1207 1358 1215 1695 1519 1279 1752 
703 955 1166 1145 1003 1559 1194 1454 1548 1501 1191 1355 1357 917 999 894 685 717 599 582 417 613 593 588 755 855 881 937 1105 1487 1279 1331 1236 1633 
795 817 1057 1099 1014 1547 1424 1695 1623 1538 1228 1535 1151 922 1032 930 846 763 633 446 408 414 491 619 735 1017 1004 1136 1201 1541 1305 1753 1634 1411 
868 801 1015 918 1355 1272 1400 1500 1496 1464 1619 1489 1489 1280 1003 929 724 688 553 443 519 414 608 743 697 773 936 1091 1392 1477 1579 1502 1688 1233 
775 977 1004 905 1028 1498 1237 1491 1239 1457 1685 1418 1185 1231 968 972 776 550 505 569 441 569 671 693 702 981 1086 1093 1226 1313 1317 1676 1640 1324 
744 968 961 1120 1183 1095 1496 1271 1364 1399 1241 1407 1064 1062 1136 914 849 543 550 431 514 451 519 556 765 816 1048 1080 1042 1123 1229 1530 1534 1551 
731 890 878 1139 1322 1088 1221 1394 1647 1474 1549 1408 1080 1133 1006 857 855 548 490 514 533 562 479 720 648 866 1104 1274 1285 1265 1161 1428 1324 1548 
770 1043 1177 1118 1000 1551 1177 1364 1288 1350 1201 1559 1368 1001 825 987 769 727 577 424 513 619 467 644 824 883 944 1000 1255 1097 1634 1760 1344 1726 
864 757 1090 966 1065 1448 1325 1528 1673 1219 1314 1474 1379 1315 989 995 778 748 548 454 481 597 527 556 737 743 1194 1045 1301 1449 1619 1299 1451 1760 
745 827 843 1339 1445 1177 1709 1525 1395 1366 1555 1492 1205 1258 829 772 758 666 540 599 520 429 542 581 828 722 1117 1131 1386 1210 1214 1736 1681 1634 
663 779 968 997 1002 1181 1331 1334 1682 1482 1577 1205 1420 994 834 800 678 633 576 451 459 602 566 538 851 1022 950 1314 1064 1270 1461 1432 1658 1357 
684 796 1112 1292 1056 1527 1718 1769 1629 1352 1343 1217 1318 1124 961 761 882 728 655 561 439 431 512 561 832 887 878 1237 1468 1337 1247 1553 1617 1474 
850 975 1147 1016 1179 1499 1351 1492 1574 1769 1182 1214 1136 1120 980 969 746 635 499 579 532 442 668 763 798 988 1009 903 1477 1332 1567 1395 1363 1430 
633 950 816 967 1292 1609 1329 1330 1557 1557 1390 1309 1279 1068 802 751 662 750 623 512 545 496 557 669 661 716 1082 1246 1153 1570 1608 1378 1617 1441 
689 731 858 974 1330 1131 1607 1584 1505 1664 1490 1252 1472 928 895 713 696 659 630 543 422 447 506 686 635 758 868 1180 1367 1290 1623 1475 1481 1402 
788 711 988 1265 1302 1289 1297 1284 1650 1685 1376 1412 1339 1289 905 846 785 736 622 609 437 575 677 543 877 850 1181 1202 1033 1084 1715 1407 1483 1231 
650 1001 903 1233 1263 1484 1164 1565 1239 1479 1286 1575 1282 1319 1039 952 621 659 453 496 438 544 456 726 884 850 917 926 1199 1236 1693 1285 1657 1200 
709 925 891 1127 1155 1548 1274 1546 1201 1646 1317 1371 1462 1101 959 973 885 627 614 536 544 538 635 576 823 931 926 1341 1099 1462 1639 1296 1726 1227 
