10 6 20
6 50
340 96 85 77 75 77 85 96 112 130 149 
340 129 113 103 100 103 113 129 149 174 199 
340 161 141 129 125 129 141 161 187 217 249 
340 193 170 155 150 155 170 193 224 261 299 
340 226 198 180 175 180 198 226 262 304 349 
100000 6464 5669 5170 5000 5170 5669 6464 7499 8705 9999 
1353 1433 1482 1499 1482 1433 
1555 1091 1047 929 
1484 1354 933 1176 
1529 1039 1260 872 
1141 1247 1312 901 
1137 1259 1335 937 
1230 1071 1026 812 
1459 1109 1162 1135 
1226 1097 1184 1058 
1251 1323 1136 883 
1601 1278 1222 978 
1129 1414 1062 1113 
1203 1493 942 887 
1195 1269 1264 936 
1618 1485 1141 817 
1290 1422 922 848 
1163 1481 1013 996 
1192 1030 1322 895 
1274 1008 926 889 
1279 1018 927 982 
1456 1384 1071 1182 
1504 1426 1220 934 
1195 1410 958 1118 
1386 1439 1207 1109 
1274 1239 1117 1183 
1555 1100 1347 1155 
1219 1437 1125 1142 
1438 1217 1099 926 
1560 1232 1192 1026 
1216 1454 935 1139 
1142 1452 986 1066 
1538 1112 1126 985 
1417 1142 1097 979 
1550 1092 936 1092 
1458 1379 1302 1007 
1187 1052 906 1036 
1566 1270 1013 1099 
1226 1249 1031 999 
1403 1136 1039 1050 
1113 1068 1128 1183 
1296 1385 1218 1184 
1592 1237 1155 971 
1318 1073 1153 1193 
1307 1234 1015 1034 
1375 1154 1354 1120 
1465 1378 1213 1197 
1231 1411 1146 898 
1224 1105 1197 847 
1546 1084 1050 833 
1127 1440 1252 1095 
1599 1177 1039 1043 
