20 3 20
7 50
850 85 96 112 130 149 169 187 203 214 222 225 222 214 203 187 169 150 130 112 96 
850 113 129 149 174 199 225 249 270 286 296 300 296 286 270 250 225 200 174 150 129 
100000 5669 6464 7499 8705 9999 11294 12499 13535 14330 14829 15000 14829 14330 13535 12500 11294 10000 8705 7500 6464 
1433 1353 1250 1129 1000 870 750 
649 543 497 513 491 591 614 729 881 1012 1120 1208 1350 
651 573 521 502 500 593 636 785 856 962 1169 1289 1392 
675 588 509 486 491 548 627 756 877 965 1100 1265 1407 
626 557 492 502 495 549 629 780 905 967 1120 1222 1297 
645 556 538 517 510 588 628 755 827 973 1155 1279 1354 
656 587 522 517 518 543 638 725 890 1018 1087 1306 1323 
645 541 542 523 542 566 639 772 831 971 1122 1254 1375 
635 582 532 478 519 571 656 758 901 984 1177 1256 1354 
659 585 509 498 495 567 655 716 890 989 1102 1297 1362 
674 583 542 508 516 582 639 773 843 951 1123 1285 1323 
644 582 538 519 532 589 658 766 833 985 1139 1265 1292 
646 558 520 484 523 572 663 775 896 1046 1166 1191 1286 
616 565 491 515 525 571 617 732 872 984 1158 1248 1302 
624 556 497 485 498 591 651 713 885 1036 1095 1281 1301 
637 586 513 523 538 570 614 759 913 1011 1076 1308 1409 
639 584 496 516 530 552 632 750 841 994 1120 1302 1297 
622 556 509 485 495 579 616 784 859 1022 1167 1256 1296 
640 557 515 518 499 572 631 724 891 1042 1169 1245 1353 
618 541 513 508 499 560 634 741 886 981 1106 1200 1413 
647 558 500 484 519 554 643 780 872 992 1100 1266 1299 
657 582 510 497 514 573 638 740 834 1046 1096 1243 1340 
623 586 505 518 525 577 647 722 898 983 1094 1232 1321 
616 570 497 506 516 550 623 748 913 1033 1081 1284 1388 
668 540 499 483 535 563 625 773 910 1044 1142 1228 1362 
658 562 522 487 533 545 647 782 880 960 1140 1189 1303 
615 543 537 495 514 570 631 757 830 1004 1158 1272 1344 
646 556 514 477 510 586 627 725 854 1008 1165 1213 1367 
653 583 530 494 542 587 639 741 838 1029 1124 1192 1360 
668 547 508 520 523 549 666 740 911 1039 1164 1201 1303 
649 578 497 489 518 540 623 769 833 975 1158 1227 1346 
623 572 529 523 515 577 648 783 829 1016 1073 1195 1370 
634 586 537 480 530 543 638 714 907 1038 1176 1190 1375 
667 585 519 523 500 587 616 785 912 997 1079 1280 1308 
658 569 540 510 493 582 635 720 885 970 1156 1304 1401 
646 544 539 479 502 590 648 725 877 994 1170 1208 1318 
647 567 535 524 538 593 645 733 854 1041 1121 1197 1390 
649 576 516 505 529 566 631 779 872 1006 1161 1216 1371 
651 575 492 499 529 559 618 749 852 994 1126 1292 1326 
621 588 541 519 506 542 655 725 897 1002 1164 1209 1352 
654 562 529 490 519 543 672 714 888 1040 1161 1255 1299 
635 557 519 513 514 591 640 740 866 991 1094 1275 1364 
635 568 503 507 496 555 658 724 898 1038 1113 1201 1325 
673 569 525 493 507 575 656 777 859 979 1092 1192 1415 
621 548 509 497 507 555 623 745 834 1048 1169 1278 1368 
675 588 493 514 496 554 649 762 832 990 1155 1229 1327 
620 595 521 479 496 541 678 723 862 1028 1140 1241 1340 
665 594 531 489 536 594 662 775 896 1006 1150 1277 1293 
637 543 523 490 512 557 655 747 852 1049 1125 1239 1357 
653 572 534 492 509 583 638 749 842 1019 1154 1251 1313 
643 575 540 510 533 572 675 748 882 1049 1149 1191 1334 
