50 11 20
16 10
170 85 77 75 77 85 96 112 130 149 169 187 203 214 222 225 222 214 203 187 169 150 130 112 96 85 77 75 77 85 96 112 130 149 169 187 203 214 222 225 222 214 203 187 169 150 130 112 96 85 77 
170 113 103 100 103 113 129 149 174 199 225 249 270 286 296 300 296 286 270 250 225 200 174 150 129 113 103 100 103 113 129 149 174 199 225 249 270 286 296 300 296 286 270 250 225 200 174 150 129 113 103 
170 141 129 125 129 141 161 187 217 249 282 312 338 358 370 375 370 358 338 312 282 250 217 187 161 141 129 125 129 141 161 187 217 249 282 312 338 358 370 375 370 358 338 312 282 250 217 187 161 141 129 
170 170 155 150 155 170 193 224 261 299 338 374 406 429 444 450 444 429 406 375 338 300 261 225 193 170 155 150 155 170 193 224 261 299 338 374 406 429 444 450 444 429 406 375 338 300 261 225 193 170 155 
170 198 180 175 180 198 226 262 304 349 395 437 473 501 519 525 519 501 473 437 395 350 304 262 226 198 180 175 180 198 226 262 304 349 395 437 473 501 519 525 519 501 473 437 395 350 304 262 226 198 180 
170 226 206 200 206 226 258 299 348 399 451 499 541 573 593 600 593 573 541 500 451 400 348 300 258 226 206 200 206 226 258 299 348 399 451 499 541 573 593 600 593 573 541 500 451 400 348 300 258 226 206 
170 255 232 225 232 255 290 337 391 449 508 562 609 644 667 675 667 644 609 562 508 450 391 337 290 255 232 225 232 255 290 337 391 449 508 562 609 644 667 675 667 644 609 562 508 450 391 337 290 255 232 
170 283 258 250 258 283 323 374 435 499 564 624 676 716 741 750 741 716 676 625 564 500 435 375 323 283 258 250 258 283 323 374 435 499 564 624 676 716 741 750 741 716 676 625 564 500 435 375 323 283 258 
170 311 284 275 284 311 355 412 478 549 621 687 744 788 815 825 815 788 744 687 621 550 478 412 355 311 284 275 284 311 355 412 478 549 621 687 744 788 815 825 815 788 744 687 621 550 478 412 355 311 284 
170 340 310 300 310 340 387 449 522 599 677 749 812 859 889 900 889 859 812 750 677 600 522 450 387 340 310 300 310 340 387 449 522 599 677 749 812 859 889 900 889 859 812 750 677 600 522 450 387 340 310 
100000 5669 5170 5000 5170 5669 6464 7499 8705 9999 11294 12499 13535 14330 14829 15000 14829 14330 13535 12500 11294 10000 8705 7500 6464 5669 5170 5000 5170 5669 6464 7499 8705 9999 11294 12499 13535 14330 14829 15000 14829 14330 13535 12500 11294 10000 8705 7500 6464 5669 5170 
1433 1482 1499 1482 1433 1353 1250 1129 1000 870 750 646 566 517 500 517 
583 572 651 1023 947 1088 1096 1594 1389 1287 1625 1334 1266 1591 1166 1212 1083 994 855 710 532 488 462 560 586 717 644 909 1115 939 1339 1159 1392 1578 
638 747 681 752 937 1304 1291 1197 1484 1752 1784 1336 1640 1508 1001 973 982 797 622 737 592 432 554 565 511 698 664 1032 1135 1057 1242 1368 1244 1684 
637 547 766 910 998 1212 1035 1175 1298 1651 1415 1269 1191 1354 1375 1020 812 745 624 596 549 494 406 508 582 576 704 702 1007 1002 1376 1612 1241 1473 
673 632 881 704 1039 1040 1315 1424 1300 1280 1468 1247 1643 1089 1442 1342 888 908 759 641 463 612 477 417 569 518 834 954 920 1281 1243 1382 1403 1515 
487 583 854 728 1037 1351 1378 1135 1201 1636 1291 1339 1300 1185 1123 944 1033 808 618 678 493 534 471 616 678 696 832 798 1158 1228 1284 1599 1629 1187 
612 679 790 749 1082 928 1236 1550 1245 1212 1673 1622 1203 1453 1260 1282 834 767 720 582 595 510 465 467 533 664 744 857 1051 1129 1095 1340 1296 1388 
502 646 816 1035 999 1087 1357 1495 1155 1563 1460 1287 1580 1373 1166 1267 1001 854 833 731 556 462 485 460 521 611 793 1008 1137 1123 1430 1086 1579 1484 
480 683 770 1034 1113 971 1247 1092 1507 1288 1302 1496 1280 1556 1446 1227 1198 792 747 773 591 449 475 433 533 693 875 848 815 1238 1325 1482 1687 1596 
574 704 781 795 1093 948 1388 1167 1211 1481 1465 1308 1689 1436 1088 1290 811 871 821 689 615 500 441 465 679 600 768 700 905 1295 1475 1404 1560 1451 
593 670 664 764 1076 1098 1202 1490 1624 1737 1208 1766 1686 1338 1066 1055 1143 798 679 568 539 586 427 564 545 678 877 922 1047 1205 1466 1350 1421 1683 
