10 6 20
4 10
340 96 112 130 149 169 187 203 214 222 225 
340 129 149 174 199 225 249 270 286 296 300 
340 161 187 217 249 282 312 338 358 370 375 
340 193 224 261 299 338 374 406 429 444 450 
340 226 262 304 349 395 437 473 501 519 525 
100000 6464 7499 8705 9999 11294 12499 13535 14330 14829 15000 
1353 1250 1129 1000 
888 907 788 822 313 551 
498 680 391 468 493 703 
439 547 417 608 640 344 
882 481 693 840 209 622 
1315 985 912 255 823 404 
1021 615 979 880 508 665 
1030 541 808 865 731 250 
1135 592 378 682 655 470 
405 313 961 337 420 335 
1387 1103 831 642 312 337 
