5 6 20
4 100
340 85 77 75 77 85 
340 113 103 100 103 113 
340 141 129 125 129 141 
340 170 155 150 155 170 
340 198 180 175 180 198 
100000 5669 5170 5000 5170 5669 
1433 1482 1499 1482 
1476 
1451 
1381 
1403 
1414 
1401 
1413 
1426 
1407 
1391 
1468 
1374 
1371 
1482 
1443 
1384 
1483 
1455 
1427 
1407 
1454 
1393 
1424 
1442 
1461 
1463 
1362 
1497 
1463 
1500 
1382 
1422 
1449 
1391 
1463 
1437 
1364 
1433 
1394 
1483 
1375 
1369 
1441 
1504 
1371 
1432 
1405 
1374 
1382 
1372 
1452 
1416 
1497 
1385 
1390 
1382 
1408 
1470 
1494 
1414 
1450 
1431 
1421 
1408 
1395 
1485 
1435 
1471 
1448 
1387 
1367 
1445 
1414 
1485 
1377 
1477 
1498 
1454 
1502 
1476 
1401 
1414 
1364 
1416 
1465 
1475 
1443 
1495 
1395 
1403 
1422 
1371 
1458 
1454 
1445 
1361 
1380 
1502 
1374 
1379 
