20 6 20
11 50
340 77 75 77 85 96 112 130 149 169 187 203 214 222 225 222 214 203 187 169 150 
340 103 100 103 113 129 149 174 199 225 249 270 286 296 300 296 286 270 250 225 200 
340 129 125 129 141 161 187 217 249 282 312 338 358 370 375 370 358 338 312 282 250 
340 155 150 155 170 193 224 261 299 338 374 406 429 444 450 444 429 406 375 338 300 
340 180 175 180 198 226 262 304 349 395 437 473 501 519 525 519 501 473 437 395 350 
100000 5170 5000 5170 5669 6464 7499 8705 9999 11294 12499 13535 14330 14829 15000 14829 14330 13535 12500 11294 10000 
1482 1499 1482 1433 1353 1250 1129 1000 870 750 646 
649 541 409 475 580 584 794 954 815 
647 511 474 427 510 768 686 877 1173 
667 608 410 481 544 731 899 866 989 
513 590 415 469 471 549 644 852 941 
663 555 493 617 505 608 658 790 1183 
556 606 440 608 575 630 830 1025 1062 
468 598 534 556 593 597 630 971 1185 
679 610 457 431 565 685 657 896 1104 
605 535 440 579 566 528 811 962 876 
532 467 555 572 618 750 662 808 1135 
524 525 443 537 503 689 650 806 1153 
611 528 413 590 486 741 842 883 1036 
582 443 532 533 499 597 695 696 878 
511 523 528 426 529 541 639 852 1017 
603 617 564 588 620 524 652 852 1069 
638 527 516 455 534 712 816 928 1138 
482 561 498 527 597 722 616 931 891 
664 507 468 566 571 611 738 756 1138 
568 550 554 476 647 526 794 987 874 
660 491 517 419 535 604 659 914 1055 
498 564 405 489 537 703 857 881 1105 
511 598 434 558 593 522 853 808 979 
610 552 467 586 551 559 740 834 1015 
567 501 547 524 583 703 694 864 951 
511 444 547 446 661 600 678 977 844 
638 430 586 521 578 762 655 1038 879 
647 436 555 546 556 584 658 923 802 
622 571 525 603 672 744 898 866 1104 
523 444 593 546 525 628 737 826 1114 
479 592 524 453 651 605 853 964 1069 
566 455 536 540 632 684 778 902 918 
674 505 476 514 677 715 897 1032 1018 
557 579 577 559 509 643 639 914 1112 
489 568 511 545 605 741 749 741 1050 
590 593 442 616 467 736 712 971 828 
581 586 592 555 677 747 782 722 1021 
626 592 586 504 631 698 869 879 915 
604 460 581 414 463 553 627 810 966 
479 541 464 419 577 601 836 699 809 
457 452 575 557 601 748 684 1007 1155 
556 513 516 439 532 653 810 971 1195 
582 426 417 489 532 731 874 748 899 
496 453 520 605 532 593 644 1036 955 
639 608 523 441 544 586 850 890 1129 
489 614 578 432 677 578 898 946 992 
472 423 592 607 671 580 654 1040 941 
564 427 555 541 628 767 871 905 889 
679 603 486 528 495 720 769 1001 940 
481 502 507 609 576 715 625 896 1195 
456 605 479 488 629 713 650 805 1145 
