20 2 20
7 100
1700 85 77 75 77 85 96 112 130 149 169 187 203 214 222 225 222 214 203 187 169 
100000 5669 5170 5000 5170 5669 6464 7499 8705 9999 11294 12499 13535 14330 14829 15000 14829 14330 13535 12500 11294 
1433 1482 1499 1482 1433 1353 1250 
1089 1039 831 749 663 581 495 510 528 553 666 746 908 
1137 1028 849 757 650 572 517 506 511 556 668 730 903 
1160 959 838 750 622 578 538 488 518 564 623 736 866 
1101 985 900 770 616 579 528 514 509 579 658 743 893 
1110 997 903 755 618 574 539 481 521 565 614 723 835 
1180 989 847 724 667 579 495 490 537 587 658 718 898 
1161 1035 874 719 617 558 516 515 530 547 669 776 876 
1182 1025 908 762 646 584 508 488 527 588 659 735 878 
1089 1010 850 750 639 567 526 512 530 568 620 740 872 
1180 956 827 726 651 557 516 514 496 549 630 733 871 
1143 974 829 757 615 548 514 518 494 545 656 756 892 
1078 963 866 779 642 561 523 489 515 579 651 763 827 
1126 992 827 779 667 554 530 507 536 560 614 724 909 
1105 962 875 743 622 571 527 500 492 578 650 769 901 
1096 1036 844 737 675 556 499 503 536 588 667 726 899 
1097 982 839 766 670 563 502 485 510 585 639 718 885 
1167 964 879 736 661 584 542 500 516 540 633 763 897 
1117 1041 880 773 645 585 527 517 501 538 652 774 889 
1172 1003 884 777 651 586 500 495 516 575 623 780 837 
1150 1003 877 767 668 593 491 504 516 559 622 758 854 
1132 958 827 755 620 569 521 502 504 553 657 717 885 
1092 965 831 736 666 563 522 493 522 543 678 771 891 
1147 1035 841 774 670 582 492 501 504 540 636 727 878 
1109 1004 872 737 627 569 515 484 513 553 636 722 868 
1086 999 833 773 614 545 507 476 542 593 621 730 879 
1129 1008 842 767 671 538 505 479 531 589 618 721 831 
1077 968 870 758 661 565 492 489 502 563 676 779 827 
1109 1024 886 765 635 544 501 485 498 570 649 771 851 
1184 987 913 744 667 562 491 484 501 589 619 769 862 
1162 1040 868 754 616 571 542 493 533 589 623 712 827 
1147 957 841 774 662 577 541 521 524 539 626 770 848 
1160 961 888 743 641 576 517 492 542 557 662 727 848 
1177 1044 890 732 635 569 533 478 492 544 648 733 859 
1097 968 874 773 617 578 529 503 531 554 650 737 884 
1145 1004 861 745 639 555 521 491 496 579 660 763 907 
1092 1018 865 758 637 543 505 490 528 560 670 730 859 
1129 955 876 728 677 550 526 482 514 579 615 735 878 
1183 1026 828 741 643 569 513 515 525 558 657 758 855 
1079 967 889 757 646 561 513 510 519 561 634 772 845 
1105 1028 868 734 641 554 523 490 498 549 624 756 901 
1086 978 905 744 618 586 532 501 526 556 615 715 871 
1086 1028 836 722 667 586 538 491 529 580 661 719 886 
1094 1002 871 732 634 561 515 502 506 557 621 750 847 
1115 979 898 722 676 562 538 486 506 555 638 714 864 
1132 1032 849 736 651 556 525 479 511 567 635 714 893 
1120 989 871 717 626 564 505 505 523 541 634 748 905 
1087 1039 897 735 617 581 516 485 496 551 635 743 901 
1095 992 897 757 654 541 521 520 522 582 615 778 892 
1163 1047 898 766 651 545 497 514 528 545 615 729 905 
1144 1033 867 719 650 580 528 514 508 560 619 746 864 
1117 1022 891 737 628 555 498 515 508 553 629 776 842 
1166 970 835 782 657 595 492 493 542 576 619 721 912 
1109 994 856 730 624 543 503 494 491 576 652 741 912 
1166 981 870 753 650 572 535 500 501 572 639 762 876 
1073 1029 909 787 656 581 510 512 513 590 644 741 888 
1148 975 897 746 642 583 511 491 513 547 676 713 886 
1073 963 885 724 636 574 508 512 540 541 668 734 908 
1076 1049 904 773 670 586 493 510 529 569 668 719 881 
1166 1007 859 784 642 542 497 490 526 549 621 772 854 
1160 1028 890 713 635 572 508 509 539 575 668 758 868 
1100 1017 830 712 648 558 493 518 494 578 627 768 861 
1172 1044 844 757 672 551 528 505 501 559 618 749 906 
1130 1023 877 732 662 562 506 476 510 551 669 721 836 
1158 1017 873 787 641 565 525 509 509 540 677 768 860 
1152 989 908 723 640 550 534 475 505 588 672 769 904 
1123 987 900 779 626 592 498 489 493 586 663 717 849 
1177 978 848 733 668 571 514 521 521 579 658 782 857 
1119 1003 834 751 670 575 532 485 497 569 651 741 858 
1134 951 835 745 678 591 519 480 526 553 668 716 856 
1087 951 859 733 676 543 520 484 493 588 654 773 842 
1112 979 901 783 616 554 526 497 515 540 626 766 850 
1119 984 883 743 649 589 495 515 500 580 642 745 832 
1098 1013 841 734 626 587 525 504 538 580 639 726 875 
1142 954 839 760 634 576 502 517 508 572 662 773 876 
1114 1019 844 765 622 565 526 496 509 577 626 741 857 
1094 1041 835 770 669 572 539 485 507 564 627 724 832 
1119 995 890 738 666 543 539 519 511 555 630 738 889 
1157 976 830 774 645 591 503 484 536 558 648 774 832 
1150 956 899 751 677 590 533 492 518 592 662 775 878 
1104 1012 828 727 624 571 522 504 494 577 622 733 902 
1082 1015 839 780 669 590 521 518 493 547 630 730 868 
1138 953 841 753 664 555 531 516 535 579 639 755 891 
1169 1046 910 748 653 547 497 511 491 549 673 757 857 
1096 1000 889 780 674 559 540 507 521 553 650 772 897 
1130 951 910 749 624 573 512 494 513 591 646 723 900 
1087 1013 827 773 640 579 516 508 518 580 641 718 866 
1084 1023 913 754 662 552 531 521 507 587 669 744 868 
1123 997 836 776 671 592 521 504 515 592 673 775 836 
1085 1011 858 751 664 556 515 481 541 588 653 747 856 
1104 1012 904 732 617 543 529 479 534 590 638 727 873 
1099 969 854 778 624 562 516 512 504 572 629 786 843 
1102 1002 855 763 630 565 538 524 537 545 621 725 857 
1163 966 852 754 643 547 533 484 516 554 646 771 876 
1117 1025 863 774 621 539 519 476 513 544 673 717 908 
1174 972 844 785 642 582 532 493 538 560 656 739 863 
1074 1018 853 712 644 549 530 475 504 566 651 717 864 
1073 993 906 727 653 574 500 482 512 575 645 714 899 
1179 956 891 777 661 592 524 507 510 547 662 735 893 
1074 1035 895 749 665 555 493 490 538 558 624 754 912 
1177 1026 908 767 651 552 521 494 516 550 653 725 873 
