50 3 20
36 100
850 75 77 85 96 112 130 149 169 187 203 214 222 225 222 214 203 187 169 150 130 112 96 85 77 75 77 85 96 112 130 149 169 187 203 214 222 225 222 214 203 187 169 150 130 112 96 85 77 75 77 
850 100 103 113 129 149 174 199 225 249 270 286 296 300 296 286 270 250 225 200 174 150 129 113 103 100 103 113 129 149 174 199 225 249 270 286 296 300 296 286 270 250 225 200 174 150 129 113 103 100 103 
100000 5000 5170 5669 6464 7499 8705 9999 11294 12499 13535 14330 14829 15000 14829 14330 13535 12500 11294 10000 8705 7500 6464 5669 5170 5000 5170 5669 6464 7499 8705 9999 11294 12499 13535 14330 14829 15000 14829 14330 13535 12500 11294 10000 8705 7500 6464 5669 5170 5000 5170 
1499 1482 1433 1353 1250 1129 1000 870 750 646 566 517 500 517 566 646 749 870 999 1129 1249 1353 1433 1482 1499 1482 1433 1353 1250 1129 1000 870 750 646 566 517 
480 492 571 671 777 859 1002 1132 1218 1410 1490 1420 1478 1418 
517 522 583 677 749 876 1004 1103 1269 1377 1368 1443 1468 1457 
476 525 576 631 723 842 977 1094 1214 1322 1481 1433 1542 1481 
487 505 540 644 758 877 1032 1081 1265 1390 1439 1434 1439 1493 
520 521 539 625 736 872 958 1183 1280 1317 1467 1525 1550 1547 
476 524 561 614 721 886 1012 1122 1283 1288 1426 1451 1535 1413 
494 517 552 626 714 892 1007 1156 1299 1317 1362 1444 1512 1523 
522 518 587 663 763 911 1030 1085 1237 1341 1449 1449 1454 1415 
481 491 561 639 763 848 952 1129 1228 1373 1496 1525 1457 1424 
482 521 588 678 718 885 987 1098 1196 1286 1386 1409 1457 1537 
497 509 566 652 769 847 989 1101 1310 1340 1375 1447 1462 1526 
492 512 579 651 712 857 976 1149 1251 1387 1422 1543 1460 1476 
483 516 588 668 753 840 950 1124 1280 1359 1465 1459 1553 1423 
517 496 576 632 728 834 1034 1092 1278 1390 1486 1440 1554 1509 
477 516 590 669 779 912 1043 1124 1228 1320 1467 1448 1566 1424 
506 529 584 650 739 868 1041 1167 1213 1362 1494 1483 1460 1541 
489 520 594 660 731 889 1003 1141 1305 1349 1381 1432 1444 1454 
498 516 577 659 752 903 980 1083 1244 1381 1479 1516 1453 1409 
492 505 546 653 757 852 1039 1123 1310 1349 1403 1546 1479 1490 
499 530 555 619 763 865 1024 1149 1199 1354 1476 1425 1524 1550 
509 535 553 671 742 854 1026 1147 1226 1363 1489 1531 1450 1510 
478 537 576 639 725 864 962 1119 1257 1325 1419 1409 1456 1521 
511 496 551 627 731 886 1021 1074 1234 1352 1386 1501 1488 1430 
497 497 579 641 748 866 1036 1161 1262 1372 1486 1446 1427 1416 
495 502 593 618 745 885 963 1106 1281 1325 1375 1493 1504 1530 
482 539 562 637 734 911 1001 1164 1293 1330 1419 1423 1489 1443 
514 524 578 650 782 869 1018 1101 1227 1354 1368 1546 1556 1461 
482 494 542 638 726 903 971 1092 1229 1331 1415 1421 1459 1431 
485 506 567 639 718 889 1044 1130 1270 1357 1489 1475 1526 1464 
494 523 583 622 774 855 971 1111 1247 1359 1393 1423 1534 1488 
480 521 560 638 764 907 1040 1145 1302 1380 1481 1473 1535 1510 
492 498 584 624 734 892 962 1126 1229 1365 1374 1554 1571 1541 
491 505 585 628 750 889 1029 1104 1277 1307 1493 1534 1491 1544 
482 529 581 670 716 839 1047 1167 1260 1357 1500 1532 1433 1463 
517 526 556 662 776 863 971 1119 1226 1287 1458 1410 1515 1516 
478 503 582 663 743 880 1030 1143 1206 1373 1417 1477 1550 1412 
520 504 573 649 755 903 1036 1156 1265 1401 1461 1473 1458 1418 
521 519 548 676 718 856 1047 1159 1292 1306 1423 1414 1438 1434 
488 500 557 622 785 859 1036 1115 1229 1304 1463 1462 1562 1481 
490 542 591 651 729 890 1017 1166 1298 1296 1377 1485 1481 1446 
507 534 565 651 771 850 957 1140 1272 1342 1484 1468 1450 1426 
508 540 565 667 731 835 958 1114 1300 1313 1486 1531 1527 1511 
484 528 578 657 782 852 967 1079 1194 1291 1471 1413 1573 1439 
518 520 542 649 731 885 1003 1181 1190 1305 1405 1454 1432 1483 
523 495 586 663 729 840 967 1075 1216 1330 1396 1433 1454 1549 
518 534 558 625 742 835 951 1103 1276 1361 1470 1495 1466 1535 
484 511 564 676 760 854 1048 1098 1204 1381 1492 1517 1572 1472 
523 532 554 648 752 856 1017 1108 1207 1369 1497 1439 1425 1479 
490 542 590 632 734 885 1014 1165 1190 1397 1492 1462 1556 1460 
511 496 542 657 776 843 983 1117 1265 1368 1411 1444 1437 1420 
513 511 584 622 774 830 955 1168 1202 1334 1483 1421 1538 1486 
509 531 556 624 726 847 1034 1153 1267 1410 1415 1448 1535 1505 
486 498 557 663 739 907 1002 1080 1235 1315 1364 1451 1453 1510 
476 525 590 672 755 865 983 1105 1252 1304 1380 1535 1461 1543 
494 540 549 630 758 899 977 1106 1259 1290 1400 1511 1506 1496 
493 527 593 616 775 851 954 1079 1191 1376 1469 1410 1531 1499 
486 539 586 642 737 860 953 1083 1225 1378 1432 1508 1457 1411 
519 503 558 666 777 874 1036 1168 1274 1354 1386 1506 1542 1422 
493 525 564 635 781 864 1030 1083 1201 1356 1502 1504 1508 1508 
515 502 542 631 782 897 978 1089 1251 1364 1403 1507 1527 1524 
514 542 580 660 785 888 967 1160 1239 1336 1466 1534 1515 1481 
501 504 543 638 731 877 1040 1106 1271 1326 1407 1472 1499 1548 
506 498 575 636 777 908 952 1172 1221 1376 1503 1456 1487 1470 
497 542 576 644 777 837 961 1183 1194 1390 1421 1507 1440 1483 
519 496 553 620 727 913 963 1109 1289 1412 1364 1447 1573 1435 
513 498 544 665 786 843 964 1155 1298 1321 1401 1441 1528 1431 
490 494 591 616 781 845 995 1171 1227 1294 1419 1506 1505 1418 
489 537 583 676 718 853 962 1112 1263 1338 1475 1505 1457 1490 
510 514 586 641 731 850 1010 1111 1283 1337 1493 1469 1464 1449 
497 498 561 676 758 837 983 1170 1212 1374 1442 1483 1539 1549 
495 527 550 659 714 883 991 1142 1294 1304 1397 1517 1465 1531 
513 502 554 654 784 864 974 1174 1190 1378 1391 1522 1447 1546 
475 504 548 648 764 867 1042 1106 1223 1331 1437 1426 1533 1503 
512 509 580 638 732 839 1007 1101 1235 1418 1413 1510 1536 1501 
475 526 575 659 751 849 1022 1091 1232 1361 1381 1513 1428 1505 
501 525 562 667 763 843 1047 1120 1308 1337 1409 1457 1550 1428 
501 531 551 636 734 891 965 1116 1262 1377 1441 1437 1435 1521 
492 501 553 635 784 854 997 1167 1231 1297 1390 1554 1513 1475 
510 500 549 617 712 842 962 1140 1258 1299 1479 1442 1458 1458 
476 508 564 672 772 902 994 1150 1265 1352 1417 1547 1544 1514 
482 524 544 629 774 841 952 1157 1246 1357 1411 1476 1473 1418 
501 508 587 654 764 881 962 1177 1238 1371 1440 1504 1499 1551 
507 513 580 652 712 880 1017 1180 1283 1392 1451 1422 1443 1415 
524 510 539 615 780 882 990 1132 1229 1350 1455 1535 1550 1451 
523 528 584 666 764 894 1016 1082 1239 1375 1462 1434 1513 1501 
476 531 572 647 741 834 955 1123 1217 1412 1400 1502 1570 1499 
504 533 564 642 757 827 1048 1129 1301 1351 1467 1469 1501 1435 
515 532 556 636 784 857 952 1113 1195 1387 1484 1543 1512 1535 
490 496 584 621 744 831 986 1138 1284 1315 1458 1530 1529 1434 
518 522 588 622 773 834 1044 1153 1295 1311 1500 1493 1545 1529 
513 494 578 670 776 890 980 1117 1268 1399 1415 1556 1473 1503 
512 537 560 649 761 877 1009 1081 1285 1371 1424 1495 1564 1487 
500 529 570 619 722 885 956 1106 1272 1401 1378 1444 1532 1498 
476 535 568 624 737 845 980 1120 1243 1295 1386 1435 1570 1463 
511 539 540 643 723 830 1007 1154 1218 1366 1485 1454 1434 1475 
481 529 540 668 754 839 965 1100 1273 1365 1466 1510 1470 1506 
505 501 588 651 767 894 1029 1173 1296 1319 1394 1438 1480 1522 
476 537 580 617 744 860 1048 1089 1305 1383 1422 1555 1479 1437 
521 508 594 664 742 869 970 1174 1225 1321 1439 1495 1449 1520 
483 510 580 628 726 906 1041 1165 1228 1412 1495 1438 1555 1446 
