50 6 20
16 5
340 85 77 75 77 85 96 112 130 149 169 187 203 214 222 225 222 214 203 187 169 150 130 112 96 85 77 75 77 85 96 112 130 149 169 187 203 214 222 225 222 214 203 187 169 150 130 112 96 85 77 
340 113 103 100 103 113 129 149 174 199 225 249 270 286 296 300 296 286 270 250 225 200 174 150 129 113 103 100 103 113 129 149 174 199 225 249 270 286 296 300 296 286 270 250 225 200 174 150 129 113 103 
340 141 129 125 129 141 161 187 217 249 282 312 338 358 370 375 370 358 338 312 282 250 217 187 161 141 129 125 129 141 161 187 217 249 282 312 338 358 370 375 370 358 338 312 282 250 217 187 161 141 129 
340 170 155 150 155 170 193 224 261 299 338 374 406 429 444 450 444 429 406 375 338 300 261 225 193 170 155 150 155 170 193 224 261 299 338 374 406 429 444 450 444 429 406 375 338 300 261 225 193 170 155 
340 198 180 175 180 198 226 262 304 349 395 437 473 501 519 525 519 501 473 437 395 350 304 262 226 198 180 175 180 198 226 262 304 349 395 437 473 501 519 525 519 501 473 437 395 350 304 262 226 198 180 
100000 5669 5170 5000 5170 5669 6464 7499 8705 9999 11294 12499 13535 14330 14829 15000 14829 14330 13535 12500 11294 10000 8705 7500 6464 5669 5170 5000 5170 5669 6464 7499 8705 9999 11294 12499 13535 14330 14829 15000 14829 14330 13535 12500 11294 10000 8705 7500 6464 5669 5170 
1433 1482 1499 1482 1433 1353 1250 1129 1000 870 750 646 566 517 500 517 
566 644 784 866 1010 1183 1278 1319 1463 1540 1466 1412 1450 1417 1190 1133 1003 893 745 662 589 512 486 528 575 624 761 901 988 1129 1221 1318 1369 1435 
563 642 768 858 1034 1090 1221 1315 1459 1456 1567 1548 1417 1299 1240 1152 1017 837 775 643 595 524 487 497 586 668 756 834 968 1184 1307 1349 1431 1514 
589 623 750 832 1041 1077 1232 1360 1400 1489 1436 1409 1404 1372 1200 1110 951 884 785 677 570 496 504 504 545 652 746 859 1029 1103 1198 1307 1380 1526 
546 643 782 849 987 1101 1278 1293 1362 1449 1555 1435 1457 1329 1230 1172 979 828 747 625 563 502 501 502 550 661 741 901 965 1158 1224 1365 1450 1472 
584 620 770 831 971 1141 1257 1354 1370 1449 1465 1424 1437 1398 1261 1145 958 892 782 669 541 542 478 540 583 668 755 876 1041 1146 1227 1372 1403 1431 
