5 6 20
2 50
340 150 130 112 96 85 
340 200 174 150 129 113 
340 250 217 187 161 141 
340 300 261 225 193 170 
340 350 304 262 226 198 
100000 10000 8705 7500 6464 5669 
1000 1129 
1234 1334 1483 
1213 1362 1483 
1259 1315 1448 
1292 1338 1382 
1280 1357 1413 
1200 1320 1484 
1287 1323 1459 
1219 1406 1425 
1232 1331 1396 
1257 1337 1432 
1228 1293 1441 
1225 1401 1480 
1248 1378 1406 
1215 1336 1496 
1270 1302 1438 
1242 1326 1454 
1243 1289 1421 
1216 1299 1382 
1286 1392 1446 
1266 1314 1466 
1285 1415 1425 
1249 1389 1409 
1196 1332 1382 
1197 1291 1377 
1295 1385 1407 
1273 1343 1435 
1233 1403 1423 
1230 1412 1417 
1211 1309 1492 
1279 1320 1485 
1268 1367 1482 
1223 1353 1442 
1285 1402 1368 
1292 1291 1404 
1282 1376 1429 
1282 1348 1398 
1299 1292 1430 
1282 1418 1398 
1282 1321 1387 
1233 1400 1397 
1216 1305 1364 
1250 1324 1368 
1252 1411 1413 
1233 1295 1395 
1203 1312 1457 
1190 1365 1454 
1302 1299 1492 
1300 1391 1455 
1291 1329 1366 
1211 1391 1416 
