5 11 20
2 50
170 112 96 85 77 75 
170 150 129 113 103 100 
170 187 161 141 129 125 
170 225 193 170 155 150 
170 262 226 198 180 175 
170 300 258 226 206 200 
170 337 290 255 232 225 
170 375 323 283 258 250 
170 412 355 311 284 275 
170 450 387 340 310 300 
100000 7500 6464 5669 5170 5000 
1249 1353 
1630 1384 1268 
1327 1619 1788 
1488 1559 1472 
1161 1326 1273 
1444 1686 1649 
1523 1672 1718 
1161 1464 1449 
1198 1193 1448 
1251 1207 1332 
1305 1352 1333 
1507 1767 1727 
1614 1277 1219 
1250 1481 1450 
1199 1270 1288 
1175 1744 1731 
1411 1321 1650 
1316 1234 1599 
1705 1618 1393 
1600 1600 1389 
1210 1376 1680 
1639 1314 1758 
1591 1629 1417 
1316 1515 1721 
1341 1275 1293 
1163 1587 1575 
1450 1647 1785 
1490 1447 1303 
1460 1322 1621 
1381 1399 1451 
1519 1670 1777 
1404 1281 1284 
1407 1451 1246 
1526 1236 1774 
1371 1197 1552 
1326 1192 1374 
1628 1200 1472 
1293 1752 1744 
1345 1382 1415 
1247 1197 1264 
1153 1310 1243 
1163 1365 1330 
1308 1249 1645 
1442 1550 1309 
1183 1567 1662 
1546 1649 1212 
1185 1448 1703 
1376 1777 1336 
1394 1651 1387 
1718 1530 1236 
1150 1369 1538 
