10 3 20
8 100
850 96 112 130 149 169 187 203 214 222 225 
850 129 149 174 199 225 249 270 286 296 300 
100000 6464 7499 8705 9999 11294 12499 13535 14330 14829 15000 
1353 1250 1129 1000 870 750 646 566 
268 650 
709 764 
249 387 
604 287 
598 348 
505 293 
608 322 
335 419 
402 737 
357 390 
267 326 
585 437 
802 413 
736 774 
456 595 
229 310 
354 249 
550 526 
583 244 
801 309 
314 704 
532 254 
824 574 
695 437 
215 257 
661 579 
613 466 
770 378 
508 360 
293 552 
464 704 
254 569 
456 725 
392 789 
293 414 
327 208 
622 526 
402 535 
471 641 
495 574 
611 736 
324 653 
616 635 
781 480 
779 378 
532 539 
480 677 
416 647 
441 513 
594 355 
457 622 
500 210 
668 344 
801 797 
449 767 
681 337 
477 448 
821 382 
217 246 
414 584 
711 535 
461 461 
580 751 
449 568 
701 726 
646 558 
503 574 
216 372 
742 366 
299 231 
626 580 
394 266 
467 350 
275 264 
813 498 
765 362 
547 583 
699 777 
429 542 
766 786 
288 363 
404 464 
695 557 
288 581 
415 485 
321 562 
466 287 
695 732 
515 478 
277 331 
293 767 
505 519 
430 554 
370 273 
528 250 
595 388 
641 499 
713 470 
268 241 
348 556 
