10 3 20
4 100
850 130 112 96 85 77 75 77 85 96 112 
850 174 150 129 113 103 100 103 113 129 149 
100000 8705 7500 6464 5669 5170 5000 5170 5669 6464 7499 
1129 1249 1353 1433 
1531 1431 1466 1396 1398 1264 
1440 1465 1542 1501 1328 1280 
1438 1566 1527 1387 1286 1261 
1441 1440 1533 1466 1355 1189 
1524 1551 1510 1391 1347 1303 
1478 1529 1509 1439 1376 1196 
1432 1506 1463 1468 1324 1258 
1523 1460 1475 1493 1407 1196 
1540 1426 1526 1498 1349 1280 
1488 1520 1479 1390 1383 1229 
1517 1427 1508 1361 1306 1262 
1416 1472 1431 1488 1307 1279 
1531 1505 1487 1430 1352 1230 
1438 1533 1465 1484 1313 1295 
1434 1544 1503 1405 1302 1242 
1546 1495 1474 1433 1366 1234 
1513 1513 1433 1479 1415 1301 
1483 1460 1456 1398 1318 1223 
1511 1554 1486 1421 1336 1218 
1540 1470 1448 1456 1325 1234 
1473 1450 1447 1433 1370 1189 
1424 1570 1503 1410 1317 1272 
1420 1554 1471 1496 1340 1258 
1429 1522 1522 1373 1391 1210 
1496 1539 1535 1500 1345 1195 
1418 1559 1552 1425 1320 1258 
1507 1447 1434 1453 1298 1209 
1418 1454 1462 1498 1289 1223 
1491 1540 1419 1476 1389 1261 
1554 1535 1498 1423 1383 1283 
1512 1531 1499 1455 1303 1290 
1416 1573 1451 1429 1400 1311 
1419 1556 1420 1487 1286 1234 
1484 1484 1424 1451 1350 1213 
1422 1564 1442 1435 1396 1285 
1510 1550 1469 1397 1377 1206 
1434 1468 1464 1411 1362 1252 
1449 1472 1467 1460 1322 1247 
1486 1465 1435 1382 1315 1235 
1464 1503 1482 1450 1382 1274 
1481 1544 1492 1436 1323 1229 
1424 1516 1434 1409 1361 1238 
1545 1543 1512 1452 1387 1228 
1444 1567 1528 1470 1342 1200 
1543 1538 1466 1452 1293 1206 
1515 1449 1515 1492 1386 1235 
1460 1510 1533 1498 1297 1299 
1485 1449 1425 1469 1347 1275 
1505 1571 1436 1428 1296 1303 
1514 1511 1414 1493 1384 1269 
1439 1571 1504 1434 1346 1196 
1440 1457 1410 1434 1408 1295 
1508 1482 1521 1481 1317 1294 
1553 1571 1478 1404 1405 1240 
1540 1551 1504 1443 1327 1253 
1439 1561 1516 1435 1414 1195 
1477 1523 1490 1363 1287 1276 
1472 1529 1492 1459 1339 1295 
1518 1500 1523 1452 1341 1239 
1515 1490 1432 1436 1404 1291 
1446 1526 1443 1495 1384 1209 
1440 1554 1468 1434 1412 1189 
1471 1527 1501 1441 1316 1206 
1425 1559 1470 1372 1350 1259 
1487 1562 1506 1410 1303 1308 
1436 1546 1449 1500 1392 1249 
1509 1471 1423 1456 1385 1310 
1428 1522 1508 1491 1396 1219 
1553 1514 1441 1476 1340 1301 
1527 1488 1514 1484 1322 1210 
1469 1445 1470 1457 1366 1244 
1478 1512 1465 1396 1335 1305 
1523 1552 1485 1445 1356 1290 
1467 1472 1550 1406 1365 1272 
1435 1475 1487 1433 1382 1285 
1515 1461 1545 1499 1358 1226 
1452 1523 1477 1416 1420 1223 
1535 1560 1511 1417 1289 1274 
1422 1552 1538 1361 1308 1194 
1514 1549 1491 1451 1364 1297 
1425 1527 1520 1504 1416 1231 
1495 1476 1452 1441 1359 1228 
1409 1530 1486 1427 1351 1228 
1442 1437 1531 1414 1399 1221 
1475 1432 1505 1473 1382 1192 
1547 1474 1457 1365 1382 1207 
1431 1450 1512 1374 1333 1265 
1420 1431 1445 1465 1340 1217 
1409 1556 1447 1370 1357 1281 
1554 1548 1482 1502 1297 1222 
1432 1544 1510 1409 1372 1281 
1491 1523 1478 1397 1302 1263 
1420 1543 1414 1416 1408 1258 
1502 1513 1549 1460 1401 1209 
1459 1470 1420 1369 1398 1191 
1449 1470 1517 1373 1287 1202 
1432 1463 1528 1451 1315 1239 
1434 1523 1546 1424 1418 1242 
1484 1485 1472 1446 1401 1302 
1461 1450 1519 1408 1286 1200 
