20 3 20
7 5
850 112 96 85 77 75 77 85 96 112 130 149 169 187 203 214 222 225 222 214 203 
850 150 129 113 103 100 103 113 129 149 174 199 225 249 270 286 296 300 296 286 270 
100000 7500 6464 5669 5170 5000 5170 5669 6464 7499 8705 9999 11294 12499 13535 14330 14829 15000 14829 14330 13535 
1249 1353 1433 1482 1499 1482 1433 
1339 1226 1140 973 866 786 649 583 531 509 512 546 623 
1344 1278 1140 1018 904 758 662 543 507 521 526 574 658 
1378 1312 1081 1001 873 771 655 554 507 488 538 590 637 
1327 1205 1128 1004 881 762 632 583 527 513 515 592 640 
1286 1271 1176 976 830 757 658 551 501 524 514 553 666 
