5 11 20
2 50
170 75 77 85 96 112 
170 100 103 113 129 149 
170 125 129 141 161 187 
170 150 155 170 193 224 
170 175 180 198 226 262 
170 200 206 226 258 299 
170 225 232 255 290 337 
170 250 258 283 323 374 
170 275 284 311 355 412 
170 300 310 340 387 449 
100000 5000 5170 5669 6464 7499 
1499 1482 
1567 1751 588 
2189 1406 1136 
757 1163 1840 
2152 2098 1477 
862 903 1345 
1540 1171 930 
1348 2033 1253 
1780 577 1217 
1994 925 996 
1456 1778 1330 
1082 586 1247 
2226 1901 865 
2193 1407 1818 
1339 1439 1169 
1804 1800 1009 
2086 1661 601 
1804 1062 1477 
1145 1265 1415 
901 2106 1071 
1590 663 911 
971 1652 1837 
1353 655 867 
1174 1416 1694 
655 884 1235 
1054 1728 990 
2244 1187 1331 
1829 2042 1535 
1114 1000 1287 
2033 1765 1713 
1669 1772 966 
958 1074 954 
1540 1492 1338 
1742 844 1360 
1675 1190 1709 
1164 1430 1600 
1506 912 1512 
1940 1576 895 
839 2154 1953 
2281 1021 596 
1996 1416 896 
1286 1800 1081 
1592 2127 1908 
2078 1516 961 
1597 1893 1000 
831 1130 1039 
770 815 1805 
926 1004 619 
982 1691 876 
2123 869 1667 
1281 1411 871 
