20 6 20
15 50
340 77 85 96 112 130 149 169 187 203 214 222 225 222 214 203 187 169 150 130 112 
340 103 113 129 149 174 199 225 249 270 286 296 300 296 286 270 250 225 200 174 150 
340 129 141 161 187 217 249 282 312 338 358 370 375 370 358 338 312 282 250 217 187 
340 155 170 193 224 261 299 338 374 406 429 444 450 444 429 406 375 338 300 261 225 
340 180 198 226 262 304 349 395 437 473 501 519 525 519 501 473 437 395 350 304 262 
100000 5170 5669 6464 7499 8705 9999 11294 12499 13535 14330 14829 15000 14829 14330 13535 12500 11294 10000 8705 7500 
1482 1433 1353 1250 1129 1000 870 750 646 566 517 500 517 566 646 
334 1291 1449 1017 1166 
1029 1014 490 1019 1514 
978 695 1097 617 1136 
1104 775 921 623 1705 
1039 546 1145 1563 1903 
631 846 640 1240 768 
729 1254 1210 874 1604 
685 395 1401 1646 510 
1024 826 563 947 1790 
642 1032 743 1331 1167 
1148 1045 1255 1538 1580 
592 538 1391 530 1924 
1000 859 570 711 1132 
1115 871 822 509 915 
342 1017 1224 1746 1650 
720 876 1402 1016 1612 
963 1186 463 1333 878 
707 1135 1445 1511 1699 
629 1084 881 710 1440 
376 734 588 1133 1907 
1138 769 506 1622 721 
898 1296 1116 967 1471 
1169 593 998 1504 1095 
908 785 1548 497 901 
349 432 1326 587 945 
743 399 1533 562 698 
563 644 609 1228 1516 
668 1123 1211 504 596 
582 428 739 1242 846 
507 491 415 667 827 
833 524 1346 526 1800 
402 642 1239 784 515 
828 860 1169 1571 807 
514 564 1422 1117 1508 
1076 888 528 1094 591 
705 1076 1143 1337 905 
652 596 618 548 859 
934 829 480 638 814 
995 731 861 1111 1305 
614 790 1536 1516 1420 
1098 1320 754 1740 1291 
555 1097 808 627 1994 
788 770 401 597 904 
587 486 1122 1238 1441 
857 886 1483 1726 1162 
1170 544 1577 723 1008 
518 1346 1467 888 1215 
932 674 453 970 1403 
509 351 1148 1418 1763 
314 395 514 1350 1874 
