20 6 20
7 10
340 77 75 77 85 96 112 130 149 169 187 203 214 222 225 222 214 203 187 169 150 
340 103 100 103 113 129 149 174 199 225 249 270 286 296 300 296 286 270 250 225 200 
340 129 125 129 141 161 187 217 249 282 312 338 358 370 375 370 358 338 312 282 250 
340 155 150 155 170 193 224 261 299 338 374 406 429 444 450 444 429 406 375 338 300 
340 180 175 180 198 226 262 304 349 395 437 473 501 519 525 519 501 473 437 395 350 
100000 5170 5000 5170 5669 6464 7499 8705 9999 11294 12499 13535 14330 14829 15000 14829 14330 13535 12500 11294 10000 
1482 1499 1482 1433 1353 1250 1129 
859 1338 1105 429 878 501 583 696 591 893 780 1202 1412 
562 1003 399 346 405 388 438 278 577 424 523 1165 1215 
1323 1179 661 501 586 283 710 776 284 755 1048 462 1530 
763 955 615 776 240 225 420 231 289 931 1037 769 426 
986 692 1157 671 427 496 296 305 437 858 369 598 1095 
915 1078 889 517 669 307 290 435 508 986 854 1001 1119 
1333 471 685 373 646 253 412 410 329 562 483 1081 781 
1484 385 1093 555 892 671 612 746 643 378 994 386 1445 
446 697 413 269 333 824 262 300 668 599 402 1151 1392 
1500 710 1175 894 356 558 679 225 250 262 674 1271 1437 
