10 6 20
6 50
340 112 96 85 77 75 77 85 96 112 130 
340 150 129 113 103 100 103 113 129 149 174 
340 187 161 141 129 125 129 141 161 187 217 
340 225 193 170 155 150 155 170 193 224 261 
340 262 226 198 180 175 180 198 226 262 304 
100000 7500 6464 5669 5170 5000 5170 5669 6464 7499 8705 
1249 1353 1433 1482 1499 1482 
1263 1466 1212 736 
760 900 1391 1044 
982 1670 1553 696 
2029 935 911 1564 
2053 1151 1102 1401 
2138 1738 586 1391 
1417 2150 954 1765 
1508 1275 897 1022 
667 1640 871 1431 
1867 1725 1701 1109 
1455 1107 660 1106 
1537 1715 1271 1014 
665 715 1365 690 
836 2143 1140 583 
866 564 1763 630 
2091 1255 1755 1072 
1624 939 686 1064 
848 1692 953 1159 
920 1542 641 1475 
939 1903 1243 1603 
1509 1333 753 864 
1820 1165 1899 910 
1594 604 1519 1122 
1169 1966 1371 1011 
752 2042 1866 1441 
711 1618 1005 1239 
2217 1023 535 1357 
1510 730 1077 949 
1179 887 1765 1590 
764 918 1135 1294 
2114 1206 1299 1330 
2140 1498 1662 726 
1495 1280 697 1449 
1831 1662 1045 504 
1252 994 1960 1447 
1891 1642 1356 1206 
1371 657 1975 971 
1022 1229 1950 1123 
885 1454 1763 490 
610 2152 1875 570 
2085 1636 543 1116 
1947 1322 587 1285 
759 1430 1614 873 
1528 927 1489 925 
2010 2076 1537 963 
1600 1267 1773 1608 
1473 587 1644 1691 
1586 700 1581 1358 
699 1369 1348 1614 
1327 1061 973 959 
