5 3 20
3 100
850 85 96 112 130 149 
850 113 129 149 174 199 
100000 5669 6464 7499 8705 9999 
1433 1353 1250 
1267 847 
1071 1146 
1187 834 
1160 1128 
1188 1194 
1183 1189 
1178 1089 
1112 810 
1070 1045 
1103 1056 
1090 894 
938 1177 
1247 1126 
1049 1066 
1318 884 
1350 1102 
1102 836 
1156 1112 
931 968 
960 801 
1296 1130 
1203 978 
1117 1178 
1059 1120 
1198 945 
966 1009 
1111 878 
1081 1180 
999 1184 
1189 1123 
1078 1117 
1024 1165 
1289 1044 
1115 983 
1094 933 
1311 1071 
990 1094 
1148 914 
1195 810 
1032 992 
1341 1106 
1174 1166 
1158 880 
1310 965 
1008 1037 
1307 1135 
1341 1078 
1168 1162 
1305 1155 
997 929 
987 851 
1236 831 
1198 918 
1021 887 
1218 804 
1309 1191 
1055 1010 
1120 1040 
964 1115 
1234 1069 
1150 913 
975 937 
1199 1082 
1065 900 
1237 842 
1346 1007 
1212 1030 
931 1061 
1198 823 
1320 1074 
920 966 
1079 967 
955 921 
1143 832 
1090 1187 
1183 916 
1007 1024 
1164 1052 
1028 826 
1167 1075 
1326 967 
940 1160 
941 1166 
1311 827 
1326 1016 
1229 1144 
1319 890 
1157 861 
908 1096 
1172 1028 
1128 885 
1303 816 
1218 1172 
1080 1089 
1134 999 
1293 870 
1063 1176 
1312 819 
1082 1145 
1303 885 
