50 11 20
16 100
170 85 77 75 77 85 96 112 130 149 169 187 203 214 222 225 222 214 203 187 169 150 130 112 96 85 77 75 77 85 96 112 130 149 169 187 203 214 222 225 222 214 203 187 169 150 130 112 96 85 77 
170 113 103 100 103 113 129 149 174 199 225 249 270 286 296 300 296 286 270 250 225 200 174 150 129 113 103 100 103 113 129 149 174 199 225 249 270 286 296 300 296 286 270 250 225 200 174 150 129 113 103 
170 141 129 125 129 141 161 187 217 249 282 312 338 358 370 375 370 358 338 312 282 250 217 187 161 141 129 125 129 141 161 187 217 249 282 312 338 358 370 375 370 358 338 312 282 250 217 187 161 141 129 
170 170 155 150 155 170 193 224 261 299 338 374 406 429 444 450 444 429 406 375 338 300 261 225 193 170 155 150 155 170 193 224 261 299 338 374 406 429 444 450 444 429 406 375 338 300 261 225 193 170 155 
170 198 180 175 180 198 226 262 304 349 395 437 473 501 519 525 519 501 473 437 395 350 304 262 226 198 180 175 180 198 226 262 304 349 395 437 473 501 519 525 519 501 473 437 395 350 304 262 226 198 180 
170 226 206 200 206 226 258 299 348 399 451 499 541 573 593 600 593 573 541 500 451 400 348 300 258 226 206 200 206 226 258 299 348 399 451 499 541 573 593 600 593 573 541 500 451 400 348 300 258 226 206 
170 255 232 225 232 255 290 337 391 449 508 562 609 644 667 675 667 644 609 562 508 450 391 337 290 255 232 225 232 255 290 337 391 449 508 562 609 644 667 675 667 644 609 562 508 450 391 337 290 255 232 
170 283 258 250 258 283 323 374 435 499 564 624 676 716 741 750 741 716 676 625 564 500 435 375 323 283 258 250 258 283 323 374 435 499 564 624 676 716 741 750 741 716 676 625 564 500 435 375 323 283 258 
170 311 284 275 284 311 355 412 478 549 621 687 744 788 815 825 815 788 744 687 621 550 478 412 355 311 284 275 284 311 355 412 478 549 621 687 744 788 815 825 815 788 744 687 621 550 478 412 355 311 284 
170 340 310 300 310 340 387 449 522 599 677 749 812 859 889 900 889 859 812 750 677 600 522 450 387 340 310 300 310 340 387 449 522 599 677 749 812 859 889 900 889 859 812 750 677 600 522 450 387 340 310 
100000 5669 5170 5000 5170 5669 6464 7499 8705 9999 11294 12499 13535 14330 14829 15000 14829 14330 13535 12500 11294 10000 8705 7500 6464 5669 5170 5000 5170 5669 6464 7499 8705 9999 11294 12499 13535 14330 14829 15000 14829 14330 13535 12500 11294 10000 8705 7500 6464 5669 5170 
1433 1482 1499 1482 1433 1353 1250 1129 1000 870 750 646 566 517 500 517 
506 660 656 950 1046 1064 1311 1521 1415 1660 1472 1400 1227 1315 1376 1124 1139 868 781 519 557 614 566 543 637 763 836 1035 995 1256 1372 1488 1298 1762 
469 684 666 815 1074 1040 1371 1263 1696 1778 1390 1191 1503 1245 1228 1203 1111 836 773 661 594 485 441 557 666 740 696 744 813 923 1095 1550 1189 1534 
586 659 775 965 1056 1053 1023 1606 1297 1756 1386 1677 1377 1270 1417 1315 824 1026 717 767 528 616 461 530 535 756 854 803 1032 1022 1419 1291 1698 1760 
478 669 837 929 1138 1186 1331 1617 1418 1687 1272 1777 1231 1173 1381 1034 969 840 647 674 510 564 481 519 642 609 817 714 989 1113 1412 1583 1159 1321 
575 532 887 1018 968 960 1371 1201 1580 1731 1535 1418 1588 1132 1482 1218 960 771 783 673 560 539 519 436 597 764 765 991 1146 946 1027 1216 1687 1224 
555 620 797 962 1084 1314 1091 1222 1364 1422 1431 1303 1274 1586 1238 1030 1074 707 834 589 617 531 406 525 481 554 899 869 1159 1040 1395 1130 1641 1302 
615 678 884 1035 1192 905 1195 1407 1219 1658 1430 1370 1450 1156 1125 1102 1115 1015 828 733 537 458 539 530 532 643 668 747 1031 1074 1101 1103 1233 1652 
676 661 737 1041 1135 1355 1367 1309 1490 1268 1452 1747 1459 1548 1080 1023 892 734 841 581 513 600 452 573 606 677 758 705 1177 1017 1372 1439 1329 1723 
598 749 733 764 866 1330 1494 1518 1563 1617 1369 1726 1597 1307 1308 1208 891 948 680 662 524 497 567 550 584 766 609 959 997 906 1215 1271 1298 1331 
542 614 778 903 1055 1261 1373 1263 1510 1664 1663 1659 1362 1580 1119 1171 1054 879 685 718 521 476 476 615 652 532 783 1019 1102 1048 1400 1297 1340 1380 
549 758 782 932 998 1115 1127 1275 1400 1296 1760 1371 1236 1430 1376 1072 872 912 779 689 526 555 472 469 574 743 811 815 970 1156 1202 1314 1293 1698 
663 552 812 931 902 1338 1170 1462 1536 1441 1214 1482 1421 1237 1113 910 896 1034 746 659 643 430 582 545 602 525 611 972 874 1198 1467 1430 1478 1738 
644 606 667 912 892 1266 1490 1587 1488 1565 1285 1202 1640 1293 1356 1143 1077 1007 637 722 593 485 590 434 511 771 822 893 1001 1293 1269 1581 1184 1605 
501 755 627 801 866 1165 1177 1289 1453 1757 1648 1486 1408 1489 1234 1291 1002 797 823 641 660 486 482 595 590 601 671 858 1093 929 1135 1536 1571 1212 
481 606 760 773 997 1305 1462 1109 1585 1469 1735 1264 1186 1324 1371 925 1040 998 845 693 583 426 553 556 595 706 620 832 828 1201 1402 1500 1575 1439 
533 724 877 753 817 1282 1006 1493 1377 1343 1477 1483 1180 1162 1357 1205 1168 726 750 764 613 414 475 473 546 532 837 1020 1144 1115 1299 1291 1640 1401 
518 532 628 861 1122 970 1172 1537 1338 1605 1289 1335 1622 1295 1223 1196 1078 987 704 570 546 436 519 475 562 585 851 733 1014 1084 1131 1101 1679 1344 
622 695 804 970 816 1190 1047 1402 1247 1555 1750 1716 1480 1380 1183 1272 841 986 863 647 552 503 580 435 483 578 789 696 1094 923 1462 1256 1225 1675 
543 559 834 880 1147 1141 1384 1145 1236 1406 1492 1222 1401 1545 1422 910 856 743 811 746 578 569 522 417 493 530 725 944 824 1177 1439 1515 1672 1251 
641 642 749 951 812 985 1476 1279 1313 1513 1546 1633 1672 1340 1392 1354 859 757 785 605 592 453 538 572 550 633 854 816 818 964 1222 1512 1381 1524 
578 586 759 996 1171 1244 1043 1342 1224 1281 1277 1499 1495 1323 1240 1314 814 995 879 543 657 559 568 572 569 673 655 1025 953 1236 1362 1590 1321 1206 
522 722 876 966 1177 1084 1102 1388 1583 1235 1580 1281 1365 1509 1221 961 1139 931 826 714 614 469 599 475 524 758 709 973 1175 1282 1381 1506 1639 1307 
679 774 867 1032 1035 1038 1282 1431 1203 1293 1503 1547 1258 1525 1050 1103 970 761 615 683 674 450 581 497 508 563 656 911 1058 950 1087 1581 1389 1382 
665 752 844 885 1100 1043 1230 1558 1416 1343 1426 1447 1661 1366 1150 1158 1140 934 846 737 662 465 414 504 584 700 716 846 1075 1066 1352 1106 1172 1231 
481 598 604 964 959 1345 1432 1482 1595 1397 1752 1563 1710 1529 1034 1025 1056 959 833 764 487 508 436 547 487 529 695 882 1022 1234 1081 1293 1418 1472 
567 597 841 885 899 951 1465 1497 1326 1236 1379 1330 1506 1288 1129 983 947 908 893 641 461 424 560 428 553 529 873 818 879 1298 1276 1491 1629 1665 
633 770 642 885 821 1224 1346 1501 1314 1448 1451 1235 1267 1217 1023 1302 910 724 647 684 668 511 582 433 662 564 607 922 1102 1211 1064 1481 1548 1209 
464 597 632 725 858 992 1113 1288 1322 1508 1653 1745 1514 1108 1494 987 1009 779 867 533 463 512 592 592 565 755 660 926 1167 976 1037 1525 1388 1642 
627 675 666 852 1032 1068 1060 1092 1646 1233 1469 1757 1306 1116 1040 1238 1068 867 789 667 594 491 483 620 617 758 673 956 1074 1245 1351 1285 1385 1707 
668 570 617 713 1065 1291 1127 1255 1279 1239 1514 1377 1574 1162 1017 1020 1172 827 811 528 585 471 576 533 591 708 757 918 915 1205 1086 1242 1611 1630 
583 626 809 874 928 979 1112 1340 1330 1731 1443 1514 1406 1464 1331 1105 898 879 820 582 669 523 593 618 635 668 764 799 1144 962 1386 1596 1298 1676 
672 649 660 1036 851 1249 1245 1164 1670 1273 1267 1196 1159 1600 1246 1279 1040 871 875 660 628 608 587 429 640 772 609 867 904 1025 1245 1592 1243 1481 
623 759 634 765 826 1202 1047 1195 1674 1319 1605 1581 1665 1256 1437 1226 1000 790 873 679 584 603 484 532 668 601 651 964 1130 1260 1492 1186 1452 1236 
639 673 691 848 1095 953 1252 1189 1577 1739 1303 1593 1265 1439 1063 964 1109 931 777 586 592 615 519 502 652 543 618 955 823 1090 1424 1245 1351 1431 
606 724 781 810 883 1199 1425 1463 1258 1760 1339 1306 1688 1326 1097 1042 822 917 794 570 608 504 440 519 502 649 899 724 1080 1044 1151 1428 1646 1447 
550 624 628 750 817 1139 1047 1382 1458 1366 1694 1400 1424 1268 1138 1291 1096 828 788 735 557 586 502 446 540 567 844 934 1079 1308 1404 1278 1660 1205 
667 544 859 879 885 979 1353 1094 1347 1696 1456 1298 1589 1152 1035 1215 1028 1032 723 649 545 429 553 592 599 731 618 833 1045 1322 1343 1585 1296 1631 
527 632 632 1005 902 1129 1414 1504 1300 1689 1370 1768 1599 1323 1188 1341 923 893 768 519 605 471 468 414 538 757 789 991 971 1331 1130 1181 1661 1543 
580 548 808 1039 914 1263 1363 1582 1585 1358 1211 1202 1501 1556 1428 1183 1147 713 772 705 635 477 417 599 551 559 818 705 1154 1056 1264 1578 1470 1563 
565 726 738 847 1195 1173 1198 1232 1631 1734 1559 1505 1279 1561 1217 1186 1175 903 787 693 481 473 560 469 489 568 836 1042 1050 1308 1169 1370 1197 1424 
639 531 812 927 1028 1131 1163 1467 1337 1576 1251 1287 1482 1360 1092 1065 850 1015 861 694 623 601 452 534 532 717 623 922 925 1018 1448 1238 1455 1703 
456 645 870 1003 996 931 1277 1504 1451 1707 1717 1679 1552 1399 1175 1192 875 787 746 557 577 496 531 444 505 743 643 904 915 941 1260 1587 1426 1226 
504 688 699 954 1087 1035 1078 1086 1162 1212 1722 1743 1178 1259 1201 1257 987 846 748 767 573 500 580 592 612 696 784 870 952 964 1100 1594 1484 1446 
637 674 898 845 804 968 1031 1599 1147 1293 1630 1360 1324 1417 1174 1131 1020 936 749 711 539 518 415 417 496 605 736 773 1072 1033 1133 1165 1640 1551 
517 585 785 861 867 1226 1201 1168 1452 1604 1304 1613 1151 1347 1067 930 1125 743 727 589 585 496 459 518 635 716 877 992 1098 941 1193 1522 1250 1610 
673 716 829 982 937 1273 1208 1388 1563 1566 1526 1683 1508 1448 1222 1089 904 786 822 775 496 617 439 458 544 769 819 996 902 1054 1012 1381 1446 1429 
563 544 616 766 801 1230 1086 1367 1305 1393 1436 1319 1191 1228 1289 953 920 811 626 740 482 584 409 540 488 635 691 842 1145 1072 1105 1273 1255 1633 
623 629 793 1000 872 953 1369 1173 1574 1476 1274 1325 1459 1135 1115 1012 873 809 842 701 513 474 431 451 531 618 738 919 971 975 1476 1240 1489 1632 
546 659 867 950 1075 1254 1490 1267 1550 1591 1675 1229 1554 1587 1317 1191 867 988 879 554 478 557 430 553 521 682 612 1037 826 1167 1373 1335 1198 1268 
660 595 628 698 942 1242 1334 1532 1385 1475 1288 1745 1472 1174 1429 906 955 1005 775 775 559 576 517 519 540 662 612 991 921 1353 1097 1548 1329 1398 
488 525 630 967 1030 1235 1494 1291 1238 1279 1249 1414 1287 1548 1222 1283 956 848 601 604 509 462 451 464 592 681 705 991 1180 1256 1329 1084 1303 1405 
548 668 812 802 1019 1083 1295 1518 1285 1681 1450 1714 1366 1578 1272 1219 980 704 875 684 666 612 546 588 667 677 690 981 1178 1330 1042 1559 1414 1431 
469 590 780 961 999 1110 1039 1173 1249 1442 1771 1550 1311 1528 1226 1194 1184 838 650 578 580 564 418 415 661 703 798 865 974 1251 1194 1414 1362 1343 
480 593 648 707 1039 960 1027 1441 1357 1205 1246 1292 1509 1132 1227 917 860 764 747 742 631 580 435 433 626 650 718 900 914 1181 1034 1452 1462 1435 
470 720 830 886 914 1175 1159 1550 1484 1476 1547 1392 1259 1557 1285 1152 852 766 894 748 495 492 532 523 509 574 670 1029 921 1273 1404 1162 1694 1377 
574 609 850 736 1183 1080 1359 1527 1632 1478 1622 1272 1475 1413 1150 1353 1041 782 827 739 512 538 499 602 514 584 886 972 908 939 1369 1402 1605 1530 
540 752 872 868 1032 1164 1483 1460 1267 1708 1664 1351 1173 1555 1273 1326 977 930 871 625 650 462 481 464 593 665 837 841 1030 1300 1223 1264 1336 1509 
513 684 752 875 971 1005 1335 1608 1293 1215 1579 1657 1531 1149 1247 1259 970 778 689 548 595 562 521 614 609 763 852 983 928 1279 1397 1304 1484 1726 
465 704 810 848 1103 971 1287 1088 1454 1227 1685 1226 1656 1096 1060 1321 1182 985 860 670 669 545 549 428 481 621 670 827 1043 1239 1454 1597 1708 1571 
501 720 858 1042 1100 1286 1230 1269 1580 1257 1395 1212 1577 1593 1109 1345 823 998 721 536 505 570 446 607 674 610 699 918 1089 911 1142 1121 1355 1671 
475 754 683 988 929 1182 1144 1476 1270 1395 1532 1385 1537 1362 1039 1188 973 911 856 668 497 433 458 472 507 520 600 1031 869 955 1263 1177 1308 1299 
479 737 678 774 854 1095 1348 1244 1278 1631 1298 1629 1595 1123 1115 1110 1127 946 677 745 659 564 463 546 494 574 621 784 816 1169 1488 1579 1541 1396 
596 735 601 991 1046 938 1473 1313 1548 1369 1797 1469 1547 1419 1393 1317 1156 924 754 614 517 442 432 585 595 594 663 1005 976 925 1448 1301 1150 1485 
584 703 764 948 939 990 1274 1185 1436 1314 1480 1768 1656 1375 1386 952 1107 1042 770 766 526 500 539 498 525 774 797 828 842 1197 1091 1393 1424 1700 
631 547 761 861 871 1228 1038 1493 1649 1338 1636 1504 1610 1236 1149 1109 926 843 749 572 537 431 519 604 530 659 645 816 869 1249 1174 1189 1335 1771 
475 593 685 895 974 1204 1496 1084 1357 1451 1273 1523 1549 1472 1200 1200 804 705 884 563 515 576 580 421 529 599 662 743 1098 1228 1455 1568 1185 1342 
629 714 684 903 1039 1187 1175 1304 1176 1593 1526 1684 1379 1438 1316 1023 1179 1001 756 719 563 449 486 416 620 538 668 883 1191 1020 1483 1400 1595 1575 
517 593 657 828 1072 972 1079 1468 1351 1758 1582 1340 1499 1591 1056 1221 997 769 886 549 607 506 485 486 524 734 807 811 1110 934 1327 1599 1188 1547 
678 606 850 697 887 930 1322 1264 1214 1268 1606 1566 1373 1378 1156 1110 1153 1012 836 583 491 420 496 605 666 571 884 731 1183 1222 1128 1340 1685 1463 
625 743 669 867 1151 1034 1297 1525 1148 1520 1786 1553 1184 1089 1287 1072 1175 918 619 660 499 448 464 587 545 690 743 802 962 1321 1345 1363 1639 1355 
546 545 749 784 1009 1201 1124 1348 1289 1476 1686 1454 1171 1205 1387 1088 977 937 866 529 489 415 506 488 503 642 619 725 1048 959 1012 1263 1253 1398 
660 712 626 1001 1014 1266 1414 1117 1474 1450 1213 1194 1384 1609 1424 1157 1174 743 746 607 497 486 481 481 621 560 847 957 1040 1229 1110 1099 1433 1427 
496 650 738 860 1018 1172 1172 1494 1701 1257 1467 1377 1169 1425 1355 945 829 811 812 622 562 467 582 515 480 700 722 954 951 1022 1303 1581 1399 1471 
472 533 736 932 837 1019 1025 1504 1671 1213 1200 1606 1456 1450 1195 1026 1151 1005 631 527 461 508 405 444 620 589 826 881 1018 949 1091 1356 1679 1623 
640 581 825 1004 865 934 1175 1261 1680 1742 1635 1627 1509 1265 1483 1244 861 971 755 664 636 429 467 582 602 686 781 992 988 982 1001 1217 1228 1541 
503 695 874 1011 1096 1332 1123 1523 1452 1324 1631 1502 1551 1385 1365 1335 1099 842 727 601 553 501 521 580 461 556 622 1016 1108 1329 1060 1270 1356 1671 
597 530 763 793 1035 983 1101 1183 1306 1604 1378 1449 1233 1266 1040 1217 1028 900 822 717 536 515 411 434 565 518 650 962 1072 1113 1014 1352 1358 1256 
610 588 843 768 1175 1235 1334 1379 1382 1272 1770 1236 1628 1178 1325 1077 959 739 865 662 649 593 586 527 589 579 891 790 807 930 1444 1382 1479 1486 
678 628 874 732 1182 1174 1095 1622 1653 1586 1390 1624 1600 1134 1023 1053 943 771 782 706 527 520 587 519 533 624 632 1019 1069 1199 1037 1146 1386 1610 
515 676 879 780 895 1321 1463 1592 1588 1393 1701 1740 1596 1541 1091 1353 969 717 697 698 573 473 482 601 464 675 879 891 1004 1290 1304 1230 1221 1593 
477 696 790 851 906 929 1215 1121 1346 1756 1308 1607 1710 1507 1202 1043 916 958 654 748 669 432 508 563 585 581 807 719 917 1202 1282 1526 1548 1203 
663 692 695 884 998 931 1305 1126 1303 1517 1560 1667 1500 1103 1158 976 869 779 895 685 517 613 453 526 654 691 726 968 1050 1181 1334 1167 1218 1377 
614 582 640 895 1049 921 1285 1419 1199 1569 1256 1715 1263 1223 1130 1275 1102 914 874 552 533 439 568 457 489 743 699 965 1068 1279 1357 1451 1310 1421 
562 760 632 846 819 1230 1369 1195 1626 1549 1488 1320 1521 1486 1360 1079 823 740 872 646 626 578 579 523 605 537 627 924 1059 1197 1060 1365 1510 1546 
566 695 644 795 813 1243 1410 1102 1367 1234 1226 1599 1466 1442 1153 1318 1094 705 699 554 508 554 518 499 461 535 703 946 998 1139 1337 1138 1693 1242 
631 597 809 1005 1192 946 1441 1456 1480 1757 1297 1489 1268 1401 1175 1312 1076 893 605 671 460 571 463 489 611 766 875 916 1056 927 1175 1499 1338 1431 
602 661 669 977 1061 1248 1447 1310 1517 1388 1382 1370 1714 1180 1230 1337 907 1011 862 565 563 551 411 427 478 628 763 757 913 1210 1327 1509 1188 1217 
554 593 628 992 829 1149 1171 1571 1190 1393 1564 1625 1561 1530 1127 1156 1194 992 837 763 511 473 402 587 536 590 619 917 824 1007 1156 1086 1418 1639 
527 607 803 835 1122 1036 1496 1117 1647 1374 1220 1335 1409 1554 1098 909 887 709 776 647 632 441 409 471 618 592 703 738 1187 1084 1064 1365 1249 1483 
622 684 840 1028 993 1313 1090 1346 1383 1731 1548 1477 1321 1098 1228 1168 1127 752 845 755 569 448 404 443 625 632 855 890 877 1340 1108 1292 1583 1505 
526 689 886 845 1055 1206 1177 1140 1455 1429 1247 1387 1675 1139 1090 1044 1078 749 791 528 547 524 405 574 676 552 727 901 1083 1326 1353 1582 1476 1515 
628 584 623 742 1125 1212 1236 1607 1293 1472 1651 1744 1362 1408 1120 961 916 726 629 686 532 471 523 445 576 769 795 1016 803 1011 1492 1132 1302 1273 
463 769 667 737 1094 1285 1272 1133 1602 1356 1545 1345 1427 1349 1141 1166 1190 879 714 703 502 612 446 580 624 762 773 879 879 945 1383 1575 1608 1278 
562 637 871 720 1046 1309 1312 1180 1386 1271 1618 1323 1382 1573 1338 913 904 853 739 583 488 589 488 514 631 623 624 944 1012 1117 1172 1333 1688 1410 
628 518 634 945 1011 1131 1007 1436 1339 1585 1462 1497 1458 1549 1293 1093 906 722 882 771 652 587 494 436 615 634 843 992 947 1146 1229 1138 1346 1404 
601 636 755 1037 1174 1271 1049 1348 1195 1186 1584 1546 1390 1176 1371 1268 875 751 874 555 670 506 479 447 638 556 688 997 928 1120 1435 1198 1610 1269 
525 562 670 781 1158 1220 1028 1618 1575 1576 1391 1687 1280 1179 1229 1097 859 835 602 733 601 420 546 533 515 714 692 1024 1113 1328 1068 1546 1360 1487 
548 555 857 929 807 1013 1184 1225 1301 1284 1380 1341 1309 1596 1440 1098 1153 789 665 669 615 503 430 498 602 649 828 799 860 1266 1426 1204 1419 1378 
528 542 781 906 1088 1137 1377 1330 1558 1466 1303 1754 1225 1582 1149 1061 822 944 861 542 572 582 415 582 608 611 702 790 1054 1098 1428 1173 1654 1207 
549 519 823 819 1087 1193 1243 1392 1486 1655 1597 1419 1397 1227 1168 1185 920 718 802 734 623 428 532 533 490 682 698 720 993 1205 1152 1555 1170 1476 
