5 11 20
2 50
170 96 112 130 149 169 
170 129 149 174 199 225 
170 161 187 217 249 282 
170 193 224 261 299 338 
170 226 262 304 349 395 
170 258 299 348 399 451 
170 290 337 391 449 508 
170 323 374 435 499 564 
170 355 412 478 549 621 
170 387 449 522 599 677 
100000 6464 7499 8705 9999 11294 
1353 1250 
932 1243 1177 
1150 1195 1277 
1644 836 1009 
1679 1152 359 
752 1597 811 
821 788 1326 
666 1290 813 
1622 1427 490 
472 692 762 
1298 1348 888 
1569 951 694 
1196 887 1146 
470 961 857 
1562 1059 1373 
1682 1227 846 
1507 633 907 
1265 507 593 
1071 1401 367 
1349 651 805 
1439 1210 1009 
570 499 864 
651 1338 1207 
709 576 370 
1664 509 1026 
786 400 868 
484 413 1370 
1699 611 1216 
596 1054 1380 
734 1492 531 
992 1345 964 
912 1533 450 
1318 1358 462 
1640 1317 527 
904 914 1068 
1653 420 1374 
1733 638 728 
1169 680 832 
1016 527 831 
1013 537 1376 
509 1166 1111 
1460 1053 1379 
1152 1237 668 
625 1510 1005 
564 1565 569 
891 806 519 
1547 1424 629 
997 731 431 
652 1315 551 
942 521 1143 
1580 1504 1273 
