50 2 20
36 10
1700 112 96 85 77 75 77 85 96 112 130 149 169 187 203 214 222 225 222 214 203 187 169 150 130 112 96 85 77 75 77 85 96 112 130 149 169 187 203 214 222 225 222 214 203 187 169 150 130 112 96 
100000 7500 6464 5669 5170 5000 5170 5669 6464 7499 8705 9999 11294 12499 13535 14330 14829 15000 14829 14330 13535 12500 11294 10000 8705 7500 6464 5669 5170 5000 5170 5669 6464 7499 8705 9999 11294 12499 13535 14330 14829 15000 14829 14330 13535 12500 11294 10000 8705 7500 6464 
1249 1353 1433 1482 1499 1482 1433 1353 1250 1129 1000 870 750 646 566 517 500 517 566 646 749 870 999 1129 1249 1353 1433 1482 1499 1482 1433 1353 1250 1129 1000 870 
728 690 499 448 423 535 471 749 631 814 1197 1244 1236 1232 
778 553 551 612 411 507 581 746 845 769 912 1064 1356 1120 
806 615 520 449 475 542 626 733 674 799 888 913 1003 1121 
834 655 537 587 432 517 588 641 688 1037 976 1062 1332 1237 
642 715 637 600 494 441 622 656 765 1043 1097 995 1191 1452 
669 738 644 578 441 526 479 585 899 886 882 963 1341 1292 
796 747 470 486 592 508 579 600 878 922 1051 1120 1194 1212 
762 734 578 502 561 423 547 740 892 853 985 1353 1242 1564 
655 754 675 449 491 511 648 707 760 984 1002 1085 1274 1177 
880 718 519 599 452 449 507 726 860 904 993 1228 1246 1491 
