5 11 20
2 100
170 85 77 75 77 85 
170 113 103 100 103 113 
170 141 129 125 129 141 
170 170 155 150 155 170 
170 198 180 175 180 198 
170 226 206 200 206 226 
170 255 232 225 232 255 
170 283 258 250 258 283 
170 311 284 275 284 311 
170 340 310 300 310 340 
100000 5669 5170 5000 5170 5669 
1433 1482 
1451 1505 1497 
1463 1438 1487 
1491 1412 1479 
1444 1485 1479 
1559 1545 1485 
1464 1555 1479 
1493 1417 1451 
1524 1433 1494 
1435 1551 1488 
1458 1516 1462 
1529 1444 1438 
1561 1466 1443 
1491 1446 1364 
1458 1445 1395 
1543 1556 1501 
1432 1533 1481 
1445 1508 1405 
1514 1531 1408 
1473 1552 1398 
1565 1421 1369 
1505 1488 1486 
1463 1445 1423 
1438 1553 1479 
1572 1431 1484 
1440 1529 1416 
1429 1420 1411 
1516 1413 1413 
1492 1526 1503 
1458 1420 1399 
1518 1515 1466 
1563 1507 1499 
1519 1552 1419 
1555 1452 1441 
1529 1470 1451 
1567 1460 1489 
1434 1475 1389 
1440 1537 1479 
1527 1544 1393 
1493 1458 1404 
1453 1542 1492 
1444 1414 1374 
1531 1531 1398 
1562 1503 1404 
1507 1466 1458 
1444 1438 1377 
1472 1483 1383 
1459 1484 1474 
1439 1512 1483 
1477 1413 1497 
1489 1468 1418 
1533 1421 1438 
1500 1466 1437 
1545 1431 1396 
1443 1524 1392 
1468 1495 1464 
1451 1547 1449 
1442 1440 1372 
1527 1518 1365 
1436 1529 1445 
1555 1410 1476 
1528 1547 1482 
1513 1454 1468 
1530 1441 1418 
1505 1420 1397 
1560 1451 1366 
1544 1525 1434 
1474 1454 1402 
1477 1472 1383 
1482 1422 1412 
1435 1540 1463 
1497 1512 1390 
1497 1548 1376 
1450 1462 1365 
1511 1553 1372 
1443 1500 1446 
1530 1486 1422 
1540 1500 1472 
1527 1544 1452 
1546 1420 1361 
1456 1492 1408 
1553 1482 1402 
1436 1526 1389 
1471 1487 1387 
1559 1473 1376 
1534 1546 1461 
1434 1429 1418 
1532 1451 1499 
1485 1460 1396 
1459 1425 1482 
1475 1515 1470 
1468 1487 1423 
1445 1475 1449 
1452 1512 1479 
1570 1520 1487 
1439 1416 1463 
1531 1512 1450 
1446 1448 1460 
1563 1481 1391 
1534 1515 1477 
1544 1447 1436 
