10 3 20
4 50
850 96 85 77 75 77 85 96 112 130 149 
850 129 113 103 100 103 113 129 149 174 199 
100000 6464 5669 5170 5000 5170 5669 6464 7499 8705 9999 
1353 1433 1482 1499 
1451 1430 1334 1263 1073 1015 
1522 1487 1407 1211 1120 996 
1472 1361 1300 1189 1080 1024 
1455 1388 1291 1277 1117 1002 
1467 1413 1298 1221 1118 966 
1487 1474 1336 1261 1108 1009 
1442 1364 1390 1191 1122 1044 
1553 1444 1418 1275 1143 1010 
1550 1499 1331 1280 1101 957 
1495 1462 1303 1270 1143 1007 
1418 1441 1395 1249 1148 984 
1498 1479 1291 1273 1141 1004 
1472 1471 1289 1205 1124 1039 
1530 1456 1406 1275 1181 963 
1429 1483 1297 1206 1128 1038 
1553 1467 1322 1187 1073 983 
1540 1407 1318 1187 1079 1011 
1425 1447 1290 1305 1123 975 
1448 1381 1392 1271 1094 1020 
1507 1450 1375 1305 1185 984 
1519 1503 1420 1302 1103 995 
1549 1445 1417 1241 1095 1045 
1492 1450 1369 1189 1143 960 
1422 1381 1355 1290 1082 1018 
1469 1370 1410 1258 1128 959 
1534 1414 1336 1222 1132 988 
1415 1467 1412 1200 1082 1046 
1471 1442 1369 1232 1174 965 
1524 1396 1389 1198 1078 969 
1520 1415 1329 1215 1090 992 
1410 1484 1378 1303 1081 990 
1461 1430 1324 1252 1154 984 
1498 1435 1399 1294 1180 982 
1441 1362 1329 1272 1102 1000 
1471 1407 1323 1312 1176 1046 
1524 1466 1332 1272 1184 979 
1523 1413 1320 1269 1120 980 
1489 1413 1304 1193 1109 1041 
1416 1485 1326 1206 1103 956 
1456 1487 1408 1206 1144 988 
1467 1421 1307 1205 1108 1029 
1514 1407 1366 1249 1182 994 
1492 1423 1300 1287 1128 1035 
1517 1493 1298 1207 1111 1024 
1538 1421 1377 1287 1128 994 
1447 1503 1312 1194 1143 988 
1477 1409 1325 1248 1175 997 
1438 1429 1364 1200 1138 1039 
1512 1443 1407 1207 1184 974 
1408 1442 1366 1199 1074 1044 
