5 11 20
3 50
170 112 130 149 169 187 
170 149 174 199 225 249 
170 187 217 249 282 312 
170 224 261 299 338 374 
170 262 304 349 395 437 
170 299 348 399 451 499 
170 337 391 449 508 562 
170 374 435 499 564 624 
170 412 478 549 621 687 
170 449 522 599 677 749 
100000 7499 8705 9999 11294 12499 
1250 1129 1000 
724 731 
911 629 
977 644 
846 611 
773 601 
742 717 
1009 720 
930 743 
997 854 
812 745 
1018 679 
960 831 
923 747 
797 661 
786 897 
957 664 
791 662 
771 848 
810 769 
1013 713 
1020 770 
973 628 
878 884 
1029 700 
945 715 
828 786 
1044 807 
767 675 
983 602 
717 801 
814 878 
895 701 
931 605 
913 691 
730 827 
863 661 
1002 686 
825 875 
772 898 
905 769 
728 719 
979 639 
810 679 
867 700 
963 740 
786 623 
1008 758 
740 626 
950 697 
782 614 
