20 6 20
11 5
340 112 130 149 169 187 203 214 222 225 222 214 203 187 169 150 130 112 96 85 77 
340 149 174 199 225 249 270 286 296 300 296 286 270 250 225 200 174 150 129 113 103 
340 187 217 249 282 312 338 358 370 375 370 358 338 312 282 250 217 187 161 141 129 
340 224 261 299 338 374 406 429 444 450 444 429 406 375 338 300 261 225 193 170 155 
340 262 304 349 395 437 473 501 519 525 519 501 473 437 395 350 304 262 226 198 180 
100000 7499 8705 9999 11294 12499 13535 14330 14829 15000 14829 14330 13535 12500 11294 10000 8705 7500 6464 5669 5170 
1250 1129 1000 870 750 646 566 517 500 517 566 
621 754 883 989 1152 1302 1396 1362 1515 
637 775 874 1001 1102 1266 1357 1499 1444 
628 760 849 994 1117 1264 1367 1442 1525 
655 743 902 990 1181 1295 1376 1418 1432 
640 747 843 1038 1185 1215 1403 1415 1534 
