5 11 20
4 100
170 96 112 130 149 169 
170 129 149 174 199 225 
170 161 187 217 249 282 
170 193 224 261 299 338 
170 226 262 304 349 395 
170 258 299 348 399 451 
170 290 337 391 449 508 
170 323 374 435 499 564 
170 355 412 478 549 621 
170 387 449 522 599 677 
100000 6464 7499 8705 9999 11294 
1353 1250 1129 1000 
871 
895 
890 
897 
888 
869 
881 
859 
847 
838 
910 
884 
858 
859 
912 
878 
893 
912 
856 
913 
835 
850 
909 
827 
913 
886 
888 
877 
904 
865 
828 
830 
900 
899 
835 
904 
865 
861 
910 
893 
849 
864 
843 
907 
897 
911 
857 
832 
866 
909 
830 
899 
857 
858 
877 
899 
881 
856 
851 
872 
840 
827 
845 
903 
827 
896 
879 
828 
896 
857 
880 
899 
853 
869 
886 
894 
860 
868 
839 
900 
871 
835 
866 
902 
837 
881 
874 
845 
831 
856 
893 
913 
839 
878 
900 
900 
862 
844 
862 
863 
