5 6 20
3 100
340 150 130 112 96 85 
340 200 174 150 129 113 
340 250 217 187 161 141 
340 300 261 225 193 170 
340 350 304 262 226 198 
100000 10000 8705 7500 6464 5669 
1000 1129 1249 
1160 1164 
1619 1182 
1100 1694 
1095 1600 
1416 1215 
1132 1718 
1351 1610 
1381 1413 
1217 1153 
1518 1375 
1362 1433 
1581 1683 
1286 1216 
1426 1446 
1107 1163 
1382 1520 
1389 1167 
1591 1674 
1357 1637 
1562 1644 
1257 1385 
1209 1474 
1319 1708 
1140 1414 
1437 1305 
1270 1358 
1621 1376 
1495 1225 
1369 1510 
1338 1716 
1270 1704 
1210 1677 
1188 1454 
1128 1240 
1588 1493 
1138 1253 
1287 1416 
1476 1289 
1410 1640 
1277 1647 
1278 1219 
1456 1305 
1421 1672 
1371 1280 
1588 1470 
1377 1314 
1392 1666 
1438 1642 
1196 1568 
1388 1211 
1128 1509 
1152 1229 
1260 1363 
1091 1400 
1360 1525 
1322 1170 
1101 1324 
1264 1361 
1309 1591 
1511 1319 
1149 1182 
1166 1293 
1607 1625 
1380 1147 
1495 1677 
1212 1686 
1191 1701 
1422 1425 
1458 1341 
1227 1380 
1160 1249 
1462 1535 
1250 1530 
1353 1577 
1541 1321 
1254 1578 
1406 1359 
1260 1467 
1222 1350 
1558 1268 
1608 1434 
1456 1526 
1618 1279 
1348 1319 
1602 1513 
1278 1286 
1596 1611 
1463 1622 
1510 1229 
1149 1342 
1545 1386 
1140 1348 
1533 1618 
1520 1562 
1420 1524 
1523 1558 
1585 1689 
1199 1222 
1425 1511 
1528 1158 
