10 6 20
6 100
340 150 130 112 96 85 77 75 77 85 96 
340 200 174 150 129 113 103 100 103 113 129 
340 250 217 187 161 141 129 125 129 141 161 
340 300 261 225 193 170 155 150 155 170 193 
340 350 304 262 226 198 180 175 180 198 226 
100000 10000 8705 7500 6464 5669 5170 5000 5170 5669 6464 
1000 1129 1249 1353 1433 1482 
1512 1619 1660 1277 
1531 1371 1304 1286 
1458 1609 1406 1195 
1392 1453 1355 1130 
1750 1609 1208 1195 
1610 1502 1613 1624 
1398 1325 1527 1605 
1644 1489 1168 1131 
1251 1757 1298 1334 
1402 1457 1690 1193 
1728 1259 1328 1222 
1486 1402 1483 1185 
1366 1602 1607 1380 
1255 1664 1212 1573 
1605 1518 1700 1159 
1317 1475 1249 1144 
1590 1430 1356 1222 
1448 1576 1531 1211 
1597 1587 1324 1212 
1727 1425 1628 1622 
1293 1313 1533 1152 
1512 1672 1597 1582 
1207 1738 1187 1141 
1621 1217 1341 1486 
1441 1334 1385 1531 
1358 1311 1318 1437 
1796 1471 1641 1413 
1746 1287 1181 1315 
1525 1209 1209 1363 
1200 1323 1495 1334 
1711 1519 1191 1246 
1614 1581 1652 1430 
1278 1704 1709 1209 
1480 1267 1452 1138 
1609 1695 1577 1513 
1228 1772 1169 1559 
1210 1292 1631 1223 
1594 1432 1262 1305 
1381 1712 1398 1157 
1609 1487 1156 1583 
1326 1719 1703 1354 
1616 1284 1673 1460 
1278 1397 1200 1183 
1716 1716 1379 1193 
1654 1695 1699 1550 
1625 1463 1167 1144 
1236 1518 1685 1617 
1376 1470 1602 1183 
1570 1278 1511 1420 
1626 1634 1629 1097 
1400 1622 1348 1161 
1206 1569 1510 1478 
1520 1494 1654 1520 
1480 1304 1387 1295 
1451 1454 1559 1191 
1341 1302 1212 1346 
1748 1599 1473 1389 
1426 1231 1454 1158 
1728 1766 1337 1085 
1355 1615 1170 1220 
1623 1673 1364 1377 
1404 1271 1438 1371 
1358 1575 1292 1133 
1389 1777 1556 1278 
1358 1655 1556 1224 
1586 1197 1192 1386 
1774 1353 1254 1116 
1473 1377 1600 1104 
1339 1568 1466 1345 
1695 1513 1317 1242 
1246 1469 1355 1595 
1456 1740 1248 1517 
1450 1738 1348 1412 
1535 1303 1369 1234 
1402 1225 1381 1400 
1527 1398 1656 1526 
1598 1238 1647 1093 
1511 1419 1508 1570 
1758 1451 1272 1090 
1540 1652 1681 1235 
1634 1673 1209 1342 
1357 1741 1278 1493 
1436 1762 1625 1525 
1540 1459 1251 1513 
1286 1464 1219 1353 
1262 1396 1256 1107 
1496 1371 1333 1363 
1690 1211 1291 1481 
1275 1417 1694 1468 
1793 1355 1265 1582 
1255 1690 1518 1600 
1592 1770 1357 1428 
1446 1378 1408 1217 
1419 1687 1439 1566 
1216 1207 1454 1434 
1414 1729 1289 1389 
1292 1649 1264 1143 
1239 1192 1589 1176 
1792 1647 1359 1180 
1218 1187 1707 1347 
