50 6 20
26 100
340 96 112 130 149 169 187 203 214 222 225 222 214 203 187 169 150 130 112 96 85 77 75 77 85 96 112 130 149 169 187 203 214 222 225 222 214 203 187 169 150 130 112 96 85 77 75 77 85 96 112 
340 129 149 174 199 225 249 270 286 296 300 296 286 270 250 225 200 174 150 129 113 103 100 103 113 129 149 174 199 225 249 270 286 296 300 296 286 270 250 225 200 174 150 129 113 103 100 103 113 129 149 
340 161 187 217 249 282 312 338 358 370 375 370 358 338 312 282 250 217 187 161 141 129 125 129 141 161 187 217 249 282 312 338 358 370 375 370 358 338 312 282 250 217 187 161 141 129 125 129 141 161 187 
340 193 224 261 299 338 374 406 429 444 450 444 429 406 375 338 300 261 225 193 170 155 150 155 170 193 224 261 299 338 374 406 429 444 450 444 429 406 375 338 300 261 225 193 170 155 150 155 170 193 224 
340 226 262 304 349 395 437 473 501 519 525 519 501 473 437 395 350 304 262 226 198 180 175 180 198 226 262 304 349 395 437 473 501 519 525 519 501 473 437 395 350 304 262 226 198 180 175 180 198 226 262 
100000 6464 7499 8705 9999 11294 12499 13535 14330 14829 15000 14829 14330 13535 12500 11294 10000 8705 7500 6464 5669 5170 5000 5170 5669 6464 7499 8705 9999 11294 12499 13535 14330 14829 15000 14829 14330 13535 12500 11294 10000 8705 7500 6464 5669 5170 5000 5170 5669 6464 7499 
1353 1250 1129 1000 870 750 646 566 517 500 517 566 646 749 870 999 1129 1249 1353 1433 1482 1499 1482 1433 1353 1250 
1276 1198 963 783 554 508 550 470 549 548 560 650 1031 814 1070 1184 1559 1630 1724 1799 1742 1590 1565 1201 
1150 1121 805 727 579 584 611 400 585 533 642 691 972 879 1239 1110 1490 1658 1708 1391 1434 1457 1302 1044 
1253 939 958 785 751 569 506 490 474 617 641 857 1015 902 1348 1094 1622 1172 1644 1557 1645 1613 1564 1394 
940 1065 948 619 553 473 577 466 490 666 721 701 891 887 1347 1413 1236 1313 1534 1705 1696 1341 1165 1454 
1223 1063 909 680 638 609 423 590 561 515 724 853 894 844 1344 1259 1170 1644 1770 1798 1268 1679 1183 1106 
990 892 771 708 743 495 442 575 532 481 766 662 1039 905 1194 1097 1587 1500 1295 1313 1696 1656 1551 1329 
1294 1100 794 756 673 567 456 579 602 589 756 749 860 1196 944 1200 1307 1558 1629 1432 1268 1618 1389 1301 
1014 1172 1015 816 746 577 588 471 499 572 669 881 920 1058 1210 1379 1386 1612 1330 1451 1714 1606 1420 1191 
1028 824 995 864 639 567 448 570 491 633 518 647 782 819 1248 1405 1607 1424 1651 1416 1570 1671 1454 1135 
1114 1047 927 717 538 569 583 463 501 478 558 854 780 910 1031 1103 1224 1219 1442 1390 1336 1264 1592 1407 
1306 906 944 600 708 614 577 499 452 479 684 831 948 1137 1010 1150 1263 1248 1472 1530 1438 1695 1192 1266 
934 880 746 629 759 606 447 551 574 644 566 649 958 903 916 1051 1347 1566 1560 1211 1304 1363 1567 1003 
1224 1164 913 701 703 501 556 457 449 596 532 752 713 1178 1216 1306 1319 1457 1187 1350 1332 1521 1566 1167 
1066 906 700 802 678 575 472 544 510 522 608 796 884 1017 1349 1261 1178 1352 1224 1579 1220 1357 1217 1479 
1307 810 1009 824 643 640 486 408 416 642 559 713 984 1033 1070 1153 1488 1543 1429 1224 1198 1320 1507 1440 
1307 1078 699 799 556 481 419 593 496 522 672 673 863 1014 1285 1336 1552 1668 1437 1721 1396 1501 1392 1117 
1313 1105 869 638 520 608 467 519 488 516 703 864 780 897 1215 1195 1308 1567 1663 1449 1736 1378 1231 1126 
1162 924 730 891 639 590 577 512 520 575 592 793 725 1088 925 1255 1535 1201 1773 1597 1748 1490 1284 1295 
1187 803 752 612 584 656 416 482 619 496 636 782 754 928 1082 1467 1284 1366 1442 1443 1500 1316 1223 1020 
1258 989 896 741 676 659 552 503 608 491 595 894 916 919 1312 1190 1197 1174 1638 1675 1269 1387 1201 1303 
1123 806 882 699 609 484 511 441 601 474 570 861 805 1091 1199 1353 1341 1490 1675 1321 1724 1589 1225 1483 
1142 1094 770 791 728 538 530 482 432 564 563 726 797 1120 1234 1314 1143 1696 1533 1513 1671 1412 1551 1150 
1162 812 798 826 691 521 592 516 509 553 774 702 813 1007 994 1395 1425 1265 1730 1672 1647 1554 1381 1252 
1141 977 826 650 680 536 476 405 577 574 579 837 778 1087 1337 1116 1492 1543 1342 1323 1519 1155 1286 1381 
1257 1164 787 784 771 480 602 527 517 509 571 797 1035 1009 1107 1106 1575 1444 1286 1529 1554 1550 1226 1256 
1068 948 742 784 534 653 577 590 502 609 699 659 972 850 1026 1213 1408 1385 1599 1755 1650 1646 1217 1386 
1320 1102 888 709 664 630 614 523 510 611 696 618 750 1188 1190 1286 1449 1702 1602 1751 1665 1531 1378 1427 
1180 940 838 600 701 497 436 444 423 530 731 801 884 922 1230 1163 1329 1279 1187 1268 1684 1712 1379 1217 
1288 1012 931 675 606 577 439 500 526 630 746 604 747 842 1316 1329 1473 1561 1429 1792 1613 1429 1437 1011 
1330 1154 726 735 738 561 547 587 516 565 521 830 853 950 1296 1275 1415 1595 1565 1307 1288 1191 1090 1393 
1171 1077 929 879 517 543 487 535 572 660 760 850 925 1129 1136 1038 1286 1328 1242 1279 1708 1512 1138 1383 
1024 1115 748 842 673 549 461 580 524 540 764 665 699 1165 1303 1427 1613 1663 1501 1274 1434 1296 1195 1223 
1114 1123 778 630 545 601 542 502 447 581 739 692 1037 915 1285 1441 1429 1305 1534 1586 1230 1592 1501 1359 
1285 1118 970 681 524 650 465 445 615 480 707 757 814 1030 1217 1371 1183 1268 1302 1308 1507 1534 1418 1107 
1001 876 989 634 583 584 418 403 590 653 674 698 730 1025 1187 1096 1252 1572 1702 1410 1469 1387 1108 1006 
1096 879 882 604 585 551 574 594 577 520 769 785 809 1095 946 1052 1473 1592 1700 1457 1753 1208 1518 1358 
958 1006 1000 784 559 460 597 492 456 524 578 751 986 892 911 1410 1142 1200 1311 1344 1647 1452 1587 1459 
1068 984 836 843 685 478 559 553 466 594 762 735 956 840 1303 1417 1116 1550 1553 1454 1576 1496 1351 1010 
967 978 952 648 729 471 607 598 606 508 521 840 1027 808 1233 1448 1513 1479 1349 1253 1363 1243 1178 1228 
1241 1142 1036 795 739 666 588 486 428 577 700 796 833 930 1346 1228 1510 1594 1479 1693 1384 1225 1486 1131 
915 906 1041 853 675 593 490 451 462 588 664 647 797 975 980 1250 1243 1682 1340 1252 1266 1196 1304 1017 
1137 831 896 716 520 588 430 521 510 655 572 639 762 1064 1151 1376 1470 1203 1559 1799 1488 1239 1102 1134 
1104 998 865 875 625 454 420 408 603 563 768 632 1010 950 1151 1135 1539 1152 1198 1475 1342 1364 1219 1029 
1176 1154 818 700 723 457 513 474 486 557 632 811 811 1025 962 1192 1089 1535 1407 1611 1571 1321 1306 1093 
953 1009 856 728 718 607 516 576 522 638 750 724 750 1101 909 1022 1127 1373 1295 1256 1587 1205 1328 1285 
920 1080 843 875 675 466 500 576 503 606 660 820 834 927 1248 1259 1262 1197 1433 1550 1366 1697 1411 1053 
1315 889 938 848 770 635 458 539 507 664 709 807 999 856 1253 1239 1193 1176 1356 1299 1486 1658 1086 1434 
944 903 697 682 693 470 559 595 482 498 763 822 864 1070 952 1227 1590 1191 1733 1798 1315 1670 1168 1345 
914 1035 911 781 570 645 547 483 430 502 705 607 850 948 1004 1335 1120 1677 1717 1657 1273 1487 1235 1063 
1075 886 877 872 562 585 562 565 562 579 637 608 807 987 1162 1123 1526 1260 1565 1471 1463 1707 1376 1393 
925 940 848 875 686 513 488 519 599 623 532 779 1036 872 934 1393 1264 1477 1618 1504 1413 1656 1160 1016 
912 1113 956 684 606 648 519 505 502 628 633 696 837 896 1102 1164 1531 1393 1208 1397 1527 1494 1244 1034 
963 1044 789 660 687 472 451 408 543 657 523 696 834 1130 1106 1343 1395 1610 1650 1311 1490 1671 1126 1198 
1227 942 1016 739 683 587 611 552 536 672 752 712 739 1145 1351 1072 1516 1608 1438 1485 1568 1450 1162 1324 
943 981 784 844 728 574 477 491 483 671 551 736 896 1081 933 1274 1309 1313 1460 1424 1465 1660 1262 1395 
1320 847 997 824 735 560 590 478 572 458 682 782 1000 869 1187 1381 1447 1166 1234 1708 1469 1359 1148 1354 
1140 1033 935 793 547 609 503 406 535 633 576 670 859 1196 1042 1248 1432 1250 1600 1232 1753 1585 1085 1081 
1327 1079 743 684 563 647 429 421 423 493 600 817 764 1034 905 1257 1419 1219 1406 1269 1601 1304 1456 1062 
1341 1176 748 822 532 471 594 419 528 549 680 747 776 903 1069 1109 1272 1577 1231 1351 1518 1597 1196 1237 
926 1105 735 802 633 533 552 408 456 601 694 704 1006 1093 966 1302 1177 1162 1708 1385 1716 1454 1561 1046 
904 934 913 884 718 526 556 549 441 609 581 687 814 837 1074 1299 1101 1155 1758 1589 1709 1252 1178 1155 
1199 1066 750 795 558 563 619 476 578 521 672 789 746 829 1155 1376 1269 1276 1505 1455 1610 1272 1307 1373 
1067 828 909 753 564 620 584 487 430 643 699 760 949 1095 1145 1168 1489 1349 1559 1332 1580 1587 1291 1256 
1072 823 943 794 683 518 589 405 477 498 575 867 927 1011 1086 1399 1490 1372 1623 1240 1197 1594 1521 1397 
944 1021 795 816 533 674 459 528 441 498 636 782 1009 1079 1001 1291 1201 1223 1407 1709 1725 1467 1455 1404 
990 1008 849 736 563 666 535 437 469 522 547 670 972 841 1163 1173 1489 1150 1461 1234 1773 1551 1368 1068 
1195 1177 899 758 575 603 605 494 442 624 765 897 720 952 954 1272 1599 1341 1569 1772 1193 1380 1318 1213 
1164 876 817 852 551 544 466 402 490 463 611 652 917 1002 1280 1189 1380 1698 1434 1242 1342 1216 1133 1243 
918 1102 820 651 674 677 465 455 450 634 702 869 789 1085 1059 1067 1295 1259 1294 1272 1708 1503 1408 1364 
1175 950 1011 652 532 457 559 445 540 676 699 679 760 1116 1330 1441 1267 1271 1273 1352 1214 1391 1196 1004 
1321 1001 864 839 626 537 595 460 556 578 640 863 863 1107 1175 1286 1091 1602 1257 1630 1219 1490 1573 1415 
935 876 758 611 736 491 564 548 496 547 690 818 852 1183 1264 1238 1313 1377 1281 1714 1336 1674 1567 1464 
1260 924 1040 628 586 463 618 458 535 633 601 740 964 956 1018 1015 1339 1555 1259 1517 1691 1400 1594 1114 
1195 871 1027 863 733 649 448 458 557 678 692 618 897 1041 1141 1018 1264 1406 1222 1712 1555 1386 1410 1086 
911 1016 762 873 581 616 492 424 496 561 726 838 836 1129 1121 1123 1467 1518 1491 1423 1460 1485 1250 1215 
1344 1173 987 780 759 544 427 410 438 538 565 803 1038 1009 1192 1158 1601 1278 1582 1537 1684 1653 1272 1490 
921 970 975 865 547 492 538 485 493 532 535 664 1031 932 1084 1073 1133 1166 1418 1638 1246 1399 1470 1283 
1269 1091 846 669 714 671 572 453 434 640 724 761 856 939 968 1289 1444 1232 1271 1370 1585 1178 1532 1267 
1112 1074 718 617 616 658 430 443 550 589 767 880 868 1127 990 1242 1369 1531 1638 1424 1257 1704 1153 1015 
965 855 841 749 712 512 423 576 615 644 626 824 808 870 1205 1108 1323 1607 1255 1748 1238 1183 1382 1294 
986 863 1002 757 633 620 461 503 481 557 570 790 910 988 1001 1223 1409 1349 1575 1788 1262 1362 1561 1045 
1038 1066 934 747 596 487 465 428 442 636 603 664 879 871 1171 1187 1623 1483 1664 1544 1409 1182 1607 1045 
1139 966 1018 607 706 559 538 594 535 643 632 628 918 945 969 1149 1453 1423 1342 1661 1263 1534 1525 1262 
957 946 863 683 746 510 497 451 442 583 609 675 968 897 978 1292 1570 1333 1274 1339 1354 1635 1395 1400 
1056 961 969 778 718 557 616 498 596 671 633 844 944 839 946 1495 1122 1553 1215 1271 1568 1350 1290 1121 
918 988 872 755 560 588 485 597 585 481 769 661 937 1035 1191 1190 1462 1658 1733 1402 1262 1436 1123 1465 
979 820 719 655 623 520 525 571 415 672 567 795 1020 966 1232 1399 1140 1457 1712 1319 1674 1708 1511 1452 
995 808 717 629 552 503 589 460 513 492 630 627 1003 956 1074 1464 1115 1629 1705 1460 1738 1713 1331 1376 
1056 1161 883 681 732 541 606 472 462 578 775 730 857 1135 1085 1466 1242 1710 1290 1552 1533 1619 1147 1279 
1198 990 752 825 581 640 568 595 603 634 753 663 731 966 907 1325 1554 1164 1685 1674 1506 1600 1174 1120 
948 1100 781 751 714 593 506 487 509 586 683 776 935 910 1031 1091 1322 1233 1762 1740 1623 1433 1323 1126 
1079 941 927 808 652 535 427 446 540 470 668 832 826 1052 1140 1424 1288 1285 1706 1216 1632 1462 1192 1339 
1238 898 917 695 661 665 439 450 475 624 647 830 799 1066 1117 1260 1501 1664 1250 1450 1246 1477 1605 1335 
1138 1139 832 670 694 610 439 473 591 611 723 759 733 1137 1089 1164 1255 1613 1409 1642 1449 1533 1214 1149 
1233 1010 936 766 606 455 592 475 459 488 692 743 850 1034 963 1372 1115 1411 1378 1622 1564 1264 1153 1373 
1081 982 785 722 590 499 556 472 590 584 563 717 773 927 1259 1017 1097 1295 1305 1268 1595 1701 1506 1450 
1273 1142 711 628 550 643 532 474 555 668 541 806 992 1157 1179 1046 1482 1168 1416 1341 1523 1575 1495 1150 
1225 1041 834 779 729 546 433 503 587 572 711 616 794 960 1135 1328 1395 1661 1666 1546 1715 1291 1220 1238 
989 890 731 745 759 540 472 486 468 672 688 743 1027 934 1158 1437 1107 1411 1317 1217 1485 1376 1178 1328 
1201 906 794 650 744 594 485 417 463 637 536 789 908 860 1050 1136 1567 1418 1405 1435 1722 1149 1161 1420 
