20 6 20
7 100
340 130 112 96 85 77 75 77 85 96 112 130 149 169 187 203 214 222 225 222 214 
340 174 150 129 113 103 100 103 113 129 149 174 199 225 249 270 286 296 300 296 286 
340 217 187 161 141 129 125 129 141 161 187 217 249 282 312 338 358 370 375 370 358 
340 261 225 193 170 155 150 155 170 193 224 261 299 338 374 406 429 444 450 444 429 
340 304 262 226 198 180 175 180 198 226 262 304 349 395 437 473 501 519 525 519 501 
100000 8705 7500 6464 5669 5170 5000 5170 5669 6464 7499 8705 9999 11294 12499 13535 14330 14829 15000 14829 14330 
1129 1249 1353 1433 1482 1499 1482 
1388 1341 1228 1121 993 869 748 634 542 523 487 526 571 
1435 1369 1264 1175 969 850 746 647 563 492 510 515 578 
1503 1416 1267 1181 953 913 733 637 567 530 514 505 540 
1450 1289 1277 1098 987 837 745 624 559 535 517 515 564 
1487 1308 1293 1177 1007 892 784 628 594 494 491 520 574 
1407 1327 1224 1125 967 904 722 618 569 499 521 538 588 
1386 1350 1229 1083 989 879 758 630 545 503 521 511 546 
1494 1381 1272 1078 1046 908 781 653 542 498 475 509 576 
1426 1289 1302 1122 1005 904 737 658 589 541 510 528 595 
1456 1375 1191 1090 998 883 746 647 565 536 524 524 573 
1474 1384 1269 1175 1021 839 725 677 589 518 516 533 555 
1476 1399 1233 1132 976 869 768 627 582 522 513 496 580 
1404 1356 1241 1128 1038 888 764 644 544 511 485 521 591 
1366 1407 1245 1155 988 885 768 625 538 512 486 531 547 
1432 1287 1230 1161 1005 855 727 626 556 513 502 508 574 
1379 1391 1225 1076 960 840 763 630 542 517 506 492 568 
1449 1346 1239 1100 1028 908 729 641 546 540 502 509 569 
1390 1298 1297 1095 1000 860 719 627 586 511 519 541 551 
1463 1390 1263 1185 1041 847 759 620 541 516 506 512 542 
1466 1354 1249 1084 1006 903 760 633 593 499 477 501 560 
1380 1356 1240 1102 975 902 752 654 578 500 518 494 559 
1395 1325 1286 1149 982 883 773 657 568 526 488 491 590 
1421 1414 1244 1142 1030 879 749 629 553 521 503 522 562 
1393 1376 1224 1112 983 888 783 653 568 515 510 520 571 
1439 1419 1216 1116 1041 896 783 623 584 530 493 539 566 
1388 1418 1232 1099 978 874 772 654 582 534 494 504 548 
1490 1381 1290 1180 991 832 772 655 547 513 515 510 556 
1504 1382 1290 1135 965 871 784 656 547 504 505 520 546 
1489 1336 1280 1155 985 888 755 671 579 532 511 511 585 
1376 1334 1250 1088 959 907 714 634 540 516 507 499 564 
1402 1374 1232 1089 1009 886 713 629 565 538 476 499 565 
1397 1338 1226 1185 1030 887 777 625 556 519 512 499 586 
1439 1344 1282 1117 977 906 779 653 538 505 485 511 580 
1476 1336 1263 1075 953 909 755 632 591 528 504 502 550 
1421 1304 1301 1129 987 841 787 673 563 540 520 540 562 
1488 1336 1213 1126 1036 833 779 664 571 533 506 531 551 
1367 1342 1231 1090 1045 854 741 670 556 531 518 532 539 
1395 1291 1248 1110 998 897 744 636 540 537 489 501 575 
1362 1374 1266 1087 972 839 754 671 555 491 481 499 586 
1503 1297 1243 1180 1013 884 784 651 580 492 515 541 555 
1437 1378 1248 1123 1004 876 735 666 559 517 475 537 591 
1474 1413 1280 1155 1011 913 756 661 575 534 508 527 568 
1433 1296 1277 1135 1025 882 732 672 577 527 512 516 590 
1369 1373 1266 1115 1010 868 781 655 540 513 491 519 555 
1362 1408 1285 1184 1012 844 769 641 556 526 475 525 572 
1406 1346 1188 1146 1010 830 753 668 549 540 476 528 563 
1465 1378 1268 1168 1015 862 778 618 593 530 508 496 581 
1408 1417 1251 1134 1020 852 739 623 592 508 495 536 566 
1362 1385 1300 1129 994 897 748 649 566 519 523 530 568 
1406 1357 1222 1154 968 859 780 617 578 498 484 534 557 
1453 1373 1200 1164 1002 847 783 654 585 539 504 536 547 
1448 1398 1267 1136 1032 857 728 654 589 515 487 539 588 
1380 1319 1253 1145 991 859 734 670 564 542 482 499 547 
1374 1394 1293 1114 1030 913 781 628 549 492 505 541 574 
1409 1297 1220 1180 977 877 713 646 563 525 523 514 589 
1498 1305 1252 1161 1030 902 728 638 559 500 481 501 574 
1493 1298 1235 1161 975 897 767 639 549 531 507 538 580 
1383 1357 1306 1089 992 888 775 620 555 517 512 492 588 
1440 1311 1270 1149 1041 827 784 620 547 520 486 506 586 
1426 1293 1193 1165 986 871 730 644 556 506 522 516 540 
1430 1361 1227 1150 979 903 774 654 576 526 490 510 541 
1477 1326 1283 1095 954 886 714 639 593 542 477 533 545 
1488 1370 1248 1131 992 884 765 672 551 512 478 531 547 
1439 1319 1273 1123 969 880 761 632 585 524 489 501 592 
1424 1357 1297 1146 981 872 738 671 569 517 486 514 558 
1397 1308 1290 1122 953 908 747 659 571 513 524 534 590 
1503 1385 1221 1143 986 839 723 653 573 515 520 518 562 
1384 1414 1202 1074 1020 850 779 619 588 502 522 495 564 
1437 1367 1225 1113 1006 887 774 621 540 492 478 524 550 
1494 1396 1232 1153 1002 883 760 676 560 512 490 515 562 
1483 1372 1309 1142 1044 842 746 635 541 494 495 542 574 
1383 1296 1282 1093 1004 829 714 652 584 494 488 516 570 
1438 1314 1252 1162 975 899 738 633 592 493 492 539 562 
1458 1377 1296 1150 1008 890 761 664 565 520 478 527 555 
1433 1404 1249 1169 994 854 737 634 588 502 479 512 560 
1373 1300 1192 1138 1005 878 782 621 579 513 482 538 594 
1463 1304 1190 1132 959 913 755 629 583 528 520 508 581 
1401 1353 1222 1146 1030 894 740 624 553 512 500 508 577 
1403 1367 1233 1093 991 840 765 619 558 507 511 500 555 
1378 1413 1271 1109 965 905 751 671 552 537 476 506 572 
1436 1315 1198 1169 975 905 719 653 594 492 524 527 582 
1499 1326 1301 1176 1030 884 742 624 584 492 497 522 556 
1504 1286 1303 1116 1015 851 737 630 555 502 483 536 558 
1493 1350 1292 1164 1033 842 772 651 590 523 506 495 566 
1484 1367 1234 1177 991 891 731 614 545 521 504 495 562 
1443 1315 1295 1087 976 907 775 661 577 519 489 510 592 
1489 1287 1257 1101 996 866 764 670 576 512 505 531 571 
1404 1292 1269 1158 1022 860 727 645 573 510 476 520 578 
1418 1343 1229 1119 955 834 779 676 548 499 484 537 567 
1474 1311 1294 1089 970 853 754 646 592 532 475 516 540 
1389 1404 1233 1132 957 829 773 663 582 500 480 505 550 
1451 1367 1268 1085 954 863 775 625 552 529 508 505 539 
1433 1311 1231 1171 1027 893 783 658 584 512 482 508 540 
1401 1411 1200 1147 1038 864 786 660 586 517 511 527 588 
1480 1381 1291 1146 1030 872 732 641 593 506 521 542 582 
1454 1370 1275 1130 980 899 740 635 558 494 507 498 543 
1375 1390 1212 1111 1038 833 739 642 569 515 507 517 553 
1369 1313 1239 1121 962 843 785 674 582 532 508 528 554 
1362 1371 1296 1146 1035 833 717 629 561 537 510 542 589 
1464 1385 1224 1081 1048 838 775 651 561 513 495 500 565 
