50 3 20
16 100
850 112 96 85 77 75 77 85 96 112 130 149 169 187 203 214 222 225 222 214 203 187 169 150 130 112 96 85 77 75 77 85 96 112 130 149 169 187 203 214 222 225 222 214 203 187 169 150 130 112 96 
850 150 129 113 103 100 103 113 129 149 174 199 225 249 270 286 296 300 296 286 270 250 225 200 174 150 129 113 103 100 103 113 129 149 174 199 225 249 270 286 296 300 296 286 270 250 225 200 174 150 129 
100000 7500 6464 5669 5170 5000 5170 5669 6464 7499 8705 9999 11294 12499 13535 14330 14829 15000 14829 14330 13535 12500 11294 10000 8705 7500 6464 5669 5170 5000 5170 5669 6464 7499 8705 9999 11294 12499 13535 14330 14829 15000 14829 14330 13535 12500 11294 10000 8705 7500 6464 
1249 1353 1433 1482 1499 1482 1433 1353 1250 1129 1000 870 750 646 566 517 
440 542 491 757 765 745 1187 1031 1340 1486 1403 1274 1570 1190 1399 1550 1147 1249 801 712 607 541 540 418 415 607 676 611 885 929 1041 1121 1228 1199 
572 572 492 534 630 780 957 1271 1325 1168 1232 1457 1650 1530 1373 1192 1012 1059 1187 1040 847 626 543 500 456 437 491 604 730 727 1012 1266 1112 1444 
488 536 635 624 826 724 1142 1089 1106 1378 1398 1331 1426 1673 1158 1166 1035 1049 878 803 726 592 648 552 422 503 490 635 874 926 869 1182 1065 1174 
495 476 453 669 798 995 1076 1070 1490 1189 1699 1303 1211 1269 1196 1398 1386 1176 848 838 873 556 488 536 524 590 582 687 853 1029 1188 1051 1132 1225 
565 617 654 724 732 736 1023 1186 1177 1351 1300 1371 1644 1399 1460 1128 1465 997 1150 706 789 661 535 493 584 467 589 610 800 941 806 1121 1203 1358 
512 596 518 533 625 890 882 1120 1116 1095 1557 1380 1340 1402 1579 1476 1196 958 1139 747 793 775 650 523 401 592 658 522 691 696 952 1351 1474 1130 
402 534 495 740 796 872 1038 1342 1340 1225 1295 1721 1781 1538 1334 1399 1044 1032 982 867 833 546 650 585 462 434 548 697 857 995 1006 1240 1193 1167 
439 468 521 652 678 764 901 917 1387 1083 1383 1203 1657 1731 1486 1618 1249 1130 994 786 655 768 570 591 473 474 546 550 886 881 854 1053 1094 1256 
441 427 534 538 611 903 1059 1267 1200 1542 1718 1762 1544 1403 1260 1361 1146 1266 878 816 625 595 651 489 417 499 494 636 887 966 1177 1098 1458 1236 
442 487 588 518 739 803 1084 1113 1278 1586 1269 1554 1617 1691 1702 1182 1175 1063 1029 882 716 599 545 605 464 598 571 576 888 992 974 1309 1196 1134 
491 499 574 604 777 1003 870 1051 1333 1109 1633 1591 1657 1439 1327 1482 1250 1239 830 839 702 635 617 525 491 525 557 688 672 779 1070 1224 1066 1116 
574 532 626 696 844 711 820 922 1120 1096 1362 1276 1788 1534 1348 1204 1409 1237 941 839 886 631 537 547 475 580 515 573 617 1031 835 1031 1115 1377 
481 433 600 593 736 724 865 1234 1496 1393 1403 1382 1551 1398 1272 1218 1180 1250 1120 1044 852 666 538 427 589 485 625 764 830 873 826 1177 1091 1552 
414 548 665 710 791 872 903 1130 1023 1487 1504 1553 1559 1618 1576 1145 1134 1328 961 856 846 531 486 565 441 441 584 584 768 1034 885 1081 1350 1089 
504 560 543 747 686 814 928 1333 1430 1396 1718 1663 1428 1556 1478 1271 1284 1133 1126 782 664 537 466 474 579 446 593 695 626 919 947 1191 1101 1482 
578 471 604 536 608 839 1063 1311 1086 1599 1479 1225 1305 1571 1616 1104 1085 1332 1190 930 654 663 469 601 568 550 651 563 637 737 1178 1213 1151 1568 
489 477 488 757 704 817 1040 1126 1072 1518 1558 1546 1561 1457 1386 1253 1359 1085 1067 845 723 600 586 542 419 448 507 618 805 873 1005 1275 1075 1200 
579 548 505 714 744 900 935 1262 1044 1263 1338 1340 1685 1390 1259 1487 1416 1221 883 797 868 558 624 488 440 568 525 583 641 1037 1109 1165 1337 1127 
514 432 618 578 867 901 953 1032 1200 1106 1325 1707 1583 1649 1260 1385 1357 1267 1019 940 695 544 616 580 543 426 568 549 831 963 850 927 1303 1288 
594 475 455 602 876 786 861 1127 1308 1408 1568 1289 1507 1484 1230 1602 1017 1136 1089 814 815 657 616 447 532 593 470 708 632 955 1018 1244 1283 1330 
472 569 506 619 875 834 851 922 1326 1182 1572 1415 1619 1735 1472 1471 1185 1175 939 789 639 747 538 550 415 426 611 693 768 851 1033 1019 1045 1190 
416 451 677 677 892 896 808 1205 1035 1304 1448 1768 1247 1345 1226 1093 1484 1192 1093 928 637 724 599 596 435 566 634 716 844 721 1119 1167 1216 1329 
523 441 679 624 882 723 1160 954 1380 1348 1271 1761 1422 1374 1240 1441 1133 1354 849 843 635 763 470 438 473 442 626 551 769 847 993 1074 1022 1083 
552 542 675 633 856 828 998 1316 1174 1335 1647 1665 1640 1589 1401 1355 1143 1132 917 907 632 618 532 428 532 517 666 738 792 861 983 1074 1275 1139 
435 502 629 630 839 978 1024 1016 1465 1300 1548 1412 1771 1708 1295 1560 1224 1254 895 851 837 557 556 432 585 529 576 673 609 876 944 1177 1018 1211 
543 591 612 729 798 923 915 1177 1151 1516 1397 1736 1441 1316 1331 1620 1313 1142 1086 728 841 688 458 589 404 614 657 712 875 946 1014 1221 1480 1387 
441 557 492 737 650 875 1199 1045 1261 1371 1600 1203 1274 1409 1526 1206 1053 1206 838 979 650 675 490 438 432 524 601 744 636 781 801 1267 1143 1224 
466 594 510 728 739 919 1118 1212 1114 1445 1452 1565 1772 1468 1676 1501 1216 1347 1116 815 672 763 657 494 545 488 613 741 768 762 1153 1108 1056 1395 
539 579 588 736 844 855 890 1058 1348 1131 1331 1511 1253 1408 1511 1331 1388 956 1105 939 643 759 457 475 532 451 582 689 870 799 874 1207 1062 1272 
500 483 477 523 605 728 891 1189 1408 1116 1430 1510 1346 1408 1424 1415 1227 1327 1165 1010 635 684 647 494 434 521 504 750 886 945 1052 1323 1261 1553 
431 547 581 725 664 962 1077 1346 1002 1327 1442 1603 1645 1247 1292 1405 1091 945 935 773 776 589 624 494 538 513 575 542 832 907 882 1144 1222 1457 
506 458 501 664 731 908 980 1061 1214 1224 1630 1451 1395 1743 1664 1307 1356 1209 1064 779 869 583 482 485 553 425 587 528 696 965 956 1177 1156 1571 
447 566 623 672 788 901 1071 1225 1277 1137 1173 1529 1794 1703 1714 1358 1163 1015 967 848 691 746 499 555 513 514 649 611 720 1023 807 1030 1392 1376 
508 609 523 676 804 892 843 956 1009 1336 1335 1514 1587 1221 1323 1558 1169 1173 1193 904 635 752 608 578 406 504 645 602 743 910 1125 1289 1481 1617 
446 614 582 558 661 744 822 1314 1387 1433 1640 1491 1681 1364 1665 1487 1442 932 1002 868 710 622 512 510 412 519 508 520 825 745 943 1084 1048 1235 
438 558 457 621 658 885 860 1101 1273 1572 1416 1349 1552 1330 1546 1606 1037 929 1012 818 655 585 534 478 513 500 565 635 692 771 1033 1030 1064 1199 
437 567 610 608 673 799 931 948 1223 1168 1185 1648 1248 1233 1294 1114 1270 1020 1071 1039 601 687 555 546 482 507 591 723 699 969 1064 1169 1407 1401 
403 552 640 696 764 980 930 1308 1124 1298 1525 1344 1323 1660 1287 1274 1411 964 902 892 776 597 530 492 453 591 670 700 840 886 993 1333 1431 1177 
522 452 515 676 655 708 901 1121 1018 1348 1596 1438 1771 1453 1670 1383 1160 962 962 1012 771 537 570 508 407 425 516 685 670 853 857 1298 1154 1321 
456 600 579 700 726 961 1108 1267 1290 1585 1400 1757 1486 1445 1364 1389 1021 1246 1156 1036 841 775 481 607 506 480 587 591 896 743 1032 993 1037 1584 
488 548 524 596 719 821 1159 967 1483 1564 1290 1372 1552 1286 1353 1103 1267 950 1121 772 819 656 620 581 505 468 621 687 619 803 1149 1254 1164 1181 
541 524 549 618 829 954 896 1278 1095 1116 1181 1380 1763 1633 1267 1126 1200 996 940 749 829 573 565 575 594 516 536 698 784 831 861 1003 1297 1193 
463 464 662 582 734 1036 989 1310 1445 1367 1188 1640 1260 1258 1547 1297 1219 976 890 864 726 728 560 422 410 498 671 656 699 793 879 1093 1258 1267 
566 420 510 546 749 834 853 1058 1390 1502 1632 1207 1217 1519 1385 1105 1219 1082 1075 1030 670 524 605 530 455 590 622 636 885 914 973 997 1335 1244 
553 541 651 635 844 853 1118 1050 1286 1204 1678 1672 1607 1400 1400 1401 1081 1076 997 883 818 615 605 578 547 510 567 676 733 857 937 948 1294 1334 
487 482 665 675 772 977 1142 1212 1081 1427 1484 1653 1799 1502 1240 1546 1342 1350 1082 754 882 694 484 535 545 522 657 726 739 811 1112 1001 1117 1416 
489 556 519 632 826 697 1085 1272 1238 1123 1480 1511 1494 1626 1416 1166 1025 1053 1052 927 667 702 615 584 421 426 537 706 861 709 1016 1018 1145 1425 
565 481 632 612 833 874 1056 938 1195 1513 1380 1778 1639 1272 1250 1287 1492 1236 1105 809 832 607 534 437 424 597 648 692 853 878 946 1124 1402 1280 
589 527 630 572 705 953 935 1030 1323 1176 1471 1431 1489 1717 1706 1485 1487 1124 975 784 869 764 563 460 442 514 646 530 762 836 1018 1050 1347 1584 
470 570 644 541 616 993 964 1090 1145 1493 1322 1525 1375 1404 1462 1558 1223 926 1182 931 887 522 650 497 498 581 602 672 630 978 1182 1110 1175 1263 
464 472 657 570 711 855 977 1049 1489 1184 1341 1270 1595 1634 1587 1404 1358 1107 1101 829 669 767 658 437 504 499 506 588 639 941 1141 1111 1483 1369 
587 595 604 681 832 903 1115 1183 1121 1319 1678 1762 1553 1234 1341 1384 1398 1025 869 802 738 678 659 469 486 417 472 728 646 698 1166 971 1481 1216 
580 594 512 620 899 987 1139 1115 1230 1613 1323 1217 1773 1400 1571 1347 1018 965 1095 813 768 692 657 448 429 525 626 565 684 892 992 1147 1080 1455 
418 603 643 749 815 800 1128 1274 1275 1295 1523 1376 1771 1591 1511 1504 1270 1172 879 781 766 702 482 459 482 528 487 587 816 982 1193 992 1341 1438 
501 612 484 731 616 741 862 1052 1256 1620 1444 1390 1349 1271 1655 1134 1249 1210 817 864 689 719 464 416 512 595 596 518 715 733 1063 1123 1082 1234 
419 581 603 553 654 847 1021 915 1122 1518 1504 1621 1210 1700 1211 1502 1362 966 959 960 854 726 577 431 573 589 646 701 861 908 1181 989 1165 1534 
523 553 660 678 835 752 1062 1012 1490 1432 1370 1356 1598 1438 1535 1190 1318 1024 876 878 624 690 639 609 466 602 540 664 892 743 906 1054 1185 1163 
567 446 493 577 897 932 801 1161 1340 1124 1569 1547 1619 1198 1544 1096 1344 944 850 879 778 710 509 454 497 468 522 683 619 901 1132 1164 1336 1430 
534 449 503 769 854 973 1113 1038 1446 1303 1321 1662 1629 1386 1239 1508 1303 1183 802 883 746 683 608 605 596 483 589 704 713 892 942 911 1086 1084 
402 589 484 567 844 823 1062 1351 1365 1403 1328 1251 1594 1322 1383 1097 1297 1103 965 1020 808 554 456 608 493 558 650 596 612 898 1025 1282 1388 1540 
593 464 477 522 756 915 1172 1027 1293 1535 1396 1412 1446 1725 1503 1321 1423 1050 985 985 716 584 676 482 523 537 475 765 806 1008 1050 1066 1446 1090 
441 489 669 691 773 900 829 1176 1490 1380 1391 1498 1239 1393 1196 1457 1077 1019 818 769 651 589 546 585 423 442 535 639 719 919 1179 973 1445 1536 
475 534 468 542 840 732 1195 1076 1132 1205 1500 1679 1738 1474 1228 1100 1453 1255 1116 706 752 769 659 504 473 614 600 714 790 1019 858 1003 1103 1572 
499 461 513 673 714 1002 1076 1110 1348 1293 1439 1637 1217 1255 1636 1120 1154 1322 1054 909 749 653 557 596 529 549 660 562 653 920 1121 1027 1353 1220 
483 616 520 612 732 960 973 1073 1314 1167 1506 1663 1648 1343 1668 1169 1492 1313 854 838 707 721 543 433 445 484 548 664 752 845 897 1024 1344 1459 
417 525 504 713 804 1038 969 1316 1489 1483 1377 1570 1504 1634 1271 1419 1142 1101 1101 828 780 696 561 509 501 583 595 567 710 775 1191 1269 1163 1308 
542 452 456 580 760 997 934 1313 1308 1402 1560 1535 1481 1252 1508 1252 1153 1091 1077 1012 610 559 524 527 487 515 469 756 796 1036 1126 1068 1275 1550 
543 423 468 629 650 918 859 1158 1449 1284 1340 1379 1246 1231 1515 1501 1411 921 1099 929 873 585 495 484 410 620 577 629 768 730 939 1221 1400 1143 
520 546 493 673 817 741 841 1205 1447 1518 1573 1250 1416 1428 1637 1212 1462 1261 1044 975 623 737 620 606 592 420 634 691 806 943 1196 906 1089 1136 
452 584 464 761 634 1003 1069 1214 1487 1158 1160 1408 1428 1479 1345 1596 1464 1064 923 773 679 530 605 454 594 515 480 772 821 746 927 910 1278 1440 
556 569 552 584 805 942 930 1013 1083 1529 1548 1565 1357 1267 1493 1332 1009 1241 998 878 874 765 625 475 432 564 499 718 600 762 965 1272 1281 1303 
457 598 544 563 772 986 916 1353 1421 1273 1369 1754 1557 1774 1337 1528 1005 1068 961 1022 611 562 521 460 453 415 607 521 719 814 1198 1282 1301 1473 
553 419 617 690 860 775 1019 972 1456 1407 1192 1286 1403 1738 1207 1316 1157 1060 1167 891 897 740 576 575 454 513 520 678 795 724 817 1137 1099 1496 
596 591 531 761 683 837 995 1286 1225 1383 1200 1571 1678 1438 1316 1622 1362 1004 1063 734 701 745 493 448 421 496 470 583 895 1012 1029 1125 1393 1538 
423 553 502 600 671 725 929 931 1312 1434 1617 1714 1479 1357 1148 1238 1349 1147 1080 1023 671 583 467 570 554 534 570 609 673 1013 1116 1089 1286 1102 
451 610 625 588 759 1022 1170 1218 1315 1198 1378 1316 1508 1312 1416 1525 1193 1097 1117 874 779 547 505 491 491 449 460 597 859 942 822 1235 1010 1186 
421 619 481 718 887 923 959 1187 1084 1286 1283 1664 1383 1601 1648 1445 1316 1037 950 780 866 528 530 520 443 534 477 568 864 897 1137 1257 1409 1297 
474 522 603 637 605 770 912 1330 1189 1201 1434 1209 1416 1673 1160 1389 1139 1013 866 723 722 616 581 455 562 561 528 635 834 804 1154 1010 1384 1332 
585 451 475 745 818 940 940 1329 1166 1504 1581 1714 1619 1705 1377 1396 1226 939 1055 910 687 581 571 500 532 491 591 568 834 996 805 998 1315 1596 
592 497 674 521 837 981 812 1335 1350 1477 1638 1403 1240 1214 1202 1478 1358 1306 839 831 891 729 474 499 563 562 552 572 612 955 1044 1352 1332 1290 
589 590 580 523 840 943 1017 914 1087 1502 1607 1654 1455 1669 1174 1487 1073 1300 854 966 843 710 594 618 452 584 678 614 802 922 1187 1026 1021 1501 
546 431 640 584 706 807 1115 1100 1186 1240 1564 1309 1656 1514 1185 1395 1098 1119 1191 925 885 766 482 585 446 572 588 603 708 823 850 1322 1297 1555 
447 605 662 773 691 792 1096 1077 1134 1556 1546 1499 1777 1740 1465 1335 1363 1130 980 853 712 762 531 603 424 530 464 723 760 717 1067 1174 1075 1153 
551 468 635 726 632 780 909 1301 1211 1477 1374 1774 1702 1560 1230 1488 1246 945 1127 867 637 561 672 609 589 528 469 649 803 981 1061 1071 1045 1196 
564 445 652 614 881 829 887 931 1207 1291 1650 1302 1382 1749 1239 1289 1368 1073 1040 773 842 565 612 509 401 458 584 629 836 785 1145 1236 1193 1091 
536 549 552 679 625 791 1006 1059 1370 1480 1281 1632 1359 1570 1651 1137 1005 946 921 725 801 566 472 559 507 555 584 639 822 905 1190 1216 1185 1236 
579 611 621 764 804 939 1080 976 1470 1569 1333 1229 1478 1641 1610 1176 1034 1140 1174 783 752 540 666 448 401 583 477 621 761 724 804 1267 1213 1523 
525 526 533 739 677 953 957 1005 1293 1447 1247 1223 1605 1290 1544 1349 1146 903 1184 727 716 725 460 449 412 534 567 690 866 736 839 1232 1448 1256 
487 587 482 534 760 927 803 1047 1085 1231 1434 1283 1642 1226 1294 1430 1296 909 1087 1001 772 649 552 503 549 524 568 633 886 807 971 1086 1163 1215 
447 433 514 577 682 946 828 1030 1202 1380 1560 1435 1240 1317 1154 1496 1483 1353 1013 1010 827 537 598 488 517 493 454 597 845 961 1146 1027 1375 1144 
495 423 630 625 891 889 1086 940 1073 1525 1533 1556 1388 1681 1373 1154 1383 1135 916 869 899 624 471 589 446 520 538 569 712 947 813 1245 1003 1260 
529 583 551 558 896 995 988 1181 1375 1397 1170 1374 1494 1535 1208 1407 1006 1132 850 889 641 545 584 586 426 493 599 768 802 697 1068 1071 1355 1171 
496 570 677 599 639 790 1075 1207 1111 1566 1689 1195 1412 1490 1500 1497 1393 1011 856 966 888 587 643 579 584 415 564 561 675 897 1010 1143 1309 1410 
541 463 572 601 779 806 939 1283 1343 1303 1303 1599 1513 1651 1266 1363 1346 1265 908 1017 890 724 667 496 500 606 568 630 709 992 1125 1149 1178 1492 
404 501 523 717 712 707 1137 949 1302 1457 1639 1726 1259 1210 1494 1346 1178 1340 1083 891 869 599 670 474 431 525 504 747 751 703 943 1054 1483 1245 
473 446 619 757 833 968 821 963 1240 1264 1504 1209 1751 1467 1172 1457 1482 955 979 878 697 674 654 529 562 469 587 534 707 971 1064 1256 1019 1306 
464 536 467 637 688 954 1183 947 1213 1272 1653 1629 1276 1464 1354 1263 1362 1069 914 895 707 588 581 506 489 477 503 588 714 970 924 1055 1251 1447 
498 523 673 605 774 723 1045 1082 1489 1429 1353 1642 1348 1740 1336 1519 1373 1006 881 888 787 704 662 614 405 476 538 603 866 893 845 1091 1038 1454 
538 588 534 775 828 764 1156 1275 1239 1166 1537 1469 1401 1410 1620 1602 1006 1060 1145 782 695 743 472 560 570 523 496 668 737 927 820 1350 1021 1222 
403 502 661 611 759 805 870 1029 1223 1281 1304 1316 1721 1479 1348 1471 1432 905 968 844 872 695 680 534 471 562 523 735 858 988 1028 1212 1001 1507 
