5 3 20
2 50
850 96 85 77 75 77 
850 129 113 103 100 103 
100000 6464 5669 5170 5000 5170 
1353 1433 
1473 1440 1417 
1410 1446 1411 
1477 1543 1501 
1505 1515 1459 
1518 1433 1413 
1479 1437 1520 
1515 1448 1507 
1503 1536 1452 
1523 1457 1556 
1489 1431 1445 
1498 1548 1444 
1466 1477 1411 
1495 1569 1520 
1492 1461 1474 
1414 1490 1535 
1509 1533 1444 
1500 1514 1417 
1527 1556 1450 
1555 1438 1505 
1438 1564 1541 
1431 1516 1552 
1546 1530 1505 
1535 1556 1409 
1467 1477 1429 
1455 1463 1445 
1503 1478 1557 
1525 1505 1499 
1540 1516 1433 
1528 1430 1412 
1423 1445 1498 
1532 1520 1436 
1544 1475 1491 
1410 1435 1534 
1484 1479 1437 
1463 1557 1481 
1538 1522 1474 
1488 1556 1464 
1507 1565 1522 
1511 1432 1534 
1485 1541 1452 
1419 1528 1508 
1499 1479 1447 
1430 1442 1513 
1520 1528 1495 
1475 1529 1489 
1466 1542 1415 
1521 1431 1488 
1504 1459 1427 
1526 1476 1516 
1551 1457 1527 
