20 2 20
7 5
1700 77 85 96 112 130 149 169 187 203 214 222 225 222 214 203 187 169 150 130 112 
100000 5170 5669 6464 7499 8705 9999 11294 12499 13535 14330 14829 15000 14829 14330 13535 12500 11294 10000 8705 7500 
1482 1433 1353 1250 1129 1000 870 
723 586 604 472 473 553 559 586 880 871 900 1208 1388 
803 747 543 469 492 616 678 562 825 985 855 986 1413 
601 606 596 536 511 549 509 698 751 904 908 1159 1339 
893 726 615 520 583 561 559 751 809 1005 966 1196 1341 
704 680 608 431 571 437 595 706 752 851 1084 1150 1040 
