20 6 20
7 100
340 96 85 77 75 77 85 96 112 130 149 169 187 203 214 222 225 222 214 203 187 
340 129 113 103 100 103 113 129 149 174 199 225 249 270 286 296 300 296 286 270 250 
340 161 141 129 125 129 141 161 187 217 249 282 312 338 358 370 375 370 358 338 312 
340 193 170 155 150 155 170 193 224 261 299 338 374 406 429 444 450 444 429 406 375 
340 226 198 180 175 180 198 226 262 304 349 395 437 473 501 519 525 519 501 473 437 
100000 6464 5669 5170 5000 5170 5669 6464 7499 8705 9999 11294 12499 13535 14330 14829 15000 14829 14330 13535 12500 
1353 1433 1482 1499 1482 1433 1353 
1257 1172 976 866 736 650 554 506 507 542 561 656 748 
1259 1109 967 841 753 676 585 495 505 505 590 630 731 
1223 1114 990 857 724 669 570 504 514 513 586 623 757 
1247 1142 1032 912 770 631 580 504 475 503 557 636 718 
1224 1133 970 850 764 656 547 517 494 501 548 617 768 
1192 1093 1019 909 756 653 583 524 481 498 549 619 721 
1278 1139 1045 878 728 621 567 515 489 527 549 675 733 
1229 1080 1017 861 736 645 590 496 522 506 570 617 766 
1308 1073 985 842 775 657 576 537 480 521 572 649 759 
1233 1117 992 909 731 676 570 495 499 511 584 620 761 
1306 1155 959 856 779 624 582 522 518 535 592 673 728 
1217 1135 1010 850 773 617 582 521 521 498 583 635 767 
1258 1074 1039 912 777 623 588 511 522 529 556 631 727 
1214 1137 966 852 787 661 554 493 480 528 552 656 777 
1206 1083 1041 903 721 628 547 498 519 526 542 636 766 
1208 1180 975 890 757 640 550 498 521 501 573 666 713 
1226 1139 965 908 771 637 573 498 493 539 588 629 780 
1237 1137 959 906 736 616 544 527 519 529 541 643 714 
1306 1162 1000 836 731 664 544 525 499 537 550 654 765 
1264 1141 998 897 777 638 590 509 511 522 551 620 719 
1212 1108 970 900 746 630 542 503 497 510 543 632 717 
1191 1113 1043 847 755 638 562 525 480 536 539 651 740 
1293 1121 982 854 782 673 594 529 484 519 560 646 735 
1261 1166 1042 872 754 670 566 498 512 521 580 665 772 
1258 1129 1023 865 786 620 590 513 484 539 552 623 713 
1311 1179 957 853 753 626 541 533 517 493 593 622 782 
1299 1164 996 848 737 636 555 514 513 529 569 676 758 
1218 1108 1001 867 728 661 566 542 509 498 550 676 758 
1204 1168 982 848 746 636 563 517 503 532 573 678 772 
1294 1082 985 888 747 630 583 530 504 530 562 618 730 
1191 1184 1036 862 756 624 590 501 487 514 559 665 733 
1193 1077 1022 867 713 615 577 516 503 508 577 633 735 
1261 1159 951 901 741 669 539 539 493 500 580 640 772 
1283 1178 1047 862 746 655 564 516 520 538 539 667 786 
1255 1133 1029 853 751 637 583 532 515 517 569 649 717 
1286 1132 1014 898 778 669 541 528 504 495 572 646 758 
1311 1167 974 911 720 676 566 501 520 521 585 670 739 
1245 1123 967 901 718 652 551 501 524 540 595 657 720 
1206 1116 1034 878 750 631 545 523 521 500 577 668 736 
1236 1184 988 860 721 629 578 541 501 497 586 624 727 
1210 1136 1045 913 731 652 595 532 481 536 542 614 778 
1306 1146 979 857 787 660 582 531 483 521 579 636 748 
1206 1079 1007 901 756 615 554 528 495 540 545 663 731 
1265 1111 1049 851 729 664 543 509 490 536 587 621 776 
1252 1185 951 880 754 672 563 496 523 524 589 639 730 
1309 1137 1030 847 746 622 593 534 504 542 549 663 779 
1205 1138 950 910 758 677 590 516 499 496 580 625 713 
1292 1125 989 856 733 664 589 514 490 492 545 616 736 
1308 1119 1022 829 733 668 562 530 497 540 543 636 723 
1301 1079 1032 888 754 665 556 530 518 510 542 652 726 
1278 1083 989 897 759 645 540 504 513 525 549 678 766 
1299 1169 1004 836 785 667 542 540 513 504 563 640 741 
1308 1122 1020 865 736 653 587 522 511 497 582 654 736 
1198 1084 1041 905 713 669 557 537 503 540 581 619 743 
1273 1104 964 850 727 664 577 492 485 514 573 615 712 
1208 1171 979 875 729 618 588 512 495 502 545 667 773 
1207 1178 1015 864 749 674 590 492 480 523 551 617 787 
1210 1077 996 833 742 614 589 497 482 505 547 644 770 
1206 1144 996 842 778 638 552 524 520 519 543 631 754 
1312 1167 965 850 758 641 541 517 486 503 583 643 773 
1219 1081 994 878 768 675 563 538 495 522 565 640 764 
1288 1095 1002 861 758 662 571 491 505 533 578 678 739 
1209 1163 1016 856 762 661 569 496 515 494 540 660 723 
1237 1103 992 847 763 615 573 525 505 511 582 668 748 
1216 1168 963 863 724 641 586 522 516 506 575 635 763 
1288 1109 996 864 746 668 546 531 488 496 553 661 739 
1209 1177 1004 839 741 662 546 531 480 527 587 624 748 
1236 1100 1048 841 723 670 560 499 475 493 576 668 783 
1201 1113 963 879 731 640 559 511 512 527 549 663 735 
1245 1120 980 874 720 634 554 507 516 525 568 663 760 
1279 1100 1043 906 722 650 590 516 509 514 540 631 752 
1286 1119 954 847 732 630 538 514 518 494 557 665 764 
1245 1116 983 886 748 674 574 495 481 536 565 647 735 
1195 1107 1045 866 748 661 582 511 491 530 557 645 759 
1222 1171 1027 876 753 643 542 503 478 525 572 628 766 
1287 1142 980 854 727 669 543 529 502 537 579 660 773 
1187 1112 971 861 751 656 579 522 500 495 564 657 747 
1202 1128 988 845 720 614 593 509 478 533 586 655 722 
1308 1080 1015 891 785 627 541 514 486 502 582 644 737 
1216 1132 1027 881 774 677 585 539 503 534 579 665 752 
1223 1087 1038 872 724 640 550 524 477 512 576 623 772 
1260 1154 1040 885 756 635 581 522 481 508 581 672 730 
1242 1164 995 899 755 664 555 518 480 498 562 657 776 
1283 1114 1014 892 757 677 556 530 521 521 573 659 787 
1309 1095 964 879 747 638 584 518 502 531 540 635 734 
1237 1169 999 903 733 650 555 533 500 534 564 665 771 
1273 1080 1040 845 721 656 556 526 513 537 590 634 750 
1311 1079 1001 835 724 618 594 498 483 514 552 625 741 
1263 1086 978 859 780 661 539 515 520 499 539 631 772 
1288 1096 998 863 729 664 556 511 503 539 571 643 757 
1279 1142 1005 833 771 651 591 528 482 538 565 644 750 
1267 1178 986 871 726 617 564 523 502 499 560 647 748 
1237 1079 1039 849 729 657 546 498 477 540 576 661 781 
1262 1101 995 834 784 623 560 501 513 513 575 625 716 
1240 1148 973 841 742 631 564 528 502 500 545 661 752 
1295 1102 1010 857 717 657 550 495 485 533 577 620 778 
1308 1122 984 888 767 657 551 526 513 492 583 634 737 
1295 1155 1019 901 740 669 583 542 494 519 547 633 714 
1294 1100 974 895 772 656 562 518 502 504 582 673 778 
1294 1163 1002 893 722 636 561 513 500 497 555 662 766 
