50 2 20
36 50
1700 112 130 149 169 187 203 214 222 225 222 214 203 187 169 150 130 112 96 85 77 75 77 85 96 112 130 149 169 187 203 214 222 225 222 214 203 187 169 150 130 112 96 85 77 75 77 85 96 112 130 
100000 7499 8705 9999 11294 12499 13535 14330 14829 15000 14829 14330 13535 12500 11294 10000 8705 7500 6464 5669 5170 5000 5170 5669 6464 7499 8705 9999 11294 12499 13535 14330 14829 15000 14829 14330 13535 12500 11294 10000 8705 7500 6464 5669 5170 5000 5170 5669 6464 7499 8705 
1250 1129 1000 870 750 646 566 517 500 517 566 646 749 870 999 1129 1249 1353 1433 1482 1499 1482 1433 1353 1250 1129 1000 870 750 646 566 517 500 517 566 646 
746 850 1006 1148 1206 1371 1493 1497 1450 1491 1495 1296 1270 1179 
733 860 976 1172 1203 1308 1369 1513 1474 1525 1473 1298 1256 1149 
729 908 1046 1106 1281 1348 1404 1508 1566 1460 1488 1329 1231 1096 
751 864 974 1107 1273 1289 1425 1538 1448 1438 1374 1382 1220 1183 
746 887 957 1169 1250 1381 1452 1521 1521 1510 1440 1335 1187 1104 
721 864 1031 1157 1209 1319 1425 1523 1564 1529 1401 1363 1192 1158 
732 845 954 1152 1222 1339 1421 1419 1431 1491 1441 1417 1285 1153 
766 852 996 1160 1232 1351 1449 1526 1557 1455 1458 1402 1211 1178 
785 837 961 1141 1188 1375 1370 1487 1483 1506 1362 1401 1191 1143 
719 879 1042 1078 1193 1345 1369 1467 1525 1411 1488 1371 1247 1170 
783 853 1049 1133 1291 1335 1438 1555 1477 1513 1371 1415 1307 1145 
719 842 978 1100 1306 1322 1491 1544 1520 1453 1377 1408 1245 1133 
779 852 1014 1144 1293 1293 1394 1518 1460 1541 1409 1369 1300 1101 
724 869 978 1097 1285 1353 1388 1555 1452 1497 1456 1319 1239 1164 
752 855 1000 1129 1306 1354 1490 1527 1509 1454 1377 1371 1271 1073 
739 885 1039 1118 1280 1363 1468 1410 1425 1517 1466 1374 1208 1089 
730 888 966 1115 1293 1400 1489 1463 1499 1520 1447 1287 1299 1123 
727 851 1021 1153 1225 1393 1379 1478 1516 1502 1479 1329 1257 1103 
750 847 1015 1124 1279 1374 1434 1541 1448 1544 1372 1358 1194 1096 
785 862 970 1082 1238 1380 1368 1520 1532 1424 1503 1288 1296 1079 
718 844 956 1183 1271 1414 1463 1415 1484 1439 1491 1381 1206 1093 
776 860 974 1159 1194 1362 1429 1417 1573 1541 1421 1364 1311 1093 
750 896 950 1098 1211 1340 1363 1434 1425 1446 1471 1338 1252 1091 
763 881 963 1132 1231 1320 1471 1415 1537 1491 1400 1342 1254 1165 
765 858 986 1083 1217 1391 1476 1475 1559 1468 1462 1374 1295 1163 
757 908 1001 1079 1309 1415 1502 1413 1431 1478 1424 1337 1286 1175 
768 864 1048 1118 1293 1420 1490 1459 1482 1436 1420 1290 1195 1118 
735 886 971 1125 1225 1300 1486 1430 1544 1474 1387 1286 1283 1107 
723 899 1027 1142 1271 1365 1450 1492 1558 1422 1436 1412 1277 1120 
738 849 1013 1109 1291 1421 1447 1461 1476 1451 1390 1338 1310 1108 
772 912 1017 1076 1299 1310 1377 1431 1481 1498 1372 1307 1310 1182 
787 854 1011 1087 1240 1332 1453 1524 1443 1527 1385 1392 1251 1165 
726 869 971 1102 1252 1380 1401 1534 1539 1542 1374 1346 1288 1117 
735 829 986 1150 1303 1344 1365 1433 1549 1483 1392 1304 1296 1158 
761 852 1045 1077 1261 1398 1364 1475 1513 1427 1423 1415 1302 1098 
773 906 999 1085 1268 1419 1410 1410 1540 1507 1436 1367 1199 1176 
757 867 1012 1074 1236 1370 1384 1443 1472 1491 1473 1355 1295 1124 
737 872 1015 1080 1217 1342 1444 1425 1536 1526 1412 1342 1289 1173 
731 890 958 1154 1199 1359 1468 1433 1471 1521 1498 1375 1226 1130 
765 874 1030 1081 1253 1374 1409 1421 1452 1454 1472 1420 1262 1096 
781 837 970 1122 1308 1295 1363 1413 1443 1542 1429 1327 1303 1173 
751 875 1014 1101 1295 1302 1424 1501 1559 1478 1419 1372 1222 1117 
742 874 1005 1179 1265 1290 1492 1426 1574 1460 1424 1410 1211 1157 
777 911 984 1120 1232 1301 1429 1418 1447 1450 1420 1411 1270 1074 
745 898 951 1180 1232 1391 1405 1509 1454 1528 1472 1312 1222 1130 
731 865 1040 1076 1293 1309 1402 1556 1476 1483 1368 1414 1226 1132 
783 832 990 1111 1195 1345 1467 1517 1449 1550 1487 1294 1239 1162 
746 862 984 1155 1276 1370 1498 1472 1450 1468 1367 1346 1271 1169 
765 881 1044 1166 1297 1324 1366 1473 1431 1411 1449 1415 1300 1131 
762 890 968 1081 1246 1418 1405 1468 1484 1474 1379 1327 1240 1141 
