10 2 20
8 100
1700 130 149 169 187 203 214 222 225 222 214 
100000 8705 9999 11294 12499 13535 14330 14829 15000 14829 14330 
1129 1000 870 750 646 566 517 500 
416 449 
489 315 
445 860 
456 235 
544 289 
735 461 
254 345 
673 669 
713 891 
395 244 
741 587 
797 263 
349 231 
207 779 
318 646 
418 632 
486 768 
351 517 
264 607 
595 871 
298 462 
210 780 
749 373 
318 323 
675 712 
232 326 
814 421 
656 586 
604 600 
298 719 
440 424 
455 636 
593 579 
803 715 
374 517 
323 696 
749 632 
252 786 
322 430 
655 595 
332 384 
531 745 
480 585 
503 745 
641 493 
622 683 
810 374 
407 328 
686 554 
478 477 
558 451 
489 828 
544 317 
788 555 
478 840 
648 642 
593 824 
495 547 
329 333 
362 486 
375 694 
745 567 
327 553 
584 556 
776 491 
391 373 
349 417 
294 322 
250 883 
406 478 
608 712 
715 280 
568 712 
471 459 
697 429 
471 895 
403 430 
760 580 
738 486 
272 785 
310 677 
222 607 
269 573 
393 254 
492 783 
699 586 
471 666 
246 663 
662 582 
711 849 
428 423 
662 316 
759 783 
658 573 
435 526 
207 459 
655 528 
793 345 
584 543 
415 317 
