50 6 20
16 100
340 96 85 77 75 77 85 96 112 130 149 169 187 203 214 222 225 222 214 203 187 169 150 130 112 96 85 77 75 77 85 96 112 130 149 169 187 203 214 222 225 222 214 203 187 169 150 130 112 96 85 
340 129 113 103 100 103 113 129 149 174 199 225 249 270 286 296 300 296 286 270 250 225 200 174 150 129 113 103 100 103 113 129 149 174 199 225 249 270 286 296 300 296 286 270 250 225 200 174 150 129 113 
340 161 141 129 125 129 141 161 187 217 249 282 312 338 358 370 375 370 358 338 312 282 250 217 187 161 141 129 125 129 141 161 187 217 249 282 312 338 358 370 375 370 358 338 312 282 250 217 187 161 141 
340 193 170 155 150 155 170 193 224 261 299 338 374 406 429 444 450 444 429 406 375 338 300 261 225 193 170 155 150 155 170 193 224 261 299 338 374 406 429 444 450 444 429 406 375 338 300 261 225 193 170 
340 226 198 180 175 180 198 226 262 304 349 395 437 473 501 519 525 519 501 473 437 395 350 304 262 226 198 180 175 180 198 226 262 304 349 395 437 473 501 519 525 519 501 473 437 395 350 304 262 226 198 
100000 6464 5669 5170 5000 5170 5669 6464 7499 8705 9999 11294 12499 13535 14330 14829 15000 14829 14330 13535 12500 11294 10000 8705 7500 6464 5669 5170 5000 5170 5669 6464 7499 8705 9999 11294 12499 13535 14330 14829 15000 14829 14330 13535 12500 11294 10000 8705 7500 6464 5669 
1353 1433 1482 1499 1482 1433 1353 1250 1129 1000 870 750 646 566 517 500 
444 717 839 884 501 524 814 564 1019 862 728 636 2227 1155 1046 1192 466 683 1196 500 557 763 323 688 827 322 603 647 757 671 1345 1392 1264 1139 
609 535 425 750 477 1311 482 715 995 904 1540 1761 1130 1732 627 1051 1468 502 1135 1075 487 865 225 585 684 286 833 632 365 502 1157 1645 1311 1029 
764 320 262 440 812 1408 1685 965 1580 1423 1665 869 1885 1173 2031 1880 747 1124 889 609 506 256 435 240 797 785 844 749 992 1301 1527 696 1858 2166 
783 859 426 336 736 1491 962 838 2071 1353 741 1979 1136 1446 849 1302 514 658 424 733 698 295 492 220 377 491 906 963 369 1078 663 1995 959 1860 
260 394 965 1197 842 878 982 679 985 2165 1921 773 1788 1251 1211 1553 1245 1384 906 682 483 685 406 362 436 831 575 795 1117 1236 1392 870 2005 1733 
592 260 455 1012 732 1181 1181 1777 2034 1267 1057 851 1472 2164 944 1455 836 1303 414 868 1018 656 523 252 242 593 991 835 649 435 1259 898 1251 590 
601 499 746 767 571 743 917 1423 783 2203 1503 2351 1562 966 1634 892 1799 412 1060 1136 755 863 772 470 685 549 593 901 558 1210 637 937 755 1335 
379 338 823 922 751 865 616 820 586 2124 686 1703 1308 1603 1991 704 728 1103 593 979 845 686 700 405 741 707 912 552 707 1330 1597 1027 1784 2282 
583 395 455 1059 928 1061 1742 1608 1263 1475 622 2184 876 1523 1621 1994 1621 1102 582 365 410 513 613 592 664 345 666 1031 846 1335 1641 1081 1296 2041 
207 618 588 1014 908 975 1109 1126 2011 1760 1999 640 1529 1470 851 777 1518 1562 1119 436 444 900 331 302 821 377 504 838 1133 1228 470 693 1390 1683 
389 901 549 377 383 956 856 624 1150 1478 1651 1489 2327 626 1783 736 1520 636 745 446 752 772 761 374 365 839 929 496 408 889 1210 1374 1070 1289 
459 560 292 799 634 1095 584 897 575 937 710 1176 1160 2129 1031 1153 707 1106 916 587 440 754 684 795 231 400 642 973 1073 864 819 1334 2030 1598 
554 431 841 455 1115 1188 856 1915 1207 2235 1402 2300 2068 2235 734 1480 1154 1228 1238 1113 983 502 481 232 403 854 534 771 848 543 1169 907 1719 627 
512 444 768 604 625 1512 512 1406 576 1393 1508 791 2319 1796 939 1406 1037 839 784 1095 709 795 586 454 712 861 948 328 575 826 1498 1690 713 2210 
721 340 338 630 457 1101 1417 760 698 1245 2166 752 1495 1378 1360 992 1103 872 672 1011 689 542 321 209 230 526 485 889 378 824 509 1196 1856 947 
414 525 889 1182 416 608 1680 1362 1106 687 908 1335 1378 1296 2131 680 1572 492 790 1176 589 667 240 623 464 870 970 477 971 1269 1468 1675 1893 1063 
513 620 615 377 1257 1158 710 1874 907 1034 1410 1938 1235 1374 1631 1735 1239 1122 706 453 769 508 569 784 798 585 961 358 763 852 1545 527 1447 2106 
281 898 651 978 961 1436 1417 1417 1547 2063 1786 694 1887 791 1338 1575 1234 876 523 629 373 535 668 360 799 425 328 956 1199 1263 1148 715 728 1297 
783 466 299 396 1180 1264 1569 1740 1423 1813 992 691 1848 1269 1552 1409 1119 1096 1177 358 1030 265 558 605 679 765 845 693 1353 737 934 1106 1914 670 
485 779 821 835 1208 557 734 1295 1734 1657 2149 1449 2036 1514 763 947 1205 952 871 532 579 878 790 638 750 357 723 1173 973 903 1202 1571 2137 771 
730 876 419 980 862 1310 685 1802 1742 1332 1163 1386 942 2251 1856 889 659 1540 354 612 837 862 678 781 339 630 601 676 1341 871 723 680 1496 985 
462 324 887 1112 1182 1282 635 1334 820 2228 1240 1122 1085 661 2060 1893 1405 1028 1281 309 523 719 633 352 412 785 663 641 1387 1480 1115 1407 1703 930 
316 688 426 454 1385 1334 764 917 2041 807 629 1306 2240 1797 1689 1450 1388 1338 1282 643 1031 751 548 511 425 347 726 747 529 1511 778 995 855 607 
437 286 517 1010 563 409 1474 1443 1271 1966 1118 1560 699 1078 606 940 503 1403 569 917 437 816 277 505 581 854 536 1019 1346 833 535 620 1445 1190 
378 898 762 520 691 519 878 1697 1044 1171 1751 1658 1372 1962 1735 1923 1124 709 712 925 320 444 777 291 737 591 777 857 947 677 1000 1750 591 1413 
800 600 811 391 1092 1385 896 1741 887 693 2324 2050 1112 1520 718 1193 1427 756 462 990 895 320 561 301 229 834 347 356 1283 790 1673 698 1142 2211 
557 501 322 579 1188 837 887 1643 1075 2270 1230 1395 1304 2286 552 1156 1348 679 1305 1015 650 532 550 463 620 489 529 857 647 967 1767 1928 771 2284 
334 681 478 360 761 586 1513 905 2049 1243 2042 1094 1867 1176 1818 972 671 409 1133 1061 695 895 705 336 474 545 784 1006 1066 1019 842 625 881 1026 
459 748 801 488 563 1352 912 697 1989 1314 942 1927 820 2000 1930 1448 1126 1056 610 944 795 794 302 555 617 268 485 373 815 515 1217 1152 2016 589 
418 466 307 1121 635 848 808 975 1581 1895 2238 2066 1731 1417 581 1189 1327 766 446 904 933 691 775 207 453 602 764 910 438 988 1286 592 979 1401 
462 365 845 1011 1034 1004 568 626 554 1471 1483 1274 1849 934 1548 1819 946 910 634 659 425 274 495 381 537 698 981 935 819 1490 832 1945 2009 1360 
303 243 950 553 779 1350 1540 1141 1788 651 613 856 2177 642 1277 1995 1006 841 794 644 876 344 399 334 580 448 591 528 361 1159 1517 1534 841 1758 
753 675 527 721 693 666 608 847 1357 1122 623 2140 2197 1448 1610 778 1143 1382 908 730 881 616 792 539 615 581 994 1013 1286 555 1671 1046 1572 1198 
488 335 415 1035 933 1157 1583 1286 1198 2060 2100 1143 1929 1291 1387 1947 1367 1596 785 533 371 638 420 710 462 372 780 504 1079 1119 793 1760 779 1227 
594 459 618 1119 1141 707 858 610 573 2180 1942 1676 1671 790 620 1966 670 425 1120 836 864 296 563 284 291 670 515 1121 1318 705 1375 669 1192 821 
536 707 351 962 1179 1548 1459 779 697 967 608 1189 1185 810 1564 1728 1269 1191 725 1071 606 417 772 375 752 766 997 741 512 1371 1701 1688 1856 1642 
734 839 899 714 1326 462 1163 1674 644 1107 680 1795 617 1995 2097 1824 1218 891 1281 1031 423 397 688 615 646 328 659 652 533 486 1390 845 2143 1275 
312 903 343 974 501 1239 722 1307 1454 936 768 1394 1245 1130 2125 1667 1274 859 1232 1071 877 254 622 531 546 394 839 1188 1305 488 1333 1451 1276 1335 
434 710 576 648 1332 628 561 1854 968 1047 1905 616 1056 1773 761 663 744 1181 412 503 575 730 753 341 710 745 692 895 411 1207 638 733 1207 1590 
271 379 961 449 1035 797 1101 745 1064 2178 924 1718 2137 1561 1057 1096 494 1136 963 723 1025 691 291 702 236 549 669 603 909 1540 1170 891 1132 1532 
705 283 405 803 676 586 1422 589 1536 1815 655 2101 1910 704 1375 1300 1762 665 548 646 323 822 297 776 494 335 882 405 989 1374 1356 1552 1253 1051 
464 305 977 770 1246 785 1118 1837 1700 1275 1780 2198 1764 1063 1182 782 1332 1128 988 980 1008 590 431 434 788 505 368 796 1223 1528 1411 1710 2036 2289 
251 739 285 856 1258 1287 1568 934 1964 1005 2298 845 2048 1064 1142 621 820 1092 1355 826 894 227 688 233 322 233 289 773 981 932 628 1514 696 1528 
744 785 949 835 481 1524 1451 1704 951 1132 1080 865 950 589 878 1482 1722 955 893 908 266 736 466 759 693 690 426 913 680 502 1724 1783 1076 1895 
693 570 440 551 574 880 1429 584 1997 790 2080 713 871 1478 588 1240 791 1390 519 887 332 421 779 557 653 724 721 867 492 1359 1446 901 1969 981 
574 711 933 406 1279 1006 1686 939 1859 1228 1395 2303 1882 2237 1972 1361 1282 875 427 527 764 517 448 514 781 353 895 975 1121 513 1262 913 1350 753 
735 396 747 1033 1015 924 1140 1357 566 2098 2112 863 1270 1890 1471 623 1546 686 886 575 716 709 275 256 647 425 528 1195 825 1389 573 1684 2014 1099 
300 293 640 360 506 1254 954 1311 1500 1017 2038 2336 778 1052 1083 1794 987 790 1169 889 873 339 282 334 768 689 307 1025 712 1083 959 531 556 1319 
815 506 885 612 1005 784 1064 1252 1080 1351 789 642 1108 2237 1387 1329 1168 935 833 912 1008 614 268 701 282 813 337 946 545 811 595 1810 1683 1286 
449 561 644 1067 661 452 708 844 1093 1990 2206 1701 1417 610 1301 1835 1075 866 1128 808 1006 301 471 411 218 891 938 697 1064 921 934 1613 1607 1656 
378 899 520 317 1109 418 972 1481 554 700 840 1922 1207 1450 2094 1259 1211 1203 1262 412 933 469 586 532 553 705 518 393 1109 1332 724 1568 1938 1937 
278 588 557 524 1057 1551 468 1774 1852 1712 2365 1587 2326 1812 701 1338 1203 961 804 904 444 313 796 640 818 797 804 860 839 591 1449 1330 1392 1702 
636 285 648 887 1319 1186 548 1619 1110 2238 1267 935 1743 794 647 1544 726 1376 454 1062 536 472 773 536 365 294 840 1075 1379 1328 1537 1150 984 1268 
813 304 543 683 1266 1473 1035 1174 1969 1479 739 1487 2044 1153 1094 527 782 791 1064 863 828 340 489 648 313 347 482 460 897 1448 1599 1694 656 909 
530 439 661 1186 718 869 489 1753 1968 2266 1584 2192 798 983 1441 1476 1033 1349 782 764 621 787 646 759 771 708 740 1161 583 1091 1255 822 845 1758 
596 814 515 1119 578 1207 589 732 1167 1952 2171 866 1954 1217 1640 1008 804 929 922 577 398 513 648 514 426 655 503 998 555 1553 1468 718 840 1169 
621 801 799 362 778 1329 1454 1283 715 810 1396 1535 793 2238 2035 1610 522 1473 606 670 378 230 416 686 278 325 556 920 547 988 1141 826 1776 1863 
543 583 306 1048 770 936 890 976 596 1564 617 1677 1283 888 1223 1998 1014 561 648 977 666 487 653 293 512 312 322 977 627 674 589 1849 1652 579 
765 590 648 1150 532 1020 1503 1256 948 1203 596 1510 937 1871 597 938 1473 1097 574 483 504 902 645 479 575 348 622 391 637 744 1660 1916 1136 1106 
522 468 568 554 1167 1279 843 1444 1261 1285 599 624 1122 669 1828 1291 523 512 542 809 304 478 508 340 497 585 1008 860 1164 702 1125 1704 921 2268 
715 826 266 443 542 1553 1451 1374 1479 1170 1022 715 1010 2027 574 1768 1402 1000 786 1174 346 637 803 297 791 457 888 570 1309 1453 1588 667 1127 1087 
360 327 719 440 612 1187 1447 567 1753 1304 1494 617 1392 950 1083 708 1138 1443 793 471 1027 660 251 550 383 860 924 854 1207 1574 501 857 763 1493 
677 381 803 519 755 539 1179 1575 1560 1796 615 2301 1738 1513 1970 701 1761 538 1328 792 504 379 422 474 285 445 283 1019 1348 546 665 1436 1387 1268 
295 859 684 558 537 1580 735 1792 1724 1811 1105 1509 2271 1094 1955 1579 1175 949 1110 1064 1026 673 291 507 614 742 510 383 1014 624 875 707 2124 1021 
402 229 329 966 829 1108 1749 816 566 1458 2273 1288 2139 1540 1920 1853 1075 1315 394 1001 950 858 348 201 477 232 836 717 516 516 1725 1635 1976 1316 
531 887 398 521 770 464 1361 1692 2124 2030 1102 1359 1127 1233 1759 1983 709 1050 1380 774 743 673 630 470 513 339 792 452 482 1484 1185 1181 1475 789 
680 495 349 1067 547 741 1767 1464 604 1080 1742 1272 2256 1038 2080 698 1289 982 417 1025 682 712 668 482 273 539 1010 442 1050 1208 710 690 864 1989 
510 349 728 875 1089 616 1317 1096 2148 1109 1381 726 1805 924 1461 797 609 1011 982 1035 407 243 347 376 355 870 842 670 513 835 542 1304 960 1568 
232 387 891 609 548 595 1507 1411 1839 1549 1662 2186 968 1054 1652 1689 1177 992 750 1150 608 374 243 594 424 707 340 923 916 1308 1129 1337 1705 864 
675 553 566 520 1188 1166 1291 1493 1772 1875 1527 1613 628 1693 698 798 1415 1380 1155 1190 946 673 289 390 522 527 568 1135 1018 1118 1728 877 1903 1282 
545 577 413 976 990 1566 519 1838 661 743 1875 686 861 752 1194 1539 1512 1111 904 546 922 718 632 444 824 709 606 432 478 418 748 1138 1394 684 
482 404 716 1050 573 1380 476 737 1717 2146 1749 783 1544 736 1620 841 647 1371 735 405 878 807 385 788 226 648 851 940 1283 732 1558 803 1126 1349 
481 432 909 776 465 675 877 730 1582 1951 641 626 941 1110 894 1295 1294 898 1239 761 903 799 732 442 488 437 808 472 862 947 604 1362 809 834 
423 565 802 318 470 1161 809 1297 1587 2140 1920 1472 1641 1732 1595 877 1397 1104 1148 847 795 807 754 498 419 815 430 816 568 1424 1594 1813 565 1705 
659 539 338 476 1135 808 1796 1570 997 1605 1376 1405 1633 2256 584 1621 1579 1380 1091 562 901 690 411 475 370 579 653 729 1033 1222 1742 1124 1724 1757 
571 665 598 1194 894 1382 937 1601 1022 613 1758 1800 1261 802 1126 832 977 409 524 1189 290 638 502 486 332 638 938 760 473 1174 1575 611 910 1875 
664 892 670 383 484 617 487 1320 833 754 816 1234 1084 1942 1440 897 1631 714 1071 662 497 806 724 418 747 229 507 918 1135 638 485 917 816 1425 
302 819 525 706 1228 554 1229 1706 1355 1403 770 1918 1272 1074 2159 599 918 908 1183 538 481 805 270 517 331 467 892 1076 687 1506 914 1203 1148 2216 
415 416 493 1065 706 1587 1225 602 2074 1333 1284 1113 1842 1746 2006 1554 1250 1067 1174 418 354 344 362 755 784 286 892 633 1347 1049 475 1428 611 1625 
396 744 328 847 604 550 1149 1330 1250 1284 1016 801 793 1860 2015 1678 1694 687 957 969 881 328 577 266 538 413 887 363 1136 1123 1794 1429 695 2084 
523 447 477 421 467 1499 1440 1716 2079 699 1602 1564 1619 970 1483 765 753 1316 384 521 967 493 736 352 701 319 334 405 660 1226 802 787 1176 1470 
379 261 750 837 1201 1099 813 509 1680 1447 621 1299 664 2148 1967 1215 1765 1478 947 845 641 838 762 522 458 797 789 683 1109 1185 1286 954 1643 1076 
557 826 716 1021 1109 479 1528 1369 925 2249 2197 1313 1445 2024 1304 896 1615 1180 893 987 404 763 751 750 488 673 863 473 516 985 1494 1625 2146 1046 
384 572 1000 417 1360 556 1593 1884 720 1480 678 1581 1030 2234 1597 1454 917 853 1230 413 692 884 522 454 226 702 333 856 1059 1337 1235 1250 1328 1802 
622 765 407 310 384 865 1749 780 1683 2259 2104 773 1338 2118 1696 851 628 1003 701 364 528 901 483 220 570 873 560 492 980 999 598 1099 1645 1200 
376 596 727 965 429 664 1337 901 1641 945 1005 2377 1875 1943 1197 1387 1735 1344 408 1054 513 248 756 478 647 459 980 690 792 1012 1662 1820 1948 1451 
789 614 606 699 562 692 1765 1034 1756 1732 2035 1496 805 1922 2104 701 890 1199 694 741 530 807 396 758 215 691 294 1168 671 507 1089 758 569 1755 
450 663 844 716 1193 418 752 1921 1783 1844 2057 943 2022 1613 1226 1089 1057 613 789 780 788 372 767 706 782 667 276 716 793 704 1013 680 1478 1544 
701 363 354 444 871 417 1412 1835 792 1673 1896 883 990 842 562 1746 1321 1167 548 1103 448 728 433 448 342 354 971 1152 660 538 463 1904 2026 1344 
632 381 278 572 466 747 1602 1518 1935 953 935 1162 1859 840 1581 531 482 565 635 655 261 285 318 302 813 851 592 425 392 935 1519 1879 717 784 
723 537 874 519 1114 1089 629 1540 1171 1324 1603 2088 850 1005 889 1383 1572 487 1212 709 476 252 501 377 309 821 549 977 547 452 1606 829 1431 1159 
769 247 824 581 709 1528 1077 983 2083 1412 2327 1714 1745 1181 1068 868 678 739 1382 420 358 690 487 335 236 555 1025 1172 575 831 988 556 2092 2110 
736 632 367 1015 1037 1577 1224 1626 612 801 674 617 1996 1613 1673 946 1629 1026 868 430 905 440 481 341 296 611 532 1069 548 1418 1512 571 889 2029 
826 610 896 881 856 635 940 1280 2129 1608 2073 709 1364 913 1474 1976 1790 668 814 731 485 617 647 451 360 557 527 565 954 1208 471 811 936 600 
443 747 334 636 375 673 1610 1468 1614 1851 1905 1770 2116 609 1913 1884 480 738 1043 329 907 794 662 500 741 304 941 1131 923 1045 515 1091 1132 587 
299 772 441 677 1322 547 554 501 1052 1072 1583 2133 878 1811 1972 1249 1777 537 1145 1052 639 646 416 358 553 851 423 674 789 889 983 894 1722 2235 
378 893 500 738 840 881 740 1583 1539 1287 2143 1603 2273 796 2151 935 1572 599 389 318 1005 854 726 646 508 322 433 511 1059 1161 808 988 1407 1448 
785 674 906 956 1210 1023 532 1052 1768 2033 1877 1296 2029 573 1284 932 1460 840 895 735 475 539 794 637 305 583 286 703 904 762 1103 995 1492 613 
672 900 946 500 366 503 1042 1213 1059 1788 2146 1777 909 1229 1863 1670 992 1075 1176 381 467 848 681 433 742 396 766 560 1069 979 1670 1166 1176 1273 
503 460 806 897 744 1346 1042 1611 2131 1654 1668 1221 1130 2039 1451 1987 1305 1159 573 434 596 510 303 678 263 669 897 952 711 695 1165 1133 577 1192 
