20 11 20
11 100
170 75 77 85 96 112 130 149 169 187 203 214 222 225 222 214 203 187 169 150 130 
170 100 103 113 129 149 174 199 225 249 270 286 296 300 296 286 270 250 225 200 174 
170 125 129 141 161 187 217 249 282 312 338 358 370 375 370 358 338 312 282 250 217 
170 150 155 170 193 224 261 299 338 374 406 429 444 450 444 429 406 375 338 300 261 
170 175 180 198 226 262 304 349 395 437 473 501 519 525 519 501 473 437 395 350 304 
170 200 206 226 258 299 348 399 451 499 541 573 593 600 593 573 541 500 451 400 348 
170 225 232 255 290 337 391 449 508 562 609 644 667 675 667 644 609 562 508 450 391 
170 250 258 283 323 374 435 499 564 624 676 716 741 750 741 716 676 625 564 500 435 
170 275 284 311 355 412 478 549 621 687 744 788 815 825 815 788 744 687 621 550 478 
170 300 310 340 387 449 522 599 677 749 812 859 889 900 889 859 812 750 677 600 522 
100000 5000 5170 5669 6464 7499 8705 9999 11294 12499 13535 14330 14829 15000 14829 14330 13535 12500 11294 10000 8705 
1499 1482 1433 1353 1250 1129 1000 870 750 646 566 
493 487 527 548 653 779 852 1036 1180 
513 513 541 567 637 751 828 998 1110 
506 495 536 542 643 780 888 976 1162 
527 517 507 590 643 753 858 964 1101 
534 476 537 565 628 732 875 1048 1141 
508 509 508 539 663 771 866 1033 1079 
504 505 516 545 668 783 910 961 1095 
521 478 520 592 638 741 897 1031 1133 
539 491 491 541 626 784 898 955 1108 
533 491 510 540 669 731 832 972 1136 
534 493 521 550 668 776 870 1045 1133 
497 488 539 576 674 727 833 994 1079 
508 507 508 580 644 722 903 959 1116 
511 492 504 577 616 721 887 978 1164 
492 498 492 574 637 772 857 1005 1148 
531 496 540 551 654 785 859 969 1094 
534 488 514 554 657 718 829 989 1180 
491 479 511 561 649 752 898 974 1147 
492 495 507 558 655 742 863 992 1168 
494 521 515 595 640 726 892 968 1109 
518 516 513 591 645 777 853 1012 1089 
520 512 517 541 617 726 888 1023 1121 
540 491 504 586 670 742 896 1034 1177 
521 503 496 554 633 743 909 973 1131 
495 475 510 556 651 744 881 987 1150 
533 505 497 593 637 760 857 994 1140 
540 495 494 583 661 728 864 1031 1080 
492 506 505 581 614 777 894 1048 1081 
521 486 530 565 663 779 841 1035 1103 
502 488 512 582 614 777 875 955 1087 
532 521 517 557 674 714 856 960 1169 
517 491 515 593 629 781 868 979 1081 
502 487 532 582 660 751 829 1023 1114 
510 497 494 591 621 716 878 1045 1078 
511 503 519 548 615 737 850 988 1095 
535 482 500 594 656 736 892 1005 1128 
501 487 526 580 663 784 884 1030 1151 
515 478 508 549 637 715 880 958 1156 
508 524 536 582 659 765 888 1029 1094 
540 510 505 570 636 751 903 1012 1078 
530 475 518 563 626 742 913 995 1077 
524 503 534 574 644 746 847 1013 1169 
518 489 536 553 667 776 857 1018 1083 
510 487 507 584 648 755 891 967 1109 
497 503 519 566 654 726 890 1017 1156 
518 507 493 562 666 778 897 1025 1073 
514 501 520 582 642 739 903 1047 1162 
504 510 506 586 647 712 840 958 1096 
513 490 513 552 663 754 894 1008 1121 
533 475 501 556 671 726 856 1049 1107 
492 513 525 578 661 752 829 1034 1169 
533 487 528 567 651 735 849 1011 1113 
538 507 505 553 626 712 854 959 1112 
503 512 535 575 616 741 897 1026 1171 
509 517 530 566 654 767 831 986 1112 
530 495 504 558 654 732 861 968 1153 
521 497 502 588 646 777 866 1039 1174 
526 481 512 547 630 715 910 995 1109 
524 498 516 574 660 728 850 1003 1164 
506 510 532 547 663 777 847 981 1144 
505 478 502 565 639 781 908 971 1148 
497 508 532 539 638 751 827 999 1133 
507 502 529 551 629 741 828 988 1120 
516 504 510 551 625 712 879 1004 1166 
501 495 522 571 676 729 898 1002 1149 
526 522 542 583 649 747 879 951 1125 
540 505 530 545 664 723 884 1039 1151 
491 517 525 568 640 761 892 955 1138 
520 513 521 570 616 728 890 1030 1074 
524 476 514 576 638 745 861 987 1125 
526 487 509 580 650 741 901 1044 1171 
538 500 519 552 615 774 866 1017 1126 
492 521 529 569 650 728 872 987 1136 
492 483 538 546 634 721 871 976 1172 
530 488 535 572 668 728 899 986 1103 
512 522 511 562 621 781 894 1044 1079 
530 483 491 589 676 745 898 954 1094 
494 509 535 558 627 735 856 1008 1102 
507 496 491 579 632 786 912 972 1151 
517 491 522 563 669 766 902 966 1153 
513 507 495 559 645 754 880 994 1173 
522 491 542 571 614 772 905 1031 1083 
520 510 532 539 615 783 846 982 1112 
502 496 497 553 665 779 881 1027 1096 
533 480 526 575 647 780 829 985 1101 
512 490 500 556 676 746 847 964 1111 
515 518 537 580 676 719 887 974 1093 
505 505 507 584 652 778 872 975 1078 
503 521 527 553 668 750 874 952 1183 
531 496 541 571 627 767 828 952 1147 
523 485 500 594 637 753 845 1014 1092 
505 481 493 557 644 737 869 1027 1101 
512 513 529 563 651 780 828 952 1135 
497 479 506 571 668 770 911 987 1140 
535 485 524 566 676 766 908 988 1128 
539 499 506 578 654 780 844 1025 1143 
503 511 536 551 633 713 862 1031 1175 
492 522 517 576 663 735 834 970 1152 
510 480 515 581 672 763 889 959 1084 
509 479 501 539 614 743 879 1022 1084 
