50 3 20
36 50
850 85 77 75 77 85 96 112 130 149 169 187 203 214 222 225 222 214 203 187 169 150 130 112 96 85 77 75 77 85 96 112 130 149 169 187 203 214 222 225 222 214 203 187 169 150 130 112 96 85 77 
850 113 103 100 103 113 129 149 174 199 225 249 270 286 296 300 296 286 270 250 225 200 174 150 129 113 103 100 103 113 129 149 174 199 225 249 270 286 296 300 296 286 270 250 225 200 174 150 129 113 103 
100000 5669 5170 5000 5170 5669 6464 7499 8705 9999 11294 12499 13535 14330 14829 15000 14829 14330 13535 12500 11294 10000 8705 7500 6464 5669 5170 5000 5170 5669 6464 7499 8705 9999 11294 12499 13535 14330 14829 15000 14829 14330 13535 12500 11294 10000 8705 7500 6464 5669 5170 
1433 1482 1499 1482 1433 1353 1250 1129 1000 870 750 646 566 517 500 517 566 646 749 870 999 1129 1249 1353 1433 1482 1499 1482 1433 1353 1250 1129 1000 870 750 646 
681 458 366 651 788 992 793 777 1162 1230 915 625 997 769 
735 291 568 716 280 835 912 1225 1213 526 830 1217 1452 1306 
250 362 600 494 731 1033 449 1088 1426 1650 1261 1568 1273 1922 
837 793 671 434 665 457 343 786 1228 953 1112 1974 1828 1988 
306 375 745 504 541 663 801 983 517 1613 1877 781 1314 1520 
479 298 366 629 278 753 755 726 1060 1530 1848 1771 759 1459 
859 674 599 665 698 273 1068 630 1247 1114 1876 1613 1910 1681 
487 354 617 314 863 502 1138 415 999 1565 615 1888 2247 2327 
398 411 563 225 352 554 712 1140 620 1404 1926 1680 1830 610 
859 718 747 589 399 760 649 740 815 1063 726 1034 1770 1769 
742 662 661 816 422 527 566 770 1252 1686 1130 1596 2145 756 
670 311 257 304 307 473 955 1331 479 1152 1760 1977 721 2112 
778 532 223 694 503 461 418 1370 733 1454 707 1326 1661 1848 
369 324 384 622 398 677 1156 586 824 670 1319 1153 920 1402 
891 623 792 690 825 702 969 661 963 1555 1405 687 1586 873 
863 585 605 422 789 353 1091 1017 1467 654 568 1729 2029 1639 
757 474 731 539 443 980 499 828 903 465 1807 1789 2277 619 
274 464 610 807 454 721 440 1015 1145 670 858 2047 1513 2016 
714 455 293 603 863 516 465 671 1572 550 962 690 1580 804 
448 349 564 642 742 271 403 617 1388 1431 1972 1515 1051 2354 
286 312 229 680 837 402 460 728 1139 485 515 1820 1706 1884 
299 729 577 765 808 408 792 1328 686 1713 1296 1893 1842 1902 
674 498 699 367 379 826 359 1165 539 795 739 1808 1461 904 
308 488 599 665 786 915 1104 424 461 1309 1455 2163 1313 875 
685 341 352 737 418 806 893 962 1045 1385 667 647 1421 2360 
695 749 454 309 302 459 1102 536 405 735 1722 665 1172 2357 
425 443 554 624 485 764 655 1147 1053 1787 1221 1459 594 2088 
596 387 645 213 699 728 501 452 913 1299 1736 1084 1509 599 
855 248 215 320 584 880 591 779 1094 589 534 1551 1828 954 
472 671 635 641 608 728 456 484 944 1664 1834 1836 1188 1379 
598 645 607 374 803 972 487 963 1532 715 1365 1007 1076 1029 
804 237 630 500 707 774 1066 878 651 1302 1533 1184 1578 1725 
562 702 218 247 724 274 1188 370 763 764 1788 638 1849 1860 
661 314 583 505 515 367 1183 482 725 1545 1478 887 1223 1375 
759 250 230 636 360 539 677 688 1180 745 1090 923 749 1147 
764 773 629 657 327 972 1044 1318 574 1068 1377 1710 828 1733 
559 510 679 576 598 751 441 1282 711 1082 1017 1379 858 1408 
338 739 290 327 673 987 526 1213 493 913 746 1231 1008 636 
355 218 667 577 780 824 342 471 1193 1521 1332 609 628 2024 
545 455 641 283 847 887 705 1007 1545 985 992 1884 1869 982 
258 531 697 421 259 268 1149 429 607 509 1314 1349 1270 1397 
388 766 775 699 426 425 667 1195 1107 1774 639 688 618 596 
581 672 704 397 884 645 1023 754 410 1685 1657 1277 929 1052 
600 637 590 678 596 423 822 941 605 1343 1743 1090 1428 962 
407 678 234 800 904 914 612 691 1011 920 1919 1498 1453 838 
725 244 590 779 345 364 1073 423 583 1372 1292 2128 1079 2199 
387 666 366 411 397 684 368 1312 1019 1236 1442 2121 1184 1970 
820 734 555 418 662 420 599 664 841 1429 638 2100 730 2332 
586 575 620 571 540 470 1123 488 906 561 1933 591 1324 1719 
485 763 366 340 254 683 1093 749 1182 684 759 1166 2163 2043 
