5 11 20
4 100
170 112 130 149 169 187 
170 149 174 199 225 249 
170 187 217 249 282 312 
170 224 261 299 338 374 
170 262 304 349 395 437 
170 299 348 399 451 499 
170 337 391 449 508 562 
170 374 435 499 564 624 
170 412 478 549 621 687 
170 449 522 599 677 749 
100000 7499 8705 9999 11294 12499 
1250 1129 1000 870 
727 
744 
785 
714 
714 
751 
738 
718 
727 
733 
780 
744 
723 
730 
743 
751 
772 
722 
746 
758 
785 
728 
753 
763 
746 
745 
750 
778 
755 
715 
749 
761 
762 
749 
787 
734 
733 
741 
722 
724 
742 
716 
764 
733 
755 
748 
719 
747 
737 
752 
772 
772 
766 
777 
739 
760 
720 
750 
751 
773 
748 
759 
766 
733 
731 
750 
739 
716 
752 
782 
718 
743 
730 
739 
748 
734 
776 
783 
763 
713 
724 
768 
772 
784 
779 
727 
723 
766 
747 
730 
783 
714 
771 
726 
746 
713 
748 
759 
733 
742 
