5 3 20
3 100
850 112 96 85 77 75 
850 150 129 113 103 100 
100000 7500 6464 5669 5170 5000 
1249 1353 1433 
1429 1570 
1475 1444 
1416 1571 
1412 1477 
1502 1498 
1532 1497 
1503 1560 
1446 1477 
1456 1561 
1466 1510 
1499 1541 
1509 1501 
1516 1498 
1541 1476 
1453 1442 
1449 1478 
1538 1476 
1479 1438 
1535 1477 
1431 1481 
1521 1429 
1522 1561 
1540 1551 
1474 1488 
1438 1432 
1483 1430 
1488 1553 
1484 1568 
1413 1450 
1470 1426 
1529 1472 
1500 1454 
1517 1527 
1495 1542 
1472 1495 
1538 1441 
1458 1501 
1421 1520 
1544 1492 
1505 1475 
1530 1449 
1417 1432 
1435 1529 
1452 1560 
1526 1519 
1432 1477 
1464 1456 
1448 1561 
1498 1433 
1458 1472 
1438 1542 
1501 1425 
1523 1487 
1415 1519 
1490 1571 
1543 1540 
1538 1565 
1525 1453 
1487 1437 
1466 1429 
1516 1496 
1415 1470 
1538 1561 
1506 1563 
1553 1538 
1499 1540 
1514 1491 
1508 1568 
1421 1496 
1445 1550 
1516 1480 
1420 1558 
1505 1463 
1518 1428 
1508 1506 
1554 1496 
1429 1505 
1462 1544 
1452 1460 
1421 1442 
1548 1467 
1506 1451 
1495 1473 
1430 1479 
1539 1516 
1503 1449 
1477 1472 
1536 1471 
1413 1460 
1458 1436 
1523 1471 
1429 1554 
1546 1552 
1515 1534 
1511 1533 
1509 1552 
1432 1479 
1416 1508 
1488 1427 
1410 1434 
