50 3 20
36 100
850 96 112 130 149 169 187 203 214 222 225 222 214 203 187 169 150 130 112 96 85 77 75 77 85 96 112 130 149 169 187 203 214 222 225 222 214 203 187 169 150 130 112 96 85 77 75 77 85 96 112 
850 129 149 174 199 225 249 270 286 296 300 296 286 270 250 225 200 174 150 129 113 103 100 103 113 129 149 174 199 225 249 270 286 296 300 296 286 270 250 225 200 174 150 129 113 103 100 103 113 129 149 
100000 6464 7499 8705 9999 11294 12499 13535 14330 14829 15000 14829 14330 13535 12500 11294 10000 8705 7500 6464 5669 5170 5000 5170 5669 6464 7499 8705 9999 11294 12499 13535 14330 14829 15000 14829 14330 13535 12500 11294 10000 8705 7500 6464 5669 5170 5000 5170 5669 6464 7499 
1353 1250 1129 1000 870 750 646 566 517 500 517 566 646 749 870 999 1129 1249 1353 1433 1482 1499 1482 1433 1353 1250 1129 1000 870 750 646 566 517 500 517 566 
617 784 878 986 1122 1239 1306 1465 1526 1467 1420 1417 1343 1275 
632 716 852 969 1137 1301 1391 1387 1460 1432 1541 1411 1420 1259 
630 749 885 1031 1178 1298 1371 1410 1493 1540 1418 1416 1392 1200 
628 726 846 965 1085 1300 1342 1496 1468 1534 1510 1402 1394 1270 
630 741 877 1022 1177 1267 1361 1361 1463 1534 1427 1413 1337 1270 
656 721 844 1019 1179 1258 1321 1493 1550 1535 1475 1427 1352 1197 
627 787 838 1014 1132 1256 1295 1418 1462 1475 1426 1377 1320 1259 
650 764 899 1045 1082 1210 1286 1487 1485 1498 1474 1502 1372 1294 
626 718 880 981 1182 1205 1359 1376 1428 1484 1484 1383 1376 1195 
660 773 855 1047 1077 1287 1316 1430 1499 1510 1413 1499 1395 1199 
617 734 832 980 1106 1259 1309 1367 1552 1508 1459 1489 1327 1307 
651 770 852 975 1161 1251 1306 1496 1443 1485 1441 1366 1366 1307 
674 764 850 1027 1150 1284 1316 1481 1447 1457 1429 1370 1355 1188 
674 754 838 1023 1130 1216 1420 1404 1538 1470 1432 1503 1343 1239 
665 741 868 1027 1097 1227 1414 1380 1454 1469 1442 1491 1344 1277 
619 743 851 976 1163 1234 1357 1461 1432 1536 1544 1444 1372 1189 
653 717 869 1046 1107 1222 1393 1382 1443 1505 1482 1500 1314 1278 
630 766 913 977 1094 1227 1321 1366 1488 1474 1449 1400 1417 1279 
648 744 897 970 1140 1260 1404 1421 1471 1487 1435 1494 1309 1251 
623 737 830 1037 1137 1207 1416 1441 1438 1466 1531 1362 1396 1205 
677 740 912 1034 1145 1206 1313 1380 1421 1495 1506 1411 1309 1245 
637 764 834 1038 1155 1247 1392 1440 1495 1556 1443 1460 1350 1305 
657 776 863 974 1085 1233 1395 1497 1469 1428 1519 1473 1403 1196 
645 753 907 957 1090 1278 1397 1472 1508 1556 1523 1433 1385 1213 
646 733 911 973 1166 1212 1313 1472 1552 1440 1510 1379 1332 1224 
643 777 877 972 1139 1191 1339 1484 1480 1431 1429 1468 1420 1214 
657 746 878 970 1112 1236 1315 1401 1510 1519 1428 1449 1379 1298 
641 762 851 967 1123 1286 1382 1395 1531 1428 1503 1417 1332 1232 
652 776 854 990 1130 1202 1397 1456 1432 1509 1463 1418 1417 1277 
630 737 851 1000 1122 1200 1342 1483 1544 1532 1495 1487 1371 1310 
617 729 900 963 1139 1263 1398 1445 1503 1448 1433 1373 1311 1287 
623 725 892 1049 1156 1220 1361 1389 1515 1451 1450 1428 1306 1249 
637 742 828 1006 1115 1298 1309 1436 1465 1572 1460 1374 1390 1212 
644 763 873 1007 1170 1232 1348 1499 1528 1485 1440 1460 1405 1291 
662 723 876 1020 1080 1248 1369 1458 1513 1553 1501 1420 1297 1243 
631 750 909 1035 1147 1235 1302 1482 1476 1570 1533 1376 1394 1250 
663 724 836 975 1078 1311 1369 1452 1489 1476 1503 1420 1350 1260 
651 742 881 1041 1136 1262 1362 1461 1525 1554 1517 1362 1343 1215 
614 775 840 952 1136 1222 1310 1481 1517 1430 1542 1406 1355 1262 
671 719 866 1000 1131 1290 1394 1471 1530 1483 1462 1400 1416 1248 
678 784 903 1003 1116 1262 1337 1384 1532 1448 1480 1389 1383 1226 
619 748 870 988 1161 1221 1388 1361 1409 1530 1445 1486 1315 1199 
640 718 862 986 1115 1191 1355 1443 1525 1537 1424 1475 1370 1235 
677 724 849 1032 1178 1259 1408 1400 1453 1530 1535 1424 1381 1288 
641 753 873 964 1088 1262 1344 1402 1434 1434 1501 1391 1332 1266 
616 753 899 952 1101 1286 1412 1438 1454 1541 1550 1407 1291 1233 
649 724 859 1011 1146 1263 1300 1393 1456 1467 1475 1476 1360 1228 
620 752 873 1006 1182 1282 1311 1450 1475 1477 1512 1414 1306 1309 
660 716 842 997 1185 1243 1404 1405 1423 1469 1545 1389 1293 1256 
675 724 871 1008 1119 1292 1308 1482 1531 1498 1451 1383 1330 1227 
667 729 872 1028 1088 1245 1353 1424 1509 1512 1429 1479 1390 1232 
647 724 896 1029 1134 1226 1405 1370 1504 1526 1471 1462 1363 1250 
649 720 847 992 1180 1311 1361 1437 1550 1425 1464 1490 1345 1287 
627 770 871 1048 1075 1242 1334 1411 1541 1570 1462 1427 1347 1285 
666 741 854 979 1102 1237 1299 1443 1415 1498 1481 1399 1392 1262 
663 765 868 979 1097 1253 1288 1484 1438 1510 1538 1439 1394 1253 
644 782 837 962 1092 1194 1315 1373 1485 1491 1479 1494 1342 1253 
656 768 834 1016 1098 1305 1324 1397 1467 1446 1531 1378 1336 1224 
667 763 838 962 1139 1201 1351 1488 1514 1559 1491 1475 1324 1202 
645 775 890 1039 1124 1245 1304 1368 1543 1558 1520 1477 1294 1239 
634 739 867 1010 1078 1189 1401 1444 1546 1439 1556 1428 1417 1190 
659 718 859 1026 1168 1299 1417 1406 1471 1518 1422 1375 1362 1196 
619 719 881 1035 1154 1271 1419 1458 1515 1541 1413 1430 1360 1245 
659 749 899 1002 1086 1224 1341 1389 1539 1560 1483 1436 1307 1205 
673 757 874 971 1168 1207 1366 1460 1422 1514 1419 1494 1332 1207 
667 719 858 974 1099 1288 1357 1431 1462 1506 1543 1459 1353 1296 
614 726 859 1017 1124 1293 1388 1400 1546 1436 1493 1485 1333 1206 
640 786 896 983 1126 1241 1299 1497 1531 1493 1501 1494 1295 1265 
625 785 844 954 1130 1307 1402 1441 1462 1510 1519 1419 1364 1294 
630 715 849 1030 1107 1275 1322 1423 1457 1456 1462 1440 1326 1279 
616 776 912 955 1120 1225 1296 1488 1468 1495 1484 1489 1307 1309 
654 713 860 998 1121 1263 1340 1437 1505 1447 1456 1441 1397 1294 
652 749 833 963 1076 1217 1414 1373 1504 1476 1532 1371 1340 1225 
633 747 844 1024 1085 1274 1324 1494 1554 1524 1442 1466 1413 1262 
668 772 869 1004 1079 1274 1308 1413 1440 1429 1541 1459 1382 1218 
662 748 876 951 1108 1286 1378 1365 1485 1465 1489 1375 1405 1191 
616 736 849 1007 1080 1209 1415 1381 1540 1504 1434 1413 1356 1202 
668 751 856 1014 1151 1218 1327 1378 1516 1442 1506 1424 1385 1286 
664 779 844 974 1178 1265 1322 1472 1493 1530 1548 1395 1292 1293 
633 733 848 989 1173 1311 1296 1451 1430 1528 1463 1380 1394 1235 
615 717 850 1001 1181 1208 1301 1443 1544 1497 1446 1384 1324 1234 
630 724 857 1047 1109 1250 1289 1461 1450 1458 1456 1470 1310 1233 
669 750 904 976 1127 1244 1314 1495 1467 1540 1537 1502 1392 1212 
618 779 868 962 1163 1302 1345 1461 1505 1515 1532 1483 1325 1193 
633 717 866 955 1096 1271 1347 1385 1503 1519 1443 1466 1384 1247 
666 725 846 1003 1091 1229 1386 1486 1495 1468 1531 1399 1320 1236 
614 759 856 952 1086 1193 1313 1466 1439 1431 1414 1387 1408 1198 
654 775 910 958 1117 1258 1382 1464 1498 1440 1417 1433 1379 1277 
668 743 888 1040 1094 1286 1409 1423 1511 1526 1453 1448 1417 1308 
632 723 873 1028 1100 1236 1342 1404 1432 1468 1500 1426 1289 1188 
660 778 854 991 1149 1228 1310 1417 1468 1434 1496 1397 1393 1234 
625 720 912 1030 1176 1263 1373 1382 1492 1535 1526 1483 1385 1212 
622 780 884 958 1111 1289 1385 1400 1462 1526 1472 1405 1286 1203 
617 727 830 956 1169 1298 1292 1483 1524 1549 1435 1371 1373 1244 
620 742 900 1035 1104 1279 1334 1445 1548 1440 1457 1493 1389 1260 
666 738 886 1014 1081 1275 1404 1376 1553 1544 1457 1416 1391 1288 
675 782 838 984 1154 1262 1328 1441 1550 1428 1487 1503 1399 1251 
649 765 879 1016 1104 1238 1351 1395 1487 1562 1501 1411 1388 1303 
635 761 908 972 1136 1256 1323 1421 1462 1433 1416 1406 1404 1232 
626 786 888 1025 1184 1273 1345 1500 1464 1516 1525 1434 1336 1276 
