50 6 20
36 50
340 77 75 77 85 96 112 130 149 169 187 203 214 222 225 222 214 203 187 169 150 130 112 96 85 77 75 77 85 96 112 130 149 169 187 203 214 222 225 222 214 203 187 169 150 130 112 96 85 77 75 
340 103 100 103 113 129 149 174 199 225 249 270 286 296 300 296 286 270 250 225 200 174 150 129 113 103 100 103 113 129 149 174 199 225 249 270 286 296 300 296 286 270 250 225 200 174 150 129 113 103 100 
340 129 125 129 141 161 187 217 249 282 312 338 358 370 375 370 358 338 312 282 250 217 187 161 141 129 125 129 141 161 187 217 249 282 312 338 358 370 375 370 358 338 312 282 250 217 187 161 141 129 125 
340 155 150 155 170 193 224 261 299 338 374 406 429 444 450 444 429 406 375 338 300 261 225 193 170 155 150 155 170 193 224 261 299 338 374 406 429 444 450 444 429 406 375 338 300 261 225 193 170 155 150 
340 180 175 180 198 226 262 304 349 395 437 473 501 519 525 519 501 473 437 395 350 304 262 226 198 180 175 180 198 226 262 304 349 395 437 473 501 519 525 519 501 473 437 395 350 304 262 226 198 180 175 
100000 5170 5000 5170 5669 6464 7499 8705 9999 11294 12499 13535 14330 14829 15000 14829 14330 13535 12500 11294 10000 8705 7500 6464 5669 5170 5000 5170 5669 6464 7499 8705 9999 11294 12499 13535 14330 14829 15000 14829 14330 13535 12500 11294 10000 8705 7500 6464 5669 5170 5000 
1482 1499 1482 1433 1353 1250 1129 1000 870 750 646 566 517 500 517 566 646 749 870 999 1129 1249 1353 1433 1482 1499 1482 1433 1353 1250 1129 1000 870 750 646 566 
503 589 515 761 400 690 517 1134 1293 831 2029 1799 723 691 
526 627 516 250 368 304 763 600 1609 1682 1422 1384 632 829 
651 317 590 544 268 554 1056 1128 1534 1738 1850 1563 2304 1930 
233 438 513 466 1001 475 396 587 844 1439 1362 1265 608 770 
351 681 276 717 274 314 367 1051 958 756 2000 2120 993 807 
690 493 609 658 861 338 1069 812 850 678 1996 1388 1534 2295 
600 368 290 768 885 549 750 1501 526 545 1630 1196 609 1894 
635 691 671 355 391 1045 1391 1256 1064 1087 853 887 2007 1363 
816 764 672 244 494 1184 801 450 1219 1620 604 2081 744 951 
488 222 414 517 496 625 480 1032 849 1124 1020 2074 816 647 
825 574 794 495 418 841 938 1359 1139 930 1066 1135 1975 882 
819 563 730 269 620 319 1118 1466 1420 1052 1488 922 1788 1355 
697 263 560 481 703 313 830 1186 1045 1396 1030 615 1845 1616 
479 493 625 597 929 1158 907 1329 486 671 1466 1934 1666 1547 
711 731 240 463 806 746 641 1249 1614 943 967 879 1509 895 
210 385 716 756 756 937 837 454 482 1420 1884 694 1780 1424 
303 749 441 474 1018 1051 772 463 767 837 1299 814 1046 604 
514 366 359 653 604 394 617 987 454 1266 1078 2092 1541 819 
740 369 297 593 869 422 523 704 1419 1860 2021 1832 1534 1616 
244 579 602 406 666 848 772 892 597 1558 1967 2031 2043 1977 
458 427 321 811 446 602 802 623 1433 1133 1863 1281 801 1590 
810 756 654 827 809 1185 714 1361 1718 765 1743 619 936 1049 
217 560 575 692 882 1152 856 460 519 1624 1720 1559 943 2103 
753 739 676 776 424 770 1298 1166 1513 1765 872 2175 1525 1186 
804 252 594 716 630 376 420 1389 1275 640 1622 1886 2070 1745 
474 331 456 588 764 857 1050 780 1092 1618 793 1241 1246 1861 
502 538 402 733 844 565 396 1528 1178 856 850 721 2136 1357 
621 746 576 705 397 1184 878 1312 622 982 1139 1100 2036 904 
513 667 372 831 971 483 917 960 1494 1166 1866 1575 2247 1650 
285 627 578 651 382 521 1217 702 1562 604 1594 2063 633 1671 
717 560 520 708 979 798 356 1102 1465 1920 1635 2067 1705 1370 
214 295 745 392 465 563 1174 989 1159 1056 1334 874 1336 652 
782 371 691 823 628 856 404 1147 1034 1321 1892 1968 1749 1473 
440 602 771 382 595 325 379 1520 742 1633 1190 2130 2123 1909 
818 777 368 738 584 795 931 935 785 1055 818 1461 2263 1841 
641 459 690 296 683 1144 539 1511 1261 1085 1456 2225 2010 1281 
422 706 822 636 426 923 1239 972 678 927 912 1303 1502 1430 
697 401 432 229 486 441 1143 1215 863 616 2115 1758 1904 1121 
258 336 241 757 670 637 828 552 1176 567 2031 1917 912 972 
447 667 281 288 311 634 955 1126 468 1305 1657 1753 2328 2113 
680 671 707 645 783 507 614 1505 1548 1494 1387 1045 1964 1115 
452 554 476 314 529 588 762 461 956 887 1256 1788 2324 2345 
280 314 278 447 281 816 848 517 1664 586 1963 762 618 2338 
301 718 341 417 609 453 1270 1549 646 1553 744 1827 1119 2354 
674 567 214 699 324 1066 862 1559 723 1258 778 1115 1945 1308 
589 797 793 659 298 801 1018 981 1077 698 1254 1765 1523 1360 
555 263 608 799 497 947 1065 1353 568 1885 699 1518 1797 832 
776 611 680 577 567 816 736 538 1308 1790 987 2205 638 1377 
820 456 800 786 596 977 823 1031 1607 1280 979 914 752 1056 
291 321 720 283 741 727 1253 752 934 770 588 2200 642 817 
