20 11 20
15 1
170 112 130 149 169 187 203 214 222 225 222 214 203 187 169 150 130 112 96 85 77 
170 149 174 199 225 249 270 286 296 300 296 286 270 250 225 200 174 150 129 113 103 
170 187 217 249 282 312 338 358 370 375 370 358 338 312 282 250 217 187 161 141 129 
170 224 261 299 338 374 406 429 444 450 444 429 406 375 338 300 261 225 193 170 155 
170 262 304 349 395 437 473 501 519 525 519 501 473 437 395 350 304 262 226 198 180 
170 299 348 399 451 499 541 573 593 600 593 573 541 500 451 400 348 300 258 226 206 
170 337 391 449 508 562 609 644 667 675 667 644 609 562 508 450 391 337 290 255 232 
170 374 435 499 564 624 676 716 741 750 741 716 676 625 564 500 435 375 323 283 258 
170 412 478 549 621 687 744 788 815 825 815 788 744 687 621 550 478 412 355 311 284 
170 449 522 599 677 749 812 859 889 900 889 859 812 750 677 600 522 450 387 340 310 
100000 7499 8705 9999 11294 12499 13535 14330 14829 15000 14829 14330 13535 12500 11294 10000 8705 7500 6464 5669 5170 
1250 1129 1000 870 750 646 566 517 500 517 566 646 749 870 999 
607 1240 718 1060 1267 
