50 3 20
26 5
850 77 75 77 85 96 112 130 149 169 187 203 214 222 225 222 214 203 187 169 150 130 112 96 85 77 75 77 85 96 112 130 149 169 187 203 214 222 225 222 214 203 187 169 150 130 112 96 85 77 75 
850 103 100 103 113 129 149 174 199 225 249 270 286 296 300 296 286 270 250 225 200 174 150 129 113 103 100 103 113 129 149 174 199 225 249 270 286 296 300 296 286 270 250 225 200 174 150 129 113 103 100 
100000 5170 5000 5170 5669 6464 7499 8705 9999 11294 12499 13535 14330 14829 15000 14829 14330 13535 12500 11294 10000 8705 7500 6464 5669 5170 5000 5170 5669 6464 7499 8705 9999 11294 12499 13535 14330 14829 15000 14829 14330 13535 12500 11294 10000 8705 7500 6464 5669 5170 5000 
1482 1499 1482 1433 1353 1250 1129 1000 870 750 646 566 517 500 517 566 646 749 870 999 1129 1249 1353 1433 1482 1499 
798 1212 1019 1102 600 906 438 350 614 382 667 763 207 759 466 842 1270 1288 1694 683 1943 1220 1828 1444 
1595 1812 1104 1125 621 931 409 589 459 639 567 566 285 815 264 607 412 655 1677 1495 1440 2059 669 1535 
1507 1216 1221 1173 782 1093 1184 1038 343 535 527 408 438 568 802 503 515 1275 1423 1603 566 1995 2334 1782 
669 1704 1974 1006 546 1147 433 985 897 233 706 474 565 855 609 828 608 1458 690 621 1189 1733 1797 816 
808 1577 2039 1792 825 1063 362 934 291 498 778 783 369 682 489 604 907 668 580 1758 1415 823 969 2102 
