50 2 20
16 5
1700 130 112 96 85 77 75 77 85 96 112 130 149 169 187 203 214 222 225 222 214 203 187 169 150 130 112 96 85 77 75 77 85 96 112 130 149 169 187 203 214 222 225 222 214 203 187 169 150 130 112 
100000 8705 7500 6464 5669 5170 5000 5170 5669 6464 7499 8705 9999 11294 12499 13535 14330 14829 15000 14829 14330 13535 12500 11294 10000 8705 7500 6464 5669 5170 5000 5170 5669 6464 7499 8705 9999 11294 12499 13535 14330 14829 15000 14829 14330 13535 12500 11294 10000 8705 7500 
1129 1249 1353 1433 1482 1499 1482 1433 1353 1250 1129 1000 870 750 646 566 
516 516 514 591 625 786 870 1034 1118 1297 1375 1371 1552 1460 1410 1368 1289 1274 1156 989 891 738 642 560 523 523 496 554 648 759 870 1018 1129 1220 
540 502 514 546 618 732 910 1031 1153 1227 1296 1394 1482 1561 1455 1486 1320 1209 1178 999 894 731 654 554 494 516 522 541 657 756 859 993 1095 1189 
539 489 522 539 616 767 848 1038 1178 1292 1358 1499 1474 1463 1412 1456 1375 1195 1146 957 838 781 630 584 541 519 537 567 646 785 833 993 1085 1297 
516 505 532 585 638 723 841 1045 1090 1297 1305 1415 1431 1463 1480 1388 1346 1239 1096 1004 874 743 668 548 528 509 540 557 673 750 878 1021 1084 1272 
500 483 528 542 652 776 857 993 1171 1266 1318 1496 1431 1473 1488 1495 1365 1266 1102 988 884 740 652 561 520 517 520 568 630 781 896 1041 1158 1267 
