50 3 20
26 5
850 112 96 85 77 75 77 85 96 112 130 149 169 187 203 214 222 225 222 214 203 187 169 150 130 112 96 85 77 75 77 85 96 112 130 149 169 187 203 214 222 225 222 214 203 187 169 150 130 112 96 
850 150 129 113 103 100 103 113 129 149 174 199 225 249 270 286 296 300 296 286 270 250 225 200 174 150 129 113 103 100 103 113 129 149 174 199 225 249 270 286 296 300 296 286 270 250 225 200 174 150 129 
100000 7500 6464 5669 5170 5000 5170 5669 6464 7499 8705 9999 11294 12499 13535 14330 14829 15000 14829 14330 13535 12500 11294 10000 8705 7500 6464 5669 5170 5000 5170 5669 6464 7499 8705 9999 11294 12499 13535 14330 14829 15000 14829 14330 13535 12500 11294 10000 8705 7500 6464 
1249 1353 1433 1482 1499 1482 1433 1353 1250 1129 1000 870 750 646 566 517 500 517 566 646 749 870 999 1129 1249 1353 
1356 1664 876 1076 2040 604 1973 834 1111 1089 903 1033 542 809 488 286 455 805 1004 378 719 1656 1568 1488 
936 1161 1277 1448 1568 1900 1333 1772 799 1278 645 811 816 695 786 666 477 626 717 635 1475 704 1108 1053 
2085 2054 711 1896 1028 1136 1212 1648 440 593 1058 543 429 731 288 221 701 490 751 1129 795 1115 809 904 
2122 1461 2301 916 1185 1451 700 797 1208 1018 1065 289 267 596 409 484 406 509 839 1342 658 956 1754 1866 
1823 685 1656 2172 1366 928 703 558 1468 771 1114 334 539 822 629 543 697 1033 660 1334 902 628 1585 1938 
