20 6 20
11 100
340 77 75 77 85 96 112 130 149 169 187 203 214 222 225 222 214 203 187 169 150 
340 103 100 103 113 129 149 174 199 225 249 270 286 296 300 296 286 270 250 225 200 
340 129 125 129 141 161 187 217 249 282 312 338 358 370 375 370 358 338 312 282 250 
340 155 150 155 170 193 224 261 299 338 374 406 429 444 450 444 429 406 375 338 300 
340 180 175 180 198 226 262 304 349 395 437 473 501 519 525 519 501 473 437 395 350 
100000 5170 5000 5170 5669 6464 7499 8705 9999 11294 12499 13535 14330 14829 15000 14829 14330 13535 12500 11294 10000 
1482 1499 1482 1433 1353 1250 1129 1000 870 750 646 
556 503 495 491 561 657 722 882 1025 
544 537 502 504 556 652 785 828 974 
548 500 488 522 581 656 766 841 1005 
565 505 488 512 555 624 738 903 975 
581 497 504 518 545 641 772 897 966 
588 537 488 534 586 671 747 840 1004 
565 521 498 537 578 653 763 831 953 
583 533 524 523 592 677 738 881 951 
574 519 504 507 565 667 740 834 1044 
592 535 507 512 546 614 771 846 967 
558 521 503 507 560 649 745 878 968 
548 523 496 528 565 675 729 900 966 
575 515 517 526 557 640 739 880 970 
574 507 482 491 578 632 771 872 954 
553 536 516 510 573 649 747 898 978 
557 515 476 520 540 640 745 839 989 
577 534 483 532 589 656 736 887 1009 
592 529 485 509 571 644 725 876 991 
562 509 499 505 580 623 733 860 976 
550 524 512 491 578 642 771 870 975 
544 499 519 517 562 632 747 863 961 
570 529 521 538 575 649 745 905 1045 
563 519 487 519 589 650 752 890 967 
545 527 503 495 574 655 745 903 1027 
578 535 507 521 539 615 771 890 1036 
587 513 486 497 556 662 734 903 1011 
587 519 494 494 559 632 737 862 957 
548 518 481 497 582 635 766 910 996 
569 506 491 504 546 655 712 895 1029 
547 540 484 515 569 620 729 898 1026 
552 538 520 507 545 659 714 847 990 
587 540 512 517 562 638 718 828 977 
547 514 505 527 584 657 736 842 950 
546 539 487 521 550 642 776 888 968 
556 524 505 495 566 649 778 882 1042 
560 512 496 515 576 618 759 836 973 
550 507 480 504 548 617 730 902 1024 
545 522 524 530 580 630 713 913 982 
544 510 484 541 552 674 771 889 978 
559 529 488 533 548 635 785 874 1004 
560 528 489 538 566 649 733 858 1026 
569 541 497 493 594 676 786 886 964 
540 499 516 526 540 644 769 862 998 
592 526 515 531 552 667 750 903 1033 
554 536 476 492 549 615 786 837 1043 
564 527 482 534 561 632 774 836 988 
552 495 497 534 560 649 787 859 950 
574 507 503 503 575 665 777 861 972 
549 512 488 535 594 639 785 887 1037 
585 516 487 511 552 641 748 896 977 
551 521 486 518 555 622 746 907 956 
593 538 505 533 550 656 774 852 954 
582 537 494 520 580 638 754 857 1018 
540 492 523 521 550 628 729 877 1001 
582 501 501 513 569 615 768 872 1029 
560 500 484 540 576 619 735 871 1029 
543 533 521 523 549 668 752 827 975 
540 541 488 512 588 645 745 876 1026 
558 522 505 511 579 628 720 854 1016 
555 538 494 536 567 633 770 869 968 
559 496 490 496 594 674 761 837 986 
568 514 499 506 567 650 723 831 983 
539 505 497 533 553 622 749 847 950 
590 515 510 520 580 668 760 892 1036 
577 540 516 527 553 660 763 839 965 
540 531 505 534 584 615 730 911 967 
544 539 488 503 559 635 742 908 950 
571 516 503 502 539 676 714 877 1011 
547 493 481 504 558 650 716 878 1044 
573 494 517 498 578 675 717 905 969 
563 500 506 522 542 651 744 859 1049 
558 499 518 512 539 633 746 889 1026 
580 501 520 505 571 673 747 910 969 
570 495 498 504 549 652 782 862 1023 
569 502 521 535 560 664 737 832 985 
574 502 486 509 579 675 774 857 996 
547 501 498 517 538 663 730 889 995 
578 504 485 527 546 654 756 874 971 
575 506 487 493 586 668 756 912 1042 
554 507 486 533 567 634 736 857 1006 
551 499 505 539 583 646 768 885 970 
567 491 492 491 592 677 785 863 958 
585 520 492 526 552 657 778 828 974 
558 537 496 505 551 626 744 903 1037 
585 530 495 497 556 638 778 892 980 
589 522 524 493 555 660 740 882 1017 
546 502 494 524 539 652 712 833 992 
580 542 481 500 587 632 783 874 992 
548 497 517 525 572 630 761 882 953 
574 511 492 533 571 638 737 858 988 
540 509 520 496 593 641 743 880 961 
585 499 519 511 569 654 785 830 1003 
556 521 488 504 542 671 725 847 999 
562 527 502 541 560 652 742 838 1025 
594 526 523 497 581 632 760 895 968 
570 501 522 542 560 617 769 873 983 
567 529 519 509 564 649 774 866 967 
575 517 477 512 571 651 713 902 1023 
576 508 481 497 545 653 729 913 1026 
589 524 524 518 562 641 761 896 1009 
