20 2 20
15 10
1700 85 96 112 130 149 169 187 203 214 222 225 222 214 203 187 169 150 130 112 96 
100000 5669 6464 7499 8705 9999 11294 12499 13535 14330 14829 15000 14829 14330 13535 12500 11294 10000 8705 7500 6464 
1433 1353 1250 1129 1000 870 750 646 566 517 500 517 566 646 749 
885 1014 1148 1212 1412 
893 1018 1163 1309 1395 
894 987 1175 1246 1352 
832 1006 1161 1247 1310 
881 977 1169 1260 1345 
905 994 1112 1271 1332 
884 989 1125 1304 1361 
902 964 1076 1271 1393 
828 1040 1095 1199 1339 
909 973 1093 1257 1343 
