50 3 20
26 10
850 150 130 112 96 85 77 75 77 85 96 112 130 149 169 187 203 214 222 225 222 214 203 187 169 150 130 112 96 85 77 75 77 85 96 112 130 149 169 187 203 214 222 225 222 214 203 187 169 150 130 
850 200 174 150 129 113 103 100 103 113 129 149 174 199 225 249 270 286 296 300 296 286 270 250 225 200 174 150 129 113 103 100 103 113 129 149 174 199 225 249 270 286 296 300 296 286 270 250 225 200 174 
100000 10000 8705 7500 6464 5669 5170 5000 5170 5669 6464 7499 8705 9999 11294 12499 13535 14330 14829 15000 14829 14330 13535 12500 11294 10000 8705 7500 6464 5669 5170 5000 5170 5669 6464 7499 8705 9999 11294 12499 13535 14330 14829 15000 14829 14330 13535 12500 11294 10000 8705 
1000 1129 1249 1353 1433 1482 1499 1482 1433 1353 1250 1129 1000 870 750 646 566 517 500 517 566 646 749 870 999 1129 
1356 1499 1583 1370 1535 1319 1269 1147 1388 976 807 939 776 676 564 484 565 485 680 636 656 710 1109 934 
1059 1307 1673 1498 1752 1690 1681 1597 1482 1184 946 716 747 603 657 583 401 547 572 727 805 1014 826 1126 
1405 1485 1579 1417 1602 1319 1187 1314 1444 1234 1028 805 808 533 667 470 409 598 673 523 638 769 1055 1035 
1072 1488 1229 1624 1748 1261 1683 1430 1108 1202 1037 753 708 655 615 527 591 492 579 548 700 997 1044 1068 
1302 1302 1651 1197 1689 1523 1169 1327 1090 1023 886 767 850 605 590 415 422 546 594 567 833 757 1144 1229 
1113 1296 1439 1657 1243 1373 1427 1250 1064 1096 805 716 672 540 636 609 587 511 606 558 703 906 1067 1150 
1204 1465 1460 1253 1669 1368 1581 1591 1223 1033 1066 831 743 634 505 602 590 561 651 615 731 846 1093 962 
1040 1140 1172 1644 1613 1739 1622 1577 1432 1053 1070 963 773 534 624 604 441 419 645 564 740 795 1028 1221 
1126 1342 1464 1449 1671 1306 1556 1129 1064 1075 979 847 736 599 651 516 415 511 656 574 815 892 911 955 
1472 1119 1412 1585 1382 1645 1347 1581 1025 1089 1099 1018 600 775 619 540 487 614 589 710 772 943 1073 1083 
