10 6 20
8 50
340 96 112 130 149 169 187 203 214 222 225 
340 129 149 174 199 225 249 270 286 296 300 
340 161 187 217 249 282 312 338 358 370 375 
340 193 224 261 299 338 374 406 429 444 450 
340 226 262 304 349 395 437 473 501 519 525 
100000 6464 7499 8705 9999 11294 12499 13535 14330 14829 15000 
1353 1250 1129 1000 870 750 646 566 
488 417 
616 458 
469 496 
464 539 
565 435 
527 532 
431 530 
520 525 
535 401 
553 579 
434 566 
487 575 
574 583 
564 545 
526 572 
534 404 
508 535 
553 497 
582 495 
454 499 
440 477 
480 463 
557 533 
472 553 
423 459 
610 469 
603 582 
491 486 
617 489 
477 536 
442 455 
432 429 
495 448 
614 458 
474 480 
459 489 
605 566 
435 557 
476 468 
442 495 
484 486 
531 408 
444 466 
544 507 
576 498 
503 540 
486 469 
428 507 
504 542 
584 517 
