5 11 20
2 50
170 85 77 75 77 85 
170 113 103 100 103 113 
170 141 129 125 129 141 
170 170 155 150 155 170 
170 198 180 175 180 198 
170 226 206 200 206 226 
170 255 232 225 232 255 
170 283 258 250 258 283 
170 311 284 275 284 311 
170 340 310 300 310 340 
100000 5669 5170 5000 5170 5669 
1433 1482 
1791 1569 1613 
1396 1664 1479 
1411 1229 1338 
1323 1393 1692 
1581 1672 1683 
1787 1754 1343 
1704 1190 1235 
1461 1732 1412 
1437 1631 1287 
1519 1469 1346 
1655 1490 1505 
1618 1275 1476 
1255 1325 1160 
1585 1430 1706 
1775 1532 1521 
1282 1506 1425 
1516 1306 1707 
1310 1572 1418 
1435 1641 1647 
1500 1399 1337 
1771 1427 1615 
1576 1455 1469 
1757 1692 1272 
1548 1761 1345 
1337 1236 1651 
1395 1309 1290 
1524 1448 1630 
1540 1398 1358 
1753 1648 1313 
1269 1331 1438 
1734 1363 1532 
1500 1440 1207 
1287 1756 1569 
1286 1772 1705 
1718 1721 1372 
1474 1228 1180 
1440 1545 1352 
1397 1302 1334 
1229 1243 1219 
1577 1501 1442 
1334 1411 1594 
1414 1545 1432 
1644 1326 1487 
1774 1268 1447 
1746 1555 1637 
1569 1620 1360 
1471 1637 1176 
1491 1711 1279 
1251 1615 1202 
1792 1268 1229 
