10 11 20
4 100
170 75 77 85 96 112 130 149 169 187 203 
170 100 103 113 129 149 174 199 225 249 270 
170 125 129 141 161 187 217 249 282 312 338 
170 150 155 170 193 224 261 299 338 374 406 
170 175 180 198 226 262 304 349 395 437 473 
170 200 206 226 258 299 348 399 451 499 541 
170 225 232 255 290 337 391 449 508 562 609 
170 250 258 283 323 374 435 499 564 624 676 
170 275 284 311 355 412 478 549 621 687 744 
170 300 310 340 387 449 522 599 677 749 812 
100000 5000 5170 5669 6464 7499 8705 9999 11294 12499 13535 
1499 1482 1433 1353 
1456 1046 815 931 612 647 
1361 1293 1097 931 675 685 
1428 990 922 730 702 578 
1356 988 961 788 708 752 
1289 1191 1107 859 752 561 
1366 986 1041 712 616 566 
1156 1270 1122 879 675 763 
1050 1221 1142 958 848 608 
1410 1285 939 710 611 604 
1293 1282 887 953 753 718 
1484 1207 985 949 748 672 
1156 1274 1072 862 863 527 
1373 1194 1051 703 664 727 
1044 1201 954 869 888 697 
1040 1218 951 960 841 579 
1161 917 845 895 784 553 
1192 1056 994 804 801 689 
1091 1097 1168 837 775 537 
1116 1006 915 748 715 751 
1067 965 944 914 796 691 
1038 1207 955 851 612 602 
1282 923 865 814 625 742 
1203 1251 922 931 769 679 
1286 1278 1122 718 893 756 
1125 1135 924 974 687 677 
1336 1152 1149 791 817 699 
1223 1185 812 705 843 621 
1233 983 1040 833 654 707 
1280 1087 814 938 726 672 
1024 932 1006 861 829 672 
1443 1080 814 813 637 517 
1098 1339 1043 817 623 683 
1206 922 1134 828 768 610 
1041 1144 1153 895 677 664 
1082 1062 1095 907 841 688 
1310 1318 1100 1002 807 759 
1425 1149 1006 992 723 676 
1057 1093 853 868 670 540 
1095 1227 1052 1032 781 686 
1187 1266 1082 708 787 661 
1419 1210 1138 907 625 577 
1466 1006 868 799 669 634 
1161 1248 1157 995 673 701 
1275 1083 1194 949 835 747 
1445 1317 942 775 695 670 
1316 1312 970 986 674 771 
1339 1276 956 716 688 614 
1372 1055 964 813 752 624 
1049 1071 1006 993 611 740 
1427 967 1197 813 605 552 
1430 989 811 902 742 557 
1242 1281 1167 783 614 579 
1264 1184 916 880 700 545 
1200 1139 861 995 812 641 
1013 1281 995 876 680 674 
1014 1038 1117 766 727 655 
1492 1082 820 843 836 597 
1110 1158 907 900 886 653 
1175 936 940 900 886 591 
1273 1251 892 890 804 720 
1078 970 1156 1024 649 575 
1387 1185 819 706 686 638 
1428 921 1031 966 601 658 
1331 1039 921 846 746 768 
1070 1122 918 933 756 560 
1385 1213 880 727 886 715 
1311 941 950 942 856 579 
1192 977 918 934 639 672 
1163 1127 875 796 790 674 
1140 913 978 1044 617 682 
1180 913 974 1016 610 590 
1205 1333 960 978 862 675 
1340 1326 947 757 859 699 
1115 1231 1165 745 644 617 
1191 1019 1017 710 810 541 
1395 1151 1124 938 811 559 
1189 1040 918 741 700 687 
1127 960 1162 955 633 681 
1460 1260 1029 979 760 754 
1498 1347 868 778 730 596 
1413 1247 914 965 756 771 
1472 932 823 848 748 623 
1422 949 1138 701 899 518 
1164 967 964 990 660 643 
1030 1343 815 1012 667 679 
1228 930 1134 939 653 553 
1369 1308 1147 776 895 696 
1364 1071 1182 986 696 517 
1258 1259 1032 961 863 772 
1249 1062 981 757 725 641 
1179 1237 981 877 852 602 
1478 1338 921 927 760 579 
1082 1264 1026 717 683 714 
1349 1261 847 998 682 527 
1230 1155 877 1031 828 545 
1064 1117 1193 725 784 741 
1021 1264 1176 698 794 708 
1170 1195 1081 766 726 772 
1010 912 936 712 767 711 
1329 1344 1155 737 707 739 
