20 11 20
7 10
170 96 85 77 75 77 85 96 112 130 149 169 187 203 214 222 225 222 214 203 187 
170 129 113 103 100 103 113 129 149 174 199 225 249 270 286 296 300 296 286 270 250 
170 161 141 129 125 129 141 161 187 217 249 282 312 338 358 370 375 370 358 338 312 
170 193 170 155 150 155 170 193 224 261 299 338 374 406 429 444 450 444 429 406 375 
170 226 198 180 175 180 198 226 262 304 349 395 437 473 501 519 525 519 501 473 437 
170 258 226 206 200 206 226 258 299 348 399 451 499 541 573 593 600 593 573 541 500 
170 290 255 232 225 232 255 290 337 391 449 508 562 609 644 667 675 667 644 609 562 
170 323 283 258 250 258 283 323 374 435 499 564 624 676 716 741 750 741 716 676 625 
170 355 311 284 275 284 311 355 412 478 549 621 687 744 788 815 825 815 788 744 687 
170 387 340 310 300 310 340 387 449 522 599 677 749 812 859 889 900 889 859 812 750 
100000 6464 5669 5170 5000 5170 5669 6464 7499 8705 9999 11294 12499 13535 14330 14829 15000 14829 14330 13535 12500 
1353 1433 1482 1499 1482 1433 1353 
1234 1145 986 898 759 616 574 495 495 531 557 615 738 
1236 1178 989 895 759 651 560 507 478 540 589 646 734 
1297 1123 996 883 766 630 551 518 497 505 569 630 780 
1196 1097 990 896 779 659 569 496 478 531 566 644 722 
1208 1173 954 874 784 628 575 529 507 496 569 625 770 
1293 1146 952 885 743 649 562 522 500 502 580 662 780 
1283 1181 971 910 777 639 567 505 501 535 586 642 776 
1303 1140 1047 841 774 620 543 505 516 518 582 646 786 
1268 1139 1036 870 739 655 548 492 519 507 578 619 735 
1189 1153 1017 870 767 670 575 498 497 525 571 663 737 
