20 11 20
7 100
170 130 112 96 85 77 75 77 85 96 112 130 149 169 187 203 214 222 225 222 214 
170 174 150 129 113 103 100 103 113 129 149 174 199 225 249 270 286 296 300 296 286 
170 217 187 161 141 129 125 129 141 161 187 217 249 282 312 338 358 370 375 370 358 
170 261 225 193 170 155 150 155 170 193 224 261 299 338 374 406 429 444 450 444 429 
170 304 262 226 198 180 175 180 198 226 262 304 349 395 437 473 501 519 525 519 501 
170 348 300 258 226 206 200 206 226 258 299 348 399 451 499 541 573 593 600 593 573 
170 391 337 290 255 232 225 232 255 290 337 391 449 508 562 609 644 667 675 667 644 
170 435 375 323 283 258 250 258 283 323 374 435 499 564 624 676 716 741 750 741 716 
170 478 412 355 311 284 275 284 311 355 412 478 549 621 687 744 788 815 825 815 788 
170 522 450 387 340 310 300 310 340 387 449 522 599 677 749 812 859 889 900 889 859 
100000 8705 7500 6464 5669 5170 5000 5170 5669 6464 7499 8705 9999 11294 12499 13535 14330 14829 15000 14829 14330 
1129 1249 1353 1433 1482 1499 1482 
1678 1602 1258 1149 1171 762 658 577 511 500 558 591 507 
1399 1115 1157 1053 836 841 617 643 673 446 475 583 534 
1215 1234 1123 964 897 934 703 544 455 606 426 520 512 
1315 1085 1073 1037 988 878 836 720 628 474 499 501 457 
1520 1311 1411 1240 946 893 772 744 471 480 599 488 612 
1246 1364 1468 1132 916 738 783 544 566 597 581 418 538 
1203 1370 1074 1283 1110 863 804 546 514 470 583 478 620 
1328 1329 1319 933 822 756 712 558 671 535 530 431 677 
1653 1213 1013 1161 922 792 758 714 481 453 401 535 659 
1603 1615 1126 1058 1094 1038 669 578 513 545 585 421 598 
1658 1556 1251 1338 1127 765 829 739 680 480 502 576 666 
1499 1372 1171 1130 1183 786 734 722 667 541 533 522 617 
1646 1408 1127 948 1066 910 754 523 675 581 463 618 512 
1468 1595 1252 1083 967 887 659 724 634 512 531 465 512 
1650 1395 1399 1210 974 819 721 587 636 553 502 552 607 
1273 1259 1499 1323 830 1037 680 737 660 475 580 601 588 
1391 1510 1004 1009 1198 918 825 607 463 424 521 448 559 
1216 1360 1356 962 1157 998 823 635 576 484 427 543 593 
1455 1527 1072 990 1168 992 604 584 454 559 440 458 516 
1391 1410 1390 1260 1067 797 661 763 510 449 417 500 531 
1649 1450 1294 1277 1199 1033 803 768 559 506 566 617 512 
1647 1202 1274 981 1136 923 884 730 587 532 566 558 634 
1169 1240 1190 1256 1004 778 805 742 464 571 596 497 631 
1475 1290 1034 1004 1193 1028 604 583 617 578 516 503 456 
1225 1579 1201 951 846 837 610 725 587 457 433 435 581 
1602 1319 1269 1161 1089 770 692 675 601 420 561 614 632 
1465 1430 1284 1231 1004 938 623 754 577 496 509 565 575 
1565 1475 1172 1013 844 977 703 729 613 585 488 447 525 
1409 1096 1265 1074 918 701 721 568 581 573 423 422 514 
1415 1154 1046 1174 1089 870 894 728 648 508 574 473 597 
1496 1512 1471 1260 1074 773 847 577 530 535 598 461 665 
1578 1333 1224 1282 822 845 649 549 462 510 505 456 551 
1705 1165 1179 1123 992 1043 766 593 491 563 533 434 501 
1452 1310 1150 1007 1078 738 638 654 611 536 544 489 526 
1338 1384 1476 1135 920 1018 724 606 531 519 490 616 623 
1533 1551 1459 1280 1006 940 724 537 531 468 477 574 595 
1510 1448 1325 1349 1198 1032 725 629 552 470 550 472 553 
1303 1435 1489 1294 944 917 709 643 626 572 496 616 583 
1700 1366 1221 905 1027 696 668 715 594 572 462 589 650 
1677 1567 1310 1303 914 853 748 612 541 613 424 619 627 
1480 1283 1442 1127 931 1019 622 672 502 611 400 515 536 
1470 1333 1473 1089 978 707 828 752 584 489 537 606 516 
1385 1463 1304 1119 1180 784 837 663 556 519 522 540 622 
1328 1147 1191 1094 1121 934 867 638 540 512 588 432 483 
1516 1297 1104 997 991 912 771 611 506 589 596 445 645 
1660 1394 1480 1040 1196 925 713 720 483 419 420 502 631 
1310 1566 1394 1011 830 939 858 656 626 524 552 461 555 
1303 1553 1442 1307 1114 896 789 569 621 506 526 586 557 
1688 1503 1426 916 971 867 869 588 618 614 572 536 661 
1541 1473 1168 1157 1017 872 841 556 555 589 484 600 625 
1222 1200 1355 1053 1060 764 724 673 630 556 422 514 597 
1311 1493 1238 975 967 960 826 550 506 566 540 422 636 
1317 1417 1174 1041 1135 1035 600 575 528 434 562 457 477 
1505 1369 1333 1125 988 755 797 631 639 523 449 605 646 
1359 1528 1130 1165 883 898 638 698 507 548 499 559 520 
1183 1162 1087 1075 831 706 770 691 453 452 469 521 473 
1398 1509 1192 1177 1025 809 652 690 493 571 598 602 465 
1269 1464 1321 940 837 812 753 671 680 569 470 472 652 
1502 1194 1200 1014 820 780 748 743 672 519 479 564 592 
1323 1426 1275 1008 820 721 869 590 550 596 599 473 636 
1550 1214 1335 1149 828 946 788 586 666 520 492 569 556 
1320 1279 1218 1240 1139 731 672 744 674 537 542 575 615 
1634 1153 1148 1353 870 926 627 723 505 444 534 614 634 
1513 1184 1364 1266 891 785 603 650 527 524 534 495 667 
1287 1502 1308 941 952 985 788 733 636 494 570 464 674 
1584 1544 1308 1117 897 719 671 553 604 510 448 605 602 
1261 1401 1136 1096 1042 992 649 623 600 583 529 547 494 
1492 1617 1095 910 887 750 741 599 538 609 570 460 556 
1363 1260 1096 1053 1039 909 612 545 468 524 434 490 488 
1185 1574 1022 1339 1111 839 737 650 484 457 537 422 558 
1575 1525 1335 1284 1163 748 623 762 466 416 497 615 568 
1281 1413 1329 1307 1154 987 792 631 533 475 411 532 543 
1232 1452 1415 1013 1053 869 780 595 522 613 516 546 454 
1696 1344 1380 1309 1022 1010 837 569 604 598 548 603 623 
1232 1515 1112 1143 906 828 826 775 477 606 502 528 609 
1242 1408 1352 1162 1095 880 608 578 459 464 578 493 467 
1562 1431 1330 1015 883 950 831 754 656 512 485 484 517 
1705 1142 1141 1293 1137 749 811 625 511 421 539 537 461 
1395 1203 1013 1006 1180 975 798 751 456 557 520 545 655 
1553 1118 1189 1054 873 966 667 714 517 509 555 515 496 
1547 1368 1489 1017 1107 722 758 708 642 524 489 462 473 
1709 1144 1167 945 898 1021 792 538 668 542 554 492 471 
1621 1295 1344 1352 1018 992 744 558 510 538 436 509 524 
1677 1275 1251 1151 826 927 784 640 541 571 409 449 599 
1657 1140 1128 1334 930 897 875 657 566 485 498 599 657 
1433 1379 1212 1165 1096 1022 633 613 575 577 489 549 628 
1691 1104 1399 1020 1088 741 606 517 578 523 588 515 561 
1218 1327 1458 1290 1004 759 787 621 647 473 532 596 585 
1581 1498 1276 909 1168 918 820 635 559 580 508 613 591 
1146 1174 1137 1199 923 974 603 698 678 519 565 546 525 
1260 1352 1120 991 1192 906 745 525 462 592 581 541 538 
1582 1156 1169 1098 1000 824 804 544 666 614 445 419 574 
1716 1131 1332 1336 1078 728 647 630 668 524 481 496 591 
1662 1255 1285 1198 930 956 615 586 504 422 508 541 646 
1553 1208 1254 981 857 868 800 759 652 618 571 449 533 
1269 1370 1048 1208 869 798 794 592 491 578 522 430 543 
1384 1381 1429 1072 907 878 801 733 672 576 594 448 602 
1424 1106 1482 1227 1003 936 853 695 567 547 417 575 517 
1550 1172 1287 1142 1182 982 668 549 502 566 564 607 458 
1380 1155 1215 985 918 866 871 623 659 616 552 605 638 
