20 2 20
7 100
1700 112 130 149 169 187 203 214 222 225 222 214 203 187 169 150 130 112 96 85 77 
100000 7499 8705 9999 11294 12499 13535 14330 14829 15000 14829 14330 13535 12500 11294 10000 8705 7500 6464 5669 5170 
1250 1129 1000 870 750 646 566 
586 402 429 582 570 892 698 870 1166 1014 1600 1192 1399 
616 595 451 483 686 697 722 1042 1342 1281 1370 1428 1308 
455 509 573 454 518 671 829 899 1241 1224 1470 1376 1555 
507 594 486 677 653 829 854 1089 1251 1007 1479 1652 1220 
523 597 592 538 603 825 981 984 942 1408 1365 1199 1601 
480 485 574 571 536 630 807 828 970 1402 1087 1646 1419 
487 560 459 654 545 711 857 800 972 1155 1475 1221 1496 
494 507 550 595 563 704 808 1032 1300 1183 1347 1554 1615 
572 500 600 632 683 798 712 1015 1228 1469 1231 1697 1373 
619 447 550 561 687 631 943 1105 1074 1263 1418 1557 1669 
471 461 487 478 726 702 973 1184 1073 1176 1289 1200 1213 
610 466 452 507 772 709 1015 809 1109 1117 1148 1690 1188 
566 556 522 509 530 847 760 1133 1322 1184 1543 1467 1618 
528 580 495 621 642 812 956 1089 1083 1228 1529 1269 1588 
520 488 518 630 527 625 972 1066 915 1309 1318 1636 1509 
505 572 551 539 644 896 965 1105 1281 1355 1411 1422 1381 
495 560 616 470 730 650 975 836 1188 1178 1597 1710 1530 
573 503 415 633 742 663 819 914 1074 1016 1608 1624 1525 
584 562 544 497 749 850 938 840 1111 1279 1350 1286 1229 
536 558 423 645 761 635 984 1033 1088 1448 1250 1503 1768 
552 567 527 575 614 714 890 1074 987 1475 1405 1215 1672 
510 425 476 649 704 782 994 807 1135 1244 1316 1580 1495 
601 506 488 470 728 892 986 939 1247 1230 1390 1203 1195 
418 479 528 521 711 841 884 1126 1163 1459 1300 1595 1482 
451 577 462 483 567 753 786 1123 1197 1271 1309 1260 1735 
453 516 563 499 540 855 914 1053 1197 1414 1095 1449 1439 
610 567 618 462 534 861 698 1107 918 1474 1338 1390 1486 
493 411 528 601 707 736 911 812 919 1457 1187 1324 1482 
540 569 433 666 703 811 888 1114 1241 1180 1093 1168 1212 
460 485 413 674 739 783 743 1094 1094 1167 1563 1296 1678 
458 562 452 614 577 863 829 1090 955 1114 1594 1385 1323 
482 443 428 521 718 810 976 1020 1188 1214 1290 1505 1566 
553 584 594 492 656 604 814 880 1063 1203 1112 1268 1393 
586 595 483 593 538 659 906 1100 1279 1327 1403 1275 1482 
442 479 601 572 698 662 941 923 1029 1165 1526 1331 1601 
425 514 523 634 561 676 939 1154 1099 1493 1451 1288 1750 
425 456 606 612 700 837 874 832 1276 1395 1124 1640 1485 
474 428 480 675 743 805 1032 1146 1260 1044 1429 1255 1659 
440 478 446 604 719 882 761 808 931 1020 1130 1504 1533 
553 588 548 474 606 778 721 1061 1048 1119 1493 1595 1315 
432 472 442 618 667 777 725 1130 936 1478 1506 1352 1500 
543 416 469 485 623 862 835 946 1149 1084 1147 1342 1357 
537 544 446 461 664 849 1023 1159 1245 1377 1194 1433 1323 
424 503 608 642 571 846 918 845 1249 1244 1102 1423 1591 
524 576 587 536 764 622 822 856 1199 1361 1469 1458 1758 
519 469 469 495 755 641 733 849 1122 1055 1471 1228 1523 
491 524 537 645 545 654 782 815 1226 1490 1346 1156 1726 
498 594 584 677 726 765 969 1159 918 1488 1199 1417 1631 
489 581 492 526 754 868 760 1059 1258 1329 1110 1586 1563 
489 501 534 642 563 843 897 1083 1038 1120 1513 1682 1643 
415 405 494 615 772 738 891 803 909 1343 1577 1182 1743 
492 439 571 496 654 652 757 809 1136 1364 1134 1274 1731 
579 416 503 543 566 899 994 980 1163 1358 1374 1396 1703 
423 592 556 508 645 643 720 1133 1319 1002 1505 1543 1631 
446 565 571 625 750 876 884 828 1180 1113 1208 1405 1317 
562 405 515 469 669 690 962 1108 1097 1176 1392 1370 1591 
524 470 532 463 607 703 1011 916 1069 1319 1188 1313 1508 
442 582 539 641 670 741 863 1032 1027 1307 1381 1550 1397 
536 444 424 601 612 872 1042 1099 1157 1035 1439 1249 1392 
497 560 552 463 764 835 738 1029 1171 1294 1273 1476 1528 
500 454 478 607 716 748 752 1043 1119 1026 1546 1235 1619 
471 446 584 560 632 800 827 877 1022 1489 1117 1477 1677 
604 589 612 482 540 628 720 1063 1079 1019 1101 1329 1667 
483 423 428 619 659 636 896 974 1124 1492 1247 1226 1267 
515 457 441 674 667 610 827 861 1010 1389 1171 1329 1420 
533 432 501 653 630 739 831 1119 1339 1478 1587 1365 1620 
543 493 566 652 550 701 872 833 1007 1135 1515 1424 1456 
499 511 547 577 716 784 746 817 1059 1266 1585 1515 1747 
558 593 538 650 665 696 992 953 1185 1132 1134 1344 1705 
510 516 569 583 748 829 926 1163 1142 1287 1177 1306 1444 
526 404 425 529 636 727 812 907 1273 1320 1407 1365 1622 
429 572 523 588 580 628 945 840 1106 1296 1594 1153 1497 
436 540 452 563 592 750 788 964 1069 1338 1419 1408 1518 
422 571 465 501 625 754 907 809 1225 1135 1540 1430 1528 
474 518 598 518 773 711 987 1164 1312 1431 1569 1352 1719 
448 443 502 550 746 776 842 824 1091 1496 1304 1154 1334 
419 561 594 605 583 681 783 1055 1287 1270 1403 1304 1541 
487 570 559 608 775 671 933 883 1151 1385 1507 1700 1487 
593 514 493 633 685 751 744 1117 1008 1478 1299 1424 1581 
469 436 474 635 527 826 948 1097 1180 1288 1285 1239 1215 
575 491 443 551 668 713 978 1153 1204 1245 1318 1194 1750 
538 455 552 632 613 847 827 1183 951 1346 1179 1435 1279 
596 482 591 546 685 628 775 816 1185 1169 1451 1189 1487 
459 591 594 674 756 725 749 814 1128 1067 1383 1495 1230 
534 500 504 663 747 681 759 859 968 1000 1499 1352 1585 
550 577 460 642 673 805 759 890 1266 1231 1181 1620 1372 
542 565 617 482 643 808 977 1190 1044 1117 1520 1234 1261 
430 479 415 608 543 627 745 883 918 1483 1598 1232 1229 
472 518 558 504 727 880 781 1114 1239 1326 1367 1601 1618 
618 532 575 676 609 843 938 1169 1021 1327 1242 1321 1647 
505 585 485 467 727 879 969 811 933 1322 1275 1624 1311 
456 528 446 541 552 835 1038 1178 1334 1497 1571 1672 1592 
491 512 419 598 769 701 715 912 1168 1422 1444 1438 1319 
490 508 465 629 721 875 920 1107 967 1160 1470 1581 1394 
560 573 467 517 704 891 955 1070 1018 1274 1410 1175 1239 
557 527 454 638 587 883 815 1083 934 1369 1386 1638 1405 
424 514 450 621 718 738 904 936 924 1228 1137 1545 1404 
484 573 445 577 677 657 1042 1122 1340 1217 1305 1223 1266 
564 469 466 649 676 714 786 1155 1083 1314 1252 1523 1385 
606 491 589 570 571 878 790 1001 1045 1493 1201 1490 1306 
