10 3 20
8 50
850 130 149 169 187 203 214 222 225 222 214 
850 174 199 225 249 270 286 296 300 296 286 
100000 8705 9999 11294 12499 13535 14330 14829 15000 14829 14330 
1129 1000 870 750 646 566 517 500 
562 649 
420 496 
579 466 
509 642 
442 458 
479 668 
596 673 
506 471 
557 597 
420 673 
613 551 
526 580 
466 463 
482 489 
437 643 
563 667 
417 666 
458 523 
544 522 
546 504 
439 589 
583 491 
577 531 
547 615 
539 675 
433 544 
421 547 
439 667 
567 611 
595 545 
509 527 
470 547 
567 657 
479 456 
568 578 
457 508 
595 674 
555 467 
500 536 
512 603 
603 492 
528 643 
519 662 
597 548 
614 471 
491 550 
536 486 
580 461 
564 673 
492 654 
