50 3 20
26 50
850 85 77 75 77 85 96 112 130 149 169 187 203 214 222 225 222 214 203 187 169 150 130 112 96 85 77 75 77 85 96 112 130 149 169 187 203 214 222 225 222 214 203 187 169 150 130 112 96 85 77 
850 113 103 100 103 113 129 149 174 199 225 249 270 286 296 300 296 286 270 250 225 200 174 150 129 113 103 100 103 113 129 149 174 199 225 249 270 286 296 300 296 286 270 250 225 200 174 150 129 113 103 
100000 5669 5170 5000 5170 5669 6464 7499 8705 9999 11294 12499 13535 14330 14829 15000 14829 14330 13535 12500 11294 10000 8705 7500 6464 5669 5170 5000 5170 5669 6464 7499 8705 9999 11294 12499 13535 14330 14829 15000 14829 14330 13535 12500 11294 10000 8705 7500 6464 5669 5170 
1433 1482 1499 1482 1433 1353 1250 1129 1000 870 750 646 566 517 500 517 566 646 749 870 999 1129 1249 1353 1433 1482 
2115 2161 1338 809 1847 637 705 826 749 999 738 614 318 748 395 694 1102 1203 1106 771 616 1719 906 1073 
2312 1693 1722 1044 1526 645 505 955 962 266 600 590 524 402 276 973 662 576 954 1485 1949 2040 923 2115 
725 1425 588 714 1054 791 502 531 786 874 728 238 449 635 486 544 1121 583 1104 1385 605 1533 927 1400 
709 1201 951 1897 1270 1266 852 558 1188 422 371 468 764 265 608 815 347 1073 562 837 832 1128 1059 1327 
759 823 1432 1038 1174 1653 1370 702 631 562 622 796 414 273 847 963 720 688 548 668 1416 1421 1450 2333 
2391 1584 2130 1575 1963 828 605 682 477 778 359 513 415 735 571 612 694 1157 490 832 1599 1334 1309 2156 
1599 1357 1667 1173 1882 1433 749 1009 380 1003 265 718 363 459 837 482 652 494 1062 951 796 636 1242 1087 
1687 1024 905 692 1389 1305 409 982 761 634 642 376 278 589 723 995 550 1214 1084 1350 1139 1447 1916 793 
680 896 1289 769 624 1676 424 1257 676 949 499 669 566 371 366 401 1038 1182 1457 549 821 601 785 2006 
1899 1359 1249 630 1202 973 1131 533 971 833 637 278 711 595 518 951 884 514 555 1386 765 2120 644 1116 
922 628 992 760 1805 1328 682 997 1020 549 527 207 289 446 662 618 574 530 1475 1386 591 1047 770 1659 
1117 2071 1917 1311 1104 679 411 570 756 370 545 769 507 797 429 632 401 992 1121 1260 1908 2011 1599 1562 
1948 835 657 1121 1974 1652 453 1222 786 282 720 665 269 279 272 887 1148 878 749 1709 912 1029 600 629 
1454 1404 1823 584 538 619 1210 963 593 751 759 642 566 281 671 295 1050 590 761 746 1798 2044 1680 1578 
2113 2003 1294 1889 513 1654 1068 843 1131 672 663 562 389 252 592 535 751 374 1343 1000 1485 1567 2034 1066 
2065 1031 1974 1739 1874 1191 1164 869 999 277 585 417 372 671 609 783 942 1222 563 1278 1154 1556 1115 958 
2327 597 1811 928 1326 1639 404 474 609 439 596 344 352 685 507 491 790 944 707 825 1096 1784 812 685 
1171 1830 2243 1527 1595 1125 1130 434 843 730 370 249 465 304 879 905 757 1072 1276 1379 1374 933 1955 951 
882 851 952 1440 1024 1348 1437 995 685 865 823 285 357 360 558 669 799 586 1427 1614 800 1552 623 987 
1690 1435 1590 924 987 1045 539 392 1060 882 226 318 722 209 760 1028 1160 467 1061 1566 1719 1002 1413 1814 
876 1641 951 1612 1114 804 1589 1073 442 849 436 254 573 633 309 458 352 1338 573 799 1110 878 1283 1265 
656 689 1709 1267 1825 1605 1143 640 1164 850 796 592 425 768 291 456 1115 443 437 1139 1001 798 674 2148 
1436 1161 869 2130 684 1164 1280 950 301 495 798 729 616 232 468 752 976 522 652 1790 686 921 672 1486 
2047 1196 2087 2027 559 1623 1168 883 1158 263 615 600 741 242 361 1020 691 1306 1233 1733 772 1826 1672 1788 
1547 1588 1966 690 1096 1492 479 1002 327 821 869 693 222 618 256 558 866 810 1353 1273 1020 1756 1824 1629 
809 1094 1942 1822 506 1641 1462 1287 748 292 279 432 594 748 754 577 1182 1199 738 1392 1012 958 2146 1135 
2073 1304 1037 1144 1667 970 1252 1351 345 363 694 514 522 781 889 586 392 418 904 895 624 1770 1105 1016 
1082 1508 2151 1054 1534 706 845 1048 357 1033 491 516 341 573 230 483 715 930 1454 838 1813 1190 1015 2267 
2386 1341 948 1513 1362 1092 712 428 953 318 803 463 520 731 905 629 415 1081 1016 1338 1218 1922 2188 1202 
2024 2321 2033 1303 1748 1280 1062 1129 334 443 781 758 650 775 695 642 664 449 439 1601 571 1292 2029 1159 
2386 1155 2250 1505 1976 1097 769 848 930 370 258 488 763 650 327 824 599 1390 1035 454 1919 1886 789 1753 
1637 1508 1276 1470 682 605 929 738 1070 1026 277 311 768 599 482 768 361 545 1465 1455 1168 1689 1951 1244 
931 1523 1677 1901 827 1524 1083 663 955 733 822 598 420 653 751 585 425 577 492 890 926 1065 2078 1354 
2390 1587 1878 2037 985 1034 1284 1112 408 1017 503 446 404 352 559 872 812 365 762 677 667 611 1086 2076 
1460 2089 954 702 1441 990 410 1325 1015 299 236 630 355 559 668 640 1099 1260 454 1445 1708 1235 1979 704 
646 1834 1480 1210 1105 1389 1538 947 956 286 712 595 397 548 531 969 305 1197 1570 1544 1492 1601 1777 2217 
1417 701 1859 637 1737 1109 1555 1027 518 1011 471 638 205 279 309 413 1171 691 1274 630 1192 1056 1141 1846 
1287 1173 2180 812 1482 525 1027 1231 301 832 684 601 397 435 769 787 825 863 1089 1046 1120 1536 1745 2130 
1477 1642 1276 2061 1720 558 718 581 1107 585 331 661 250 821 374 833 1140 817 1538 1580 1952 1966 1715 2161 
1739 1067 2150 795 1730 881 1556 675 1020 282 816 487 736 243 451 1029 968 632 1432 1221 1267 1389 1176 1733 
2170 724 1727 718 663 1345 849 937 471 752 295 491 291 339 751 945 873 566 618 706 1894 1074 691 822 
1193 1298 1009 1884 830 1199 1555 538 892 912 842 218 703 333 368 755 549 654 1369 517 576 746 1222 1511 
2309 636 1271 1752 1800 1530 996 697 559 766 566 677 326 720 608 720 616 689 1223 736 1944 1916 2146 1684 
836 1069 1758 1713 1814 1436 1027 1111 1114 816 605 715 422 342 293 965 719 611 1280 1411 804 2072 775 1846 
1011 1381 598 1232 508 1484 1252 954 490 986 475 435 624 533 509 763 1102 1271 1143 720 1737 858 1987 1936 
2274 1905 677 722 1451 899 495 1316 1008 607 814 517 325 810 418 439 475 373 908 1772 1010 1978 1839 2355 
1525 1389 1522 1783 996 681 511 715 1171 260 603 517 597 375 470 470 969 1342 608 946 1303 1101 1923 2117 
2355 1643 1300 1541 940 453 1157 408 839 790 416 513 626 472 769 866 374 645 704 1129 743 1982 1150 1216 
655 2185 2038 608 1498 1245 1411 691 900 293 831 495 680 777 714 845 470 576 1229 1073 1255 705 1078 1886 
2396 881 868 1886 1593 647 1434 720 1022 700 755 608 799 360 599 353 843 493 779 1518 1726 1404 705 1626 
