50 11 20
36 50
170 96 85 77 75 77 85 96 112 130 149 169 187 203 214 222 225 222 214 203 187 169 150 130 112 96 85 77 75 77 85 96 112 130 149 169 187 203 214 222 225 222 214 203 187 169 150 130 112 96 85 
170 129 113 103 100 103 113 129 149 174 199 225 249 270 286 296 300 296 286 270 250 225 200 174 150 129 113 103 100 103 113 129 149 174 199 225 249 270 286 296 300 296 286 270 250 225 200 174 150 129 113 
170 161 141 129 125 129 141 161 187 217 249 282 312 338 358 370 375 370 358 338 312 282 250 217 187 161 141 129 125 129 141 161 187 217 249 282 312 338 358 370 375 370 358 338 312 282 250 217 187 161 141 
170 193 170 155 150 155 170 193 224 261 299 338 374 406 429 444 450 444 429 406 375 338 300 261 225 193 170 155 150 155 170 193 224 261 299 338 374 406 429 444 450 444 429 406 375 338 300 261 225 193 170 
170 226 198 180 175 180 198 226 262 304 349 395 437 473 501 519 525 519 501 473 437 395 350 304 262 226 198 180 175 180 198 226 262 304 349 395 437 473 501 519 525 519 501 473 437 395 350 304 262 226 198 
170 258 226 206 200 206 226 258 299 348 399 451 499 541 573 593 600 593 573 541 500 451 400 348 300 258 226 206 200 206 226 258 299 348 399 451 499 541 573 593 600 593 573 541 500 451 400 348 300 258 226 
170 290 255 232 225 232 255 290 337 391 449 508 562 609 644 667 675 667 644 609 562 508 450 391 337 290 255 232 225 232 255 290 337 391 449 508 562 609 644 667 675 667 644 609 562 508 450 391 337 290 255 
170 323 283 258 250 258 283 323 374 435 499 564 624 676 716 741 750 741 716 676 625 564 500 435 375 323 283 258 250 258 283 323 374 435 499 564 624 676 716 741 750 741 716 676 625 564 500 435 375 323 283 
170 355 311 284 275 284 311 355 412 478 549 621 687 744 788 815 825 815 788 744 687 621 550 478 412 355 311 284 275 284 311 355 412 478 549 621 687 744 788 815 825 815 788 744 687 621 550 478 412 355 311 
170 387 340 310 300 310 340 387 449 522 599 677 749 812 859 889 900 889 859 812 750 677 600 522 450 387 340 310 300 310 340 387 449 522 599 677 749 812 859 889 900 889 859 812 750 677 600 522 450 387 340 
100000 6464 5669 5170 5000 5170 5669 6464 7499 8705 9999 11294 12499 13535 14330 14829 15000 14829 14330 13535 12500 11294 10000 8705 7500 6464 5669 5170 5000 5170 5669 6464 7499 8705 9999 11294 12499 13535 14330 14829 15000 14829 14330 13535 12500 11294 10000 8705 7500 6464 5669 
1353 1433 1482 1499 1482 1433 1353 1250 1129 1000 870 750 646 566 517 500 517 566 646 749 870 999 1129 1249 1353 1433 1482 1499 1482 1433 1353 1250 1129 1000 870 750 
752 647 427 559 522 451 501 514 1051 1289 1671 1122 818 1730 
520 823 209 710 663 880 799 865 1161 1457 824 1105 1099 1048 
667 368 595 317 763 512 933 553 1224 486 868 994 2121 1845 
558 896 772 473 759 739 318 874 383 493 932 1228 782 1746 
986 787 221 740 336 810 661 504 1364 1371 1174 1667 2054 2122 
974 851 643 595 494 728 453 304 830 1138 530 657 668 1597 
953 522 826 664 536 260 654 686 558 1010 1267 664 913 1318 
380 503 571 297 746 645 871 731 1323 414 1698 1815 758 2241 
393 444 464 575 662 902 667 582 696 1582 1595 1245 1103 1242 
986 499 674 668 220 279 900 790 1218 547 1633 543 653 1850 
932 887 799 452 437 359 303 1088 869 425 1672 1326 1106 1223 
668 454 642 242 556 734 532 466 1263 752 1659 624 1294 981 
499 891 585 473 370 589 992 893 677 983 1115 1467 601 1819 
456 790 388 692 542 748 683 724 848 1466 1196 1737 2064 835 
440 330 442 709 321 794 853 546 865 578 577 1217 1172 1936 
773 790 465 591 637 623 729 972 687 652 965 1771 1608 1717 
714 717 760 407 538 548 392 1148 652 1554 747 1863 815 1862 
530 742 637 534 827 848 975 925 651 816 1058 1155 1828 1738 
966 774 229 202 472 729 952 441 1066 531 989 1394 780 1532 
344 683 273 567 605 549 299 360 752 1581 538 635 683 1854 
794 235 409 663 257 423 668 1135 1133 1103 1223 1200 1851 1383 
708 893 819 600 244 541 536 618 1252 1237 456 1179 841 1800 
691 511 265 496 783 527 860 926 390 1110 465 1333 2096 1976 
265 734 346 384 341 472 852 462 508 1333 696 1906 1969 1593 
883 695 342 423 424 635 483 668 846 1040 1077 858 800 1169 
511 292 308 694 686 268 641 944 1154 517 660 1742 2069 1790 
302 683 526 450 478 630 867 1039 976 1487 1296 1090 1137 2195 
390 763 225 519 388 808 418 1067 1282 487 971 701 1639 1679 
681 353 484 760 633 364 702 769 967 1392 1329 1280 1661 2199 
266 531 423 300 305 447 617 724 1074 674 1320 1973 1954 631 
943 462 411 526 236 685 383 963 1383 1032 1561 1027 1659 2116 
290 579 340 604 416 680 951 793 507 906 1106 1743 1003 1795 
834 323 621 675 331 551 340 695 862 1067 512 1976 709 2262 
1028 529 738 291 619 539 1029 650 826 683 704 905 1101 1000 
522 644 692 732 519 297 820 1009 1144 400 912 597 1231 2188 
666 323 444 349 703 523 996 1007 1071 1099 535 1602 859 1325 
365 474 454 538 515 350 940 692 1012 976 1731 587 886 1823 
523 395 276 664 516 408 571 618 1303 458 1185 1751 1776 1809 
781 700 418 587 436 703 606 953 1018 672 768 696 1466 1833 
802 383 465 690 445 846 677 1069 697 416 1750 1495 2131 753 
970 348 814 376 395 636 768 595 590 1597 574 1521 1636 1935 
626 797 488 297 726 584 613 994 1097 480 1010 1731 1945 1650 
305 833 582 510 261 596 975 594 1019 553 1632 573 1812 1976 
565 889 651 356 328 581 379 1124 1043 1314 1313 1153 1433 1996 
375 331 450 767 791 291 551 566 1165 994 1322 1146 1519 1072 
786 541 707 534 766 730 344 625 1357 678 809 1974 2108 1171 
624 906 247 437 763 349 794 663 402 1208 1591 1308 1261 1343 
760 780 400 470 674 444 881 725 992 1251 1015 749 1055 777 
322 361 817 373 644 903 581 359 882 482 453 542 636 1211 
659 528 354 593 779 413 352 581 1106 956 1796 1476 562 928 
