20 3 20
7 10
850 130 149 169 187 203 214 222 225 222 214 203 187 169 150 130 112 96 85 77 75 
850 174 199 225 249 270 286 296 300 296 286 270 250 225 200 174 150 129 113 103 100 
100000 8705 9999 11294 12499 13535 14330 14829 15000 14829 14330 13535 12500 11294 10000 8705 7500 6464 5669 5170 5000 
1129 1000 870 750 646 566 517 
484 504 584 659 755 862 1014 1169 1259 1335 1453 1543 1449 
513 535 569 628 753 827 965 1094 1193 1410 1448 1439 1454 
523 519 561 665 780 902 958 1138 1289 1398 1433 1416 1453 
504 539 586 620 750 898 986 1138 1195 1376 1491 1538 1545 
493 519 589 677 775 849 997 1131 1228 1347 1478 1520 1531 
500 521 582 663 746 845 1017 1162 1190 1384 1450 1538 1568 
512 541 578 624 716 869 1005 1155 1308 1380 1414 1508 1513 
503 506 543 654 754 891 1025 1170 1194 1353 1493 1482 1506 
509 495 583 627 726 890 1005 1129 1241 1384 1370 1462 1430 
494 516 569 631 777 902 1029 1164 1293 1360 1411 1515 1489 
