20 6 20
15 50
340 96 85 77 75 77 85 96 112 130 149 169 187 203 214 222 225 222 214 203 187 
340 129 113 103 100 103 113 129 149 174 199 225 249 270 286 296 300 296 286 270 250 
340 161 141 129 125 129 141 161 187 217 249 282 312 338 358 370 375 370 358 338 312 
340 193 170 155 150 155 170 193 224 261 299 338 374 406 429 444 450 444 429 406 375 
340 226 198 180 175 180 198 226 262 304 349 395 437 473 501 519 525 519 501 473 437 
100000 6464 5669 5170 5000 5170 5669 6464 7499 8705 9999 11294 12499 13535 14330 14829 15000 14829 14330 13535 12500 
1353 1433 1482 1499 1482 1433 1353 1250 1129 1000 870 750 646 566 517 
586 497 556 748 719 
443 586 464 724 621 
416 588 668 691 683 
583 557 593 668 744 
573 535 453 742 885 
422 516 457 542 729 
550 443 536 681 651 
514 562 587 627 886 
536 580 510 719 650 
562 555 574 636 644 
499 469 626 655 604 
410 481 537 526 603 
529 430 480 623 780 
498 599 580 548 820 
536 600 516 739 609 
430 474 609 658 829 
482 420 591 694 645 
574 459 588 736 765 
551 536 454 684 835 
527 489 578 686 763 
455 492 493 764 646 
460 614 468 698 869 
566 512 610 669 818 
406 596 637 704 875 
598 611 569 773 664 
541 570 577 575 857 
410 504 498 574 766 
578 561 606 569 862 
425 415 586 585 688 
518 468 639 555 760 
545 446 473 609 815 
531 554 637 554 777 
518 605 520 613 675 
585 531 503 569 894 
491 440 598 658 889 
484 425 519 576 838 
495 454 574 565 691 
599 499 513 557 742 
427 606 618 710 657 
538 442 484 535 646 
542 557 467 675 796 
404 456 675 684 721 
443 603 623 753 757 
514 549 586 574 806 
543 453 459 634 816 
552 440 672 752 734 
598 544 493 715 879 
464 606 659 684 802 
518 437 547 609 654 
555 453 594 774 690 
