5 3 20
2 50
850 96 112 130 149 169 
850 129 149 174 199 225 
100000 6464 7499 8705 9999 11294 
1353 1250 
1161 1237 884 
1263 1114 1174 
887 1453 1163 
1549 1184 754 
1382 1434 1268 
1070 1061 495 
755 995 742 
945 1399 1043 
964 809 812 
1479 1194 1162 
918 629 1023 
1687 1424 794 
684 462 404 
1366 1317 1031 
1761 654 394 
1785 1500 539 
1431 1593 654 
714 605 860 
1018 1086 380 
701 1302 997 
1562 1285 516 
1419 428 737 
1045 1093 1000 
664 1400 976 
1188 1065 1162 
1162 1557 692 
1196 797 352 
994 476 1098 
1407 1296 932 
1747 1378 1338 
915 1005 682 
1065 813 576 
725 619 1082 
1112 867 921 
557 586 743 
1106 1514 941 
1087 1099 838 
1232 537 1337 
1155 1438 698 
1555 1566 788 
1351 1106 448 
1144 1129 710 
971 1589 425 
1017 616 675 
1464 568 1183 
521 1446 745 
917 764 790 
1672 1552 1199 
614 629 1117 
657 714 1224 
