5 6 20
4 100
340 77 85 96 112 130 
340 103 113 129 149 174 
340 129 141 161 187 217 
340 155 170 193 224 261 
340 180 198 226 262 304 
100000 5170 5669 6464 7499 8705 
1482 1433 1353 1250 
911 
931 
1208 
1742 
1787 
496 
1242 
1750 
1724 
1306 
846 
1386 
592 
822 
860 
1526 
1182 
852 
1227 
467 
1341 
488 
1688 
491 
1229 
608 
1646 
648 
1748 
944 
685 
1133 
743 
1164 
542 
575 
956 
541 
545 
765 
1096 
876 
846 
1506 
1628 
457 
1413 
1463 
706 
1370 
1616 
1245 
1023 
1643 
564 
1556 
1621 
1351 
1691 
791 
885 
917 
1393 
1165 
1016 
1765 
472 
646 
891 
1128 
559 
1476 
1507 
628 
1239 
1697 
1420 
1491 
705 
462 
956 
557 
751 
1190 
734 
634 
1327 
1303 
1086 
551 
1712 
1408 
1468 
1503 
1670 
986 
1016 
472 
673 
1233 
