20 3 20
7 100
850 77 85 96 112 130 149 169 187 203 214 222 225 222 214 203 187 169 150 130 112 
850 103 113 129 149 174 199 225 249 270 286 296 300 296 286 270 250 225 200 174 150 
100000 5170 5669 6464 7499 8705 9999 11294 12499 13535 14330 14829 15000 14829 14330 13535 12500 11294 10000 8705 7500 
1482 1433 1353 1250 1129 1000 870 
756 664 561 530 477 513 582 614 719 846 1033 1081 1232 
734 632 542 515 500 535 552 659 728 867 997 1088 1268 
739 654 582 522 500 511 562 643 772 854 950 1091 1259 
741 628 554 535 475 537 572 663 768 844 1011 1144 1273 
782 625 555 525 486 526 593 632 762 842 971 1094 1222 
767 642 544 510 487 513 555 659 740 864 971 1177 1257 
717 648 582 527 516 525 543 672 735 896 1026 1103 1306 
758 630 574 516 514 505 594 669 732 870 999 1146 1251 
785 674 544 531 521 509 564 646 768 907 1030 1177 1267 
763 640 540 499 478 499 583 661 720 879 962 1115 1203 
725 625 538 526 508 518 558 666 713 912 1031 1084 1213 
744 645 588 515 496 512 582 649 725 879 965 1076 1215 
760 661 591 534 493 515 545 640 781 875 950 1132 1306 
737 673 558 531 522 530 584 627 759 857 990 1141 1237 
771 667 548 497 505 518 587 653 780 851 1041 1167 1190 
769 651 584 504 497 530 556 624 758 859 1044 1143 1300 
787 662 569 502 510 531 554 629 769 827 1006 1134 1264 
773 621 570 516 500 531 553 657 724 838 1042 1143 1189 
763 660 567 499 494 524 581 628 771 873 1011 1079 1224 
745 621 555 495 491 516 559 626 748 865 973 1172 1207 
729 628 562 507 484 501 594 667 743 880 1027 1150 1218 
754 637 548 516 494 499 545 668 785 828 967 1117 1220 
777 650 591 502 497 537 573 655 714 889 1048 1078 1213 
737 658 554 518 496 494 577 623 729 905 1035 1108 1279 
739 645 582 520 504 516 538 616 787 842 964 1089 1261 
712 674 590 509 488 494 586 631 720 876 1045 1147 1194 
761 676 581 519 489 514 592 661 740 846 1017 1184 1250 
778 646 552 506 515 500 586 627 743 871 1047 1169 1212 
743 617 587 496 490 518 593 672 731 871 1021 1085 1280 
722 640 543 522 507 512 582 622 714 891 950 1164 1278 
713 643 566 533 499 512 581 677 747 861 964 1127 1279 
769 614 580 506 492 527 566 619 734 884 987 1165 1201 
747 656 593 494 486 497 574 614 727 901 996 1159 1218 
769 650 545 498 511 504 565 674 728 902 994 1144 1207 
726 628 565 542 523 491 589 656 716 873 1003 1127 1241 
767 635 575 535 511 501 551 639 729 837 1006 1115 1212 
734 671 556 514 484 538 544 644 715 854 963 1108 1269 
719 655 549 499 488 534 539 646 729 859 952 1103 1209 
736 640 580 531 503 508 578 658 760 836 1038 1073 1291 
775 657 546 529 503 534 563 678 713 904 1036 1120 1310 
721 619 553 519 497 510 582 621 750 876 1035 1126 1199 
748 675 589 493 483 539 558 616 728 849 955 1112 1270 
784 628 587 524 515 514 563 624 744 864 955 1137 1227 
745 664 575 538 495 532 546 640 787 901 1008 1137 1221 
722 631 554 530 523 502 593 629 751 908 1024 1182 1257 
780 633 541 532 497 520 553 661 727 910 972 1123 1246 
736 634 558 539 500 493 557 677 750 861 983 1185 1196 
764 660 542 493 515 514 549 675 786 886 1021 1101 1204 
744 669 585 497 476 505 541 644 742 855 961 1116 1227 
712 657 561 536 493 536 565 651 735 882 1044 1175 1239 
716 614 544 541 484 510 579 661 783 880 1035 1108 1196 
774 661 560 507 483 498 594 657 780 906 968 1144 1269 
758 671 569 495 502 511 584 622 767 903 980 1180 1230 
741 636 559 523 490 540 562 671 725 885 1001 1092 1250 
746 666 571 530 481 519 576 616 776 884 1038 1122 1200 
758 656 594 521 505 536 588 653 736 856 1046 1109 1195 
733 628 556 531 482 498 543 657 778 902 1029 1145 1304 
781 665 584 502 490 509 588 631 775 840 1031 1152 1278 
786 651 559 540 522 503 547 649 785 872 965 1118 1274 
773 655 581 523 509 540 579 655 740 890 975 1136 1262 
736 676 549 527 480 537 552 645 742 904 1018 1092 1264 
757 676 567 521 516 519 552 649 723 846 1017 1139 1253 
772 676 563 541 494 525 588 669 786 843 969 1170 1285 
760 646 561 514 514 521 558 628 769 844 1036 1180 1277 
719 628 582 529 478 513 580 668 725 885 951 1094 1237 
785 674 586 536 501 522 583 617 716 851 1026 1168 1213 
731 643 545 541 493 527 576 655 717 853 1045 1131 1194 
717 657 593 505 499 524 579 646 787 910 978 1103 1308 
773 638 556 515 475 493 547 618 770 873 978 1113 1247 
751 644 593 498 514 512 557 643 712 875 962 1155 1250 
731 658 542 491 523 511 585 671 768 913 1006 1098 1265 
728 676 591 509 504 520 564 677 755 906 973 1137 1202 
780 635 586 534 481 526 587 658 764 913 997 1128 1255 
718 672 546 533 502 540 583 667 752 849 953 1169 1251 
722 624 586 534 494 521 554 616 769 879 1012 1139 1198 
747 622 542 498 522 528 560 626 747 905 981 1078 1296 
774 655 585 491 477 502 544 678 777 871 1033 1144 1268 
759 644 575 511 501 531 551 649 747 907 1011 1127 1215 
721 627 585 505 493 531 584 648 782 877 1025 1137 1269 
756 631 548 539 518 538 543 662 740 907 1025 1171 1295 
783 675 560 522 488 541 553 634 745 885 950 1078 1301 
748 652 567 511 477 497 574 658 763 901 1011 1170 1298 
784 641 541 518 495 492 549 659 761 848 1037 1074 1225 
751 641 548 523 495 525 577 670 735 846 1006 1122 1195 
719 670 584 538 478 540 543 655 783 829 1003 1079 1307 
742 644 542 514 507 493 549 633 784 867 1032 1174 1229 
784 624 560 519 482 491 582 651 721 876 952 1149 1271 
721 623 563 515 477 532 549 625 772 869 966 1112 1247 
746 656 560 516 517 522 545 615 773 900 989 1169 1240 
753 628 539 542 521 536 546 647 780 872 1025 1083 1270 
764 643 584 534 484 502 544 637 777 898 951 1142 1279 
753 635 585 536 483 492 568 654 749 838 954 1123 1215 
733 649 545 528 477 538 569 626 756 904 1012 1182 1223 
761 673 561 506 498 504 542 650 734 908 1025 1177 1219 
782 672 562 534 510 496 593 642 770 840 1025 1126 1291 
746 636 567 533 475 539 570 627 720 909 971 1099 1275 
714 647 564 524 515 511 587 672 762 875 1012 1153 1251 
759 618 538 496 493 505 586 674 778 914 986 1159 1262 
782 678 566 538 491 504 540 630 783 832 1022 1139 1214 
774 649 593 526 486 497 545 659 782 903 957 1090 1214 
