20 2 20
11 50
1700 96 85 77 75 77 85 96 112 130 149 169 187 203 214 222 225 222 214 203 187 
100000 6464 5669 5170 5000 5170 5669 6464 7499 8705 9999 11294 12499 13535 14330 14829 15000 14829 14330 13535 12500 
1353 1433 1482 1499 1482 1433 1353 1250 1129 1000 870 
923 931 400 370 493 368 583 844 492 
520 915 699 501 681 435 814 861 663 
513 775 836 365 632 280 761 1003 396 
801 535 611 486 652 805 527 860 931 
1177 266 781 666 328 654 841 484 911 
590 324 819 417 695 245 667 546 464 
352 431 678 279 314 752 886 328 708 
303 645 809 771 744 414 640 385 986 
756 360 724 746 231 821 496 1019 1135 
453 357 834 271 303 632 250 792 318 
731 455 510 295 668 542 483 733 1111 
1107 469 697 455 238 271 353 990 609 
842 669 825 338 340 275 336 1008 445 
1006 779 294 815 232 560 663 697 1085 
969 400 839 550 778 690 368 836 1048 
737 444 868 280 632 242 572 708 461 
450 773 813 530 394 468 603 685 1093 
1151 281 293 207 360 283 458 715 1083 
552 846 420 264 337 493 471 879 1025 
393 928 457 215 253 739 356 953 578 
383 517 457 280 770 683 491 854 328 
443 389 236 320 257 208 313 539 1113 
1049 272 318 519 516 632 353 473 446 
966 768 496 764 303 632 642 648 416 
1170 985 331 763 607 349 633 882 875 
396 452 417 218 315 426 753 610 426 
989 846 843 468 487 535 314 514 726 
343 293 355 819 499 781 370 874 1036 
917 1032 630 765 281 284 301 802 798 
1035 1010 871 467 285 814 702 746 944 
1094 601 267 444 317 807 786 915 487 
966 293 700 671 777 527 789 890 380 
358 810 663 805 789 502 449 526 624 
554 717 899 625 767 680 269 610 564 
845 303 497 335 227 800 740 907 686 
1067 529 858 444 648 233 754 933 971 
335 815 596 435 690 630 904 411 373 
969 1019 611 539 283 339 590 927 963 
1064 917 711 469 327 272 283 533 1103 
1063 958 615 697 684 317 857 416 313 
800 882 605 818 566 569 811 815 973 
609 646 709 226 647 479 709 870 832 
699 594 456 827 442 801 699 793 629 
310 703 455 429 723 550 534 724 401 
963 865 361 756 650 625 846 1027 694 
650 339 514 251 692 479 660 606 844 
701 441 696 252 517 398 305 277 780 
413 268 756 473 458 614 569 457 323 
680 448 815 751 398 618 634 624 1086 
1137 632 647 498 653 218 524 550 304 
