20 11 20
15 100
170 77 75 77 85 96 112 130 149 169 187 203 214 222 225 222 214 203 187 169 150 
170 103 100 103 113 129 149 174 199 225 249 270 286 296 300 296 286 270 250 225 200 
170 129 125 129 141 161 187 217 249 282 312 338 358 370 375 370 358 338 312 282 250 
170 155 150 155 170 193 224 261 299 338 374 406 429 444 450 444 429 406 375 338 300 
170 180 175 180 198 226 262 304 349 395 437 473 501 519 525 519 501 473 437 395 350 
170 206 200 206 226 258 299 348 399 451 499 541 573 593 600 593 573 541 500 451 400 
170 232 225 232 255 290 337 391 449 508 562 609 644 667 675 667 644 609 562 508 450 
170 258 250 258 283 323 374 435 499 564 624 676 716 741 750 741 716 676 625 564 500 
170 284 275 284 311 355 412 478 549 621 687 744 788 815 825 815 788 744 687 621 550 
170 310 300 310 340 387 449 522 599 677 749 812 859 889 900 889 859 812 750 677 600 
100000 5170 5000 5170 5669 6464 7499 8705 9999 11294 12499 13535 14330 14829 15000 14829 14330 13535 12500 11294 10000 
1482 1499 1482 1433 1353 1250 1129 1000 870 750 646 566 517 500 517 
364 848 502 1043 1123 
383 938 591 768 1193 
656 490 827 646 1289 
571 961 1049 919 1394 
566 312 964 1098 1509 
249 669 348 871 916 
461 603 522 512 542 
713 494 686 1172 1354 
336 626 383 1088 1042 
406 448 1119 608 703 
639 779 1162 961 1498 
725 298 984 561 1542 
626 400 1173 517 1131 
653 806 1154 1041 434 
485 713 1100 973 1560 
788 653 956 985 1332 
273 764 766 968 713 
446 409 454 1084 995 
277 716 728 837 625 
582 867 696 1312 770 
639 1033 740 1320 1160 
663 402 851 729 1433 
254 444 942 1102 1544 
454 990 676 1286 1379 
426 857 571 589 556 
322 404 935 1374 1256 
345 512 551 1031 1508 
334 382 348 497 1158 
346 402 940 895 711 
227 298 503 1142 833 
444 679 1147 1349 1023 
722 828 656 483 1581 
318 572 600 488 454 
671 615 918 1344 557 
708 283 513 944 1321 
873 640 1080 788 630 
692 1018 946 680 992 
412 900 778 1072 1333 
322 821 1100 678 1293 
534 636 1197 1228 443 
375 267 492 934 473 
384 506 1140 1312 1056 
320 843 1116 815 789 
365 657 999 1178 1219 
653 388 584 755 1137 
291 426 838 773 436 
760 889 1089 1055 956 
606 551 949 817 1576 
756 342 974 372 1409 
418 519 623 645 847 
538 894 639 1179 1267 
588 567 506 381 976 
787 603 1171 1101 1085 
875 825 1159 492 1530 
366 795 303 831 721 
707 347 610 1307 437 
774 886 593 528 402 
385 565 1019 394 464 
865 726 1181 630 454 
604 771 759 1137 737 
573 365 845 1145 716 
475 396 395 950 1409 
368 696 1016 1056 846 
610 863 656 697 1521 
279 838 437 415 793 
829 752 487 583 1433 
735 767 1093 1283 1166 
895 990 674 798 537 
426 505 578 761 1233 
507 290 671 566 1052 
575 858 966 691 834 
604 683 309 691 1196 
267 540 646 1177 1430 
326 459 511 498 469 
531 429 797 1047 753 
264 769 565 606 1276 
229 475 1082 603 1595 
679 817 623 906 1251 
689 1032 916 575 1378 
229 465 448 758 993 
693 706 406 877 1428 
315 418 453 937 934 
478 352 388 922 777 
479 664 717 1240 828 
499 561 495 749 797 
545 767 469 503 1087 
860 903 399 459 1358 
666 981 553 405 948 
229 903 534 1168 1175 
666 820 545 1102 733 
806 274 732 1188 921 
286 1000 304 1381 1411 
749 514 964 777 1210 
647 505 1119 1097 454 
784 823 563 623 685 
577 273 483 1338 587 
709 649 551 781 790 
259 875 719 588 1071 
478 302 844 1125 1171 
559 536 1137 1363 595 
