50 3 20
16 10
850 112 130 149 169 187 203 214 222 225 222 214 203 187 169 150 130 112 96 85 77 75 77 85 96 112 130 149 169 187 203 214 222 225 222 214 203 187 169 150 130 112 96 85 77 75 77 85 96 112 130 
850 149 174 199 225 249 270 286 296 300 296 286 270 250 225 200 174 150 129 113 103 100 103 113 129 149 174 199 225 249 270 286 296 300 296 286 270 250 225 200 174 150 129 113 103 100 103 113 129 149 174 
100000 7499 8705 9999 11294 12499 13535 14330 14829 15000 14829 14330 13535 12500 11294 10000 8705 7500 6464 5669 5170 5000 5170 5669 6464 7499 8705 9999 11294 12499 13535 14330 14829 15000 14829 14330 13535 12500 11294 10000 8705 7500 6464 5669 5170 5000 5170 5669 6464 7499 8705 
1250 1129 1000 870 750 646 566 517 500 517 566 646 749 870 999 1129 
1291 1321 1497 1431 1505 1493 1491 1298 1305 1149 1012 889 716 656 549 511 487 505 589 615 721 875 1036 1175 1195 1385 1475 1487 1509 1438 1393 1360 1232 1083 
1222 1340 1370 1434 1488 1556 1448 1334 1209 1122 968 901 724 659 587 495 505 491 577 639 766 888 983 1160 1278 1389 1397 1487 1488 1453 1400 1307 1286 1115 
1261 1334 1424 1505 1462 1469 1464 1411 1295 1177 1046 845 773 622 591 510 503 527 581 618 749 855 1009 1164 1275 1415 1379 1427 1463 1427 1398 1358 1239 1182 
1208 1311 1392 1489 1551 1430 1494 1303 1252 1176 1033 908 713 638 588 540 493 523 563 644 779 903 954 1172 1301 1287 1374 1465 1465 1534 1424 1297 1205 1154 
1304 1313 1502 1489 1541 1555 1372 1392 1284 1155 1037 885 734 666 553 541 481 542 538 655 785 906 1021 1177 1272 1289 1399 1516 1447 1554 1400 1329 1306 1134 
1239 1290 1423 1438 1462 1523 1441 1352 1236 1120 961 843 749 655 577 513 480 504 585 669 772 894 1047 1172 1255 1294 1449 1433 1542 1412 1487 1346 1220 1184 
1250 1380 1502 1523 1456 1540 1400 1319 1214 1092 998 843 730 614 553 508 498 530 584 643 717 869 972 1097 1253 1334 1398 1534 1491 1483 1433 1323 1210 1146 
1258 1376 1481 1456 1434 1445 1371 1302 1310 1083 956 886 738 676 563 538 509 534 545 620 734 828 965 1130 1264 1388 1425 1411 1564 1438 1398 1342 1266 1107 
1271 1409 1385 1553 1536 1494 1373 1396 1254 1086 959 887 771 663 580 529 493 526 570 662 738 894 963 1154 1288 1290 1391 1490 1443 1496 1383 1353 1312 1128 
1290 1349 1488 1454 1458 1527 1375 1382 1197 1135 972 828 760 677 548 540 509 500 571 648 743 882 1001 1107 1291 1365 1469 1554 1495 1413 1393 1370 1201 1098 
