10 11 20
8 100
170 150 130 112 96 85 77 75 77 85 96 
170 200 174 150 129 113 103 100 103 113 129 
170 250 217 187 161 141 129 125 129 141 161 
170 300 261 225 193 170 155 150 155 170 193 
170 350 304 262 226 198 180 175 180 198 226 
170 400 348 300 258 226 206 200 206 226 258 
170 450 391 337 290 255 232 225 232 255 290 
170 500 435 375 323 283 258 250 258 283 323 
170 550 478 412 355 311 284 275 284 311 355 
170 600 522 450 387 340 310 300 310 340 387 
100000 10000 8705 7500 6464 5669 5170 5000 5170 5669 6464 
1000 1129 1249 1353 1433 1482 1499 1482 
1861 1559 
1479 1040 
1915 1583 
1507 2020 
1451 1090 
1050 1827 
2225 1647 
989 1658 
1587 1821 
762 550 
1260 1320 
1325 1394 
929 1096 
2034 1710 
653 1190 
1258 1440 
862 2146 
1127 668 
1617 2035 
2156 1664 
1936 1419 
1874 1177 
846 1789 
2156 1958 
967 1694 
1536 1851 
832 2068 
1261 790 
801 631 
1389 1916 
1902 1478 
1921 1665 
1824 1854 
744 1890 
1784 1736 
1666 1523 
984 1467 
1946 814 
970 573 
1860 1671 
1779 1983 
2246 1390 
1855 693 
1620 646 
822 1683 
1806 1939 
1630 654 
982 1489 
828 1638 
2023 1131 
1311 1788 
1266 956 
1914 1163 
1065 903 
1641 1929 
938 1261 
2120 1184 
2085 1049 
1369 1927 
702 2124 
2028 906 
1443 1718 
1325 593 
650 744 
1424 780 
1657 852 
2263 806 
1488 1305 
1761 2009 
909 1155 
1632 806 
1252 1547 
674 988 
2126 624 
1306 1517 
1269 1869 
890 1402 
2062 733 
2205 684 
717 1239 
873 1758 
1662 1435 
1277 1415 
2162 1016 
1590 582 
1599 822 
1167 1033 
2243 2081 
1879 1412 
1886 1081 
1608 844 
1941 1754 
1347 1347 
2141 1258 
1782 1079 
1996 1890 
2189 2128 
774 1183 
1602 2128 
701 2140 
