10 11 20
4 50
170 96 85 77 75 77 85 96 112 130 149 
170 129 113 103 100 103 113 129 149 174 199 
170 161 141 129 125 129 141 161 187 217 249 
170 193 170 155 150 155 170 193 224 261 299 
170 226 198 180 175 180 198 226 262 304 349 
170 258 226 206 200 206 226 258 299 348 399 
170 290 255 232 225 232 255 290 337 391 449 
170 323 283 258 250 258 283 323 374 435 499 
170 355 311 284 275 284 311 355 412 478 549 
170 387 340 310 300 310 340 387 449 522 599 
100000 6464 5669 5170 5000 5170 5669 6464 7499 8705 9999 
1353 1433 1482 1499 
1553 1479 1392 1189 1134 954 
1494 1439 1366 1198 1141 1029 
1453 1363 1335 1289 1146 954 
1443 1484 1420 1212 1111 989 
1554 1494 1379 1310 1154 1048 
1446 1413 1350 1275 1091 983 
1527 1362 1348 1288 1114 969 
1504 1441 1350 1308 1130 960 
1467 1446 1343 1217 1134 1030 
1498 1444 1398 1224 1129 1025 
1532 1400 1409 1252 1122 968 
1532 1427 1357 1293 1159 1007 
1441 1393 1349 1229 1122 955 
1520 1444 1303 1248 1135 1038 
1422 1381 1371 1265 1138 999 
1445 1433 1381 1206 1094 1015 
1537 1499 1347 1213 1079 984 
1547 1410 1350 1307 1126 1021 
1437 1363 1372 1232 1100 985 
1483 1488 1293 1268 1168 955 
1469 1465 1291 1263 1181 1002 
1427 1426 1353 1261 1087 1046 
1546 1450 1332 1270 1092 952 
1485 1484 1415 1303 1149 1017 
1532 1455 1369 1307 1083 961 
1498 1432 1315 1194 1126 955 
1470 1453 1381 1271 1163 995 
1476 1467 1409 1204 1113 970 
1418 1489 1410 1256 1094 970 
1460 1479 1380 1275 1155 989 
1420 1459 1322 1267 1143 986 
1500 1417 1304 1200 1173 966 
1546 1473 1351 1201 1184 1018 
1455 1465 1371 1298 1128 964 
1487 1452 1298 1215 1115 1014 
1425 1371 1299 1290 1090 981 
1552 1418 1420 1286 1117 1034 
1499 1490 1392 1269 1155 977 
1460 1423 1354 1197 1081 967 
1481 1447 1404 1227 1111 986 
1427 1430 1357 1246 1125 986 
1488 1418 1326 1280 1141 950 
1507 1381 1391 1302 1183 1048 
1436 1504 1342 1295 1096 970 
1453 1469 1372 1246 1108 1020 
1477 1483 1408 1195 1096 1017 
1514 1428 1377 1299 1117 1032 
1544 1416 1375 1266 1102 985 
1531 1439 1329 1269 1166 1032 
1505 1383 1414 1246 1090 1040 
