10 11 20
6 50
170 96 112 130 149 169 187 203 214 222 225 
170 129 149 174 199 225 249 270 286 296 300 
170 161 187 217 249 282 312 338 358 370 375 
170 193 224 261 299 338 374 406 429 444 450 
170 226 262 304 349 395 437 473 501 519 525 
170 258 299 348 399 451 499 541 573 593 600 
170 290 337 391 449 508 562 609 644 667 675 
170 323 374 435 499 564 624 676 716 741 750 
170 355 412 478 549 621 687 744 788 815 825 
170 387 449 522 599 677 749 812 859 889 900 
100000 6464 7499 8705 9999 11294 12499 13535 14330 14829 15000 
1353 1250 1129 1000 870 750 
641 563 505 520 
651 551 536 523 
652 575 496 518 
658 540 526 478 
646 547 522 510 
642 569 514 490 
658 592 517 510 
630 572 501 484 
627 570 515 498 
674 586 535 489 
617 566 518 482 
619 560 505 487 
650 541 526 524 
641 588 504 523 
659 572 501 484 
614 586 500 482 
625 542 537 493 
631 564 533 497 
644 539 498 478 
615 582 533 510 
660 592 491 522 
627 550 494 515 
643 591 539 482 
658 560 497 508 
630 585 521 482 
660 568 503 519 
632 576 513 518 
645 540 517 498 
655 567 502 491 
638 566 526 485 
654 577 505 500 
628 545 497 484 
671 558 535 510 
634 572 504 518 
641 563 497 483 
639 542 507 494 
646 542 503 484 
645 583 523 493 
638 548 496 502 
650 540 541 475 
675 578 501 489 
622 553 529 501 
631 591 499 520 
658 590 539 484 
673 564 499 522 
618 556 497 492 
635 555 513 519 
651 548 504 486 
666 570 509 498 
623 553 506 516 
