10 6 20
6 10
340 96 112 130 149 169 187 203 214 222 225 
340 129 149 174 199 225 249 270 286 296 300 
340 161 187 217 249 282 312 338 358 370 375 
340 193 224 261 299 338 374 406 429 444 450 
340 226 262 304 349 395 437 473 501 519 525 
100000 6464 7499 8705 9999 11294 12499 13535 14330 14829 15000 
1353 1250 1129 1000 870 750 
646 503 469 453 
528 516 573 517 
525 481 593 444 
759 533 458 467 
576 483 456 531 
675 509 441 556 
616 463 585 423 
519 567 573 501 
696 533 432 408 
571 590 504 465 
