20 6 20
15 50
340 150 130 112 96 85 77 75 77 85 96 112 130 149 169 187 203 214 222 225 222 
340 200 174 150 129 113 103 100 103 113 129 149 174 199 225 249 270 286 296 300 296 
340 250 217 187 161 141 129 125 129 141 161 187 217 249 282 312 338 358 370 375 370 
340 300 261 225 193 170 155 150 155 170 193 224 261 299 338 374 406 429 444 450 444 
340 350 304 262 226 198 180 175 180 198 226 262 304 349 395 437 473 501 519 525 519 
100000 10000 8705 7500 6464 5669 5170 5000 5170 5669 6464 7499 8705 9999 11294 12499 13535 14330 14829 15000 14829 
1000 1129 1249 1353 1433 1482 1499 1482 1433 1353 1250 1129 1000 870 750 
866 630 643 601 607 
497 502 696 408 722 
684 527 495 361 704 
397 353 234 457 266 
297 605 641 489 450 
806 695 400 336 292 
959 362 679 531 676 
953 429 769 383 776 
797 823 369 454 295 
576 709 760 483 640 
671 737 627 476 826 
637 851 708 480 453 
796 645 645 505 461 
783 756 711 244 534 
994 494 393 355 590 
655 492 318 633 389 
782 674 560 248 735 
1027 635 221 513 617 
274 274 617 675 694 
936 394 313 744 678 
818 692 544 395 566 
637 799 693 634 687 
269 645 738 489 578 
766 647 684 434 322 
775 658 823 284 486 
622 555 213 725 801 
357 591 565 265 609 
876 254 696 201 694 
458 636 270 231 314 
610 585 524 566 603 
723 253 768 687 752 
949 885 621 494 579 
261 688 369 448 565 
840 339 737 369 274 
266 588 639 376 734 
856 822 563 259 305 
306 673 700 571 757 
260 234 248 631 595 
910 427 471 615 816 
364 395 688 401 528 
260 303 591 502 421 
799 539 769 382 557 
962 615 699 260 764 
977 467 658 538 757 
879 773 771 628 227 
320 771 772 625 564 
838 754 819 310 476 
768 291 752 487 558 
955 812 447 315 346 
622 339 786 284 351 
